% FILE: wheel.2
%
%       t         P_No_Bo[1]     P_No_Bo[2]     P_No_Bo[3]      N_B[1,1]       N_B[1,2]       N_B[1,3]       N_B[2,1]       N_B[2,2]       N_B[2,3]       N_B[3,1]       N_B[3,2]       N_B[3,3]
%   (second)        (meter)        (meter)        (meter)       (NoUnits)      (NoUnits)      (NoUnits)      (NoUnits)      (NoUnits)      (NoUnits)      (NoUnits)      (NoUnits)      (NoUnits)

  0.000000E+000  0.000000E+000  0.000000E+000  0.000000E+000  1.000000E+000  0.000000E+000  0.000000E+000  0.000000E+000  1.000000E+000  0.000000E+000  0.000000E+000  0.000000E+000  1.000000E+000
  5.000000E-002  0.000000E+000  0.000000E+000  0.000000E+000  9.999939E-001 -3.489908E-003  3.304806E-004  3.489907E-003  9.999939E-001  1.153354E-006 -3.304827E-004  0.000000E+000  9.999999E-001
  1.000000E-001  0.000000E+000  0.000000E+000  0.000000E+000  9.999706E-001 -7.624269E-003  8.468031E-004  7.624266E-003  9.999709E-001  6.456442E-006 -8.468277E-004  0.000000E+000  9.999996E-001
  1.500000E-001  0.000000E+000  0.000000E+000  0.000000E+000  9.999253E-001 -1.217290E-002  1.116952E-003  1.217289E-002  9.999259E-001  1.359755E-005 -1.117035E-003  0.000000E+000  9.999994E-001
  2.000000E-001  0.000000E+000  0.000000E+000  0.000000E+000  9.998576E-001 -1.683654E-002  1.149267E-003  1.683653E-002  9.998583E-001  1.935241E-005 -1.149430E-003  0.000000E+000  9.999993E-001
  2.500000E-001  0.000000E+000  0.000000E+000  0.000000E+000  9.997680E-001 -2.151311E-002  1.099472E-003  2.151310E-002  9.997686E-001  2.365854E-005 -1.099727E-003  0.000000E+000  9.999994E-001
  3.000000E-001  0.000000E+000  0.000000E+000  0.000000E+000  9.996557E-001 -2.621756E-002  1.080821E-003  2.621755E-002  9.996563E-001  2.834623E-005 -1.081193E-003  0.000000E+000  9.999994E-001
  3.500000E-001  0.000000E+000  0.000000E+000  0.000000E+000  9.995195E-001 -3.097391E-002  1.138425E-003  3.097389E-002  9.995202E-001  3.527839E-005 -1.138971E-003  0.000000E+000  9.999994E-001
  4.000000E-001  0.000000E+000  0.000000E+000  0.000000E+000  9.993592E-001 -3.577041E-002  1.262725E-003  3.577038E-002  9.993600E-001  4.519713E-005 -1.263534E-003  0.000000E+000  9.999992E-001
  4.500000E-001  0.000000E+000  0.000000E+000  0.000000E+000  9.991757E-001 -4.057177E-002  1.379443E-003  4.057173E-002  9.991766E-001  5.601255E-005 -1.380580E-003  0.000000E+000  9.999990E-001
  5.000000E-001  0.000000E+000  0.000000E+000  0.000000E+000  9.989683E-001 -4.539350E-002  1.334453E-003  4.539346E-002  9.989692E-001  6.063799E-005 -1.335830E-003  0.000000E+000  9.999991E-001
  5.500000E-001  0.000000E+000  0.000000E+000  0.000000E+000  9.987274E-001 -5.042487E-002  9.658994E-004  5.042484E-002  9.987279E-001  4.876739E-005 -9.671298E-004  0.000000E+000  9.999995E-001
  6.000000E-001  0.000000E+000  0.000000E+000  0.000000E+000  9.984281E-001 -5.604579E-002  3.554686E-004  5.604579E-002  9.984282E-001  1.995388E-005 -3.560282E-004  0.000000E+000  9.999999E-001
  6.500000E-001  0.000000E+000  0.000000E+000  0.000000E+000  9.980484E-001 -6.244553E-002  6.535341E-005  6.244553E-002  9.980484E-001  4.089009E-006 -6.548120E-005  0.000000E+000  1.000000E+000
  7.000000E-001  0.000000E+000  0.000000E+000  0.000000E+000  9.976174E-001 -6.898529E-002  6.932625E-004  6.898527E-002  9.976177E-001  4.793912E-005 -6.949180E-004  0.000000E+000  9.999998E-001
  7.500000E-001  0.000000E+000  0.000000E+000  0.000000E+000  9.972138E-001 -7.457894E-002  1.639202E-003  7.457884E-002  9.972151E-001  1.225913E-004 -1.643779E-003  0.000000E+000  9.999986E-001
  8.000000E-001  0.000000E+000  0.000000E+000  0.000000E+000  9.968150E-001 -7.973868E-002  1.293272E-003  7.973862E-002  9.968158E-001  1.034532E-004 -1.297403E-003  0.000000E+000  9.999992E-001
  8.500000E-001  0.000000E+000  0.000000E+000  0.000000E+000  9.962425E-001 -8.660797E-002  1.672273E-004  8.660797E-002  9.962425E-001  1.453784E-005 -1.678580E-004  0.000000E+000  1.000000E+000
  9.000000E-001  0.000000E+000  0.000000E+000  0.000000E+000  9.955349E-001 -9.438943E-002  9.085734E-004  9.438939E-002  9.955354E-001  8.614433E-005 -9.126480E-004  0.000000E+000  9.999996E-001
  9.500000E-001  0.000000E+000  0.000000E+000  0.000000E+000  9.949758E-001 -1.000970E-001  1.948291E-003  1.000969E-001  9.949777E-001  1.960026E-004 -1.958126E-003  0.000000E+000  9.999981E-001
  1.000000E+000  0.000000E+000  0.000000E+000  0.000000E+000  9.942996E-001 -1.066214E-001  4.848535E-004  1.066214E-001  9.942997E-001  5.199211E-005 -4.876331E-004  0.000000E+000  9.999999E-001
  1.050000E+000  0.000000E+000  0.000000E+000  0.000000E+000  9.933100E-001 -1.154741E-001  9.516016E-004  1.154741E-001  9.933105E-001  1.106254E-004 -9.580102E-004  0.000000E+000  9.999995E-001
  1.100000E+000  0.000000E+000  0.000000E+000  0.000000E+000  9.925933E-001 -1.214671E-001  2.084366E-003  1.214668E-001  9.925955E-001  2.550706E-004 -2.099915E-003  0.000000E+000  9.999978E-001
  1.150000E+000  0.000000E+000  0.000000E+000  0.000000E+000  9.915925E-001 -1.293996E-001  2.738305E-004  1.293996E-001  9.915925E-001  3.573399E-005 -2.761523E-004  0.000000E+000  1.000000E+000
  1.200000E+000  0.000000E+000  0.000000E+000  0.000000E+000  9.903980E-001 -1.382296E-001  2.071872E-003  1.382293E-001  9.904002E-001  2.891701E-004 -2.091955E-003  0.000000E+000  9.999978E-001
  1.250000E+000  0.000000E+000  0.000000E+000  0.000000E+000  9.894999E-001 -1.445295E-001  1.106744E-003  1.445294E-001  9.895005E-001  1.616545E-004 -1.118488E-003  0.000000E+000  9.999994E-001
  1.300000E+000  0.000000E+000  0.000000E+000  0.000000E+000  9.879105E-001 -1.550193E-001  1.355165E-003  1.550192E-001  9.879114E-001  2.126474E-004 -1.371747E-003  0.000000E+000  9.999991E-001
  1.350000E+000  0.000000E+000  0.000000E+000  0.000000E+000  9.868832E-001 -1.614238E-001  1.978904E-003  1.614235E-001  9.868852E-001  3.236873E-004 -2.005202E-003  0.000000E+000  9.999980E-001
  1.400000E+000  0.000000E+000  0.000000E+000  0.000000E+000  9.850415E-001 -1.723143E-001  9.915632E-004  1.723142E-001  9.850420E-001  1.734550E-004 -1.006620E-003  0.000000E+000  9.999995E-001
  1.450000E+000  0.000000E+000  0.000000E+000  0.000000E+000  9.837686E-001 -1.794255E-001  2.436908E-003  1.794249E-001  9.837716E-001  4.444561E-004 -2.477107E-003  0.000000E+000  9.999969E-001
  1.500000E+000  0.000000E+000  0.000000E+000  0.000000E+000  9.816381E-001 -1.907498E-001  1.054856E-003  1.907497E-001  9.816387E-001  2.049772E-004 -1.074586E-003  0.000000E+000  9.999994E-001
  1.550000E+000  0.000000E+000  0.000000E+000  0.000000E+000  9.801515E-001 -1.982336E-001  2.526764E-003  1.982330E-001  9.801548E-001  5.110311E-004 -2.577924E-003  0.000000E+000  9.999967E-001
  1.600000E+000  0.000000E+000  0.000000E+000  0.000000E+000  9.775966E-001 -2.104816E-001  1.555414E-003  2.104814E-001  9.775978E-001  3.348882E-004 -1.591057E-003  0.000000E+000  9.999987E-001
  1.650000E+000  0.000000E+000  0.000000E+000  0.000000E+000  9.759398E-001 -2.180297E-001  2.140965E-003  2.180292E-001  9.759421E-001  4.783010E-004 -2.193742E-003  0.000000E+000  9.999976E-001
  1.700000E+000  0.000000E+000  0.000000E+000  0.000000E+000  9.729130E-001 -2.311567E-001  2.635530E-003  2.311559E-001  9.729165E-001  6.261795E-004 -2.708896E-003  0.000000E+000  9.999963E-001
  1.750000E+000  0.000000E+000  0.000000E+000  0.000000E+000  9.708855E-001 -2.395406E-001  1.298240E-003  2.395403E-001  9.708864E-001  3.203065E-004 -1.337170E-003  0.000000E+000  9.999991E-001
  1.800000E+000  0.000000E+000  0.000000E+000  0.000000E+000  9.677236E-001 -2.519847E-001  3.846794E-003  2.519828E-001  9.677312E-001  1.001656E-003 -3.975064E-003  0.000000E+000  9.999921E-001
  1.850000E+000  0.000000E+000  0.000000E+000  0.000000E+000  9.646764E-001 -2.634353E-001  1.120345E-003  2.634351E-001  9.646771E-001  3.059453E-004 -1.161368E-003  0.000000E+000  9.999993E-001
  1.900000E+000  0.000000E+000  0.000000E+000  0.000000E+000  9.619399E-001 -2.732386E-001  3.495652E-003  2.732368E-001  9.619463E-001  9.929319E-004 -3.633937E-003  0.000000E+000  9.999934E-001
  1.950000E+000  0.000000E+000  0.000000E+000  0.000000E+000  9.576002E-001 -2.880832E-001  3.147776E-003  2.880816E-001  9.576054E-001  9.469676E-004 -3.287133E-003  0.000000E+000  9.999946E-001
  2.000000E+000  0.000000E+000  0.000000E+000  0.000000E+000  9.545823E-001 -2.979431E-001  1.563331E-003  2.979427E-001  9.545836E-001  4.879445E-004 -1.637710E-003  0.000000E+000  9.999987E-001
  2.050000E+000  0.000000E+000  0.000000E+000  0.000000E+000  9.504653E-001 -3.107952E-001  4.705737E-003  3.107914E-001  9.504769E-001  1.538723E-003 -4.950922E-003  0.000000E+000  9.999877E-001
  2.100000E+000  0.000000E+000  0.000000E+000  0.000000E+000  9.453783E-001 -3.259629E-001  2.845325E-003  3.259614E-001  9.453826E-001  9.810531E-004 -3.009708E-003  0.000000E+000  9.999955E-001
  2.150000E+000  0.000000E+000  0.000000E+000  0.000000E+000  9.417652E-001 -3.362639E-001  2.232315E-003  3.362629E-001  9.417678E-001  7.970617E-004 -2.370346E-003  0.000000E+000  9.999972E-001
  2.200000E+000  0.000000E+000  0.000000E+000  0.000000E+000  9.365043E-001 -3.506149E-001  5.382492E-003  3.506091E-001  9.365197E-001  2.015101E-003 -5.747334E-003  0.000000E+000  9.999835E-001
  2.250000E+000  0.000000E+000  0.000000E+000  0.000000E+000  9.302628E-001 -3.668766E-001  3.561515E-003  3.668739E-001  9.302696E-001  1.404578E-003 -3.828476E-003  0.000000E+000  9.999927E-001
  2.300000E+000  0.000000E+000  0.000000E+000  0.000000E+000  9.256521E-001 -3.783685E-001  2.357641E-003  3.783672E-001  9.256551E-001  9.637033E-004 -2.546997E-003  0.000000E+000  9.999968E-001
  2.350000E+000  0.000000E+000  0.000000E+000  0.000000E+000  9.197152E-001 -3.925456E-001  5.647658E-003  3.925382E-001  9.197326E-001  2.410443E-003 -6.140544E-003  0.000000E+000  9.999811E-001
  2.400000E+000  0.000000E+000  0.000000E+000  0.000000E+000  9.118153E-001 -4.105650E-001  5.404726E-003  4.105578E-001  9.118313E-001  2.433555E-003 -5.927331E-003  0.000000E+000  9.999824E-001
  2.450000E+000  0.000000E+000  0.000000E+000  0.000000E+000  9.053229E-001 -4.247151E-001  2.722464E-003  4.247132E-001  9.053270E-001  1.277187E-003 -3.007161E-003  0.000000E+000  9.999955E-001
  2.500000E+000  0.000000E+000  0.000000E+000  0.000000E+000  8.991314E-001 -4.376549E-001  4.568614E-003  4.376493E-001  8.991430E-001  2.223758E-003 -5.081076E-003  0.000000E+000  9.999871E-001
  2.550000E+000  0.000000E+000  0.000000E+000  0.000000E+000  8.901944E-001 -4.555229E-001  7.265804E-003  4.555077E-001  8.902241E-001  3.717873E-003 -8.161770E-003  0.000000E+000  9.999667E-001
  2.600000E+000  0.000000E+000  0.000000E+000  0.000000E+000  8.804432E-001 -4.741205E-001  5.430747E-003  4.741114E-001  8.804600E-001  2.924413E-003 -6.168080E-003  0.000000E+000  9.999810E-001
  2.650000E+000  0.000000E+000  0.000000E+000  0.000000E+000  8.724932E-001 -4.886142E-001  3.438501E-003  4.886104E-001  8.725000E-001  1.925616E-003 -3.940975E-003  0.000000E+000  9.999922E-001
  2.700000E+000  0.000000E+000  0.000000E+000  0.000000E+000  8.641232E-001 -5.032472E-001  5.771333E-003  5.032359E-001  8.641425E-001  3.361028E-003 -6.678682E-003  0.000000E+000  9.999777E-001
  2.750000E+000  0.000000E+000  0.000000E+000  0.000000E+000  8.526737E-001 -5.223752E-001  8.467204E-003  5.223495E-001  8.527157E-001  5.187025E-003 -9.929691E-003  0.000000E+000  9.999507E-001
  2.800000E+000  0.000000E+000  0.000000E+000  0.000000E+000  8.400051E-001 -5.425313E-001  7.159890E-003  5.425116E-001  8.400356E-001  4.624167E-003 -8.523318E-003  0.000000E+000  9.999637E-001
  2.850000E+000  0.000000E+000  0.000000E+000  0.000000E+000  8.289952E-001 -5.592362E-001  4.661453E-003  5.592274E-001  8.290083E-001  3.144544E-003 -5.622927E-003  0.000000E+000  9.999842E-001
  2.900000E+000  0.000000E+000  0.000000E+000  0.000000E+000  8.185453E-001 -5.744154E-001  5.529144E-003  5.744023E-001  8.185640E-001  3.879997E-003 -6.754688E-003  0.000000E+000  9.999772E-001
  2.950000E+000  0.000000E+000  0.000000E+000  0.000000E+000  8.054201E-001 -5.926391E-001  8.791825E-003  5.926038E-001  8.054681E-001  6.468759E-003 -1.091517E-002  0.000000E+000  9.999404E-001
  3.000000E+000  0.000000E+000  0.000000E+000  0.000000E+000  7.892278E-001 -6.140188E-001  1.001966E-002  6.139693E-001  7.892914E-001  7.794663E-003 -1.269450E-002  0.000000E+000  9.999194E-001
  3.050000E+000  0.000000E+000  0.000000E+000  0.000000E+000  7.728152E-001 -6.345805E-001  8.014748E-003  6.345463E-001  7.728568E-001  6.580783E-003 -1.037029E-002  0.000000E+000  9.999462E-001
  3.100000E+000  0.000000E+000  0.000000E+000  0.000000E+000  7.581338E-001 -6.520718E-001  5.953089E-003  6.520517E-001  7.581572E-001  5.120101E-003 -7.852051E-003  0.000000E+000  9.999692E-001
  3.150000E+000  0.000000E+000  0.000000E+000  0.000000E+000  7.436688E-001 -6.685138E-001  6.782207E-003  6.684860E-001  7.436997E-001  6.096545E-003 -9.119550E-003  0.000000E+000  9.999584E-001
  3.200000E+000  0.000000E+000  0.000000E+000  0.000000E+000  7.264373E-001 -6.871637E-001  9.743817E-003  6.871019E-001  7.265026E-001  9.216205E-003 -1.341195E-002  0.000000E+000  9.999101E-001
  3.250000E+000  0.000000E+000  0.000000E+000  0.000000E+000  7.055148E-001 -7.085982E-001  1.172123E-002  7.085005E-001  7.056122E-001  1.177084E-002 -1.661144E-002  0.000000E+000  9.998620E-001
  3.300000E+000  0.000000E+000  0.000000E+000  0.000000E+000  6.828922E-001 -7.304366E-001  1.098259E-002  7.303422E-001  6.829805E-001  1.174571E-002 -1.608039E-002  0.000000E+000  9.998707E-001
  3.350000E+000  0.000000E+000  0.000000E+000  0.000000E+000  6.611491E-001 -7.502037E-001  8.735737E-003  7.501382E-001  6.612068E-001  9.911546E-003 -1.321181E-002  0.000000E+000  9.999127E-001
  3.400000E+000  0.000000E+000  0.000000E+000  0.000000E+000  6.407943E-001 -7.676765E-001  7.446305E-003  7.676247E-001  6.408375E-001  8.920130E-003 -1.161965E-002  0.000000E+000  9.999325E-001
  3.450000E+000  0.000000E+000  0.000000E+000  0.000000E+000  6.198764E-001 -7.846544E-001  8.403982E-003  7.845823E-001  6.199334E-001  1.063698E-002 -1.355627E-002  0.000000E+000  9.999081E-001
  3.500000E+000  0.000000E+000  0.000000E+000  0.000000E+000  5.958509E-001 -8.030226E-001  1.079263E-002  8.028909E-001  5.959486E-001  1.454274E-002 -1.811000E-002  0.000000E+000  9.998360E-001
  3.550000E+000  0.000000E+000  0.000000E+000  0.000000E+000  5.677260E-001 -8.231199E-001  1.268096E-002  8.229146E-001  5.678676E-001  1.838096E-002 -2.233084E-002  0.000000E+000  9.997506E-001
  3.600000E+000  0.000000E+000  0.000000E+000  0.000000E+000  5.366991E-001 -8.436771E-001  1.276504E-002  8.434386E-001  5.368509E-001  2.006065E-002 -2.377763E-002  0.000000E+000  9.997173E-001
  3.650000E+000  0.000000E+000  0.000000E+000  0.000000E+000  5.050462E-001 -8.630190E-001  1.124789E-002  8.628050E-001  5.051715E-001  1.921554E-002 -2.226548E-002  0.000000E+000  9.997521E-001
  3.700000E+000  0.000000E+000  0.000000E+000  0.000000E+000  4.743755E-001 -8.802728E-001  9.359491E-003  8.801016E-001  4.744678E-001  1.736452E-002 -1.972629E-002  0.000000E+000  9.998054E-001
  3.750000E+000  0.000000E+000  0.000000E+000  0.000000E+000  4.445667E-001 -8.957073E-001  8.303625E-003  8.955511E-001  4.446442E-001  1.672712E-002 -1.867476E-002  0.000000E+000  9.998256E-001
  3.800000E+000  0.000000E+000  0.000000E+000  0.000000E+000  4.139718E-001 -9.102499E-001  8.516177E-003  9.100573E-001  4.140594E-001  1.872159E-002 -2.056753E-002  0.000000E+000  9.997885E-001
  3.850000E+000  0.000000E+000  0.000000E+000  0.000000E+000  3.805219E-001 -9.247226E-001  9.545317E-003  9.244318E-001  3.806416E-001  2.318919E-002 -2.507691E-002  0.000000E+000  9.996855E-001
  3.900000E+000  0.000000E+000  0.000000E+000  0.000000E+000  3.429261E-001 -9.393041E-001  1.046320E-002  9.388672E-001  3.430857E-001  2.864627E-002 -3.049733E-002  0.000000E+000  9.995348E-001
  3.950000E+000  0.000000E+000  0.000000E+000  0.000000E+000  3.012813E-001 -9.534775E-001  1.049672E-002  9.528994E-001  3.014641E-001  3.319925E-002 -3.481912E-002  0.000000E+000  9.993936E-001
  4.000000E+000  0.000000E+000  0.000000E+000  0.000000E+000  2.568812E-001 -9.663967E-001  9.453056E-003  9.657431E-001  2.570551E-001  3.553869E-002 -3.677443E-002  0.000000E+000  9.993236E-001
  4.050000E+000  0.000000E+000  0.000000E+000  0.000000E+000  2.114667E-001 -9.773549E-001  7.691573E-003  9.767091E-001  2.116065E-001  3.552535E-002 -3.634847E-002  0.000000E+000  9.993392E-001
  4.100000E+000  0.000000E+000  0.000000E+000  0.000000E+000  1.663812E-001 -9.860447E-001  5.765452E-003  9.854532E-001  1.664811E-001  3.414799E-002 -3.463128E-002  0.000000E+000  9.994002E-001
  4.150000E+000  0.000000E+000  0.000000E+000  0.000000E+000  1.220353E-001 -9.925175E-001  4.056005E-003  9.919697E-001  1.221026E-001  3.296944E-002 -3.321800E-002  0.000000E+000  9.994481E-001
  4.200000E+000  0.000000E+000  0.000000E+000  0.000000E+000  7.785194E-002 -9.969615E-001  2.610181E-003  9.964016E-001  7.789568E-002  3.340686E-002 -3.350868E-002  0.000000E+000  9.994384E-001
  4.250000E+000  0.000000E+000  0.000000E+000  0.000000E+000  3.261961E-002 -9.994671E-001  1.181859E-003  9.988118E-001  3.264101E-002  3.618850E-002 -3.620779E-002  0.000000E+000  9.993443E-001
  4.300000E+000  0.000000E+000  0.000000E+000  0.000000E+000 -1.496609E-002 -9.998878E-001 -6.166001E-004  9.990403E-001 -1.497879E-002  4.116027E-002 -4.116489E-002  0.000000E+000  9.991524E-001
  4.350000E+000  0.000000E+000  0.000000E+000  0.000000E+000 -6.580729E-002 -9.978274E-001 -3.131761E-003  9.966994E-001 -6.588177E-002  4.743280E-002 -4.753607E-002  0.000000E+000  9.988695E-001
  4.400000E+000  0.000000E+000  0.000000E+000  0.000000E+000 -1.201174E-001 -9.927383E-001 -6.512988E-003  9.912822E-001 -1.202939E-001  5.374914E-002 -5.414230E-002  0.000000E+000  9.985332E-001
  4.450000E+000  0.000000E+000  0.000000E+000  0.000000E+000 -1.773963E-001 -9.840820E-001 -1.063981E-002  9.823167E-001 -1.777150E-001  5.891705E-002 -5.987006E-002  0.000000E+000  9.982062E-001
  4.500000E+000  0.000000E+000  0.000000E+000  0.000000E+000 -2.366226E-001 -9.714832E-001 -1.517156E-002  9.694924E-001 -2.371085E-001  6.216108E-002 -6.398575E-002  0.000000E+000  9.979508E-001
  4.550000E+000  0.000000E+000  0.000000E+000  0.000000E+000 -2.965631E-001 -9.548100E-001 -1.970297E-002  9.527097E-001 -2.972169E-001  6.329586E-002 -6.629157E-002  0.000000E+000  9.978003E-001
  4.600000E+000  0.000000E+000  0.000000E+000  0.000000E+000 -3.560810E-001 -9.341481E-001 -2.395150E-002  9.320420E-001 -3.568856E-001  6.269305E-002 -6.711254E-002  0.000000E+000  9.977454E-001
  4.650000E+000  0.000000E+000  0.000000E+000  0.000000E+000 -4.143565E-001 -9.096873E-001 -2.788832E-002  9.076338E-001 -4.152939E-001  6.108843E-002 -6.715322E-002  0.000000E+000  9.977427E-001
  4.700000E+000  0.000000E+000  0.000000E+000  0.000000E+000 -4.709726E-001 -8.815758E-001 -3.176282E-002  8.795778E-001 -4.720424E-001  5.931953E-002 -6.728806E-002  0.000000E+000  9.977336E-001
  4.750000E+000  0.000000E+000  0.000000E+000  0.000000E+000 -5.258728E-001 -8.497999E-001 -3.602754E-002  8.478126E-001 -5.271055E-001  5.808363E-002 -6.834977E-002  0.000000E+000  9.976614E-001
  4.800000E+000  0.000000E+000  0.000000E+000  0.000000E+000 -5.792259E-001 -8.141248E-001 -4.120806E-002  8.120723E-001 -5.806899E-001  5.777353E-002 -7.096397E-002  0.000000E+000  9.974789E-001
  4.850000E+000  0.000000E+000  0.000000E+000  0.000000E+000 -6.312517E-001 -7.741057E-001 -4.776696E-002  7.718989E-001 -6.330564E-001  5.840976E-002 -7.545450E-002  0.000000E+000  9.971492E-001
  4.900000E+000  0.000000E+000  0.000000E+000  0.000000E+000 -6.820560E-001 -7.291530E-001 -5.599499E-002  7.267081E-001 -6.843507E-001  5.966080E-002 -8.182206E-002  0.000000E+000  9.966470E-001
  4.950000E+000  0.000000E+000  0.000000E+000  0.000000E+000 -7.315104E-001 -6.786339E-001 -6.594425E-002  6.758931E-001 -7.344767E-001  6.093045E-002 -8.978399E-002  0.000000E+000  9.959613E-001
  5.000000E+000  0.000000E+000  0.000000E+000  0.000000E+000 -7.791940E-001 -6.219847E-001 -7.740641E-002  6.189381E-001 -7.830294E-001  6.148633E-002 -9.885505E-002  0.000000E+000  9.951018E-001
