% FILE: wheel.1
%
%       t         P_No_Ao[1]     P_No_Ao[2]     P_No_Ao[3]      N_A[1,1]       N_A[1,2]       N_A[1,3]       N_A[2,1]       N_A[2,2]       N_A[2,3]       N_A[3,1]       N_A[3,2]       N_A[3,3]
%   (second)        (meter)        (meter)        (meter)       (NoUnits)      (NoUnits)      (NoUnits)      (NoUnits)      (NoUnits)      (NoUnits)      (NoUnits)      (NoUnits)      (NoUnits)

  0.000000E+000  0.000000E+000  0.000000E+000  0.000000E+000  1.000000E+000  0.000000E+000  0.000000E+000  0.000000E+000  1.000000E+000  0.000000E+000  0.000000E+000  0.000000E+000  1.000000E+000
  5.000000E-002  0.000000E+000  0.000000E+000  0.000000E+000  9.999939E-001 -3.489908E-003  0.000000E+000  3.489908E-003  9.999939E-001  0.000000E+000  0.000000E+000  0.000000E+000  1.000000E+000
  1.000000E-001  0.000000E+000  0.000000E+000  0.000000E+000  9.999709E-001 -7.624269E-003  0.000000E+000  7.624269E-003  9.999709E-001  0.000000E+000  0.000000E+000  0.000000E+000  1.000000E+000
  1.500000E-001  0.000000E+000  0.000000E+000  0.000000E+000  9.999259E-001 -1.217290E-002  0.000000E+000  1.217290E-002  9.999259E-001  0.000000E+000  0.000000E+000  0.000000E+000  1.000000E+000
  2.000000E-001  0.000000E+000  0.000000E+000  0.000000E+000  9.998583E-001 -1.683654E-002  0.000000E+000  1.683654E-002  9.998583E-001  0.000000E+000  0.000000E+000  0.000000E+000  1.000000E+000
  2.500000E-001  0.000000E+000  0.000000E+000  0.000000E+000  9.997686E-001 -2.151311E-002  0.000000E+000  2.151311E-002  9.997686E-001  0.000000E+000  0.000000E+000  0.000000E+000  1.000000E+000
  3.000000E-001  0.000000E+000  0.000000E+000  0.000000E+000  9.996563E-001 -2.621756E-002  0.000000E+000  2.621756E-002  9.996563E-001  0.000000E+000  0.000000E+000  0.000000E+000  1.000000E+000
  3.500000E-001  0.000000E+000  0.000000E+000  0.000000E+000  9.995202E-001 -3.097391E-002  0.000000E+000  3.097391E-002  9.995202E-001  0.000000E+000  0.000000E+000  0.000000E+000  1.000000E+000
  4.000000E-001  0.000000E+000  0.000000E+000  0.000000E+000  9.993600E-001 -3.577041E-002  0.000000E+000  3.577041E-002  9.993600E-001  0.000000E+000  0.000000E+000  0.000000E+000  1.000000E+000
  4.500000E-001  0.000000E+000  0.000000E+000  0.000000E+000  9.991766E-001 -4.057177E-002  0.000000E+000  4.057177E-002  9.991766E-001  0.000000E+000  0.000000E+000  0.000000E+000  1.000000E+000
  5.000000E-001  0.000000E+000  0.000000E+000  0.000000E+000  9.989692E-001 -4.539350E-002  0.000000E+000  4.539350E-002  9.989692E-001  0.000000E+000  0.000000E+000  0.000000E+000  1.000000E+000
  5.500000E-001  0.000000E+000  0.000000E+000  0.000000E+000  9.987279E-001 -5.042487E-002  0.000000E+000  5.042487E-002  9.987279E-001  0.000000E+000  0.000000E+000  0.000000E+000  1.000000E+000
  6.000000E-001  0.000000E+000  0.000000E+000  0.000000E+000  9.984282E-001 -5.604579E-002  0.000000E+000  5.604579E-002  9.984282E-001  0.000000E+000  0.000000E+000  0.000000E+000  1.000000E+000
  6.500000E-001  0.000000E+000  0.000000E+000  0.000000E+000  9.980484E-001 -6.244553E-002  0.000000E+000  6.244553E-002  9.980484E-001  0.000000E+000  0.000000E+000  0.000000E+000  1.000000E+000
  7.000000E-001  0.000000E+000  0.000000E+000  0.000000E+000  9.976177E-001 -6.898529E-002  0.000000E+000  6.898529E-002  9.976177E-001  0.000000E+000  0.000000E+000  0.000000E+000  1.000000E+000
  7.500000E-001  0.000000E+000  0.000000E+000  0.000000E+000  9.972151E-001 -7.457894E-002  0.000000E+000  7.457894E-002  9.972151E-001  0.000000E+000  0.000000E+000  0.000000E+000  1.000000E+000
  8.000000E-001  0.000000E+000  0.000000E+000  0.000000E+000  9.968158E-001 -7.973868E-002  0.000000E+000  7.973868E-002  9.968158E-001  0.000000E+000  0.000000E+000  0.000000E+000  1.000000E+000
  8.500000E-001  0.000000E+000  0.000000E+000  0.000000E+000  9.962425E-001 -8.660797E-002  0.000000E+000  8.660797E-002  9.962425E-001  0.000000E+000  0.000000E+000  0.000000E+000  1.000000E+000
  9.000000E-001  0.000000E+000  0.000000E+000  0.000000E+000  9.955354E-001 -9.438943E-002  0.000000E+000  9.438943E-002  9.955354E-001  0.000000E+000  0.000000E+000  0.000000E+000  1.000000E+000
  9.500000E-001  0.000000E+000  0.000000E+000  0.000000E+000  9.949777E-001 -1.000970E-001  0.000000E+000  1.000970E-001  9.949777E-001  0.000000E+000  0.000000E+000  0.000000E+000  1.000000E+000
  1.000000E+000  0.000000E+000  0.000000E+000  0.000000E+000  9.942997E-001 -1.066214E-001  0.000000E+000  1.066214E-001  9.942997E-001  0.000000E+000  0.000000E+000  0.000000E+000  1.000000E+000
  1.050000E+000  0.000000E+000  0.000000E+000  0.000000E+000  9.933105E-001 -1.154741E-001  0.000000E+000  1.154741E-001  9.933105E-001  0.000000E+000  0.000000E+000  0.000000E+000  1.000000E+000
  1.100000E+000  0.000000E+000  0.000000E+000  0.000000E+000  9.925955E-001 -1.214671E-001  0.000000E+000  1.214671E-001  9.925955E-001  0.000000E+000  0.000000E+000  0.000000E+000  1.000000E+000
  1.150000E+000  0.000000E+000  0.000000E+000  0.000000E+000  9.915925E-001 -1.293996E-001  0.000000E+000  1.293996E-001  9.915925E-001  0.000000E+000  0.000000E+000  0.000000E+000  1.000000E+000
  1.200000E+000  0.000000E+000  0.000000E+000  0.000000E+000  9.904002E-001 -1.382296E-001  0.000000E+000  1.382296E-001  9.904002E-001  0.000000E+000  0.000000E+000  0.000000E+000  1.000000E+000
  1.250000E+000  0.000000E+000  0.000000E+000  0.000000E+000  9.895005E-001 -1.445295E-001  0.000000E+000  1.445295E-001  9.895005E-001  0.000000E+000  0.000000E+000  0.000000E+000  1.000000E+000
  1.300000E+000  0.000000E+000  0.000000E+000  0.000000E+000  9.879114E-001 -1.550193E-001  0.000000E+000  1.550193E-001  9.879114E-001  0.000000E+000  0.000000E+000  0.000000E+000  1.000000E+000
  1.350000E+000  0.000000E+000  0.000000E+000  0.000000E+000  9.868852E-001 -1.614238E-001  0.000000E+000  1.614238E-001  9.868852E-001  0.000000E+000  0.000000E+000  0.000000E+000  1.000000E+000
  1.400000E+000  0.000000E+000  0.000000E+000  0.000000E+000  9.850420E-001 -1.723143E-001  0.000000E+000  1.723143E-001  9.850420E-001  0.000000E+000  0.000000E+000  0.000000E+000  1.000000E+000
  1.450000E+000  0.000000E+000  0.000000E+000  0.000000E+000  9.837716E-001 -1.794255E-001  0.000000E+000  1.794255E-001  9.837716E-001  0.000000E+000  0.000000E+000  0.000000E+000  1.000000E+000
  1.500000E+000  0.000000E+000  0.000000E+000  0.000000E+000  9.816387E-001 -1.907498E-001  0.000000E+000  1.907498E-001  9.816387E-001  0.000000E+000  0.000000E+000  0.000000E+000  1.000000E+000
  1.550000E+000  0.000000E+000  0.000000E+000  0.000000E+000  9.801548E-001 -1.982336E-001  0.000000E+000  1.982336E-001  9.801548E-001  0.000000E+000  0.000000E+000  0.000000E+000  1.000000E+000
  1.600000E+000  0.000000E+000  0.000000E+000  0.000000E+000  9.775978E-001 -2.104816E-001  0.000000E+000  2.104816E-001  9.775978E-001  0.000000E+000  0.000000E+000  0.000000E+000  1.000000E+000
  1.650000E+000  0.000000E+000  0.000000E+000  0.000000E+000  9.759421E-001 -2.180297E-001  0.000000E+000  2.180297E-001  9.759421E-001  0.000000E+000  0.000000E+000  0.000000E+000  1.000000E+000
  1.700000E+000  0.000000E+000  0.000000E+000  0.000000E+000  9.729165E-001 -2.311567E-001  0.000000E+000  2.311567E-001  9.729165E-001  0.000000E+000  0.000000E+000  0.000000E+000  1.000000E+000
  1.750000E+000  0.000000E+000  0.000000E+000  0.000000E+000  9.708864E-001 -2.395406E-001  0.000000E+000  2.395406E-001  9.708864E-001  0.000000E+000  0.000000E+000  0.000000E+000  1.000000E+000
  1.800000E+000  0.000000E+000  0.000000E+000  0.000000E+000  9.677312E-001 -2.519847E-001  0.000000E+000  2.519847E-001  9.677312E-001  0.000000E+000  0.000000E+000  0.000000E+000  1.000000E+000
  1.850000E+000  0.000000E+000  0.000000E+000  0.000000E+000  9.646771E-001 -2.634353E-001  0.000000E+000  2.634353E-001  9.646771E-001  0.000000E+000  0.000000E+000  0.000000E+000  1.000000E+000
  1.900000E+000  0.000000E+000  0.000000E+000  0.000000E+000  9.619463E-001 -2.732386E-001  0.000000E+000  2.732386E-001  9.619463E-001  0.000000E+000  0.000000E+000  0.000000E+000  1.000000E+000
  1.950000E+000  0.000000E+000  0.000000E+000  0.000000E+000  9.576054E-001 -2.880832E-001  0.000000E+000  2.880832E-001  9.576054E-001  0.000000E+000  0.000000E+000  0.000000E+000  1.000000E+000
  2.000000E+000  0.000000E+000  0.000000E+000  0.000000E+000  9.545836E-001 -2.979431E-001  0.000000E+000  2.979431E-001  9.545836E-001  0.000000E+000  0.000000E+000  0.000000E+000  1.000000E+000
  2.050000E+000  0.000000E+000  0.000000E+000  0.000000E+000  9.504769E-001 -3.107952E-001  0.000000E+000  3.107952E-001  9.504769E-001  0.000000E+000  0.000000E+000  0.000000E+000  1.000000E+000
  2.100000E+000  0.000000E+000  0.000000E+000  0.000000E+000  9.453826E-001 -3.259629E-001  0.000000E+000  3.259629E-001  9.453826E-001  0.000000E+000  0.000000E+000  0.000000E+000  1.000000E+000
  2.150000E+000  0.000000E+000  0.000000E+000  0.000000E+000  9.417678E-001 -3.362639E-001  0.000000E+000  3.362639E-001  9.417678E-001  0.000000E+000  0.000000E+000  0.000000E+000  1.000000E+000
  2.200000E+000  0.000000E+000  0.000000E+000  0.000000E+000  9.365197E-001 -3.506149E-001  0.000000E+000  3.506149E-001  9.365197E-001  0.000000E+000  0.000000E+000  0.000000E+000  1.000000E+000
  2.250000E+000  0.000000E+000  0.000000E+000  0.000000E+000  9.302696E-001 -3.668766E-001  0.000000E+000  3.668766E-001  9.302696E-001  0.000000E+000  0.000000E+000  0.000000E+000  1.000000E+000
  2.300000E+000  0.000000E+000  0.000000E+000  0.000000E+000  9.256551E-001 -3.783685E-001  0.000000E+000  3.783685E-001  9.256551E-001  0.000000E+000  0.000000E+000  0.000000E+000  1.000000E+000
  2.350000E+000  0.000000E+000  0.000000E+000  0.000000E+000  9.197326E-001 -3.925456E-001  0.000000E+000  3.925456E-001  9.197326E-001  0.000000E+000  0.000000E+000  0.000000E+000  1.000000E+000
  2.400000E+000  0.000000E+000  0.000000E+000  0.000000E+000  9.118313E-001 -4.105650E-001  0.000000E+000  4.105650E-001  9.118313E-001  0.000000E+000  0.000000E+000  0.000000E+000  1.000000E+000
  2.450000E+000  0.000000E+000  0.000000E+000  0.000000E+000  9.053270E-001 -4.247151E-001  0.000000E+000  4.247151E-001  9.053270E-001  0.000000E+000  0.000000E+000  0.000000E+000  1.000000E+000
  2.500000E+000  0.000000E+000  0.000000E+000  0.000000E+000  8.991430E-001 -4.376549E-001  0.000000E+000  4.376549E-001  8.991430E-001  0.000000E+000  0.000000E+000  0.000000E+000  1.000000E+000
  2.550000E+000  0.000000E+000  0.000000E+000  0.000000E+000  8.902241E-001 -4.555229E-001  0.000000E+000  4.555229E-001  8.902241E-001  0.000000E+000  0.000000E+000  0.000000E+000  1.000000E+000
  2.600000E+000  0.000000E+000  0.000000E+000  0.000000E+000  8.804600E-001 -4.741205E-001  0.000000E+000  4.741205E-001  8.804600E-001  0.000000E+000  0.000000E+000  0.000000E+000  1.000000E+000
  2.650000E+000  0.000000E+000  0.000000E+000  0.000000E+000  8.725000E-001 -4.886142E-001  0.000000E+000  4.886142E-001  8.725000E-001  0.000000E+000  0.000000E+000  0.000000E+000  1.000000E+000
  2.700000E+000  0.000000E+000  0.000000E+000  0.000000E+000  8.641425E-001 -5.032472E-001  0.000000E+000  5.032472E-001  8.641425E-001  0.000000E+000  0.000000E+000  0.000000E+000  1.000000E+000
  2.750000E+000  0.000000E+000  0.000000E+000  0.000000E+000  8.527157E-001 -5.223752E-001  0.000000E+000  5.223752E-001  8.527157E-001  0.000000E+000  0.000000E+000  0.000000E+000  1.000000E+000
  2.800000E+000  0.000000E+000  0.000000E+000  0.000000E+000  8.400356E-001 -5.425313E-001  0.000000E+000  5.425313E-001  8.400356E-001  0.000000E+000  0.000000E+000  0.000000E+000  1.000000E+000
  2.850000E+000  0.000000E+000  0.000000E+000  0.000000E+000  8.290083E-001 -5.592362E-001  0.000000E+000  5.592362E-001  8.290083E-001  0.000000E+000  0.000000E+000  0.000000E+000  1.000000E+000
  2.900000E+000  0.000000E+000  0.000000E+000  0.000000E+000  8.185640E-001 -5.744154E-001  0.000000E+000  5.744154E-001  8.185640E-001  0.000000E+000  0.000000E+000  0.000000E+000  1.000000E+000
  2.950000E+000  0.000000E+000  0.000000E+000  0.000000E+000  8.054681E-001 -5.926391E-001  0.000000E+000  5.926391E-001  8.054681E-001  0.000000E+000  0.000000E+000  0.000000E+000  1.000000E+000
  3.000000E+000  0.000000E+000  0.000000E+000  0.000000E+000  7.892914E-001 -6.140188E-001  0.000000E+000  6.140188E-001  7.892914E-001  0.000000E+000  0.000000E+000  0.000000E+000  1.000000E+000
  3.050000E+000  0.000000E+000  0.000000E+000  0.000000E+000  7.728568E-001 -6.345805E-001  0.000000E+000  6.345805E-001  7.728568E-001  0.000000E+000  0.000000E+000  0.000000E+000  1.000000E+000
  3.100000E+000  0.000000E+000  0.000000E+000  0.000000E+000  7.581572E-001 -6.520718E-001  0.000000E+000  6.520718E-001  7.581572E-001  0.000000E+000  0.000000E+000  0.000000E+000  1.000000E+000
  3.150000E+000  0.000000E+000  0.000000E+000  0.000000E+000  7.436997E-001 -6.685138E-001  0.000000E+000  6.685138E-001  7.436997E-001  0.000000E+000  0.000000E+000  0.000000E+000  1.000000E+000
  3.200000E+000  0.000000E+000  0.000000E+000  0.000000E+000  7.265026E-001 -6.871637E-001  0.000000E+000  6.871637E-001  7.265026E-001  0.000000E+000  0.000000E+000  0.000000E+000  1.000000E+000
  3.250000E+000  0.000000E+000  0.000000E+000  0.000000E+000  7.056122E-001 -7.085982E-001  0.000000E+000  7.085982E-001  7.056122E-001  0.000000E+000  0.000000E+000  0.000000E+000  1.000000E+000
  3.300000E+000  0.000000E+000  0.000000E+000  0.000000E+000  6.829805E-001 -7.304366E-001  0.000000E+000  7.304366E-001  6.829805E-001  0.000000E+000  0.000000E+000  0.000000E+000  1.000000E+000
  3.350000E+000  0.000000E+000  0.000000E+000  0.000000E+000  6.612068E-001 -7.502037E-001  0.000000E+000  7.502037E-001  6.612068E-001  0.000000E+000  0.000000E+000  0.000000E+000  1.000000E+000
  3.400000E+000  0.000000E+000  0.000000E+000  0.000000E+000  6.408375E-001 -7.676765E-001  0.000000E+000  7.676765E-001  6.408375E-001  0.000000E+000  0.000000E+000  0.000000E+000  1.000000E+000
  3.450000E+000  0.000000E+000  0.000000E+000  0.000000E+000  6.199334E-001 -7.846544E-001  0.000000E+000  7.846544E-001  6.199334E-001  0.000000E+000  0.000000E+000  0.000000E+000  1.000000E+000
  3.500000E+000  0.000000E+000  0.000000E+000  0.000000E+000  5.959486E-001 -8.030226E-001  0.000000E+000  8.030226E-001  5.959486E-001  0.000000E+000  0.000000E+000  0.000000E+000  1.000000E+000
  3.550000E+000  0.000000E+000  0.000000E+000  0.000000E+000  5.678676E-001 -8.231199E-001  0.000000E+000  8.231199E-001  5.678676E-001  0.000000E+000  0.000000E+000  0.000000E+000  1.000000E+000
  3.600000E+000  0.000000E+000  0.000000E+000  0.000000E+000  5.368509E-001 -8.436771E-001  0.000000E+000  8.436771E-001  5.368509E-001  0.000000E+000  0.000000E+000  0.000000E+000  1.000000E+000
  3.650000E+000  0.000000E+000  0.000000E+000  0.000000E+000  5.051715E-001 -8.630190E-001  0.000000E+000  8.630190E-001  5.051715E-001  0.000000E+000  0.000000E+000  0.000000E+000  1.000000E+000
  3.700000E+000  0.000000E+000  0.000000E+000  0.000000E+000  4.744678E-001 -8.802728E-001  0.000000E+000  8.802728E-001  4.744678E-001  0.000000E+000  0.000000E+000  0.000000E+000  1.000000E+000
  3.750000E+000  0.000000E+000  0.000000E+000  0.000000E+000  4.446442E-001 -8.957073E-001  0.000000E+000  8.957073E-001  4.446442E-001  0.000000E+000  0.000000E+000  0.000000E+000  1.000000E+000
  3.800000E+000  0.000000E+000  0.000000E+000  0.000000E+000  4.140594E-001 -9.102499E-001  0.000000E+000  9.102499E-001  4.140594E-001  0.000000E+000  0.000000E+000  0.000000E+000  1.000000E+000
  3.850000E+000  0.000000E+000  0.000000E+000  0.000000E+000  3.806416E-001 -9.247226E-001  0.000000E+000  9.247226E-001  3.806416E-001  0.000000E+000  0.000000E+000  0.000000E+000  1.000000E+000
  3.900000E+000  0.000000E+000  0.000000E+000  0.000000E+000  3.430857E-001 -9.393041E-001  0.000000E+000  9.393041E-001  3.430857E-001  0.000000E+000  0.000000E+000  0.000000E+000  1.000000E+000
  3.950000E+000  0.000000E+000  0.000000E+000  0.000000E+000  3.014641E-001 -9.534775E-001  0.000000E+000  9.534775E-001  3.014641E-001  0.000000E+000  0.000000E+000  0.000000E+000  1.000000E+000
  4.000000E+000  0.000000E+000  0.000000E+000  0.000000E+000  2.570551E-001 -9.663967E-001  0.000000E+000  9.663967E-001  2.570551E-001  0.000000E+000  0.000000E+000  0.000000E+000  1.000000E+000
  4.050000E+000  0.000000E+000  0.000000E+000  0.000000E+000  2.116065E-001 -9.773549E-001  0.000000E+000  9.773549E-001  2.116065E-001  0.000000E+000  0.000000E+000  0.000000E+000  1.000000E+000
  4.100000E+000  0.000000E+000  0.000000E+000  0.000000E+000  1.664811E-001 -9.860447E-001  0.000000E+000  9.860447E-001  1.664811E-001  0.000000E+000  0.000000E+000  0.000000E+000  1.000000E+000
  4.150000E+000  0.000000E+000  0.000000E+000  0.000000E+000  1.221026E-001 -9.925175E-001  0.000000E+000  9.925175E-001  1.221026E-001  0.000000E+000  0.000000E+000  0.000000E+000  1.000000E+000
  4.200000E+000  0.000000E+000  0.000000E+000  0.000000E+000  7.789568E-002 -9.969615E-001  0.000000E+000  9.969615E-001  7.789568E-002  0.000000E+000  0.000000E+000  0.000000E+000  1.000000E+000
  4.250000E+000  0.000000E+000  0.000000E+000  0.000000E+000  3.264101E-002 -9.994671E-001  0.000000E+000  9.994671E-001  3.264101E-002  0.000000E+000  0.000000E+000  0.000000E+000  1.000000E+000
  4.300000E+000  0.000000E+000  0.000000E+000  0.000000E+000 -1.497879E-002 -9.998878E-001  0.000000E+000  9.998878E-001 -1.497879E-002  0.000000E+000  0.000000E+000  0.000000E+000  1.000000E+000
  4.350000E+000  0.000000E+000  0.000000E+000  0.000000E+000 -6.588177E-002 -9.978274E-001  0.000000E+000  9.978274E-001 -6.588177E-002  0.000000E+000  0.000000E+000  0.000000E+000  1.000000E+000
  4.400000E+000  0.000000E+000  0.000000E+000  0.000000E+000 -1.202939E-001 -9.927383E-001  0.000000E+000  9.927383E-001 -1.202939E-001  0.000000E+000  0.000000E+000  0.000000E+000  1.000000E+000
  4.450000E+000  0.000000E+000  0.000000E+000  0.000000E+000 -1.777150E-001 -9.840820E-001  0.000000E+000  9.840820E-001 -1.777150E-001  0.000000E+000  0.000000E+000  0.000000E+000  1.000000E+000
  4.500000E+000  0.000000E+000  0.000000E+000  0.000000E+000 -2.371085E-001 -9.714832E-001  0.000000E+000  9.714832E-001 -2.371085E-001  0.000000E+000  0.000000E+000  0.000000E+000  1.000000E+000
  4.550000E+000  0.000000E+000  0.000000E+000  0.000000E+000 -2.972169E-001 -9.548100E-001  0.000000E+000  9.548100E-001 -2.972169E-001  0.000000E+000  0.000000E+000  0.000000E+000  1.000000E+000
  4.600000E+000  0.000000E+000  0.000000E+000  0.000000E+000 -3.568856E-001 -9.341481E-001  0.000000E+000  9.341481E-001 -3.568856E-001  0.000000E+000  0.000000E+000  0.000000E+000  1.000000E+000
  4.650000E+000  0.000000E+000  0.000000E+000  0.000000E+000 -4.152939E-001 -9.096873E-001  0.000000E+000  9.096873E-001 -4.152939E-001  0.000000E+000  0.000000E+000  0.000000E+000  1.000000E+000
  4.700000E+000  0.000000E+000  0.000000E+000  0.000000E+000 -4.720424E-001 -8.815758E-001  0.000000E+000  8.815758E-001 -4.720424E-001  0.000000E+000  0.000000E+000  0.000000E+000  1.000000E+000
  4.750000E+000  0.000000E+000  0.000000E+000  0.000000E+000 -5.271055E-001 -8.497999E-001  0.000000E+000  8.497999E-001 -5.271055E-001  0.000000E+000  0.000000E+000  0.000000E+000  1.000000E+000
  4.800000E+000  0.000000E+000  0.000000E+000  0.000000E+000 -5.806899E-001 -8.141248E-001  0.000000E+000  8.141248E-001 -5.806899E-001  0.000000E+000  0.000000E+000  0.000000E+000  1.000000E+000
  4.850000E+000  0.000000E+000  0.000000E+000  0.000000E+000 -6.330564E-001 -7.741057E-001  0.000000E+000  7.741057E-001 -6.330564E-001  0.000000E+000  0.000000E+000  0.000000E+000  1.000000E+000
  4.900000E+000  0.000000E+000  0.000000E+000  0.000000E+000 -6.843507E-001 -7.291530E-001  0.000000E+000  7.291530E-001 -6.843507E-001  0.000000E+000  0.000000E+000  0.000000E+000  1.000000E+000
  4.950000E+000  0.000000E+000  0.000000E+000  0.000000E+000 -7.344767E-001 -6.786339E-001  0.000000E+000  6.786339E-001 -7.344767E-001  0.000000E+000  0.000000E+000  0.000000E+000  1.000000E+000
  5.000000E+000  0.000000E+000  0.000000E+000  0.000000E+000 -7.830294E-001 -6.219847E-001  0.000000E+000  6.219847E-001 -7.830294E-001  0.000000E+000  0.000000E+000  0.000000E+000  1.000000E+000
