% FILE: Link.2
%
%       t         P_No_Co[1]     P_No_Co[2]     P_No_Co[3]      N_C[1,1]       N_C[1,2]       N_C[1,3]       N_C[2,1]       N_C[2,2]       N_C[2,3]       N_C[3,1]       N_C[3,2]       N_C[3,3]
%   (second)        (meter)        (meter)        (meter)       (NoUnits)      (NoUnits)      (NoUnits)      (NoUnits)      (NoUnits)      (NoUnits)      (NoUnits)      (NoUnits)      (NoUnits)

  0.000000E+000  2.775558E-017 -2.165064E-001  3.750000E-001  1.000000E+000  0.000000E+000  0.000000E+000  0.000000E+000  8.660254E-001 -5.000000E-001  0.000000E+000  5.000000E-001  8.660254E-001
  2.000000E-002  2.711435E-004 -2.162723E-001  3.753156E-001  1.000000E+000  0.000000E+000  0.000000E+000  0.000000E+000  8.664412E-001 -4.992791E-001  0.000000E+000  4.992791E-001  8.664412E-001
  4.000000E-002  1.084984E-003 -2.155697E-001  3.762593E-001  1.000000E+000  0.000000E+000  0.000000E+000  0.000000E+000  8.676819E-001 -4.971197E-001  0.000000E+000  4.971197E-001  8.676819E-001
  6.000000E-002  2.442790E-003 -2.143972E-001  3.778217E-001  1.000000E+000  0.000000E+000  0.000000E+000  0.000000E+000  8.697275E-001 -4.935322E-001  0.000000E+000  4.935322E-001  8.697275E-001
  8.000000E-002  4.346626E-003 -2.127530E-001  3.799876E-001  1.000000E+000  0.000000E+000  0.000000E+000  0.000000E+000  8.725453E-001 -4.885332E-001  0.000000E+000  4.885332E-001  8.725453E-001
  1.000000E-001  6.799220E-003 -2.106341E-001  3.827358E-001  1.000000E+000  0.000000E+000  0.000000E+000  0.000000E+000  8.760908E-001 -4.821461E-001  0.000000E+000  4.821461E-001  8.760908E-001
  1.200000E-001  9.803780E-003 -2.080373E-001  3.860392E-001  1.000000E+000  0.000000E+000  0.000000E+000  0.000000E+000  8.803092E-001 -4.744004E-001  0.000000E+000  4.744004E-001  8.803092E-001
  1.400000E-001  1.336377E-002 -2.049592E-001  3.898654E-001  1.000000E+000  0.000000E+000  0.000000E+000  0.000000E+000  8.851362E-001 -4.653320E-001  0.000000E+000  4.653320E-001  8.851362E-001
  1.600000E-001  1.748263E-002 -2.013963E-001  3.941766E-001  1.000000E+000  0.000000E+000  0.000000E+000  0.000000E+000  8.905003E-001 -4.549826E-001  0.000000E+000  4.549826E-001  8.905003E-001
  1.800000E-001  2.216350E-002 -1.973454E-001  3.989302E-001  1.000000E+000  0.000000E+000  0.000000E+000  0.000000E+000  8.963241E-001 -4.433994E-001  0.000000E+000  4.433994E-001  8.963241E-001
  2.000000E-001  2.740889E-002 -1.928038E-001  4.040791E-001  1.000000E+000  0.000000E+000  0.000000E+000  0.000000E+000  9.025263E-001 -4.306347E-001  0.000000E+000  4.306347E-001  9.025263E-001
  2.200000E-001  3.322033E-002 -1.877697E-001  4.095719E-001  1.000000E+000  0.000000E+000  0.000000E+000  0.000000E+000  9.090234E-001 -4.167451E-001  0.000000E+000  4.167451E-001  9.090234E-001
  2.400000E-001  3.959802E-002 -1.822427E-001  4.153536E-001  1.000000E+000  0.000000E+000  0.000000E+000  0.000000E+000  9.157314E-001 -4.017911E-001  0.000000E+000  4.017911E-001  9.157314E-001
  2.600000E-001  4.654049E-002 -1.762239E-001  4.213661E-001  1.000000E+000  0.000000E+000  0.000000E+000  0.000000E+000  9.225672E-001 -3.858363E-001  0.000000E+000  3.858363E-001  9.225672E-001
  2.800000E-001  5.404426E-002 -1.697160E-001  4.275486E-001  1.000000E+000  0.000000E+000  0.000000E+000  0.000000E+000  9.294506E-001 -3.689466E-001  0.000000E+000  3.689466E-001  9.294506E-001
  3.000000E-001  6.210353E-002 -1.627241E-001  4.338384E-001  1.000000E+000  0.000000E+000  0.000000E+000  0.000000E+000  9.363046E-001 -3.511890E-001  0.000000E+000  3.511890E-001  9.363046E-001
  3.200000E-001  7.070984E-002 -1.552555E-001  4.401713E-001  1.000000E+000  0.000000E+000  0.000000E+000  0.000000E+000  9.430569E-001 -3.326313E-001  0.000000E+000  3.326313E-001  9.430569E-001
  3.400000E-001  7.985185E-002 -1.473203E-001  4.464822E-001  1.000000E+000  0.000000E+000  0.000000E+000  0.000000E+000  9.496406E-001 -3.133413E-001  0.000000E+000  3.133413E-001  9.496406E-001
  3.600000E-001  8.951510E-002 -1.389311E-001  4.527060E-001  1.000000E+000  0.000000E+000  0.000000E+000  0.000000E+000  9.559943E-001 -2.933854E-001  0.000000E+000  2.933854E-001  9.559943E-001
  3.800000E-001  9.968183E-002 -1.301037E-001  4.587783E-001  1.000000E+000  0.000000E+000  0.000000E+000  0.000000E+000  9.620626E-001 -2.728287E-001  0.000000E+000  2.728287E-001  9.620626E-001
  4.000000E-001  1.103309E-001 -1.208566E-001  4.646356E-001  1.000000E+000  0.000000E+000  0.000000E+000  0.000000E+000  9.677964E-001 -2.517341E-001  0.000000E+000  2.517341E-001  9.677964E-001
  4.200000E-001  1.214376E-001 -1.112117E-001  4.702166E-001  1.000000E+000  0.000000E+000  0.000000E+000  0.000000E+000  9.731524E-001 -2.301618E-001  0.000000E+000  2.301618E-001  9.731524E-001
  4.400000E-001  1.329738E-001 -1.011936E-001  4.754626E-001  1.000000E+000  0.000000E+000  0.000000E+000  0.000000E+000  9.780928E-001 -2.081693E-001  0.000000E+000  2.081693E-001  9.780928E-001
  4.600000E-001  1.449080E-001 -9.083007E-002  4.803182E-001  1.000000E+000  0.000000E+000  0.000000E+000  0.000000E+000  9.825855E-001 -1.858108E-001  0.000000E+000  1.858108E-001  9.825855E-001
  4.800000E-001  1.572053E-001 -8.015163E-002  4.847317E-001  1.000000E+000  0.000000E+000  0.000000E+000  0.000000E+000  9.866034E-001 -1.631374E-001  0.000000E+000  1.631374E-001  9.866034E-001
  5.000000E-001  1.698277E-001 -6.919153E-002  4.886563E-001  1.000000E+000  0.000000E+000  0.000000E+000  0.000000E+000  9.901236E-001 -1.401971E-001  0.000000E+000  1.401971E-001  9.901236E-001
  5.200000E-001  1.827344E-001 -5.798547E-002  4.920498E-001  1.000000E+000  0.000000E+000  0.000000E+000  0.000000E+000  9.931278E-001 -1.170349E-001  0.000000E+000  1.170349E-001  9.931278E-001
  5.400000E-001  1.958819E-001 -4.657135E-002  4.948761E-001  1.000000E+000  0.000000E+000  0.000000E+000  0.000000E+000  9.956011E-001 -9.369313E-002  0.000000E+000  9.369313E-002  9.956011E-001
  5.600000E-001  2.092246E-001 -3.498896E-002  4.971048E-001  1.000000E+000  0.000000E+000  0.000000E+000  0.000000E+000  9.975321E-001 -7.021179E-002  0.000000E+000  7.021179E-002  9.975321E-001
  5.800000E-001  2.227149E-001 -2.327967E-002  4.987119E-001  1.000000E+000  0.000000E+000  0.000000E+000  0.000000E+000  9.989123E-001 -4.662882E-002  0.000000E+000  4.662882E-002  9.989123E-001
  6.000000E-001  2.363039E-001 -1.148601E-002  4.996804E-001  1.000000E+000  0.000000E+000  0.000000E+000  0.000000E+000  9.997359E-001 -2.298063E-002  0.000000E+000  2.298063E-002  9.997359E-001
  6.200000E-001  2.499419E-001  3.486858E-004  4.999999E-001  1.000000E+000  0.000000E+000  0.000000E+000  0.000000E+000  9.999998E-001  6.973716E-004  0.000000E+000 -6.973716E-004  9.999998E-001
  6.400000E-001  2.635784E-001  1.218068E-002  4.996671E-001  1.000000E+000  0.000000E+000  0.000000E+000  0.000000E+000  9.997030E-001  2.437034E-002  0.000000E+000 -2.437034E-002  9.997030E-001
  6.600000E-001  2.771633E-001  2.396626E-002  4.986860E-001  1.000000E+000  0.000000E+000  0.000000E+000  0.000000E+000  9.988472E-001  4.800342E-002  0.000000E+000 -4.800342E-002  9.988472E-001
  6.800000E-001  2.906466E-001  3.566218E-002  4.970675E-001  1.000000E+000  0.000000E+000  0.000000E+000  0.000000E+000  9.974362E-001  7.156122E-002  0.000000E+000 -7.156122E-002  9.974362E-001
  7.000000E-001  3.039796E-001  4.722601E-002  4.948292E-001  1.000000E+000  0.000000E+000  0.000000E+000  0.000000E+000  9.954766E-001  9.500731E-002  0.000000E+000 -9.500731E-002  9.954766E-001
  7.200000E-001  3.171150E-001  5.861657E-002  4.919956E-001  1.000000E+000  0.000000E+000  0.000000E+000  0.000000E+000  9.929775E-001  1.183038E-001  0.000000E+000 -1.183038E-001  9.929775E-001
  7.400000E-001  3.300072E-001  6.979427E-002  4.885976E-001  1.000000E+000  0.000000E+000  0.000000E+000  0.000000E+000  9.899510E-001  1.414107E-001  0.000000E+000 -1.414107E-001  9.899510E-001
  7.600000E-001  3.426131E-001  8.072145E-002  4.846719E-001  1.000000E+000  0.000000E+000  0.000000E+000  0.000000E+000  9.864128E-001  1.642857E-001  0.000000E+000 -1.642857E-001  9.864128E-001
  7.800000E-001  3.548919E-001  9.136271E-002  4.802609E-001  1.000000E+000  0.000000E+000  0.000000E+000  0.000000E+000  9.823820E-001  1.868840E-001  0.000000E+000 -1.868840E-001  9.823820E-001
  8.000000E-001  3.668059E-001  1.016851E-001  4.754119E-001  1.000000E+000  0.000000E+000  0.000000E+000  0.000000E+000  9.778819E-001  2.091576E-001  0.000000E+000 -2.091576E-001  9.778819E-001
  8.200000E-001  3.783206E-001  1.116584E-001  4.701768E-001  1.000000E+000  0.000000E+000  0.000000E+000  0.000000E+000  9.729405E-001  2.310557E-001  0.000000E+000 -2.310557E-001  9.729405E-001
  8.400000E-001  3.894046E-001  1.212553E-001  4.646111E-001  1.000000E+000  0.000000E+000  0.000000E+000  0.000000E+000  9.675906E-001  2.525241E-001  0.000000E+000 -2.525241E-001  9.675906E-001
  8.600000E-001  4.000302E-001  1.304514E-001  4.587738E-001  1.000000E+000  0.000000E+000  0.000000E+000  0.000000E+000  9.618703E-001  2.735059E-001  0.000000E+000 -2.735059E-001  9.618703E-001
  8.800000E-001  4.101728E-001  1.392253E-001  4.527262E-001  1.000000E+000  0.000000E+000  0.000000E+000  0.000000E+000  9.558235E-001  2.939411E-001  0.000000E+000 -2.939411E-001  9.558235E-001
  9.000000E-001  4.198116E-001  1.475587E-001  4.465316E-001  1.000000E+000  0.000000E+000  0.000000E+000  0.000000E+000  9.494999E-001  3.137673E-001  0.000000E+000 -3.137673E-001  9.494999E-001
  9.200000E-001  4.289291E-001  1.554363E-001  4.402544E-001  1.000000E+000  0.000000E+000  0.000000E+000  0.000000E+000  9.429551E-001  3.329200E-001  0.000000E+000 -3.329200E-001  9.429551E-001
  9.400000E-001  4.375111E-001  1.628458E-001  4.339595E-001  1.000000E+000  0.000000E+000  0.000000E+000  0.000000E+000  9.362505E-001  3.513333E-001  0.000000E+000 -3.513333E-001  9.362505E-001
  9.600000E-001  4.455463E-001  1.697773E-001  4.277117E-001  1.000000E+000  0.000000E+000  0.000000E+000  0.000000E+000  9.294531E-001  3.689402E-001  0.000000E+000 -3.689402E-001  9.294531E-001
  9.800000E-001  4.530266E-001  1.762239E-001  4.215748E-001  1.000000E+000  0.000000E+000  0.000000E+000  0.000000E+000  9.226352E-001  3.856739E-001  0.000000E+000 -3.856739E-001  9.226352E-001
  1.000000E+000  4.599464E-001  1.821809E-001  4.156112E-001  1.000000E+000  0.000000E+000  0.000000E+000  0.000000E+000  9.158731E-001  4.014679E-001  0.000000E+000 -4.014679E-001  9.158731E-001
  1.020000E+000  4.663021E-001  1.876455E-001  4.098811E-001  1.000000E+000  0.000000E+000  0.000000E+000  0.000000E+000  9.092468E-001  4.162575E-001  0.000000E+000 -4.162575E-001  9.092468E-001
  1.040000E+000  4.720925E-001  1.926170E-001  4.044423E-001  1.000000E+000  0.000000E+000  0.000000E+000  0.000000E+000  9.028384E-001  4.299799E-001  0.000000E+000 -4.299799E-001  9.028384E-001
  1.060000E+000  4.773179E-001  1.970961E-001  3.993491E-001  1.000000E+000  0.000000E+000  0.000000E+000  0.000000E+000  8.967311E-001  4.425758E-001  0.000000E+000 -4.425758E-001  8.967311E-001
  1.080000E+000  4.819799E-001  2.010847E-001  3.946521E-001  1.000000E+000  0.000000E+000  0.000000E+000  0.000000E+000  8.910070E-001  4.539895E-001  0.000000E+000 -4.539895E-001  8.910070E-001
  1.100000E+000  4.860809E-001  2.045855E-001  3.903980E-001  1.000000E+000  0.000000E+000  0.000000E+000  0.000000E+000  8.857463E-001  4.641696E-001  0.000000E+000 -4.641696E-001  8.857463E-001
  1.120000E+000  4.896241E-001  2.076019E-001  3.866287E-001  1.000000E+000  0.000000E+000  0.000000E+000  0.000000E+000  8.810248E-001  4.730701E-001  0.000000E+000 -4.730701E-001  8.810248E-001
  1.140000E+000  4.926130E-001  2.101375E-001  3.833812E-001  1.000000E+000  0.000000E+000  0.000000E+000  0.000000E+000  8.769125E-001  4.806501E-001  0.000000E+000 -4.806501E-001  8.769125E-001
  1.160000E+000  4.950510E-001  2.121959E-001  3.806874E-001  1.000000E+000  0.000000E+000  0.000000E+000  0.000000E+000  8.734717E-001  4.868748E-001  0.000000E+000 -4.868748E-001  8.734717E-001
  1.180000E+000  4.969413E-001  2.137804E-001  3.785736E-001  1.000000E+000  0.000000E+000  0.000000E+000  0.000000E+000  8.707559E-001  4.917156E-001  0.000000E+000 -4.917156E-001  8.707559E-001
  1.200000E+000  4.982867E-001  2.148938E-001  3.770602E-001  1.000000E+000  0.000000E+000  0.000000E+000  0.000000E+000  8.688075E-001  4.951499E-001  0.000000E+000 -4.951499E-001  8.688075E-001
  1.220000E+000  4.990891E-001  2.155383E-001  3.761620E-001  1.000000E+000  0.000000E+000  0.000000E+000  0.000000E+000  8.676578E-001  4.971620E-001  0.000000E+000 -4.971620E-001  8.676578E-001
  1.240000E+000  4.993499E-001  2.157152E-001  3.758877E-001  1.000000E+000  0.000000E+000  0.000000E+000  0.000000E+000  8.673249E-001  4.977423E-001  0.000000E+000 -4.977423E-001  8.673249E-001
  1.260000E+000  4.990695E-001  2.154252E-001  3.762398E-001  1.000000E+000  0.000000E+000  0.000000E+000  0.000000E+000  8.678145E-001  4.968883E-001  0.000000E+000 -4.968883E-001  8.678145E-001
  1.280000E+000  4.982474E-001  2.146678E-001  3.772147E-001  1.000000E+000  0.000000E+000  0.000000E+000  0.000000E+000  8.691187E-001  4.946036E-001  0.000000E+000 -4.946036E-001  8.691187E-001
  1.300000E+000  4.968823E-001  2.134417E-001  3.788031E-001  1.000000E+000  0.000000E+000  0.000000E+000  0.000000E+000  8.712166E-001  4.908988E-001  0.000000E+000 -4.908988E-001  8.712166E-001
  1.320000E+000  4.949720E-001  2.117451E-001  3.809892E-001  1.000000E+000  0.000000E+000  0.000000E+000  0.000000E+000  8.740750E-001  4.857910E-001  0.000000E+000 -4.857910E-001  8.740750E-001
  1.340000E+000  4.925139E-001  2.095752E-001  3.837516E-001  1.000000E+000  0.000000E+000  0.000000E+000  0.000000E+000  8.776492E-001  4.793035E-001  0.000000E+000 -4.793035E-001  8.776492E-001
  1.360000E+000  4.895047E-001  2.069289E-001  3.870632E-001  1.000000E+000  0.000000E+000  0.000000E+000  0.000000E+000  8.818841E-001  4.714663E-001  0.000000E+000 -4.714663E-001  8.818841E-001
  1.380000E+000  4.859411E-001  2.038029E-001  3.908915E-001  1.000000E+000  0.000000E+000  0.000000E+000  0.000000E+000  8.867155E-001  4.623154E-001  0.000000E+000 -4.623154E-001  8.867155E-001
  1.400000E+000  4.818196E-001  2.001939E-001  3.951988E-001  1.000000E+000  0.000000E+000  0.000000E+000  0.000000E+000  8.920723E-001  4.518927E-001  0.000000E+000 -4.518927E-001  8.920723E-001
  1.420000E+000  4.771373E-001  1.960990E-001  3.999423E-001  1.000000E+000  0.000000E+000  0.000000E+000  0.000000E+000  8.978774E-001  4.402455E-001  0.000000E+000 -4.402455E-001  8.978774E-001
  1.440000E+000  4.718916E-001  1.915156E-001  4.050751E-001  1.000000E+000  0.000000E+000  0.000000E+000  0.000000E+000  9.040502E-001  4.274263E-001  0.000000E+000 -4.274263E-001  9.040502E-001
  1.460000E+000  4.660813E-001  1.864425E-001  4.105461E-001  1.000000E+000  0.000000E+000  0.000000E+000  0.000000E+000  9.105079E-001  4.134916E-001  0.000000E+000 -4.134916E-001  9.105079E-001
  1.480000E+000  4.597062E-001  1.808793E-001  4.163003E-001  1.000000E+000  0.000000E+000  0.000000E+000  0.000000E+000  9.171674E-001  3.985022E-001  0.000000E+000 -3.985022E-001  9.171674E-001
  1.500000E+000  4.527680E-001  1.748275E-001  4.222801E-001  1.000000E+000  0.000000E+000  0.000000E+000  0.000000E+000  9.239466E-001  3.825215E-001  0.000000E+000 -3.825215E-001  9.239466E-001
  1.520000E+000  4.452702E-001  1.682901E-001  4.284250E-001  1.000000E+000  0.000000E+000  0.000000E+000  0.000000E+000  9.307661E-001  3.656153E-001  0.000000E+000 -3.656153E-001  9.307661E-001
  1.540000E+000  4.372189E-001  1.612726E-001  4.346726E-001  1.000000E+000  0.000000E+000  0.000000E+000  0.000000E+000  9.375500E-001  3.478506E-001  0.000000E+000 -3.478506E-001  9.375500E-001
  1.560000E+000  4.286227E-001  1.537825E-001  4.409590E-001  1.000000E+000  0.000000E+000  0.000000E+000  0.000000E+000  9.442271E-001  3.292950E-001  0.000000E+000 -3.292950E-001  9.442271E-001
  1.580000E+000  4.194929E-001  1.458302E-001  4.472200E-001  1.000000E+000  0.000000E+000  0.000000E+000  0.000000E+000  9.507313E-001  3.100160E-001  0.000000E+000 -3.100160E-001  9.507313E-001
  1.600000E+000  4.098443E-001  1.374287E-001  4.533907E-001  1.000000E+000  0.000000E+000  0.000000E+000  0.000000E+000  9.570024E-001  2.900800E-001  0.000000E+000 -2.900800E-001  9.570024E-001
  1.620000E+000  3.996945E-001  1.285938E-001  4.594074E-001  1.000000E+000  0.000000E+000  0.000000E+000  0.000000E+000  9.629859E-001  2.695517E-001  0.000000E+000 -2.695517E-001  9.629859E-001
  1.640000E+000  3.890650E-001  1.193446E-001  4.652073E-001  1.000000E+000  0.000000E+000  0.000000E+000  0.000000E+000  9.686335E-001  2.484938E-001  0.000000E+000 -2.484938E-001  9.686335E-001
  1.660000E+000  3.779803E-001  1.097027E-001  4.707296E-001  1.000000E+000  0.000000E+000  0.000000E+000  0.000000E+000  9.739026E-001  2.269663E-001  0.000000E+000 -2.269663E-001  9.739026E-001
  1.680000E+000  3.664686E-001  9.969326E-002  4.759163E-001  1.000000E+000  0.000000E+000  0.000000E+000  0.000000E+000  9.787564E-001  2.050264E-001  0.000000E+000 -2.050264E-001  9.787564E-001
  1.700000E+000  3.545614E-001  8.934393E-002  4.807126E-001  1.000000E+000  0.000000E+000  0.000000E+000  0.000000E+000  9.831635E-001  1.827281E-001  0.000000E+000 -1.827281E-001  9.831635E-001
  1.720000E+000  3.422936E-001  7.868536E-002  4.850675E-001  1.000000E+000  0.000000E+000  0.000000E+000  0.000000E+000  9.870972E-001  1.601222E-001  0.000000E+000 -1.601222E-001  9.870972E-001
  1.740000E+000  3.297031E-001  6.775078E-002  4.889348E-001  1.000000E+000  0.000000E+000  0.000000E+000  0.000000E+000  9.905355E-001  1.372566E-001  0.000000E+000 -1.372566E-001  9.905355E-001
  1.760000E+000  3.168305E-001  5.657584E-002  4.922732E-001  1.000000E+000  0.000000E+000  0.000000E+000  0.000000E+000  9.934605E-001  1.141762E-001  0.000000E+000 -1.141762E-001  9.934605E-001
  1.780000E+000  3.037192E-001  4.519835E-002  4.950468E-001  1.000000E+000  0.000000E+000  0.000000E+000  0.000000E+000  9.958579E-001  9.092299E-002  0.000000E+000 -9.092299E-002  9.958579E-001
  1.800000E+000  2.904147E-001  3.365796E-002  4.972261E-001  1.000000E+000  0.000000E+000  0.000000E+000  0.000000E+000  9.977168E-001  6.753690E-002  0.000000E+000 -6.753690E-002  9.977168E-001
  1.820000E+000  2.769642E-001  2.199582E-002  4.987876E-001  1.000000E+000  0.000000E+000  0.000000E+000  0.000000E+000  9.990291E-001  4.405575E-002  0.000000E+000 -4.405575E-002  9.990291E-001
  1.840000E+000  2.634164E-001  1.025424E-002  4.997148E-001  1.000000E+000  0.000000E+000  0.000000E+000  0.000000E+000  9.997895E-001  2.051586E-002  0.000000E+000 -2.051586E-002  9.997895E-001
  1.860000E+000  2.498208E-001 -1.523732E-003  4.999976E-001  1.000000E+000  0.000000E+000  0.000000E+000  0.000000E+000  9.999954E-001 -3.047465E-003  0.000000E+000  3.047465E-003  9.999954E-001
  1.880000E+000  2.362275E-001 -1.329468E-002  4.996334E-001  1.000000E+000  0.000000E+000  0.000000E+000  0.000000E+000  9.996462E-001 -2.659946E-002  0.000000E+000  2.659946E-002  9.996462E-001
  1.900000E+000  2.226865E-001 -2.501527E-002  4.986263E-001  1.000000E+000  0.000000E+000  0.000000E+000  0.000000E+000  9.987439E-001 -5.010536E-002  0.000000E+000  5.010536E-002  9.987439E-001
  1.920000E+000  2.092472E-001 -3.664262E-002  4.969875E-001  1.000000E+000  0.000000E+000  0.000000E+000  0.000000E+000  9.972930E-001 -7.352987E-002  0.000000E+000  7.352987E-002  9.972930E-001
  1.940000E+000  1.959582E-001 -4.813470E-002  4.947348E-001  1.000000E+000  0.000000E+000  0.000000E+000  0.000000E+000  9.953003E-001 -9.683669E-002  0.000000E+000  9.683669E-002  9.953003E-001
  1.960000E+000  1.828664E-001 -5.945077E-002  4.918930E-001  1.000000E+000  0.000000E+000  0.000000E+000  0.000000E+000  9.927753E-001 -1.199880E-001  0.000000E+000  1.199880E-001  9.927753E-001
  1.980000E+000  1.700171E-001 -7.055167E-002  4.884928E-001  1.000000E+000  0.000000E+000  0.000000E+000  0.000000E+000  9.897308E-001 -1.429441E-001  0.000000E+000  1.429441E-001  9.897308E-001
  2.000000E+000  1.574532E-001 -8.140019E-002  4.845711E-001  1.000000E+000  0.000000E+000  0.000000E+000  0.000000E+000  9.861824E-001 -1.656629E-001  0.000000E+000  1.656629E-001  9.861824E-001
  2.020000E+000  1.452151E-001 -9.196134E-002  4.801700E-001  1.000000E+000  0.000000E+000  0.000000E+000  0.000000E+000  9.821499E-001 -1.880997E-001  0.000000E+000  1.880997E-001  9.821499E-001
  2.040000E+000  1.333402E-001 -1.022026E-001  4.753368E-001  1.000000E+000  0.000000E+000  0.000000E+000  0.000000E+000  9.776569E-001 -2.102070E-001  0.000000E+000  2.102070E-001  9.776569E-001
  2.060000E+000  1.218629E-001 -1.120943E-001  4.701231E-001  1.000000E+000  0.000000E+000  0.000000E+000  0.000000E+000  9.727315E-001 -2.319341E-001  0.000000E+000  2.319341E-001  9.727315E-001
  2.080000E+000  1.108143E-001 -1.216092E-001  4.645843E-001  1.000000E+000  0.000000E+000  0.000000E+000  0.000000E+000  9.674067E-001 -2.532277E-001  0.000000E+000  2.532277E-001  9.674067E-001
  2.100000E+000  1.002221E-001 -1.307235E-001  4.587787E-001  1.000000E+000  0.000000E+000  0.000000E+000  0.000000E+000  9.617209E-001 -2.740309E-001  0.000000E+000  2.740309E-001  9.617209E-001
  2.120000E+000  9.011048E-002 -1.394162E-001  4.527676E-001  1.000000E+000  0.000000E+000  0.000000E+000  0.000000E+000  9.557178E-001 -2.942847E-001  0.000000E+000  2.942847E-001  9.557178E-001
  2.140000E+000  8.050027E-002 -1.476692E-001  4.466135E-001  1.000000E+000  0.000000E+000  0.000000E+000  0.000000E+000  9.494471E-001 -3.139271E-001  0.000000E+000  3.139271E-001  9.494471E-001
  2.160000E+000  7.140891E-002 -1.554674E-001  4.403806E-001  1.000000E+000  0.000000E+000  0.000000E+000  0.000000E+000  9.429641E-001 -3.328944E-001  0.000000E+000  3.328944E-001  9.429641E-001
  2.180000E+000  6.285058E-002 -1.627988E-001  4.341332E-001  1.000000E+000  0.000000E+000  0.000000E+000  0.000000E+000  9.363300E-001 -3.511213E-001  0.000000E+000  3.511213E-001  9.363300E-001
  2.200000E+000  5.483642E-002 -1.696538E-001  4.279355E-001  1.000000E+000  0.000000E+000  0.000000E+000  0.000000E+000  9.296112E-001 -3.685418E-001  0.000000E+000  3.685418E-001  9.296112E-001
  2.220000E+000  4.737471E-002 -1.760255E-001  4.218507E-001  1.000000E+000  0.000000E+000  0.000000E+000  0.000000E+000  9.228792E-001 -3.850896E-001  0.000000E+000  3.850896E-001  9.228792E-001
  2.240000E+000  4.047117E-002 -1.819094E-001  4.159407E-001  1.000000E+000  0.000000E+000  0.000000E+000  0.000000E+000  9.162096E-001 -4.006992E-001  0.000000E+000  4.006992E-001  9.162096E-001
  2.260000E+000  3.412922E-002 -1.873027E-001  4.102651E-001  1.000000E+000  0.000000E+000  0.000000E+000  0.000000E+000  9.096815E-001 -4.153066E-001  0.000000E+000  4.153066E-001  9.096815E-001
  2.280000E+000  2.835034E-002 -1.922049E-001  4.048811E-001  1.000000E+000  0.000000E+000  0.000000E+000  0.000000E+000  9.033757E-001 -4.288499E-001  0.000000E+000  4.288499E-001  9.033757E-001
  2.300000E+000  2.313435E-002 -1.966165E-001  3.998424E-001  1.000000E+000  0.000000E+000  0.000000E+000  0.000000E+000  8.973742E-001 -4.412704E-001  0.000000E+000  4.412704E-001  8.973742E-001
  2.320000E+000  1.847983E-002 -2.005395E-001  3.951991E-001  1.000000E+000  0.000000E+000  0.000000E+000  0.000000E+000  8.917579E-001 -4.525129E-001  0.000000E+000  4.525129E-001  8.917579E-001
  2.340000E+000  1.438438E-002 -2.039766E-001  3.909972E-001  1.000000E+000  0.000000E+000  0.000000E+000  0.000000E+000  8.866052E-001 -4.625269E-001  0.000000E+000  4.625269E-001  8.866052E-001
  2.360000E+000  1.084501E-002 -2.069311E-001  3.872782E-001  1.000000E+000  0.000000E+000  0.000000E+000  0.000000E+000  8.819907E-001 -4.712667E-001  0.000000E+000  4.712667E-001  8.819907E-001
  2.380000E+000  7.858427E-003 -2.094066E-001  3.840786E-001  1.000000E+000  0.000000E+000  0.000000E+000  0.000000E+000  8.779829E-001 -4.786921E-001  0.000000E+000  4.786921E-001  8.779829E-001
  2.400000E+000  5.421343E-003 -2.114065E-001  3.814297E-001  1.000000E+000  0.000000E+000  0.000000E+000  0.000000E+000  8.746425E-001 -4.847685E-001  0.000000E+000  4.847685E-001  8.746425E-001
  2.420000E+000  3.530709E-003 -2.129341E-001  3.793573E-001  1.000000E+000  0.000000E+000  0.000000E+000  0.000000E+000  8.720215E-001 -4.894676E-001  0.000000E+000  4.894676E-001  8.720215E-001
  2.440000E+000  2.183950E-003 -2.139922E-001  3.778816E-001  1.000000E+000  0.000000E+000  0.000000E+000  0.000000E+000  8.701611E-001 -4.927673E-001  0.000000E+000  4.927673E-001  8.701611E-001
  2.460000E+000  1.379132E-003 -2.145830E-001  3.770170E-001  1.000000E+000  0.000000E+000  0.000000E+000  0.000000E+000  8.690912E-001 -4.946519E-001  0.000000E+000  4.946519E-001  8.690912E-001
  2.480000E+000  1.115091E-003 -2.147077E-001  3.767717E-001  1.000000E+000  0.000000E+000  0.000000E+000  0.000000E+000  8.688290E-001 -4.951122E-001  0.000000E+000  4.951122E-001  8.688290E-001
  2.500000E+000  1.391505E-003 -2.143669E-001  3.771480E-001  1.000000E+000  0.000000E+000  0.000000E+000  0.000000E+000  8.693791E-001 -4.941457E-001  0.000000E+000  4.941457E-001  8.693791E-001
  2.520000E+000  2.208919E-003 -2.135603E-001  3.781423E-001  1.000000E+000  0.000000E+000  0.000000E+000  0.000000E+000  8.707328E-001 -4.917565E-001  0.000000E+000  4.917565E-001  8.707328E-001
  2.540000E+000  3.568710E-003 -2.122866E-001  3.797447E-001  1.000000E+000  0.000000E+000  0.000000E+000  0.000000E+000  8.728688E-001 -4.879550E-001  0.000000E+000  4.879550E-001  8.728688E-001
  2.560000E+000  5.473005E-003 -2.105439E-001  3.819395E-001  1.000000E+000  0.000000E+000  0.000000E+000  0.000000E+000  8.757535E-001 -4.827586E-001  0.000000E+000  4.827586E-001  8.757535E-001
  2.580000E+000  7.924548E-003 -2.083298E-001  3.847053E-001  1.000000E+000  0.000000E+000  0.000000E+000  0.000000E+000  8.793419E-001 -4.761909E-001  0.000000E+000  4.761909E-001  8.793419E-001
  2.600000E+000  1.092651E-002 -2.056413E-001  3.880148E-001  1.000000E+000  0.000000E+000  0.000000E+000  0.000000E+000  8.835790E-001 -4.682821E-001  0.000000E+000  4.682821E-001  8.835790E-001
  2.620000E+000  1.448228E-002 -2.024753E-001  3.918356E-001  1.000000E+000  0.000000E+000  0.000000E+000  0.000000E+000  8.884011E-001 -4.590682E-001  0.000000E+000  4.590682E-001  8.884011E-001
  2.640000E+000  1.859519E-002 -1.988286E-001  3.961300E-001  1.000000E+000  0.000000E+000  0.000000E+000  0.000000E+000  8.937370E-001 -4.485913E-001  0.000000E+000  4.485913E-001  8.937370E-001
  2.660000E+000  2.326821E-002 -1.946985E-001  4.008556E-001  1.000000E+000  0.000000E+000  0.000000E+000  0.000000E+000  8.995106E-001 -4.368990E-001  0.000000E+000  4.368990E-001  8.995106E-001
  2.680000E+000  2.850366E-002 -1.900829E-001  4.059653E-001  1.000000E+000  0.000000E+000  0.000000E+000  0.000000E+000  9.056417E-001 -4.240437E-001  0.000000E+000  4.240437E-001  9.056417E-001
  2.700000E+000  3.430285E-002 -1.849807E-001  4.114084E-001  1.000000E+000  0.000000E+000  0.000000E+000  0.000000E+000  9.120485E-001 -4.100824E-001  0.000000E+000  4.100824E-001  9.120485E-001
  2.720000E+000  4.066577E-002 -1.793918E-001  4.171304E-001  1.000000E+000  0.000000E+000  0.000000E+000  0.000000E+000  9.186486E-001 -3.950756E-001  0.000000E+000  3.950756E-001  9.186486E-001
  2.740000E+000  4.759071E-002 -1.733180E-001  4.230737E-001  1.000000E+000  0.000000E+000  0.000000E+000  0.000000E+000  9.253611E-001 -3.790869E-001  0.000000E+000  3.790869E-001  9.253611E-001
  2.760000E+000  5.507395E-002 -1.667626E-001  4.291783E-001  1.000000E+000  0.000000E+000  0.000000E+000  0.000000E+000  9.321074E-001 -3.621820E-001  0.000000E+000  3.621820E-001  9.321074E-001
  2.780000E+000  6.310944E-002 -1.597314E-001  4.353823E-001  1.000000E+000  0.000000E+000  0.000000E+000  0.000000E+000  9.388127E-001 -3.444281E-001  0.000000E+000  3.444281E-001  9.388127E-001
  2.800000E+000  7.168852E-002 -1.522323E-001  4.416224E-001  1.000000E+000  0.000000E+000  0.000000E+000  0.000000E+000  9.454068E-001 -3.258925E-001  0.000000E+000  3.258925E-001  9.454068E-001
  2.820000E+000  8.079966E-002 -1.442757E-001  4.478345E-001  1.000000E+000  0.000000E+000  0.000000E+000  0.000000E+000  9.518247E-001 -3.066428E-001  0.000000E+000  3.066428E-001  9.518247E-001
  2.840000E+000  9.042823E-002 -1.358750E-001  4.539547E-001  1.000000E+000  0.000000E+000  0.000000E+000  0.000000E+000  9.580070E-001 -2.867450E-001  0.000000E+000  2.867450E-001  9.580070E-001
  2.860000E+000  1.005564E-001 -1.270462E-001  4.599194E-001  1.000000E+000  0.000000E+000  0.000000E+000  0.000000E+000  9.639002E-001 -2.662638E-001  0.000000E+000  2.662638E-001  9.639002E-001
  2.880000E+000  1.111628E-001 -1.178085E-001  4.656666E-001  1.000000E+000  0.000000E+000  0.000000E+000  0.000000E+000  9.694569E-001 -2.452618E-001  0.000000E+000  2.452618E-001  9.694569E-001
  2.900000E+000  1.222230E-001 -1.081837E-001  4.711362E-001  1.000000E+000  0.000000E+000  0.000000E+000  0.000000E+000  9.746354E-001 -2.237987E-001  0.000000E+000  2.237987E-001  9.746354E-001
  2.920000E+000  1.337087E-001 -9.819688E-002  4.762706E-001  1.000000E+000  0.000000E+000  0.000000E+000  0.000000E+000  9.793997E-001 -2.019314E-001  0.000000E+000  2.019314E-001  9.793997E-001
  2.940000E+000  1.455884E-001 -8.787587E-002  4.810157E-001  1.000000E+000  0.000000E+000  0.000000E+000  0.000000E+000  9.837189E-001 -1.797138E-001  0.000000E+000  1.797138E-001  9.837189E-001
  2.960000E+000  1.578276E-001 -7.725126E-002  4.853210E-001  1.000000E+000  0.000000E+000  0.000000E+000  0.000000E+000  9.875673E-001 -1.571966E-001  0.000000E+000  1.571966E-001  9.875673E-001
  2.980000E+000  1.703884E-001 -6.635622E-002  4.891409E-001  1.000000E+000  0.000000E+000  0.000000E+000  0.000000E+000  9.909234E-001 -1.344274E-001  0.000000E+000  1.344274E-001  9.909234E-001
  3.000000E+000  1.832303E-001 -5.522628E-002  4.924346E-001  1.000000E+000  0.000000E+000  0.000000E+000  0.000000E+000  9.937700E-001 -1.114508E-001  0.000000E+000  1.114508E-001  9.937700E-001
  3.020000E+000  1.963101E-001 -4.389909E-002  4.951669E-001  1.000000E+000  0.000000E+000  0.000000E+000  0.000000E+000  9.960931E-001 -8.830878E-002  0.000000E+000  8.830878E-002  9.960931E-001
  3.040000E+000  2.095826E-001 -3.241409E-002  4.973085E-001  1.000000E+000  0.000000E+000  0.000000E+000  0.000000E+000  9.978826E-001 -6.504102E-002  0.000000E+000  6.504102E-002  9.978826E-001
  3.060000E+000  2.230007E-001 -2.081217E-002  4.988365E-001  1.000000E+000  0.000000E+000  0.000000E+000  0.000000E+000  9.991308E-001 -4.168515E-002  0.000000E+000  4.168515E-002  9.991308E-001
  3.080000E+000  2.365160E-001 -9.135340E-003  4.997347E-001  1.000000E+000  0.000000E+000  0.000000E+000  0.000000E+000  9.998330E-001 -1.827733E-002  0.000000E+000  1.827733E-002  9.998330E-001
  3.100000E+000  2.500791E-001  2.573676E-003  4.999934E-001  1.000000E+000  0.000000E+000  0.000000E+000  0.000000E+000  9.999868E-001  5.147353E-003  0.000000E+000 -5.147353E-003  9.999868E-001
  3.120000E+000  2.636404E-001  1.427184E-002  4.996101E-001  1.000000E+000  0.000000E+000  0.000000E+000  0.000000E+000  9.995922E-001  2.855432E-002  0.000000E+000 -2.855432E-002  9.995922E-001
  3.140000E+000  2.771500E-001  2.591621E-002  4.985892E-001  1.000000E+000  0.000000E+000  0.000000E+000  0.000000E+000  9.986518E-001  5.190901E-002  0.000000E+000 -5.190901E-002  9.986518E-001
  3.160000E+000  2.905587E-001  3.746432E-002  4.969421E-001  1.000000E+000  0.000000E+000  0.000000E+000  0.000000E+000  9.971703E-001  7.517638E-002  0.000000E+000 -7.517638E-002  9.971703E-001
  3.180000E+000  3.038183E-001  4.887459E-002  4.946866E-001  1.000000E+000  0.000000E+000  0.000000E+000  0.000000E+000  9.951548E-001  9.832038E-002  0.000000E+000 -9.832038E-002  9.951548E-001
  3.200000E+000  3.168821E-001  6.010670E-002  4.918475E-001  1.000000E+000  0.000000E+000  0.000000E+000  0.000000E+000  9.926155E-001  1.213035E-001  0.000000E+000 -1.213035E-001  9.926155E-001
  3.220000E+000  3.297049E-001  7.112194E-002  4.884555E-001  1.000000E+000  0.000000E+000  0.000000E+000  0.000000E+000  9.895651E-001  1.440864E-001  0.000000E+000 -1.440864E-001  9.895651E-001
  3.240000E+000  3.422442E-001  8.188356E-002  4.845473E-001  1.000000E+000  0.000000E+000  0.000000E+000  0.000000E+000  9.860199E-001  1.666273E-001  0.000000E+000 -1.666273E-001  9.860199E-001
  3.260000E+000  3.544597E-001  9.235700E-002  4.801649E-001  1.000000E+000  0.000000E+000  0.000000E+000  0.000000E+000  9.819998E-001  1.888821E-001  0.000000E+000 -1.888821E-001  9.819998E-001
  3.280000E+000  3.663141E-001  1.025102E-001  4.753553E-001  1.000000E+000  0.000000E+000  0.000000E+000  0.000000E+000  9.775284E-001  2.108036E-001  0.000000E+000 -2.108036E-001  9.775284E-001
  3.300000E+000  3.777733E-001  1.123137E-001  4.701698E-001  1.000000E+000  0.000000E+000  0.000000E+000  0.000000E+000  9.726342E-001  2.323419E-001  0.000000E+000 -2.323419E-001  9.726342E-001
  3.320000E+000  3.888061E-001  1.217410E-001  4.646633E-001  1.000000E+000  0.000000E+000  0.000000E+000  0.000000E+000  9.673500E-001  2.534440E-001  0.000000E+000 -2.534440E-001  9.673500E-001
  3.340000E+000  3.993851E-001  1.307683E-001  4.588940E-001  1.000000E+000  0.000000E+000  0.000000E+000  0.000000E+000  9.617143E-001  2.740541E-001  0.000000E+000 -2.740541E-001  9.617143E-001
  3.360000E+000  4.094859E-001  1.393751E-001  4.529225E-001  1.000000E+000  0.000000E+000  0.000000E+000  0.000000E+000  9.557705E-001  2.941134E-001  0.000000E+000 -2.941134E-001  9.557705E-001
  3.380000E+000  4.190879E-001  1.475434E-001  4.468112E-001  1.000000E+000  0.000000E+000  0.000000E+000  0.000000E+000  9.495681E-001  3.135610E-001  0.000000E+000 -3.135610E-001  9.495681E-001
  3.400000E+000  4.281736E-001  1.552587E-001  4.406233E-001  1.000000E+000  0.000000E+000  0.000000E+000  0.000000E+000  9.431618E-001  3.323339E-001  0.000000E+000 -3.323339E-001  9.431618E-001
  3.420000E+000  4.367288E-001  1.625088E-001  4.344229E-001  1.000000E+000  0.000000E+000  0.000000E+000  0.000000E+000  9.366123E-001  3.503676E-001  0.000000E+000 -3.503676E-001  9.366123E-001
  3.440000E+000  4.447421E-001  1.692845E-001  4.282736E-001  1.000000E+000  0.000000E+000  0.000000E+000  0.000000E+000  9.299852E-001  3.675969E-001  0.000000E+000 -3.675969E-001  9.299852E-001
  3.460000E+000  4.522054E-001  1.755789E-001  4.222381E-001  1.000000E+000  0.000000E+000  0.000000E+000  0.000000E+000  9.233512E-001  3.839564E-001  0.000000E+000 -3.839564E-001  9.233512E-001
  3.480000E+000  4.591128E-001  1.813876E-001  4.163777E-001  1.000000E+000  0.000000E+000  0.000000E+000  0.000000E+000  9.167849E-001  3.993812E-001  0.000000E+000 -3.993812E-001  9.167849E-001
  3.500000E+000  4.654606E-001  1.867081E-001  4.107515E-001  1.000000E+000  0.000000E+000  0.000000E+000  0.000000E+000  9.103641E-001  4.138081E-001  0.000000E+000 -4.138081E-001  9.103641E-001
  3.520000E+000  4.712473E-001  1.915395E-001  4.054161E-001  1.000000E+000  0.000000E+000  0.000000E+000  0.000000E+000  9.041685E-001  4.271760E-001  0.000000E+000 -4.271760E-001  9.041685E-001
  3.540000E+000  4.764729E-001  1.958827E-001  4.004248E-001  1.000000E+000  0.000000E+000  0.000000E+000  0.000000E+000  8.982786E-001  4.394265E-001  0.000000E+000 -4.394265E-001  8.982786E-001
  3.560000E+000  4.811387E-001  1.997394E-001  3.958271E-001  1.000000E+000  0.000000E+000  0.000000E+000  0.000000E+000  8.927738E-001  4.505052E-001  0.000000E+000 -4.505052E-001  8.927738E-001
  3.580000E+000  4.852469E-001  2.031124E-001  3.916685E-001  1.000000E+000  0.000000E+000  0.000000E+000  0.000000E+000  8.877313E-001  4.603619E-001  0.000000E+000 -4.603619E-001  8.877313E-001
  3.600000E+000  4.888003E-001  2.060049E-001  3.879902E-001  1.000000E+000  0.000000E+000  0.000000E+000  0.000000E+000  8.832240E-001  4.689513E-001  0.000000E+000 -4.689513E-001  8.832240E-001
  3.620000E+000  4.918020E-001  2.084204E-001  3.848282E-001  1.000000E+000  0.000000E+000  0.000000E+000  0.000000E+000  8.793189E-001  4.762333E-001  0.000000E+000 -4.762333E-001  8.793189E-001
  3.640000E+000  4.942552E-001  2.103623E-001  3.822134E-001  1.000000E+000  0.000000E+000  0.000000E+000  0.000000E+000  8.760756E-001  4.821738E-001  0.000000E+000 -4.821738E-001  8.760756E-001
  3.660000E+000  4.961628E-001  2.118339E-001  3.801714E-001  1.000000E+000  0.000000E+000  0.000000E+000  0.000000E+000  8.735444E-001  4.867445E-001  0.000000E+000 -4.867445E-001  8.735444E-001
  3.680000E+000  4.975273E-001  2.128379E-001  3.787219E-001  1.000000E+000  0.000000E+000  0.000000E+000  0.000000E+000  8.717655E-001  4.899234E-001  0.000000E+000 -4.899234E-001  8.717655E-001
  3.700000E+000  4.983504E-001  2.133764E-001  3.778791E-001  1.000000E+000  0.000000E+000  0.000000E+000  0.000000E+000  8.707676E-001  4.916948E-001  0.000000E+000 -4.916948E-001  8.707676E-001
  3.720000E+000  4.986332E-001  2.134507E-001  3.776511E-001  1.000000E+000  0.000000E+000  0.000000E+000  0.000000E+000  8.705671E-001  4.920497E-001  0.000000E+000 -4.920497E-001  8.705671E-001
  3.740000E+000  4.983759E-001  2.130614E-001  3.780400E-001  1.000000E+000  0.000000E+000  0.000000E+000  0.000000E+000  8.711677E-001  4.909856E-001  0.000000E+000 -4.909856E-001  8.711677E-001
  3.760000E+000  4.975780E-001  2.122082E-001  3.790420E-001  1.000000E+000  0.000000E+000  0.000000E+000  0.000000E+000  8.725603E-001  4.885065E-001  0.000000E+000 -4.885065E-001  8.725603E-001
  3.780000E+000  4.962380E-001  2.108900E-001  3.806471E-001  1.000000E+000  0.000000E+000  0.000000E+000  0.000000E+000  8.747231E-001  4.846231E-001  0.000000E+000 -4.846231E-001  8.747231E-001
  3.800000E+000  4.943538E-001  2.091051E-001  3.828398E-001  1.000000E+000  0.000000E+000  0.000000E+000  0.000000E+000  8.776223E-001  4.793528E-001  0.000000E+000 -4.793528E-001  8.776223E-001
  3.820000E+000  4.919226E-001  2.068510E-001  3.855984E-001  1.000000E+000  0.000000E+000  0.000000E+000  0.000000E+000  8.812131E-001  4.727193E-001  0.000000E+000 -4.727193E-001  8.812131E-001
  3.840000E+000  4.889412E-001  2.041250E-001  3.888960E-001  1.000000E+000  0.000000E+000  0.000000E+000  0.000000E+000  8.854404E-001  4.647530E-001  0.000000E+000 -4.647530E-001  8.854404E-001
  3.860000E+000  4.854063E-001  2.009242E-001  3.927001E-001  1.000000E+000  0.000000E+000  0.000000E+000  0.000000E+000  8.902409E-001  4.554900E-001  0.000000E+000 -4.554900E-001  8.902409E-001
  3.880000E+000  4.813145E-001  1.972457E-001  3.969732E-001  1.000000E+000  0.000000E+000  0.000000E+000  0.000000E+000  8.955441E-001  4.449728E-001  0.000000E+000 -4.449728E-001  8.955441E-001
  3.900000E+000  4.766630E-001  1.930871E-001  4.016731E-001  1.000000E+000  0.000000E+000  0.000000E+000  0.000000E+000  9.012743E-001  4.332489E-001  0.000000E+000 -4.332489E-001  9.012743E-001
  3.920000E+000  4.714493E-001  1.884465E-001  4.067531E-001  1.000000E+000  0.000000E+000  0.000000E+000  0.000000E+000  9.073522E-001  4.203712E-001  0.000000E+000 -4.203712E-001  9.073522E-001
  3.940000E+000  4.656724E-001  1.833229E-001  4.121627E-001  1.000000E+000  0.000000E+000  0.000000E+000  0.000000E+000  9.136968E-001  4.063966E-001  0.000000E+000 -4.063966E-001  9.136968E-001
  3.960000E+000  4.593322E-001  1.777169E-001  4.178478E-001  1.000000E+000  0.000000E+000  0.000000E+000  0.000000E+000  9.202266E-001  3.913860E-001  0.000000E+000 -3.913860E-001  9.202266E-001
  3.980000E+000  4.524304E-001  1.716302E-001  4.237511E-001  1.000000E+000  0.000000E+000  0.000000E+000  0.000000E+000  9.268617E-001  3.754031E-001  0.000000E+000 -3.754031E-001  9.268617E-001
