% FILE: Link.6
%
%       t         P_No_Go[1]     P_No_Go[2]     P_No_Go[3]      N_G[1,1]       N_G[1,2]       N_G[1,3]       N_G[2,1]       N_G[2,2]       N_G[2,3]       N_G[3,1]       N_G[3,2]       N_G[3,3]
%   (second)        (meter)        (meter)        (meter)       (NoUnits)      (NoUnits)      (NoUnits)      (NoUnits)      (NoUnits)      (NoUnits)      (NoUnits)      (NoUnits)      (NoUnits)

  0.000000E+000  5.000000E-002 -1.732051E-001  3.000000E-001  1.000000E+000  0.000000E+000  0.000000E+000  0.000000E+000  8.660254E-001 -5.000000E-001  0.000000E+000  5.000000E-001  8.660254E-001
  2.000000E-002  5.021691E-002 -1.730178E-001  3.002525E-001  1.000000E+000  0.000000E+000  0.000000E+000  0.000000E+000  8.664412E-001 -4.992791E-001  0.000000E+000  4.992791E-001  8.664412E-001
  4.000000E-002  5.086799E-002 -1.724557E-001  3.010074E-001  1.000000E+000  0.000000E+000  0.000000E+000  0.000000E+000  8.676819E-001 -4.971197E-001  0.000000E+000  4.971197E-001  8.676819E-001
  6.000000E-002  5.195423E-002 -1.715178E-001  3.022574E-001  1.000000E+000  0.000000E+000  0.000000E+000  0.000000E+000  8.697275E-001 -4.935322E-001  0.000000E+000  4.935322E-001  8.697275E-001
  8.000000E-002  5.347730E-002 -1.702024E-001  3.039901E-001  1.000000E+000  0.000000E+000  0.000000E+000  0.000000E+000  8.725453E-001 -4.885332E-001  0.000000E+000  4.885332E-001  8.725453E-001
  1.000000E-001  5.543938E-002 -1.685072E-001  3.061886E-001  1.000000E+000  0.000000E+000  0.000000E+000  0.000000E+000  8.760908E-001 -4.821461E-001  0.000000E+000  4.821461E-001  8.760908E-001
  1.200000E-001  5.784302E-002 -1.664299E-001  3.088313E-001  1.000000E+000  0.000000E+000  0.000000E+000  0.000000E+000  8.803092E-001 -4.744004E-001  0.000000E+000  4.744004E-001  8.803092E-001
  1.400000E-001  6.069101E-002 -1.639674E-001  3.118923E-001  1.000000E+000  0.000000E+000  0.000000E+000  0.000000E+000  8.851362E-001 -4.653320E-001  0.000000E+000  4.653320E-001  8.851362E-001
  1.600000E-001  6.398610E-002 -1.611171E-001  3.153413E-001  1.000000E+000  0.000000E+000  0.000000E+000  0.000000E+000  8.905003E-001 -4.549826E-001  0.000000E+000  4.549826E-001  8.905003E-001
  1.800000E-001  6.773080E-002 -1.578763E-001  3.191442E-001  1.000000E+000  0.000000E+000  0.000000E+000  0.000000E+000  8.963241E-001 -4.433994E-001  0.000000E+000  4.433994E-001  8.963241E-001
  2.000000E-001  7.192712E-002 -1.542430E-001  3.232633E-001  1.000000E+000  0.000000E+000  0.000000E+000  0.000000E+000  9.025263E-001 -4.306347E-001  0.000000E+000  4.306347E-001  9.025263E-001
  2.200000E-001  7.657626E-002 -1.502158E-001  3.276575E-001  1.000000E+000  0.000000E+000  0.000000E+000  0.000000E+000  9.090234E-001 -4.167451E-001  0.000000E+000  4.167451E-001  9.090234E-001
  2.400000E-001  8.167841E-002 -1.457942E-001  3.322829E-001  1.000000E+000  0.000000E+000  0.000000E+000  0.000000E+000  9.157314E-001 -4.017911E-001  0.000000E+000  4.017911E-001  9.157314E-001
  2.600000E-001  8.723239E-002 -1.409791E-001  3.370929E-001  1.000000E+000  0.000000E+000  0.000000E+000  0.000000E+000  9.225672E-001 -3.858363E-001  0.000000E+000  3.858363E-001  9.225672E-001
  2.800000E-001  9.323541E-002 -1.357728E-001  3.420389E-001  1.000000E+000  0.000000E+000  0.000000E+000  0.000000E+000  9.294506E-001 -3.689466E-001  0.000000E+000  3.689466E-001  9.294506E-001
  3.000000E-001  9.968282E-002 -1.301792E-001  3.470708E-001  1.000000E+000  0.000000E+000  0.000000E+000  0.000000E+000  9.363046E-001 -3.511890E-001  0.000000E+000  3.511890E-001  9.363046E-001
  3.200000E-001  1.065679E-001 -1.242044E-001  3.521370E-001  1.000000E+000  0.000000E+000  0.000000E+000  0.000000E+000  9.430569E-001 -3.326313E-001  0.000000E+000  3.326313E-001  9.430569E-001
  3.400000E-001  1.138815E-001 -1.178562E-001  3.571858E-001  1.000000E+000  0.000000E+000  0.000000E+000  0.000000E+000  9.496406E-001 -3.133413E-001  0.000000E+000  3.133413E-001  9.496406E-001
  3.600000E-001  1.216121E-001 -1.111449E-001  3.621648E-001  1.000000E+000  0.000000E+000  0.000000E+000  0.000000E+000  9.559943E-001 -2.933854E-001  0.000000E+000  2.933854E-001  9.559943E-001
  3.800000E-001  1.297455E-001 -1.040829E-001  3.670226E-001  1.000000E+000  0.000000E+000  0.000000E+000  0.000000E+000  9.620626E-001 -2.728287E-001  0.000000E+000  2.728287E-001  9.620626E-001
  4.000000E-001  1.382647E-001 -9.668530E-002  3.717085E-001  1.000000E+000  0.000000E+000  0.000000E+000  0.000000E+000  9.677964E-001 -2.517341E-001  0.000000E+000  2.517341E-001  9.677964E-001
  4.200000E-001  1.471501E-001 -8.896936E-002  3.761733E-001  1.000000E+000  0.000000E+000  0.000000E+000  0.000000E+000  9.731524E-001 -2.301618E-001  0.000000E+000  2.301618E-001  9.731524E-001
  4.400000E-001  1.563791E-001 -8.095489E-002  3.803701E-001  1.000000E+000  0.000000E+000  0.000000E+000  0.000000E+000  9.780928E-001 -2.081693E-001  0.000000E+000  2.081693E-001  9.780928E-001
  4.600000E-001  1.659264E-001 -7.266405E-002  3.842546E-001  1.000000E+000  0.000000E+000  0.000000E+000  0.000000E+000  9.825855E-001 -1.858108E-001  0.000000E+000  1.858108E-001  9.825855E-001
  4.800000E-001  1.757643E-001 -6.412130E-002  3.877854E-001  1.000000E+000  0.000000E+000  0.000000E+000  0.000000E+000  9.866034E-001 -1.631374E-001  0.000000E+000  1.631374E-001  9.866034E-001
  5.000000E-001  1.858622E-001 -5.535322E-002  3.909250E-001  1.000000E+000  0.000000E+000  0.000000E+000  0.000000E+000  9.901236E-001 -1.401971E-001  0.000000E+000  1.401971E-001  9.901236E-001
  5.200000E-001  1.961875E-001 -4.638838E-002  3.936399E-001  1.000000E+000  0.000000E+000  0.000000E+000  0.000000E+000  9.931278E-001 -1.170349E-001  0.000000E+000  1.170349E-001  9.931278E-001
  5.400000E-001  2.067055E-001 -3.725708E-002  3.959009E-001  1.000000E+000  0.000000E+000  0.000000E+000  0.000000E+000  9.956011E-001 -9.369313E-002  0.000000E+000  9.369313E-002  9.956011E-001
  5.600000E-001  2.173797E-001 -2.799117E-002  3.976838E-001  1.000000E+000  0.000000E+000  0.000000E+000  0.000000E+000  9.975321E-001 -7.021179E-002  0.000000E+000  7.021179E-002  9.975321E-001
  5.800000E-001  2.281719E-001 -1.862373E-002  3.989695E-001  1.000000E+000  0.000000E+000  0.000000E+000  0.000000E+000  9.989123E-001 -4.662882E-002  0.000000E+000  4.662882E-002  9.989123E-001
  6.000000E-001  2.390432E-001 -9.188804E-003  3.997443E-001  1.000000E+000  0.000000E+000  0.000000E+000  0.000000E+000  9.997359E-001 -2.298063E-002  0.000000E+000  2.298063E-002  9.997359E-001
  6.200000E-001  2.499535E-001  2.789486E-004  3.999999E-001  1.000000E+000  0.000000E+000  0.000000E+000  0.000000E+000  9.999998E-001  6.973716E-004  0.000000E+000 -6.973716E-004  9.999998E-001
  6.400000E-001  2.608627E-001  9.744541E-003  3.997337E-001  1.000000E+000  0.000000E+000  0.000000E+000  0.000000E+000  9.997030E-001  2.437034E-002  0.000000E+000 -2.437034E-002  9.997030E-001
  6.600000E-001  2.717306E-001  1.917301E-002  3.989488E-001  1.000000E+000  0.000000E+000  0.000000E+000  0.000000E+000  9.988472E-001  4.800342E-002  0.000000E+000 -4.800342E-002  9.988472E-001
  6.800000E-001  2.825173E-001  2.852975E-002  3.976540E-001  1.000000E+000  0.000000E+000  0.000000E+000  0.000000E+000  9.974362E-001  7.156122E-002  0.000000E+000 -7.156122E-002  9.974362E-001
  7.000000E-001  2.931837E-001  3.778081E-002  3.958633E-001  1.000000E+000  0.000000E+000  0.000000E+000  0.000000E+000  9.954766E-001  9.500731E-002  0.000000E+000 -9.500731E-002  9.954766E-001
  7.200000E-001  3.036920E-001  4.689326E-002  3.935965E-001  1.000000E+000  0.000000E+000  0.000000E+000  0.000000E+000  9.929775E-001  1.183038E-001  0.000000E+000 -1.183038E-001  9.929775E-001
  7.400000E-001  3.140058E-001  5.583541E-002  3.908781E-001  1.000000E+000  0.000000E+000  0.000000E+000  0.000000E+000  9.899510E-001  1.414107E-001  0.000000E+000 -1.414107E-001  9.899510E-001
  7.600000E-001  3.240905E-001  6.457716E-002  3.877375E-001  1.000000E+000  0.000000E+000  0.000000E+000  0.000000E+000  9.864128E-001  1.642857E-001  0.000000E+000 -1.642857E-001  9.864128E-001
  7.800000E-001  3.339135E-001  7.309017E-002  3.842087E-001  1.000000E+000  0.000000E+000  0.000000E+000  0.000000E+000  9.823820E-001  1.868840E-001  0.000000E+000 -1.868840E-001  9.823820E-001
  8.000000E-001  3.434447E-001  8.134809E-002  3.803296E-001  1.000000E+000  0.000000E+000  0.000000E+000  0.000000E+000  9.778819E-001  2.091576E-001  0.000000E+000 -2.091576E-001  9.778819E-001
  8.200000E-001  3.526565E-001  8.932675E-002  3.761414E-001  1.000000E+000  0.000000E+000  0.000000E+000  0.000000E+000  9.729405E-001  2.310557E-001  0.000000E+000 -2.310557E-001  9.729405E-001
  8.400000E-001  3.615237E-001  9.700426E-002  3.716889E-001  1.000000E+000  0.000000E+000  0.000000E+000  0.000000E+000  9.675906E-001  2.525241E-001  0.000000E+000 -2.525241E-001  9.675906E-001
  8.600000E-001  3.700241E-001  1.043611E-001  3.670190E-001  1.000000E+000  0.000000E+000  0.000000E+000  0.000000E+000  9.618703E-001  2.735059E-001  0.000000E+000 -2.735059E-001  9.618703E-001
  8.800000E-001  3.781382E-001  1.113802E-001  3.621809E-001  1.000000E+000  0.000000E+000  0.000000E+000  0.000000E+000  9.558235E-001  2.939411E-001  0.000000E+000 -2.939411E-001  9.558235E-001
  9.000000E-001  3.858493E-001  1.180470E-001  3.572253E-001  1.000000E+000  0.000000E+000  0.000000E+000  0.000000E+000  9.494999E-001  3.137673E-001  0.000000E+000 -3.137673E-001  9.494999E-001
  9.200000E-001  3.931433E-001  1.243491E-001  3.522035E-001  1.000000E+000  0.000000E+000  0.000000E+000  0.000000E+000  9.429551E-001  3.329200E-001  0.000000E+000 -3.329200E-001  9.429551E-001
  9.400000E-001  4.000088E-001  1.302766E-001  3.471676E-001  1.000000E+000  0.000000E+000  0.000000E+000  0.000000E+000  9.362505E-001  3.513333E-001  0.000000E+000 -3.513333E-001  9.362505E-001
  9.600000E-001  4.064371E-001  1.358219E-001  3.421694E-001  1.000000E+000  0.000000E+000  0.000000E+000  0.000000E+000  9.294531E-001  3.689402E-001  0.000000E+000 -3.689402E-001  9.294531E-001
  9.800000E-001  4.124213E-001  1.409791E-001  3.372598E-001  1.000000E+000  0.000000E+000  0.000000E+000  0.000000E+000  9.226352E-001  3.856739E-001  0.000000E+000 -3.856739E-001  9.226352E-001
  1.000000E+000  4.179571E-001  1.457447E-001  3.324889E-001  1.000000E+000  0.000000E+000  0.000000E+000  0.000000E+000  9.158731E-001  4.014679E-001  0.000000E+000 -4.014679E-001  9.158731E-001
  1.020000E+000  4.230417E-001  1.501164E-001  3.279049E-001  1.000000E+000  0.000000E+000  0.000000E+000  0.000000E+000  9.092468E-001  4.162575E-001  0.000000E+000 -4.162575E-001  9.092468E-001
  1.040000E+000  4.276740E-001  1.540936E-001  3.235538E-001  1.000000E+000  0.000000E+000  0.000000E+000  0.000000E+000  9.028384E-001  4.299799E-001  0.000000E+000 -4.299799E-001  9.028384E-001
  1.060000E+000  4.318543E-001  1.576769E-001  3.194792E-001  1.000000E+000  0.000000E+000  0.000000E+000  0.000000E+000  8.967311E-001  4.425758E-001  0.000000E+000 -4.425758E-001  8.967311E-001
  1.080000E+000  4.355839E-001  1.608678E-001  3.157217E-001  1.000000E+000  0.000000E+000  0.000000E+000  0.000000E+000  8.910070E-001  4.539895E-001  0.000000E+000 -4.539895E-001  8.910070E-001
  1.100000E+000  4.388647E-001  1.636684E-001  3.123184E-001  1.000000E+000  0.000000E+000  0.000000E+000  0.000000E+000  8.857463E-001  4.641696E-001  0.000000E+000 -4.641696E-001  8.857463E-001
  1.120000E+000  4.416993E-001  1.660815E-001  3.093029E-001  1.000000E+000  0.000000E+000  0.000000E+000  0.000000E+000  8.810248E-001  4.730701E-001  0.000000E+000 -4.730701E-001  8.810248E-001
  1.140000E+000  4.440904E-001  1.681100E-001  3.067050E-001  1.000000E+000  0.000000E+000  0.000000E+000  0.000000E+000  8.769125E-001  4.806501E-001  0.000000E+000 -4.806501E-001  8.769125E-001
  1.160000E+000  4.460408E-001  1.697567E-001  3.045499E-001  1.000000E+000  0.000000E+000  0.000000E+000  0.000000E+000  8.734717E-001  4.868748E-001  0.000000E+000 -4.868748E-001  8.734717E-001
  1.180000E+000  4.475531E-001  1.710243E-001  3.028588E-001  1.000000E+000  0.000000E+000  0.000000E+000  0.000000E+000  8.707559E-001  4.917156E-001  0.000000E+000 -4.917156E-001  8.707559E-001
  1.200000E+000  4.486293E-001  1.719150E-001  3.016482E-001  1.000000E+000  0.000000E+000  0.000000E+000  0.000000E+000  8.688075E-001  4.951499E-001  0.000000E+000 -4.951499E-001  8.688075E-001
  1.220000E+000  4.492713E-001  1.724306E-001  3.009296E-001  1.000000E+000  0.000000E+000  0.000000E+000  0.000000E+000  8.676578E-001  4.971620E-001  0.000000E+000 -4.971620E-001  8.676578E-001
  1.240000E+000  4.494800E-001  1.725722E-001  3.007101E-001  1.000000E+000  0.000000E+000  0.000000E+000  0.000000E+000  8.673249E-001  4.977423E-001  0.000000E+000 -4.977423E-001  8.673249E-001
  1.260000E+000  4.492556E-001  1.723402E-001  3.009918E-001  1.000000E+000  0.000000E+000  0.000000E+000  0.000000E+000  8.678145E-001  4.968883E-001  0.000000E+000 -4.968883E-001  8.678145E-001
  1.280000E+000  4.485979E-001  1.717342E-001  3.017718E-001  1.000000E+000  0.000000E+000  0.000000E+000  0.000000E+000  8.691187E-001  4.946036E-001  0.000000E+000 -4.946036E-001  8.691187E-001
  1.300000E+000  4.475058E-001  1.707534E-001  3.030425E-001  1.000000E+000  0.000000E+000  0.000000E+000  0.000000E+000  8.712166E-001  4.908988E-001  0.000000E+000 -4.908988E-001  8.712166E-001
  1.320000E+000  4.459776E-001  1.693961E-001  3.047913E-001  1.000000E+000  0.000000E+000  0.000000E+000  0.000000E+000  8.740750E-001  4.857910E-001  0.000000E+000 -4.857910E-001  8.740750E-001
  1.340000E+000  4.440111E-001  1.676601E-001  3.070013E-001  1.000000E+000  0.000000E+000  0.000000E+000  0.000000E+000  8.776492E-001  4.793035E-001  0.000000E+000 -4.793035E-001  8.776492E-001
  1.360000E+000  4.416038E-001  1.655431E-001  3.096506E-001  1.000000E+000  0.000000E+000  0.000000E+000  0.000000E+000  8.818841E-001  4.714663E-001  0.000000E+000 -4.714663E-001  8.818841E-001
  1.380000E+000  4.387529E-001  1.630423E-001  3.127132E-001  1.000000E+000  0.000000E+000  0.000000E+000  0.000000E+000  8.867155E-001  4.623154E-001  0.000000E+000 -4.623154E-001  8.867155E-001
  1.400000E+000  4.354557E-001  1.601551E-001  3.161590E-001  1.000000E+000  0.000000E+000  0.000000E+000  0.000000E+000  8.920723E-001  4.518927E-001  0.000000E+000 -4.518927E-001  8.920723E-001
  1.420000E+000  4.317098E-001  1.568792E-001  3.199539E-001  1.000000E+000  0.000000E+000  0.000000E+000  0.000000E+000  8.978774E-001  4.402455E-001  0.000000E+000 -4.402455E-001  8.978774E-001
  1.440000E+000  4.275133E-001  1.532125E-001  3.240601E-001  1.000000E+000  0.000000E+000  0.000000E+000  0.000000E+000  9.040502E-001  4.274263E-001  0.000000E+000 -4.274263E-001  9.040502E-001
  1.460000E+000  4.228650E-001  1.491540E-001  3.284369E-001  1.000000E+000  0.000000E+000  0.000000E+000  0.000000E+000  9.105079E-001  4.134916E-001  0.000000E+000 -4.134916E-001  9.105079E-001
  1.480000E+000  4.177650E-001  1.447035E-001  3.330403E-001  1.000000E+000  0.000000E+000  0.000000E+000  0.000000E+000  9.171674E-001  3.985022E-001  0.000000E+000 -3.985022E-001  9.171674E-001
  1.500000E+000  4.122144E-001  1.398620E-001  3.378241E-001  1.000000E+000  0.000000E+000  0.000000E+000  0.000000E+000  9.239466E-001  3.825215E-001  0.000000E+000 -3.825215E-001  9.239466E-001
  1.520000E+000  4.062162E-001  1.346321E-001  3.427400E-001  1.000000E+000  0.000000E+000  0.000000E+000  0.000000E+000  9.307661E-001  3.656153E-001  0.000000E+000 -3.656153E-001  9.307661E-001
  1.540000E+000  3.997752E-001  1.290181E-001  3.477380E-001  1.000000E+000  0.000000E+000  0.000000E+000  0.000000E+000  9.375500E-001  3.478506E-001  0.000000E+000 -3.478506E-001  9.375500E-001
  1.560000E+000  3.928981E-001  1.230260E-001  3.527672E-001  1.000000E+000  0.000000E+000  0.000000E+000  0.000000E+000  9.442271E-001  3.292950E-001  0.000000E+000 -3.292950E-001  9.442271E-001
  1.580000E+000  3.855943E-001  1.166642E-001  3.577760E-001  1.000000E+000  0.000000E+000  0.000000E+000  0.000000E+000  9.507313E-001  3.100160E-001  0.000000E+000 -3.100160E-001  9.507313E-001
  1.600000E+000  3.778754E-001  1.099429E-001  3.627126E-001  1.000000E+000  0.000000E+000  0.000000E+000  0.000000E+000  9.570024E-001  2.900800E-001  0.000000E+000 -2.900800E-001  9.570024E-001
  1.620000E+000  3.697556E-001  1.028751E-001  3.675259E-001  1.000000E+000  0.000000E+000  0.000000E+000  0.000000E+000  9.629859E-001  2.695517E-001  0.000000E+000 -2.695517E-001  9.629859E-001
  1.640000E+000  3.612520E-001  9.547564E-002  3.721658E-001  1.000000E+000  0.000000E+000  0.000000E+000  0.000000E+000  9.686335E-001  2.484938E-001  0.000000E+000 -2.484938E-001  9.686335E-001
  1.660000E+000  3.523842E-001  8.776219E-002  3.765837E-001  1.000000E+000  0.000000E+000  0.000000E+000  0.000000E+000  9.739026E-001  2.269663E-001  0.000000E+000 -2.269663E-001  9.739026E-001
  1.680000E+000  3.431748E-001  7.975461E-002  3.807330E-001  1.000000E+000  0.000000E+000  0.000000E+000  0.000000E+000  9.787564E-001  2.050264E-001  0.000000E+000 -2.050264E-001  9.787564E-001
  1.700000E+000  3.336491E-001  7.147515E-002  3.845701E-001  1.000000E+000  0.000000E+000  0.000000E+000  0.000000E+000  9.831635E-001  1.827281E-001  0.000000E+000 -1.827281E-001  9.831635E-001
  1.720000E+000  3.238349E-001  6.294829E-002  3.880540E-001  1.000000E+000  0.000000E+000  0.000000E+000  0.000000E+000  9.870972E-001  1.601222E-001  0.000000E+000 -1.601222E-001  9.870972E-001
  1.740000E+000  3.137625E-001  5.420062E-002  3.911478E-001  1.000000E+000  0.000000E+000  0.000000E+000  0.000000E+000  9.905355E-001  1.372566E-001  0.000000E+000 -1.372566E-001  9.905355E-001
  1.760000E+000  3.034644E-001  4.526067E-002  3.938185E-001  1.000000E+000  0.000000E+000  0.000000E+000  0.000000E+000  9.934605E-001  1.141762E-001  0.000000E+000 -1.141762E-001  9.934605E-001
  1.780000E+000  2.929754E-001  3.615868E-002  3.960375E-001  1.000000E+000  0.000000E+000  0.000000E+000  0.000000E+000  9.958579E-001  9.092299E-002  0.000000E+000 -9.092299E-002  9.958579E-001
  1.800000E+000  2.823318E-001  2.692637E-002  3.977809E-001  1.000000E+000  0.000000E+000  0.000000E+000  0.000000E+000  9.977168E-001  6.753690E-002  0.000000E+000 -6.753690E-002  9.977168E-001
  1.820000E+000  2.715714E-001  1.759666E-002  3.990301E-001  1.000000E+000  0.000000E+000  0.000000E+000  0.000000E+000  9.990291E-001  4.405575E-002  0.000000E+000 -4.405575E-002  9.990291E-001
  1.840000E+000  2.607331E-001  8.203390E-003  3.997718E-001  1.000000E+000  0.000000E+000  0.000000E+000  0.000000E+000  9.997895E-001  2.051586E-002  0.000000E+000 -2.051586E-002  9.997895E-001
  1.860000E+000  2.498566E-001 -1.218986E-003  3.999981E-001  1.000000E+000  0.000000E+000  0.000000E+000  0.000000E+000  9.999954E-001 -3.047465E-003  0.000000E+000  3.047465E-003  9.999954E-001
  1.880000E+000  2.389820E-001 -1.063575E-002  3.997067E-001  1.000000E+000  0.000000E+000  0.000000E+000  0.000000E+000  9.996462E-001 -2.659946E-002  0.000000E+000  2.659946E-002  9.996462E-001
  1.900000E+000  2.281492E-001 -2.001222E-002  3.989011E-001  1.000000E+000  0.000000E+000  0.000000E+000  0.000000E+000  9.987439E-001 -5.010536E-002  0.000000E+000  5.010536E-002  9.987439E-001
  1.920000E+000  2.173978E-001 -2.931409E-002  3.975900E-001  1.000000E+000  0.000000E+000  0.000000E+000  0.000000E+000  9.972930E-001 -7.352987E-002  0.000000E+000  7.352987E-002  9.972930E-001
  1.940000E+000  2.067665E-001 -3.850776E-002  3.957878E-001  1.000000E+000  0.000000E+000  0.000000E+000  0.000000E+000  9.953003E-001 -9.683669E-002  0.000000E+000  9.683669E-002  9.953003E-001
  1.960000E+000  1.962931E-001 -4.756062E-002  3.935144E-001  1.000000E+000  0.000000E+000  0.000000E+000  0.000000E+000  9.927753E-001 -1.199880E-001  0.000000E+000  1.199880E-001  9.927753E-001
  1.980000E+000  1.860137E-001 -5.644134E-002  3.907942E-001  1.000000E+000  0.000000E+000  0.000000E+000  0.000000E+000  9.897308E-001 -1.429441E-001  0.000000E+000  1.429441E-001  9.897308E-001
  2.000000E+000  1.759626E-001 -6.512015E-002  3.876568E-001  1.000000E+000  0.000000E+000  0.000000E+000  0.000000E+000  9.861824E-001 -1.656629E-001  0.000000E+000  1.656629E-001  9.861824E-001
  2.020000E+000  1.661721E-001 -7.356908E-002  3.841360E-001  1.000000E+000  0.000000E+000  0.000000E+000  0.000000E+000  9.821499E-001 -1.880997E-001  0.000000E+000  1.880997E-001  9.821499E-001
  2.040000E+000  1.566722E-001 -8.176211E-002  3.802695E-001  1.000000E+000  0.000000E+000  0.000000E+000  0.000000E+000  9.776569E-001 -2.102070E-001  0.000000E+000  2.102070E-001  9.776569E-001
  2.060000E+000  1.474903E-001 -8.967540E-002  3.760985E-001  1.000000E+000  0.000000E+000  0.000000E+000  0.000000E+000  9.727315E-001 -2.319341E-001  0.000000E+000  2.319341E-001  9.727315E-001
  2.080000E+000  1.386515E-001 -9.728738E-002  3.716674E-001  1.000000E+000  0.000000E+000  0.000000E+000  0.000000E+000  9.674067E-001 -2.532277E-001  0.000000E+000  2.532277E-001  9.674067E-001
  2.100000E+000  1.301777E-001 -1.045788E-001  3.670230E-001  1.000000E+000  0.000000E+000  0.000000E+000  0.000000E+000  9.617209E-001 -2.740309E-001  0.000000E+000  2.740309E-001  9.617209E-001
  2.120000E+000  1.220884E-001 -1.115330E-001  3.622140E-001  1.000000E+000  0.000000E+000  0.000000E+000  0.000000E+000  9.557178E-001 -2.942847E-001  0.000000E+000  2.942847E-001  9.557178E-001
  2.140000E+000  1.144002E-001 -1.181353E-001  3.572908E-001  1.000000E+000  0.000000E+000  0.000000E+000  0.000000E+000  9.494471E-001 -3.139271E-001  0.000000E+000  3.139271E-001  9.494471E-001
  2.160000E+000  1.071271E-001 -1.243740E-001  3.523045E-001  1.000000E+000  0.000000E+000  0.000000E+000  0.000000E+000  9.429641E-001 -3.328944E-001  0.000000E+000  3.328944E-001  9.429641E-001
  2.180000E+000  1.002805E-001 -1.302390E-001  3.473066E-001  1.000000E+000  0.000000E+000  0.000000E+000  0.000000E+000  9.363300E-001 -3.511213E-001  0.000000E+000  3.511213E-001  9.363300E-001
  2.200000E+000  9.386914E-002 -1.357231E-001  3.423484E-001  1.000000E+000  0.000000E+000  0.000000E+000  0.000000E+000  9.296112E-001 -3.685418E-001  0.000000E+000  3.685418E-001  9.296112E-001
  2.220000E+000  8.789977E-002 -1.408204E-001  3.374805E-001  1.000000E+000  0.000000E+000  0.000000E+000  0.000000E+000  9.228792E-001 -3.850896E-001  0.000000E+000  3.850896E-001  9.228792E-001
  2.240000E+000  8.237694E-002 -1.455275E-001  3.327525E-001  1.000000E+000  0.000000E+000  0.000000E+000  0.000000E+000  9.162096E-001 -4.006992E-001  0.000000E+000  4.006992E-001  9.162096E-001
  2.260000E+000  7.730338E-002 -1.498422E-001  3.282121E-001  1.000000E+000  0.000000E+000  0.000000E+000  0.000000E+000  9.096815E-001 -4.153066E-001  0.000000E+000  4.153066E-001  9.096815E-001
  2.280000E+000  7.268027E-002 -1.537639E-001  3.239049E-001  1.000000E+000  0.000000E+000  0.000000E+000  0.000000E+000  9.033757E-001 -4.288499E-001  0.000000E+000  4.288499E-001  9.033757E-001
  2.300000E+000  6.850748E-002 -1.572932E-001  3.198739E-001  1.000000E+000  0.000000E+000  0.000000E+000  0.000000E+000  8.973742E-001 -4.412704E-001  0.000000E+000  4.412704E-001  8.973742E-001
  2.320000E+000  6.478386E-002 -1.604316E-001  3.161593E-001  1.000000E+000  0.000000E+000  0.000000E+000  0.000000E+000  8.917579E-001 -4.525129E-001  0.000000E+000  4.525129E-001  8.917579E-001
  2.340000E+000  6.150750E-002 -1.631813E-001  3.127978E-001  1.000000E+000  0.000000E+000  0.000000E+000  0.000000E+000  8.866052E-001 -4.625269E-001  0.000000E+000  4.625269E-001  8.866052E-001
  2.360000E+000  5.867601E-002 -1.655449E-001  3.098226E-001  1.000000E+000  0.000000E+000  0.000000E+000  0.000000E+000  8.819907E-001 -4.712667E-001  0.000000E+000  4.712667E-001  8.819907E-001
  2.380000E+000  5.628674E-002 -1.675253E-001  3.072629E-001  1.000000E+000  0.000000E+000  0.000000E+000  0.000000E+000  8.779829E-001 -4.786921E-001  0.000000E+000  4.786921E-001  8.779829E-001
  2.400000E+000  5.433707E-002 -1.691252E-001  3.051437E-001  1.000000E+000  0.000000E+000  0.000000E+000  0.000000E+000  8.746425E-001 -4.847685E-001  0.000000E+000  4.847685E-001  8.746425E-001
  2.420000E+000  5.282457E-002 -1.703473E-001  3.034858E-001  1.000000E+000  0.000000E+000  0.000000E+000  0.000000E+000  8.720215E-001 -4.894676E-001  0.000000E+000  4.894676E-001  8.720215E-001
  2.440000E+000  5.174716E-002 -1.711938E-001  3.023053E-001  1.000000E+000  0.000000E+000  0.000000E+000  0.000000E+000  8.701611E-001 -4.927673E-001  0.000000E+000  4.927673E-001  8.701611E-001
  2.460000E+000  5.110331E-002 -1.716664E-001  3.016136E-001  1.000000E+000  0.000000E+000  0.000000E+000  0.000000E+000  8.690912E-001 -4.946519E-001  0.000000E+000  4.946519E-001  8.690912E-001
  2.480000E+000  5.089207E-002 -1.717662E-001  3.014174E-001  1.000000E+000  0.000000E+000  0.000000E+000  0.000000E+000  8.688290E-001 -4.951122E-001  0.000000E+000  4.951122E-001  8.688290E-001
  2.500000E+000  5.111320E-002 -1.714935E-001  3.017184E-001  1.000000E+000  0.000000E+000  0.000000E+000  0.000000E+000  8.693791E-001 -4.941457E-001  0.000000E+000  4.941457E-001  8.693791E-001
  2.520000E+000  5.176714E-002 -1.708482E-001  3.025138E-001  1.000000E+000  0.000000E+000  0.000000E+000  0.000000E+000  8.707328E-001 -4.917565E-001  0.000000E+000  4.917565E-001  8.707328E-001
  2.540000E+000  5.285497E-002 -1.698293E-001  3.037958E-001  1.000000E+000  0.000000E+000  0.000000E+000  0.000000E+000  8.728688E-001 -4.879550E-001  0.000000E+000  4.879550E-001  8.728688E-001
  2.560000E+000  5.437840E-002 -1.684352E-001  3.055516E-001  1.000000E+000  0.000000E+000  0.000000E+000  0.000000E+000  8.757535E-001 -4.827586E-001  0.000000E+000  4.827586E-001  8.757535E-001
  2.580000E+000  5.633964E-002 -1.666639E-001  3.077642E-001  1.000000E+000  0.000000E+000  0.000000E+000  0.000000E+000  8.793419E-001 -4.761909E-001  0.000000E+000  4.761909E-001  8.793419E-001
  2.600000E+000  5.874121E-002 -1.645131E-001  3.104119E-001  1.000000E+000  0.000000E+000  0.000000E+000  0.000000E+000  8.835790E-001 -4.682821E-001  0.000000E+000  4.682821E-001  8.835790E-001
  2.620000E+000  6.158583E-002 -1.619802E-001  3.134685E-001  1.000000E+000  0.000000E+000  0.000000E+000  0.000000E+000  8.884011E-001 -4.590682E-001  0.000000E+000  4.590682E-001  8.884011E-001
  2.640000E+000  6.487615E-002 -1.590629E-001  3.169040E-001  1.000000E+000  0.000000E+000  0.000000E+000  0.000000E+000  8.937370E-001 -4.485913E-001  0.000000E+000  4.485913E-001  8.937370E-001
  2.660000E+000  6.861457E-002 -1.557588E-001  3.206844E-001  1.000000E+000  0.000000E+000  0.000000E+000  0.000000E+000  8.995106E-001 -4.368990E-001  0.000000E+000  4.368990E-001  8.995106E-001
  2.680000E+000  7.280293E-002 -1.520663E-001  3.247723E-001  1.000000E+000  0.000000E+000  0.000000E+000  0.000000E+000  9.056417E-001 -4.240437E-001  0.000000E+000  4.240437E-001  9.056417E-001
  2.700000E+000  7.744228E-002 -1.479845E-001  3.291267E-001  1.000000E+000  0.000000E+000  0.000000E+000  0.000000E+000  9.120485E-001 -4.100824E-001  0.000000E+000  4.100824E-001  9.120485E-001
  2.720000E+000  8.253262E-002 -1.435134E-001  3.337043E-001  1.000000E+000  0.000000E+000  0.000000E+000  0.000000E+000  9.186486E-001 -3.950756E-001  0.000000E+000  3.950756E-001  9.186486E-001
  2.740000E+000  8.807257E-002 -1.386544E-001  3.384590E-001  1.000000E+000  0.000000E+000  0.000000E+000  0.000000E+000  9.253611E-001 -3.790869E-001  0.000000E+000  3.790869E-001  9.253611E-001
  2.760000E+000  9.405916E-002 -1.334101E-001  3.433427E-001  1.000000E+000  0.000000E+000  0.000000E+000  0.000000E+000  9.321074E-001 -3.621820E-001  0.000000E+000  3.621820E-001  9.321074E-001
  2.780000E+000  1.004875E-001 -1.277851E-001  3.483059E-001  1.000000E+000  0.000000E+000  0.000000E+000  0.000000E+000  9.388127E-001 -3.444281E-001  0.000000E+000  3.444281E-001  9.388127E-001
  2.800000E+000  1.073508E-001 -1.217858E-001  3.532979E-001  1.000000E+000  0.000000E+000  0.000000E+000  0.000000E+000  9.454068E-001 -3.258925E-001  0.000000E+000  3.258925E-001  9.454068E-001
  2.820000E+000  1.146397E-001 -1.154206E-001  3.582676E-001  1.000000E+000  0.000000E+000  0.000000E+000  0.000000E+000  9.518247E-001 -3.066428E-001  0.000000E+000  3.066428E-001  9.518247E-001
  2.840000E+000  1.223426E-001 -1.087000E-001  3.631637E-001  1.000000E+000  0.000000E+000  0.000000E+000  0.000000E+000  9.580070E-001 -2.867450E-001  0.000000E+000  2.867450E-001  9.580070E-001
  2.860000E+000  1.304451E-001 -1.016370E-001  3.679355E-001  1.000000E+000  0.000000E+000  0.000000E+000  0.000000E+000  9.639002E-001 -2.662638E-001  0.000000E+000  2.662638E-001  9.639002E-001
  2.880000E+000  1.389303E-001 -9.424677E-002  3.725333E-001  1.000000E+000  0.000000E+000  0.000000E+000  0.000000E+000  9.694569E-001 -2.452618E-001  0.000000E+000  2.452618E-001  9.694569E-001
  2.900000E+000  1.477784E-001 -8.654695E-002  3.769090E-001  1.000000E+000  0.000000E+000  0.000000E+000  0.000000E+000  9.746354E-001 -2.237987E-001  0.000000E+000  2.237987E-001  9.746354E-001
  2.920000E+000  1.569669E-001 -7.855750E-002  3.810165E-001  1.000000E+000  0.000000E+000  0.000000E+000  0.000000E+000  9.793997E-001 -2.019314E-001  0.000000E+000  2.019314E-001  9.793997E-001
  2.940000E+000  1.664708E-001 -7.030070E-002  3.848125E-001  1.000000E+000  0.000000E+000  0.000000E+000  0.000000E+000  9.837189E-001 -1.797138E-001  0.000000E+000  1.797138E-001  9.837189E-001
  2.960000E+000  1.762621E-001 -6.180101E-002  3.882568E-001  1.000000E+000  0.000000E+000  0.000000E+000  0.000000E+000  9.875673E-001 -1.571966E-001  0.000000E+000  1.571966E-001  9.875673E-001
  2.980000E+000  1.863107E-001 -5.308497E-002  3.913127E-001  1.000000E+000  0.000000E+000  0.000000E+000  0.000000E+000  9.909234E-001 -1.344274E-001  0.000000E+000  1.344274E-001  9.909234E-001
  3.000000E+000  1.965842E-001 -4.418102E-002  3.939477E-001  1.000000E+000  0.000000E+000  0.000000E+000  0.000000E+000  9.937700E-001 -1.114508E-001  0.000000E+000  1.114508E-001  9.937700E-001
  3.020000E+000  2.070481E-001 -3.511927E-002  3.961335E-001  1.000000E+000  0.000000E+000  0.000000E+000  0.000000E+000  9.960931E-001 -8.830878E-002  0.000000E+000  8.830878E-002  9.960931E-001
  3.040000E+000  2.176661E-001 -2.593127E-002  3.978468E-001  1.000000E+000  0.000000E+000  0.000000E+000  0.000000E+000  9.978826E-001 -6.504102E-002  0.000000E+000  6.504102E-002  9.978826E-001
  3.060000E+000  2.284005E-001 -1.664973E-002  3.990692E-001  1.000000E+000  0.000000E+000  0.000000E+000  0.000000E+000  9.991308E-001 -4.168515E-002  0.000000E+000  4.168515E-002  9.991308E-001
  3.080000E+000  2.392128E-001 -7.308272E-003  3.997877E-001  1.000000E+000  0.000000E+000  0.000000E+000  0.000000E+000  9.998330E-001 -1.827733E-002  0.000000E+000  1.827733E-002  9.998330E-001
  3.100000E+000  2.500633E-001  2.058941E-003  3.999947E-001  1.000000E+000  0.000000E+000  0.000000E+000  0.000000E+000  9.999868E-001  5.147353E-003  0.000000E+000 -5.147353E-003  9.999868E-001
  3.120000E+000  2.609123E-001  1.141748E-002  3.996881E-001  1.000000E+000  0.000000E+000  0.000000E+000  0.000000E+000  9.995922E-001  2.855432E-002  0.000000E+000 -2.855432E-002  9.995922E-001
  3.140000E+000  2.717200E-001  2.073297E-002  3.988714E-001  1.000000E+000  0.000000E+000  0.000000E+000  0.000000E+000  9.986518E-001  5.190901E-002  0.000000E+000 -5.190901E-002  9.986518E-001
  3.160000E+000  2.824470E-001  2.997145E-002  3.975537E-001  1.000000E+000  0.000000E+000  0.000000E+000  0.000000E+000  9.971703E-001  7.517638E-002  0.000000E+000 -7.517638E-002  9.971703E-001
  3.180000E+000  2.930547E-001  3.909967E-002  3.957493E-001  1.000000E+000  0.000000E+000  0.000000E+000  0.000000E+000  9.951548E-001  9.832038E-002  0.000000E+000 -9.832038E-002  9.951548E-001
  3.200000E+000  3.035057E-001  4.808536E-002  3.934780E-001  1.000000E+000  0.000000E+000  0.000000E+000  0.000000E+000  9.926155E-001  1.213035E-001  0.000000E+000 -1.213035E-001  9.926155E-001
  3.220000E+000  3.137639E-001  5.689755E-002  3.907644E-001  1.000000E+000  0.000000E+000  0.000000E+000  0.000000E+000  9.895651E-001  1.440864E-001  0.000000E+000 -1.440864E-001  9.895651E-001
  3.240000E+000  3.237954E-001  6.550685E-002  3.876378E-001  1.000000E+000  0.000000E+000  0.000000E+000  0.000000E+000  9.860199E-001  1.666273E-001  0.000000E+000 -1.666273E-001  9.860199E-001
  3.260000E+000  3.335678E-001  7.388560E-002  3.841319E-001  1.000000E+000  0.000000E+000  0.000000E+000  0.000000E+000  9.819998E-001  1.888821E-001  0.000000E+000 -1.888821E-001  9.819998E-001
  3.280000E+000  3.430513E-001  8.200815E-002  3.802843E-001  1.000000E+000  0.000000E+000  0.000000E+000  0.000000E+000  9.775284E-001  2.108036E-001  0.000000E+000 -2.108036E-001  9.775284E-001
  3.300000E+000  3.522186E-001  8.985097E-002  3.761358E-001  1.000000E+000  0.000000E+000  0.000000E+000  0.000000E+000  9.726342E-001  2.323419E-001  0.000000E+000 -2.323419E-001  9.726342E-001
  3.320000E+000  3.610449E-001  9.739279E-002  3.717307E-001  1.000000E+000  0.000000E+000  0.000000E+000  0.000000E+000  9.673500E-001  2.534440E-001  0.000000E+000 -2.534440E-001  9.673500E-001
  3.340000E+000  3.695081E-001  1.046147E-001  3.671152E-001  1.000000E+000  0.000000E+000  0.000000E+000  0.000000E+000  9.617143E-001  2.740541E-001  0.000000E+000 -2.740541E-001  9.617143E-001
  3.360000E+000  3.775887E-001  1.115000E-001  3.623380E-001  1.000000E+000  0.000000E+000  0.000000E+000  0.000000E+000  9.557705E-001  2.941134E-001  0.000000E+000 -2.941134E-001  9.557705E-001
  3.380000E+000  3.852703E-001  1.180348E-001  3.574489E-001  1.000000E+000  0.000000E+000  0.000000E+000  0.000000E+000  9.495681E-001  3.135610E-001  0.000000E+000 -3.135610E-001  9.495681E-001
  3.400000E+000  3.925389E-001  1.242069E-001  3.524987E-001  1.000000E+000  0.000000E+000  0.000000E+000  0.000000E+000  9.431618E-001  3.323339E-001  0.000000E+000 -3.323339E-001  9.431618E-001
  3.420000E+000  3.993830E-001  1.300070E-001  3.475383E-001  1.000000E+000  0.000000E+000  0.000000E+000  0.000000E+000  9.366123E-001  3.503676E-001  0.000000E+000 -3.503676E-001  9.366123E-001
  3.440000E+000  4.057937E-001  1.354276E-001  3.426189E-001  1.000000E+000  0.000000E+000  0.000000E+000  0.000000E+000  9.299852E-001  3.675969E-001  0.000000E+000 -3.675969E-001  9.299852E-001
  3.460000E+000  4.117643E-001  1.404631E-001  3.377905E-001  1.000000E+000  0.000000E+000  0.000000E+000  0.000000E+000  9.233512E-001  3.839564E-001  0.000000E+000 -3.839564E-001  9.233512E-001
  3.480000E+000  4.172902E-001  1.451101E-001  3.331022E-001  1.000000E+000  0.000000E+000  0.000000E+000  0.000000E+000  9.167849E-001  3.993812E-001  0.000000E+000 -3.993812E-001  9.167849E-001
  3.500000E+000  4.223685E-001  1.493665E-001  3.286012E-001  1.000000E+000  0.000000E+000  0.000000E+000  0.000000E+000  9.103641E-001  4.138081E-001  0.000000E+000 -4.138081E-001  9.103641E-001
  3.520000E+000  4.269978E-001  1.532316E-001  3.243329E-001  1.000000E+000  0.000000E+000  0.000000E+000  0.000000E+000  9.041685E-001  4.271760E-001  0.000000E+000 -4.271760E-001  9.041685E-001
  3.540000E+000  4.311783E-001  1.567062E-001  3.203398E-001  1.000000E+000  0.000000E+000  0.000000E+000  0.000000E+000  8.982786E-001  4.394265E-001  0.000000E+000 -4.394265E-001  8.982786E-001
  3.560000E+000  4.349110E-001  1.597915E-001  3.166616E-001  1.000000E+000  0.000000E+000  0.000000E+000  0.000000E+000  8.927738E-001  4.505052E-001  0.000000E+000 -4.505052E-001  8.927738E-001
  3.580000E+000  4.381975E-001  1.624899E-001  3.133348E-001  1.000000E+000  0.000000E+000  0.000000E+000  0.000000E+000  8.877313E-001  4.603619E-001  0.000000E+000 -4.603619E-001  8.877313E-001
  3.600000E+000  4.410402E-001  1.648039E-001  3.103922E-001  1.000000E+000  0.000000E+000  0.000000E+000  0.000000E+000  8.832240E-001  4.689513E-001  0.000000E+000 -4.689513E-001  8.832240E-001
  3.620000E+000  4.434416E-001  1.667363E-001  3.078625E-001  1.000000E+000  0.000000E+000  0.000000E+000  0.000000E+000  8.793189E-001  4.762333E-001  0.000000E+000 -4.762333E-001  8.793189E-001
  3.640000E+000  4.454042E-001  1.682899E-001  3.057707E-001  1.000000E+000  0.000000E+000  0.000000E+000  0.000000E+000  8.760756E-001  4.821738E-001  0.000000E+000 -4.821738E-001  8.760756E-001
  3.660000E+000  4.469303E-001  1.694671E-001  3.041371E-001  1.000000E+000  0.000000E+000  0.000000E+000  0.000000E+000  8.735444E-001  4.867445E-001  0.000000E+000 -4.867445E-001  8.735444E-001
  3.680000E+000  4.480218E-001  1.702703E-001  3.029775E-001  1.000000E+000  0.000000E+000  0.000000E+000  0.000000E+000  8.717655E-001  4.899234E-001  0.000000E+000 -4.899234E-001  8.717655E-001
  3.700000E+000  4.486803E-001  1.707011E-001  3.023033E-001  1.000000E+000  0.000000E+000  0.000000E+000  0.000000E+000  8.707676E-001  4.916948E-001  0.000000E+000 -4.916948E-001  8.707676E-001
  3.720000E+000  4.489065E-001  1.707605E-001  3.021209E-001  1.000000E+000  0.000000E+000  0.000000E+000  0.000000E+000  8.705671E-001  4.920497E-001  0.000000E+000 -4.920497E-001  8.705671E-001
  3.740000E+000  4.487007E-001  1.704491E-001  3.024320E-001  1.000000E+000  0.000000E+000  0.000000E+000  0.000000E+000  8.711677E-001  4.909856E-001  0.000000E+000 -4.909856E-001  8.711677E-001
  3.760000E+000  4.480624E-001  1.697666E-001  3.032336E-001  1.000000E+000  0.000000E+000  0.000000E+000  0.000000E+000  8.725603E-001  4.885065E-001  0.000000E+000 -4.885065E-001  8.725603E-001
  3.780000E+000  4.469904E-001  1.687120E-001  3.045177E-001  1.000000E+000  0.000000E+000  0.000000E+000  0.000000E+000  8.747231E-001  4.846231E-001  0.000000E+000 -4.846231E-001  8.747231E-001
  3.800000E+000  4.454830E-001  1.672841E-001  3.062718E-001  1.000000E+000  0.000000E+000  0.000000E+000  0.000000E+000  8.776223E-001  4.793528E-001  0.000000E+000 -4.793528E-001  8.776223E-001
  3.820000E+000  4.435381E-001  1.654808E-001  3.084787E-001  1.000000E+000  0.000000E+000  0.000000E+000  0.000000E+000  8.812131E-001  4.727193E-001  0.000000E+000 -4.727193E-001  8.812131E-001
  3.840000E+000  4.411530E-001  1.633000E-001  3.111168E-001  1.000000E+000  0.000000E+000  0.000000E+000  0.000000E+000  8.854404E-001  4.647530E-001  0.000000E+000 -4.647530E-001  8.854404E-001
  3.860000E+000  4.383250E-001  1.607394E-001  3.141601E-001  1.000000E+000  0.000000E+000  0.000000E+000  0.000000E+000  8.902409E-001  4.554900E-001  0.000000E+000 -4.554900E-001  8.902409E-001
  3.880000E+000  4.350516E-001  1.577966E-001  3.175786E-001  1.000000E+000  0.000000E+000  0.000000E+000  0.000000E+000  8.955441E-001  4.449728E-001  0.000000E+000 -4.449728E-001  8.955441E-001
  3.900000E+000  4.313304E-001  1.544697E-001  3.213385E-001  1.000000E+000  0.000000E+000  0.000000E+000  0.000000E+000  9.012743E-001  4.332489E-001  0.000000E+000 -4.332489E-001  9.012743E-001
  3.920000E+000  4.271595E-001  1.507572E-001  3.254025E-001  1.000000E+000  0.000000E+000  0.000000E+000  0.000000E+000  9.073522E-001  4.203712E-001  0.000000E+000 -4.203712E-001  9.073522E-001
  3.940000E+000  4.225379E-001  1.466583E-001  3.297302E-001  1.000000E+000  0.000000E+000  0.000000E+000  0.000000E+000  9.136968E-001  4.063966E-001  0.000000E+000 -4.063966E-001  9.136968E-001
  3.960000E+000  4.174657E-001  1.421735E-001  3.342782E-001  1.000000E+000  0.000000E+000  0.000000E+000  0.000000E+000  9.202266E-001  3.913860E-001  0.000000E+000 -3.913860E-001  9.202266E-001
  3.980000E+000  4.119443E-001  1.373042E-001  3.390009E-001  1.000000E+000  0.000000E+000  0.000000E+000  0.000000E+000  9.268617E-001  3.754031E-001  0.000000E+000 -3.754031E-001  9.268617E-001
