% FILE: Link.1
%
%       t         P_No_Bo[1]     P_No_Bo[2]     P_No_Bo[3]      N_B[1,1]       N_B[1,2]       N_B[1,3]       N_B[2,1]       N_B[2,2]       N_B[2,3]       N_B[3,1]       N_B[3,2]       N_B[3,3]
%   (second)        (meter)        (meter)        (meter)       (NoUnits)      (NoUnits)      (NoUnits)      (NoUnits)      (NoUnits)      (NoUnits)      (NoUnits)      (NoUnits)      (NoUnits)

  0.000000E+000 -1.250000E-001 -1.082532E-001  1.875000E-001  8.660254E-001  0.000000E+000 -5.000000E-001 -2.500000E-001  8.660254E-001 -4.330127E-001  4.330127E-001  5.000000E-001  7.500000E-001
  2.000000E-002 -1.248644E-001 -1.081361E-001  1.876578E-001  8.663383E-001  0.000000E+000 -4.994577E-001 -2.493688E-001  8.664412E-001 -4.325446E-001  4.327508E-001  4.992791E-001  7.506312E-001
  4.000000E-002 -1.244575E-001 -1.077848E-001  1.881296E-001  8.672746E-001  0.000000E+000 -4.978300E-001 -2.474811E-001  8.676819E-001 -4.311393E-001  4.319581E-001  4.971197E-001  7.525185E-001
  6.000000E-002 -1.237786E-001 -1.071986E-001  1.889109E-001  8.688278E-001  0.000000E+000 -4.951144E-001 -2.443549E-001  8.697275E-001 -4.287945E-001  4.306146E-001  4.935322E-001  7.556434E-001
  8.000000E-002 -1.228267E-001 -1.063765E-001  1.899938E-001  8.709866E-001  0.000000E+000 -4.913067E-001 -2.400197E-001  8.725453E-001 -4.255059E-001  4.286874E-001  4.885332E-001  7.599753E-001
  1.000000E-001 -1.216004E-001 -1.053170E-001  1.913679E-001  8.737354E-001  0.000000E+000 -4.864016E-001 -2.345166E-001  8.760908E-001 -4.212681E-001  4.261319E-001  4.821461E-001  7.654716E-001
  1.200000E-001 -1.200981E-001 -1.040187E-001  1.930196E-001  8.770536E-001  0.000000E+000 -4.803924E-001 -2.278984E-001  8.803092E-001 -4.160746E-001  4.228939E-001  4.744004E-001  7.720784E-001
  1.400000E-001 -1.183181E-001 -1.024796E-001  1.949327E-001  8.809161E-001  0.000000E+000 -4.732725E-001 -2.202288E-001  8.851362E-001 -4.099185E-001  4.189106E-001  4.653320E-001  7.797307E-001
  1.600000E-001 -1.162587E-001 -1.006982E-001  1.970883E-001  8.852924E-001  0.000000E+000 -4.650347E-001 -2.115827E-001  8.905003E-001 -4.027927E-001  4.141136E-001  4.549826E-001  7.883532E-001
  1.800000E-001 -1.139182E-001 -9.867270E-002  1.994651E-001  8.901472E-001  0.000000E+000 -4.556730E-001 -2.020451E-001  8.963241E-001 -3.946908E-001  4.084307E-001  4.433994E-001  7.978605E-001
  2.000000E-001 -1.112956E-001 -9.640188E-002  2.020395E-001  8.954400E-001  0.000000E+000 -4.451822E-001 -1.917109E-001  9.025263E-001 -3.856075E-001  4.017887E-001  4.306347E-001  8.081582E-001
  2.200000E-001 -1.083898E-001 -9.388485E-002  2.047859E-001  9.011250E-001  0.000000E+000 -4.335593E-001 -1.806837E-001  9.090234E-001 -3.755394E-001  3.941156E-001  4.167451E-001  8.191437E-001
  2.400000E-001 -1.052010E-001 -9.112136E-002  2.076768E-001  9.071516E-001  0.000000E+000 -4.208040E-001 -1.690753E-001  9.157314E-001 -3.644854E-001  3.853434E-001  4.017911E-001  8.307072E-001
  2.600000E-001 -1.017298E-001 -8.811193E-002  2.106830E-001  9.134642E-001  0.000000E+000 -4.069190E-001 -1.570041E-001  9.225672E-001 -3.524477E-001  3.754102E-001  3.858363E-001  8.427322E-001
  2.800000E-001 -9.797787E-002 -8.485798E-002  2.137743E-001  9.200029E-001  0.000000E+000 -3.919115E-001 -1.445944E-001  9.294506E-001 -3.394319E-001  3.642624E-001  3.689466E-001  8.550973E-001
  3.000000E-001 -9.394823E-002 -8.136203E-002  2.169192E-001  9.267037E-001  0.000000E+000 -3.757929E-001 -1.319743E-001  9.363046E-001 -3.254481E-001  3.518567E-001  3.511890E-001  8.676769E-001
  3.200000E-001 -8.964508E-002 -7.762775E-002  2.200856E-001  9.334989E-001  0.000000E+000 -3.585803E-001 -1.192751E-001  9.430569E-001 -3.105110E-001  3.381617E-001  3.326313E-001  8.803426E-001
  3.400000E-001 -8.507407E-002 -7.366013E-002  2.232411E-001  9.403183E-001  0.000000E+000 -3.402963E-001 -1.066289E-001  9.496406E-001 -2.946405E-001  3.231592E-001  3.133413E-001  8.929644E-001
  3.600000E-001 -8.024245E-002 -6.946555E-002  2.263530E-001  9.470894E-001  0.000000E+000 -3.209698E-001 -9.416785E-002  9.559943E-001 -2.778622E-001  3.068453E-001  2.933854E-001  9.054121E-001
  3.800000E-001 -7.515908E-002 -6.505183E-002  2.293891E-001  9.537388E-001  0.000000E+000 -3.006363E-001 -8.202222E-002  9.620626E-001 -2.602073E-001  2.892310E-001  2.728287E-001  9.175565E-001
  4.000000E-001 -6.983456E-002 -6.042831E-002  2.323178E-001  9.601928E-001  0.000000E+000 -2.793383E-001 -7.031896E-002  9.677964E-001 -2.417133E-001  2.703426E-001  2.517341E-001  9.292711E-001
  4.200000E-001 -6.428121E-002 -5.560585E-002  2.351083E-001  9.663782E-001  0.000000E+000 -2.571248E-001 -5.918033E-002  9.731524E-001 -2.224234E-001  2.502216E-001  2.301618E-001  9.404332E-001
  4.400000E-001 -5.851309E-002 -5.059680E-002  2.377313E-001  9.722240E-001  0.000000E+000 -2.340524E-001 -4.872252E-002  9.780928E-001 -2.023872E-001  2.289249E-001  2.081693E-001  9.509253E-001
  4.600000E-001 -5.254599E-002 -4.541503E-002  2.401591E-001  9.776619E-001  0.000000E+000 -2.101840E-001 -3.905445E-002  9.825855E-001 -1.816601E-001  2.065237E-001  1.858108E-001  9.606364E-001
  4.800000E-001 -4.639734E-002 -4.007581E-002  2.423659E-001  9.826274E-001  0.000000E+000 -1.855894E-001 -3.027656E-002  9.866034E-001 -1.603033E-001  1.831031E-001  1.631374E-001  9.694635E-001
  5.000000E-001 -4.008613E-002 -3.459576E-002  2.443281E-001  9.870611E-001  0.000000E+000 -1.603445E-001 -2.247983E-002  9.901236E-001 -1.383831E-001  1.587609E-001  1.401971E-001  9.773125E-001
  5.200000E-001 -3.363279E-002 -2.899274E-002  2.460249E-001  9.909094E-001  0.000000E+000 -1.345312E-001 -1.574484E-002  9.931278E-001 -1.159709E-001  1.336066E-001  1.170349E-001  9.840996E-001
  5.400000E-001 -2.705904E-002 -2.328567E-002  2.474380E-001  9.941252E-001  0.000000E+000 -1.082362E-001 -1.014098E-002  9.956011E-001 -9.314270E-002  1.077600E-001  9.369313E-002  9.897522E-001
  5.600000E-001 -2.038771E-002 -1.749448E-002  2.485524E-001  9.966692E-001  0.000000E+000 -8.155084E-002 -5.725831E-003  9.975321E-001 -6.997793E-002  8.134958E-002  7.021179E-002  9.942095E-001
  5.800000E-001 -1.364256E-002 -1.163983E-002  2.493560E-001  9.985099E-001  0.000000E+000 -5.457023E-002 -2.544545E-003  9.989123E-001 -4.655934E-002  5.451087E-002  4.662882E-002  9.974238E-001
  6.000000E-001 -6.848029E-003 -5.743003E-003  2.498402E-001  9.996248E-001  0.000000E+000 -2.739212E-002 -6.294882E-004  9.997359E-001 -2.297201E-002  2.738488E-002  2.298063E-002  9.993608E-001
  6.200000E-001 -2.905173E-005  1.743429E-004  2.499999E-001  1.000000E+000  0.000000E+000 -1.162069E-004  8.103940E-008  9.999998E-001  6.973716E-004  1.162069E-004 -6.973716E-004  9.999998E-001
  6.400000E-001  6.789218E-003  6.090338E-003  2.498336E-001  9.996312E-001  0.000000E+000  2.715687E-002 -6.618223E-004  9.997030E-001  2.436135E-002 -2.714881E-002 -2.437034E-002  9.993343E-001
  6.600000E-001  1.358163E-002  1.198313E-002  2.493430E-001  9.985232E-001  0.000000E+000  5.432653E-002 -2.607859E-003  9.988472E-001  4.793253E-002 -5.426390E-002 -4.800342E-002  9.973721E-001
  6.800000E-001  2.032330E-002  1.783109E-002  2.485337E-001  9.966902E-001  0.000000E+000  8.129320E-002 -5.817441E-003  9.974362E-001  7.132437E-002 -8.108478E-002 -7.156122E-002  9.941349E-001
  7.000000E-001  2.698982E-002  2.361301E-002  2.474146E-001  9.941553E-001  0.000000E+000  1.079593E-001 -1.025692E-002  9.954766E-001  9.445203E-002 -1.074709E-001 -9.500731E-002  9.896583E-001
  7.200000E-001  3.355751E-002  2.930829E-002  2.459978E-001  9.909502E-001  0.000000E+000  1.342300E-001 -1.587992E-002  9.929775E-001  1.172331E-001 -1.332874E-001 -1.183038E-001  9.839912E-001
  7.400000E-001  4.000362E-002  3.489713E-002  2.442988E-001  9.871147E-001  0.000000E+000  1.600145E-001 -2.262775E-002  9.899510E-001  1.395885E-001 -1.584065E-001 -1.414107E-001  9.771952E-001
  7.600000E-001  4.630653E-002  4.036073E-002  2.423360E-001  9.826959E-001  0.000000E+000  1.852261E-001 -3.043001E-002  9.864128E-001  1.614429E-001 -1.827094E-001 -1.642857E-001  9.693438E-001
  7.800000E-001  5.244594E-002  4.568136E-002  2.401305E-001  9.777478E-001  0.000000E+000  2.097838E-001 -3.920523E-002  9.823820E-001  1.827254E-001 -2.060878E-001 -1.868840E-001  9.605218E-001
  8.000000E-001  5.840296E-002  5.084256E-002  2.377060E-001  9.723299E-001  0.000000E+000  2.336119E-001 -4.886170E-002  9.778819E-001  2.033702E-001 -2.284448E-001 -2.091576E-001  9.508239E-001
  8.200000E-001  6.416031E-002  5.582922E-002  2.350884E-001  9.665067E-001  0.000000E+000  2.566412E-001 -5.929842E-002  9.729405E-001  2.233169E-001 -2.496966E-001 -2.310557E-001  9.403536E-001
  8.400000E-001  6.970232E-002  6.062767E-002  2.323056E-001  9.603465E-001  0.000000E+000  2.788093E-001 -7.040607E-002  9.675906E-001  2.425107E-001 -2.697733E-001 -2.525241E-001  9.292222E-001
  8.600000E-001  7.501508E-002  6.522570E-002  2.293869E-001  9.539202E-001  0.000000E+000  3.000603E-001 -8.206827E-002  9.618703E-001  2.609028E-001 -2.886191E-001 -2.735059E-001  9.175476E-001
  8.800000E-001  8.008640E-002  6.961265E-002  2.263631E-001  9.473007E-001  0.000000E+000  3.203456E-001 -9.416272E-002  9.558235E-001  2.784506E-001 -3.061938E-001 -2.939411E-001  9.054524E-001
  9.000000E-001  8.490580E-002  7.377936E-002  2.232658E-001  9.405616E-001  0.000000E+000  3.396232E-001 -1.065626E-001  9.494999E-001  2.951174E-001 -3.224722E-001 -3.137673E-001  8.930631E-001
  9.200000E-001  8.946455E-002  7.771817E-002  2.201272E-001  9.337759E-001  0.000000E+000  3.578582E-001 -1.191382E-001  9.429551E-001  3.108727E-001 -3.374442E-001 -3.329200E-001  8.805088E-001
  9.400000E-001  9.375553E-002  8.142288E-002  2.169798E-001  9.270159E-001  0.000000E+000  3.750221E-001 -1.317577E-001  9.362505E-001  3.256915E-001 -3.511146E-001 -3.513333E-001  8.679190E-001
  9.600000E-001  9.777316E-002  8.488866E-002  2.138558E-001  9.203513E-001  0.000000E+000  3.910927E-001 -1.442898E-001  9.294531E-001  3.395546E-001 -3.635023E-001 -3.689402E-001  8.554234E-001
  9.800000E-001  1.015133E-001  8.811197E-002  2.107874E-001  9.138494E-001  0.000000E+000  4.060533E-001 -1.566042E-001  9.226352E-001  3.524479E-001 -3.746390E-001 -3.856739E-001  8.431496E-001
  1.000000E+000  1.049732E-001  9.109044E-002  2.078056E-001  9.075738E-001  0.000000E+000  4.198927E-001 -1.685735E-001  9.158731E-001  3.643618E-001 -3.845684E-001 -4.014679E-001  8.312224E-001
  1.020000E+000  1.081511E-001  9.382276E-002  2.049406E-001  9.015839E-001  0.000000E+000  4.326042E-001 -1.800747E-001  9.092468E-001  3.752910E-001 -3.933440E-001 -4.162575E-001  8.197623E-001
  1.040000E+000  1.110463E-001  9.630852E-002  2.022212E-001  8.959351E-001  0.000000E+000  4.441851E-001 -1.909907E-001  9.028384E-001  3.852341E-001 -4.010274E-001 -4.299799E-001  8.088846E-001
  1.060000E+000  1.136590E-001  9.854807E-002  1.996745E-001  8.906774E-001  0.000000E+000  4.546359E-001 -2.012108E-001  8.967311E-001  3.941923E-001 -4.076861E-001 -4.425758E-001  7.986981E-001
  1.080000E+000  1.159899E-001  1.005424E-001  1.973261E-001  8.858563E-001  0.000000E+000  4.639597E-001 -2.106328E-001  8.910070E-001  4.021694E-001 -4.133914E-001 -4.539895E-001  7.893042E-001
  1.100000E+000  1.180404E-001  1.022928E-001  1.951990E-001  8.815119E-001  0.000000E+000  4.721617E-001 -2.191631E-001  8.857463E-001  4.091711E-001 -4.182155E-001 -4.641696E-001  7.807960E-001
  1.120000E+000  1.198120E-001  1.038010E-001  1.933143E-001  8.776794E-001  0.000000E+000  4.792482E-001 -2.267180E-001  8.810248E-001  4.152039E-001 -4.222295E-001 -4.730701E-001  7.732574E-001
  1.140000E+000  1.213065E-001  1.050688E-001  1.916906E-001  8.743888E-001  0.000000E+000  4.852260E-001 -2.332239E-001  8.769125E-001  4.202751E-001 -4.255007E-001 -4.806501E-001  7.667624E-001
  1.160000E+000  1.225255E-001  1.060979E-001  1.903437E-001  8.716651E-001  0.000000E+000  4.901020E-001 -2.386183E-001  8.734717E-001  4.243918E-001 -4.280903E-001 -4.868748E-001  7.613748E-001
  1.180000E+000  1.234707E-001  1.068902E-001  1.892868E-001  8.695286E-001  0.000000E+000  4.938827E-001 -2.428498E-001  8.707559E-001  4.275607E-001 -4.300512E-001 -4.917156E-001  7.571471E-001
  1.200000E+000  1.241433E-001  1.074469E-001  1.885301E-001  8.679947E-001  0.000000E+000  4.965734E-001 -2.458783E-001  8.688075E-001  4.297875E-001 -4.314267E-001 -4.951499E-001  7.541204E-001
  1.220000E+000  1.245446E-001  1.077691E-001  1.880810E-001  8.670746E-001  0.000000E+000  4.981783E-001 -2.476753E-001  8.676578E-001  4.310765E-001 -4.322482E-001 -4.971620E-001  7.523240E-001
  1.240000E+000  1.246750E-001  1.078576E-001  1.879438E-001  8.667747E-001  0.000000E+000  4.986999E-001 -2.482240E-001  8.673249E-001  4.314305E-001 -4.325348E-001 -4.977423E-001  7.517753E-001
  1.260000E+000  1.245348E-001  1.077126E-001  1.881199E-001  8.670972E-001  0.000000E+000  4.981390E-001 -2.475195E-001  8.678145E-001  4.308504E-001 -4.322923E-001 -4.968883E-001  7.524795E-001
  1.280000E+000  1.241237E-001  1.073339E-001  1.886074E-001  8.680397E-001  0.000000E+000  4.964948E-001 -2.455681E-001  8.691187E-001  4.293356E-001 -4.315129E-001 -4.946036E-001  7.544295E-001
  1.300000E+000  1.234411E-001  1.067209E-001  1.894015E-001  8.695956E-001  0.000000E+000  4.937645E-001 -2.423884E-001  8.712166E-001  4.268835E-001 -4.301759E-001 -4.908988E-001  7.576061E-001
  1.320000E+000  1.224860E-001  1.058725E-001  1.904946E-001  8.717539E-001  0.000000E+000  4.899440E-001 -2.380104E-001  8.740750E-001  4.234902E-001 -4.282478E-001 -4.857910E-001  7.619783E-001
  1.340000E+000  1.212569E-001  1.047876E-001  1.918758E-001  8.744987E-001  0.000000E+000  4.850278E-001 -2.324755E-001  8.776492E-001  4.191503E-001 -4.256843E-001 -4.793035E-001  7.675031E-001
  1.360000E+000  1.197524E-001  1.034644E-001  1.935316E-001  8.778097E-001  0.000000E+000  4.790095E-001 -2.258368E-001  8.818841E-001  4.138577E-001 -4.224308E-001 -4.714663E-001  7.741264E-001
  1.380000E+000  1.179705E-001  1.019014E-001  1.954458E-001  8.816616E-001  0.000000E+000  4.718822E-001 -2.181584E-001  8.867155E-001  4.076058E-001 -4.184253E-001 -4.623154E-001  7.817830E-001
  1.400000E+000  1.159098E-001  1.000970E-001  1.975994E-001  8.860241E-001  0.000000E+000  4.636393E-001 -2.095152E-001  8.920723E-001  4.003878E-001 -4.135997E-001 -4.518927E-001  7.903975E-001
  1.420000E+000  1.135686E-001  9.804948E-002  1.999712E-001  8.908617E-001  0.000000E+000  4.542745E-001 -1.999923E-001  8.978774E-001  3.921979E-001 -4.078828E-001 -4.402455E-001  7.998847E-001
  1.440000E+000  1.109458E-001  9.575782E-002  2.025376E-001  8.961342E-001  0.000000E+000  4.437832E-001 -1.896846E-001  9.040502E-001  3.830313E-001 -4.012023E-001 -4.274263E-001  8.101503E-001
  1.460000E+000  1.080406E-001  9.322125E-002  2.052730E-001  9.017957E-001  0.000000E+000  4.321626E-001 -1.786956E-001  9.105079E-001  3.728850E-001 -3.934874E-001 -4.134916E-001  8.210921E-001
  1.480000E+000  1.048531E-001  9.043966E-002  2.081502E-001  9.077958E-001  0.000000E+000  4.194124E-001 -1.671368E-001  9.171674E-001  3.617587E-001 -3.846714E-001 -3.985022E-001  8.326007E-001
  1.500000E+000  1.013840E-001  8.741374E-002  2.111401E-001  9.140791E-001  0.000000E+000  4.055360E-001 -1.551262E-001  9.239466E-001  3.496549E-001 -3.746936E-001 -3.825215E-001  8.445602E-001
  1.520000E+000  9.763512E-002  8.414506E-002  2.142125E-001  9.205858E-001  0.000000E+000  3.905405E-001 -1.427876E-001  9.307661E-001  3.365802E-001 -3.635018E-001 -3.656153E-001  8.568500E-001
  1.540000E+000  9.360947E-002  8.063628E-002  2.173363E-001  9.272520E-001  0.000000E+000  3.744379E-001 -1.302484E-001  9.375500E-001  3.225451E-001 -3.510542E-001 -3.478506E-001  8.693451E-001
  1.560000E+000  8.931134E-002  7.689125E-002  2.204795E-001  9.340106E-001  0.000000E+000  3.572454E-001 -1.176391E-001  9.442271E-001  3.075650E-001 -3.373207E-001 -3.292950E-001  8.819181E-001
  1.580000E+000  8.474646E-002  7.291510E-002  2.236100E-001  9.407915E-001  0.000000E+000  3.389859E-001 -1.050910E-001  9.507313E-001  2.916604E-001 -3.222845E-001 -3.100160E-001  8.944399E-001
  1.600000E+000  7.992213E-002  6.871434E-002  2.266954E-001  9.475227E-001  0.000000E+000  3.196885E-001 -9.273524E-002  9.570024E-001  2.748573E-001 -3.059427E-001 -2.900800E-001  9.067815E-001
  1.620000E+000  7.484726E-002  6.429692E-002  2.297037E-001  9.541311E-001  0.000000E+000  2.993890E-001 -8.070082E-002  9.629859E-001  2.571877E-001 -2.883074E-001 -2.695517E-001  9.188148E-001
  1.640000E+000  6.953248E-002  5.967228E-002  2.326036E-001  9.605435E-001  0.000000E+000  2.781299E-001 -6.911356E-002  9.686335E-001  2.386891E-001 -2.694059E-001 -2.484938E-001  9.304146E-001
  1.660000E+000  6.399013E-002  5.485137E-002  2.353648E-001  9.666872E-001  0.000000E+000  2.559605E-001 -5.809442E-002  9.739026E-001  2.194055E-001 -2.492806E-001 -2.269663E-001  9.414592E-001
  1.680000E+000  5.823428E-002  4.984663E-002  2.379582E-001  9.724918E-001  0.000000E+000  2.329371E-001 -4.775827E-002  9.787564E-001  1.993865E-001 -2.279887E-001 -2.050264E-001  9.518326E-001
  1.700000E+000  5.228070E-002  4.467197E-002  2.403563E-001  9.778894E-001  0.000000E+000  2.091228E-001 -3.821262E-002  9.831635E-001  1.786879E-001 -2.056019E-001 -1.827281E-001  9.614251E-001
  1.720000E+000  4.614681E-002  3.934268E-002  2.425338E-001  9.828161E-001  0.000000E+000  1.845872E-001 -2.955652E-002  9.870972E-001  1.573707E-001 -1.822055E-001 -1.601222E-001  9.701350E-001
  1.740000E+000  3.985154E-002  3.387539E-002  2.444674E-001  9.872131E-001  0.000000E+000  1.594062E-001 -2.187956E-002  9.905355E-001  1.355016E-001 -1.578975E-001 -1.372566E-001  9.778696E-001
  1.760000E+000  3.341527E-002  2.828792E-002  2.461366E-001  9.910271E-001  0.000000E+000  1.336611E-001 -1.526091E-002  9.934605E-001  1.131517E-001 -1.327870E-001 -1.141762E-001  9.845463E-001
  1.780000E+000  2.685962E-002  2.259918E-002  2.475234E-001  9.942117E-001  0.000000E+000  1.074385E-001 -9.768629E-003  9.958579E-001  9.039670E-002 -1.069935E-001 -9.092299E-002  9.900936E-001
  1.800000E+000  2.020735E-002  1.682898E-002  2.486130E-001  9.967279E-001  0.000000E+000  8.082942E-002 -5.458968E-003  9.977168E-001  6.731591E-002 -8.064487E-002 -6.753690E-002  9.944522E-001
  1.820000E+000  1.348210E-002  1.099791E-002  2.493938E-001  9.985448E-001  0.000000E+000  5.392839E-002 -2.375855E-003  9.990291E-001  4.399164E-002 -5.387603E-002 -4.405575E-002  9.975753E-001
  1.840000E+000  6.708179E-003  5.127119E-003  2.498574E-001  9.996399E-001  0.000000E+000  2.683271E-002 -5.504963E-004  9.997895E-001  2.050848E-002 -2.682707E-002 -2.051586E-002  9.994295E-001
  1.860000E+000 -8.961013E-005 -7.618662E-004  2.499988E-001  9.999999E-001  0.000000E+000 -3.584405E-004 -1.092335E-006  9.999954E-001 -3.047465E-003  3.584389E-004  3.047465E-003  9.999953E-001
  1.880000E+000 -6.886257E-003 -6.647342E-003  2.498167E-001  9.996206E-001  0.000000E+000 -2.754503E-002 -7.326829E-004  9.996462E-001 -2.658937E-002  2.753528E-002  2.659946E-002  9.992669E-001
  1.900000E+000 -1.365677E-002 -1.250764E-002  2.493132E-001  9.985068E-001  0.000000E+000 -5.462706E-002 -2.737109E-003  9.987439E-001 -5.003054E-002  5.455845E-002  5.010536E-002  9.972526E-001
  1.920000E+000 -2.037640E-002 -1.832131E-002  2.484937E-001  9.966729E-001  0.000000E+000 -8.150560E-002 -5.993097E-003  9.972930E-001 -7.328523E-002  8.128497E-002  7.352987E-002  9.939749E-001
  1.940000E+000 -2.702092E-002 -2.406735E-002  2.473674E-001  9.941418E-001  0.000000E+000 -1.080837E-001 -1.046647E-002  9.953003E-001 -9.626941E-002  1.075757E-001  9.683669E-002  9.894696E-001
  1.960000E+000 -3.356680E-002 -2.972539E-002  2.459465E-001  9.909452E-001  0.000000E+000 -1.342672E-001 -1.611045E-002  9.927753E-001 -1.189015E-001  1.332971E-001  1.199880E-001  9.837859E-001
  1.980000E+000 -3.999144E-002 -3.527584E-002  2.442464E-001  9.871226E-001  0.000000E+000 -1.599658E-001 -2.286616E-002  9.897308E-001 -1.411033E-001  1.583230E-001  1.429441E-001  9.769856E-001
  2.000000E+000 -4.627338E-002 -4.070009E-002  2.422855E-001  9.827209E-001  0.000000E+000 -1.850935E-001 -3.066313E-002  9.861824E-001 -1.628004E-001  1.825360E-001  1.656629E-001  9.691421E-001
  2.020000E+000 -5.239244E-002 -4.598067E-002  2.400850E-001  9.777937E-001  0.000000E+000 -2.095698E-001 -3.942001E-002  9.821499E-001 -1.839227E-001  2.058289E-001  1.880997E-001  9.603400E-001
  2.040000E+000 -5.832989E-002 -5.110132E-002  2.376684E-001  9.724001E-001  0.000000E+000 -2.333196E-001 -4.904539E-002  9.776569E-001 -2.044053E-001  2.281065E-001  2.102070E-001  9.506737E-001
  2.060000E+000 -6.406853E-002 -5.604713E-002  2.350616E-001  9.666041E-001  0.000000E+000 -2.562741E-001 -5.943872E-002  9.727315E-001 -2.241885E-001  2.492859E-001  2.319341E-001  9.402463E-001
  2.080000E+000 -6.959283E-002 -6.080461E-002  2.322921E-001  9.604735E-001  0.000000E+000 -2.783713E-001 -7.049132E-002  9.674067E-001 -2.432185E-001  2.692983E-001  2.532277E-001  9.291685E-001
  2.100000E+000 -7.488895E-002 -6.536177E-002  2.293894E-001  9.540788E-001  0.000000E+000 -2.995558E-001 -8.208755E-002  9.617209E-001 -2.614471E-001  2.880891E-001  2.740309E-001  9.175575E-001
  2.120000E+000 -7.994476E-002 -6.970810E-002  2.263838E-001  9.474921E-001  0.000000E+000 -3.197790E-001 -9.410606E-002  9.557178E-001 -2.788324E-001  3.056185E-001  2.942847E-001  9.055351E-001
  2.140000E+000 -8.474986E-002 -7.383459E-002  2.233068E-001  9.407866E-001  0.000000E+000 -3.389995E-001 -1.064211E-001  9.494471E-001 -2.953384E-001  3.218620E-001  3.139271E-001  8.932271E-001
  2.160000E+000 -8.929554E-002 -7.773372E-002  2.201903E-001  9.340347E-001  0.000000E+000 -3.571822E-001 -1.189039E-001  9.429641E-001 -3.109349E-001  3.368100E-001  3.328944E-001  8.807613E-001
  2.180000E+000 -9.357471E-002 -8.139941E-002  2.170666E-001  9.273081E-001  0.000000E+000 -3.742988E-001 -1.314243E-001  9.363300E-001 -3.255976E-001  3.504672E-001  3.511213E-001  8.682664E-001
  2.200000E+000 -9.758179E-002 -8.482691E-002  2.139677E-001  9.206762E-001  0.000000E+000 -3.903272E-001 -1.438519E-001  9.296112E-001 -3.393076E-001  3.628525E-001  3.685418E-001  8.558709E-001
  2.220000E+000 -1.013126E-001 -8.801277E-002  2.109253E-001  9.142057E-001  0.000000E+000 -4.052506E-001 -1.560578E-001  9.228792E-001 -3.520511E-001  3.739973E-001  3.850896E-001  8.437014E-001
  2.240000E+000 -1.047644E-001 -9.095468E-002  2.079703E-001  9.079596E-001  0.000000E+000 -4.190577E-001 -1.679161E-001  9.162096E-001 -3.638187E-001  3.839447E-001  4.006992E-001  8.318814E-001
  2.260000E+000 -1.079354E-001 -9.365137E-002  2.051326E-001  9.019974E-001  0.000000E+000 -4.317416E-001 -1.793051E-001  9.096815E-001 -3.746055E-001  3.927473E-001  4.153066E-001  8.205303E-001
  2.280000E+000 -1.108248E-001 -9.610244E-002  2.024406E-001  8.963736E-001  0.000000E+000 -4.432993E-001 -1.901089E-001  9.033757E-001 -3.844098E-001  4.004659E-001  4.288499E-001  8.097622E-001
  2.300000E+000 -1.134328E-001 -9.830826E-002  1.999212E-001  8.911385E-001  0.000000E+000 -4.537313E-001 -2.002182E-001  8.973742E-001 -3.932330E-001  4.071668E-001  4.412704E-001  7.996847E-001
  2.320000E+000 -1.157601E-001 -1.002698E-001  1.975995E-001  8.863372E-001  0.000000E+000 -4.630403E-001 -2.095317E-001  8.917579E-001 -4.010790E-001  4.129199E-001  4.525129E-001  7.903982E-001
  2.340000E+000 -1.178078E-001 -1.019883E-001  1.954986E-001  8.820097E-001  0.000000E+000 -4.712312E-001 -2.179571E-001  8.866052E-001 -4.079532E-001  4.177961E-001  4.625269E-001  7.819944E-001
  2.360000E+000 -1.195775E-001 -1.034656E-001  1.936391E-001  8.781911E-001  0.000000E+000 -4.783100E-001 -2.254116E-001  8.819907E-001 -4.138622E-001  4.218650E-001  4.712667E-001  7.745564E-001
  2.380000E+000 -1.210708E-001 -1.047033E-001  1.920393E-001  8.749113E-001  0.000000E+000 -4.842831E-001 -2.318225E-001  8.779829E-001 -4.188131E-001  4.251923E-001  4.786921E-001  7.681571E-001
  2.400000E+000 -1.222893E-001 -1.057032E-001  1.907148E-001  8.721956E-001  0.000000E+000 -4.891573E-001 -2.371281E-001  8.746425E-001 -4.228129E-001  4.278378E-001  4.847685E-001  7.628593E-001
  2.420000E+000 -1.232346E-001 -1.064671E-001  1.896786E-001  8.700641E-001  0.000000E+000 -4.929386E-001 -2.412775E-001  8.720215E-001 -4.258682E-001  4.298530E-001  4.894676E-001  7.587146E-001
  2.440000E+000 -1.239080E-001 -1.069961E-001  1.889408E-001  8.685326E-001  0.000000E+000 -4.956321E-001 -2.442313E-001  8.701611E-001 -4.279844E-001  4.312798E-001  4.927673E-001  7.557633E-001
  2.460000E+000 -1.243104E-001 -1.072915E-001  1.885085E-001  8.676120E-001  0.000000E+000 -4.972417E-001 -2.459616E-001  8.690912E-001 -4.291659E-001  4.321484E-001  4.946519E-001  7.540340E-001
  2.480000E+000 -1.244425E-001 -1.073538E-001  1.883858E-001  8.673092E-001  0.000000E+000 -4.977698E-001 -2.464519E-001  8.688290E-001 -4.294154E-001  4.324769E-001  4.951122E-001  7.535434E-001
  2.500000E+000 -1.243042E-001 -1.071835E-001  1.885740E-001  8.676262E-001  0.000000E+000 -4.972170E-001 -2.456977E-001  8.693791E-001 -4.287338E-001  4.322700E-001  4.941457E-001  7.542961E-001
  2.520000E+000 -1.238955E-001 -1.067801E-001  1.890711E-001  8.685611E-001  0.000000E+000 -4.955822E-001 -2.437057E-001  8.707328E-001 -4.271205E-001  4.315196E-001  4.917565E-001  7.562846E-001
  2.540000E+000 -1.232156E-001 -1.061433E-001  1.898723E-001  8.701072E-001  0.000000E+000 -4.928626E-001 -2.404948E-001  8.728688E-001 -4.245731E-001  4.302044E-001  4.879550E-001  7.594894E-001
  2.560000E+000 -1.222635E-001 -1.052720E-001  1.909698E-001  8.722535E-001  0.000000E+000 -4.890540E-001 -2.360950E-001  8.757535E-001 -4.210879E-001  4.282907E-001  4.827586E-001  7.638790E-001
  2.580000E+000 -1.210377E-001 -1.041649E-001  1.923526E-001  8.749845E-001  0.000000E+000 -4.841509E-001 -2.305483E-001  8.793419E-001 -4.166597E-001  4.257342E-001  4.761909E-001  7.694106E-001
  2.600000E+000 -1.195367E-001 -1.028207E-001  1.940074E-001  8.782798E-001  0.000000E+000 -4.781470E-001 -2.239076E-001  8.835790E-001 -4.112827E-001  4.224806E-001  4.682821E-001  7.760297E-001
  2.620000E+000 -1.177589E-001 -1.012376E-001  1.959178E-001  8.821143E-001  0.000000E+000 -4.710354E-001 -2.162374E-001  8.884011E-001 -4.049506E-001  4.184684E-001  4.590682E-001  7.836713E-001
  2.640000E+000 -1.157024E-001 -9.941430E-002  1.980650E-001  8.864577E-001  0.000000E+000 -4.628096E-001 -2.076124E-001  8.937370E-001 -3.976572E-001  4.136301E-001  4.485913E-001  7.922601E-001
  2.660000E+000 -1.133659E-001 -9.734926E-002  2.004278E-001  8.912748E-001  0.000000E+000 -4.534636E-001 -1.981178E-001  8.995106E-001 -3.893970E-001  4.078953E-001  4.368990E-001  8.017111E-001
  2.680000E+000 -1.107482E-001 -9.504147E-002  2.029827E-001  8.965252E-001  0.000000E+000 -4.429927E-001 -1.878483E-001  9.056417E-001 -3.801659E-001  4.011927E-001  4.240437E-001  8.119307E-001
  2.700000E+000 -1.078486E-001 -9.249033E-002  2.057042E-001  9.021635E-001  0.000000E+000 -4.313943E-001 -1.769072E-001  9.120485E-001 -3.699613E-001  3.934525E-001  4.100824E-001  8.228169E-001
  2.720000E+000 -1.046671E-001 -8.969590E-002  2.085652E-001  9.081392E-001  0.000000E+000 -4.186685E-001 -1.654057E-001  9.186486E-001 -3.587836E-001  3.846092E-001  3.950756E-001  8.342608E-001
  2.740000E+000 -1.012046E-001 -8.665898E-002  2.115369E-001  9.143970E-001  0.000000E+000 -4.048186E-001 -1.534614E-001  9.253611E-001 -3.466359E-001  3.746034E-001  3.790869E-001  8.461474E-001
  2.760000E+000 -9.746303E-002 -8.338132E-002  2.145892E-001  9.208775E-001  0.000000E+000 -3.898521E-001 -1.411974E-001  9.321074E-001 -3.335253E-001  3.633840E-001  3.621820E-001  8.583567E-001
  2.780000E+000 -9.344528E-002 -7.986572E-002  2.176912E-001  9.275169E-001  0.000000E+000 -3.737811E-001 -1.287407E-001  9.388127E-001 -3.194629E-001  3.509105E-001  3.444281E-001  8.707647E-001
  2.800000E+000 -8.915574E-002 -7.611615E-002  2.208112E-001  9.342484E-001  0.000000E+000 -3.566230E-001 -1.162208E-001  9.454068E-001 -3.044646E-001  3.371538E-001  3.258925E-001  8.832448E-001
  2.820000E+000 -8.460017E-002 -7.213787E-002  2.239173E-001  9.410021E-001  0.000000E+000 -3.384007E-001 -1.037681E-001  9.518247E-001 -2.885515E-001  3.220981E-001  3.066428E-001  8.956690E-001
  2.840000E+000 -7.978588E-002 -6.793751E-002  2.269773E-001  9.477064E-001  0.000000E+000 -3.191435E-001 -9.151280E-002  9.580070E-001 -2.717500E-001  3.057417E-001  2.867450E-001  9.079093E-001
  2.860000E+000 -7.472181E-002 -6.352312E-002  2.299597E-001  9.542884E-001  0.000000E+000 -2.988872E-001 -7.958286E-002  9.639002E-001 -2.540925E-001  2.880975E-001  2.662638E-001  9.198388E-001
  2.880000E+000 -6.941858E-002 -5.890423E-002  2.328333E-001  9.606753E-001  0.000000E+000 -2.776743E-001 -6.810290E-002  9.694569E-001 -2.356169E-001  2.691933E-001  2.452618E-001  9.313333E-001
  2.900000E+000 -6.388851E-002 -5.409184E-002  2.355681E-001  9.667948E-001  0.000000E+000 -2.555541E-001 -5.719266E-002  9.746354E-001 -2.163674E-001  2.490720E-001  2.237987E-001  9.422724E-001
  2.920000E+000 -5.814567E-002 -4.909844E-002  2.381353E-001  9.725766E-001  0.000000E+000 -2.325827E-001 -4.696575E-002  9.793997E-001 -1.963938E-001  2.277914E-001  2.019314E-001  9.525412E-001
  2.940000E+000 -5.220578E-002 -4.393794E-002  2.405078E-001  9.779534E-001  0.000000E+000 -2.088231E-001 -3.752840E-002  9.837189E-001 -1.757517E-001  2.054232E-001  1.797138E-001  9.620313E-001
  2.960000E+000 -4.608619E-002 -3.862563E-002  2.426605E-001  9.828616E-001  0.000000E+000 -1.843448E-001 -2.897837E-002  9.875673E-001 -1.545025E-001  1.820529E-001  1.571966E-001  9.706420E-001
  2.980000E+000 -3.980578E-002 -3.317811E-002  2.445705E-001  9.872426E-001  0.000000E+000 -1.592231E-001 -2.140395E-002  9.909234E-001 -1.327124E-001  1.577779E-001  1.344274E-001  9.782819E-001
  3.000000E+000 -3.338485E-002 -2.761314E-002  2.462173E-001  9.910435E-001  0.000000E+000 -1.335394E-001 -1.488307E-002  9.937700E-001 -1.104526E-001  1.327075E-001  1.114508E-001  9.848693E-001
  3.020000E+000 -2.684495E-002 -2.194955E-002  2.475835E-001  9.942181E-001  0.000000E+000 -1.073798E-001 -9.482579E-003  9.960931E-001 -8.779818E-002  1.069603E-001  8.830878E-002  9.903338E-001
  3.040000E+000 -2.020871E-002 -1.620704E-002  2.486543E-001  9.967275E-001  0.000000E+000 -8.083484E-002 -5.257580E-003  9.978826E-001 -6.482817E-002  8.066368E-002  6.504102E-002  9.946170E-001
  3.060000E+000 -1.349966E-002 -1.040608E-002  2.494183E-001  9.985410E-001  0.000000E+000 -5.399864E-002 -2.250942E-003  9.991308E-001 -4.162433E-002  5.395171E-002  4.168515E-002  9.976731E-001
  3.080000E+000 -6.742016E-003 -4.567670E-003  2.498673E-001  9.996363E-001  0.000000E+000 -2.696806E-002 -4.929041E-004  9.998330E-001 -1.827068E-002  2.696356E-002  1.827733E-002  9.994693E-001
  3.100000E+000  3.956029E-005  1.286838E-003  2.499967E-001  1.000000E+000  0.000000E+000  1.582412E-004 -8.145231E-007  9.999868E-001  5.147353E-003 -1.582391E-004 -5.147353E-003  9.999867E-001
  3.120000E+000  6.820181E-003  7.135922E-003  2.498051E-001  9.996278E-001  0.000000E+000  2.728072E-002 -7.789824E-004  9.995922E-001  2.854369E-002 -2.726960E-002 -2.855432E-002  9.992202E-001
  3.140000E+000  1.357498E-002  1.295811E-002  2.492946E-001  9.985247E-001  0.000000E+000  5.429992E-002 -2.818655E-003  9.986518E-001  5.183242E-002 -5.422671E-002 -5.190901E-002  9.971785E-001
  3.160000E+000  2.027935E-002  1.873216E-002  2.484710E-001  9.967046E-001  0.000000E+000  8.111739E-002 -6.098111E-003  9.971703E-001  7.492864E-002 -8.088785E-002 -7.517638E-002  9.938841E-001
  3.180000E+000  2.690917E-002  2.443729E-002  2.473433E-001  9.941903E-001  0.000000E+000  1.076367E-001 -1.058288E-002  9.951548E-001  9.774917E-002 -1.071151E-001 -9.832038E-002  9.893733E-001
  3.200000E+000  3.344103E-002  3.005335E-002  2.459238E-001  9.910132E-001  0.000000E+000  1.337641E-001 -1.622606E-002  9.926155E-001  1.202134E-001 -1.327763E-001 -1.213035E-001  9.836950E-001
  3.220000E+000  3.985247E-002  3.556097E-002  2.442278E-001  9.872125E-001  0.000000E+000  1.594099E-001 -2.296879E-002  9.895651E-001  1.422439E-001 -1.577464E-001 -1.440864E-001  9.769110E-001
  3.240000E+000  4.612210E-002  4.094178E-002  2.422737E-001  9.828347E-001  0.000000E+000  1.844884E-001 -3.074081E-002  9.860199E-001  1.637671E-001 -1.819092E-001 -1.666273E-001  9.690946E-001
  3.260000E+000  5.222986E-002  4.617850E-002  2.400825E-001  9.779329E-001  0.000000E+000  2.089194E-001 -3.946114E-002  9.819998E-001  1.847140E-001 -2.051588E-001 -1.888821E-001  9.603298E-001
  3.280000E+000  5.815707E-002  5.125510E-002  2.376777E-001  9.725657E-001  0.000000E+000  2.326283E-001 -4.903889E-002  9.775284E-001  2.050204E-001 -2.274008E-001 -2.108036E-001  9.507106E-001
  3.300000E+000  6.388664E-002  5.615686E-002  2.350849E-001  9.667968E-001  0.000000E+000  2.555465E-001 -5.937418E-002  9.726342E-001  2.246274E-001 -2.485533E-001 -2.323419E-001  9.403396E-001
  3.320000E+000  6.940306E-002  6.087049E-002  2.323317E-001  9.606932E-001  0.000000E+000  2.776122E-001 -7.035917E-002  9.673500E-001  2.434820E-001 -2.685482E-001 -2.534440E-001  9.293266E-001
  3.340000E+000  7.469253E-002  6.538417E-002  2.294470E-001  9.543251E-001  0.000000E+000  2.987701E-001 -8.187917E-002  9.617143E-001  2.615367E-001 -2.873315E-001 -2.740541E-001  9.177881E-001
  3.360000E+000  7.974297E-002  6.968753E-002  2.264613E-001  9.477642E-001  0.000000E+000  3.189719E-001 -9.381389E-002  9.557705E-001  2.787501E-001 -3.048639E-001 -2.941134E-001  9.058451E-001
  3.380000E+000  8.454396E-002  7.377172E-002  2.234056E-001  9.410829E-001  0.000000E+000  3.381759E-001 -1.060387E-001  9.495681E-001  2.950869E-001 -3.211210E-001 -3.135610E-001  8.936223E-001
  3.400000E+000  8.908681E-002  7.762934E-002  2.203117E-001  9.343536E-001  0.000000E+000  3.563472E-001 -1.184263E-001  9.431618E-001  3.105173E-001 -3.360931E-001 -3.323339E-001  8.812466E-001
  3.420000E+000  9.336438E-002  8.125439E-002  2.172115E-001  9.276473E-001  0.000000E+000  3.734575E-001 -1.308474E-001  9.366123E-001  3.250176E-001 -3.497849E-001 -3.503676E-001  8.688458E-001
  3.440000E+000  9.737107E-002  8.464223E-002  2.141368E-001  9.210331E-001  0.000000E+000  3.894843E-001 -1.431732E-001  9.299852E-001  3.385689E-001 -3.622146E-001 -3.675969E-001  8.565472E-001
  3.460000E+000  1.011027E-001  8.778946E-002  2.111190E-001  9.145774E-001  0.000000E+000  4.044109E-001 -1.552761E-001  9.233512E-001  3.511578E-001 -3.734133E-001 -3.839564E-001  8.444762E-001
  3.480000E+000  1.045564E-001  9.069381E-002  2.081888E-001  9.083432E-001  0.000000E+000  4.182255E-001 -1.670314E-001  9.167849E-001  3.627752E-001 -3.834229E-001 -3.993812E-001  8.327554E-001
  3.500000E+000  1.077303E-001  9.335404E-002  2.053758E-001  9.023896E-001  0.000000E+000  4.309212E-001 -1.783187E-001  9.103641E-001  3.734162E-001 -3.922952E-001 -4.138081E-001  8.215031E-001
  3.520000E+000  1.106237E-001  9.576977E-002  2.027081E-001  8.967712E-001  0.000000E+000  4.424946E-001 -1.890231E-001  9.041685E-001  3.830791E-001 -4.000897E-001 -4.271760E-001  8.108322E-001
  3.540000E+000  1.132365E-001  9.794135E-002  2.002124E-001  8.915380E-001  0.000000E+000  4.529458E-001 -1.990364E-001  8.982786E-001  3.917654E-001 -4.068715E-001 -4.394265E-001  8.008495E-001
  3.560000E+000  1.155693E-001  9.986972E-002  1.979135E-001  8.867354E-001  0.000000E+000  4.622774E-001 -2.082584E-001  8.927738E-001  3.994789E-001 -4.127092E-001 -4.505052E-001  7.916541E-001
  3.580000E+000  1.176234E-001  1.015562E-001  1.958343E-001  8.824033E-001  0.000000E+000  4.704937E-001 -2.165974E-001  8.877313E-001  4.062249E-001 -4.176720E-001 -4.603619E-001  7.833371E-001
  3.600000E+000  1.194001E-001  1.030025E-001  1.939951E-001  8.785771E-001  0.000000E+000  4.776005E-001 -2.239714E-001  8.832240E-001  4.120098E-001 -4.218283E-001 -4.689513E-001  7.759804E-001
  3.620000E+000  1.209010E-001  1.042102E-001  1.924141E-001  8.752869E-001  0.000000E+000  4.836040E-001 -2.303083E-001  8.793189E-001  4.168408E-001 -4.252421E-001 -4.762333E-001  7.696564E-001
  3.640000E+000  1.221276E-001  1.051812E-001  1.911067E-001  8.725581E-001  0.000000E+000  4.885104E-001 -2.355469E-001  8.760756E-001  4.207247E-001 -4.279720E-001 -4.821738E-001  7.644268E-001
  3.660000E+000  1.230814E-001  1.059170E-001  1.900857E-001  8.704111E-001  0.000000E+000  4.923256E-001 -2.396368E-001  8.735444E-001  4.236678E-001 -4.300683E-001 -4.867445E-001  7.603427E-001
  3.680000E+000  1.237636E-001  1.064189E-001  1.893610E-001  8.688619E-001  0.000000E+000  4.950545E-001 -2.425388E-001  8.717655E-001  4.256758E-001 -4.315715E-001 -4.899234E-001  7.574438E-001
  3.700000E+000  1.241752E-001  1.066882E-001  1.889396E-001  8.679219E-001  0.000000E+000  4.967007E-001 -2.442252E-001  8.707676E-001  4.267527E-001 -4.325109E-001 -4.916948E-001  7.557583E-001
  3.720000E+000  1.243166E-001  1.067253E-001  1.888256E-001  8.675980E-001  0.000000E+000  4.972663E-001 -2.446798E-001  8.705671E-001  4.269013E-001 -4.329037E-001 -4.920497E-001  7.553022E-001
  3.740000E+000  1.241880E-001  1.065307E-001  1.890200E-001  8.678926E-001  0.000000E+000  4.967518E-001 -2.438980E-001  8.711677E-001  4.261228E-001 -4.327541E-001 -4.909856E-001  7.560800E-001
  3.760000E+000  1.237890E-001  1.061041E-001  1.895210E-001  8.688041E-001  0.000000E+000  4.951560E-001 -2.418869E-001  8.725603E-001  4.244164E-001 -4.320535E-001 -4.885065E-001  7.580839E-001
  3.780000E+000  1.231190E-001  1.054450E-001  1.903236E-001  8.703260E-001  0.000000E+000  4.924760E-001 -2.386653E-001  8.747231E-001  4.217801E-001 -4.307802E-001 -4.846231E-001  7.612942E-001
  3.800000E+000  1.221769E-001  1.045525E-001  1.914199E-001  8.724476E-001  0.000000E+000  4.887076E-001 -2.342633E-001  8.776223E-001  4.182102E-001 -4.289007E-001 -4.793528E-001  7.656795E-001
  3.820000E+000  1.209613E-001  1.034255E-001  1.927992E-001  8.751536E-001  0.000000E+000  4.838452E-001 -2.287230E-001  8.812131E-001  4.137020E-001 -4.263707E-001 -4.727193E-001  7.711968E-001
  3.840000E+000  1.194706E-001  1.020625E-001  1.944480E-001  8.784238E-001  0.000000E+000  4.778824E-001 -2.220972E-001  8.854404E-001  4.082501E-001 -4.231364E-001 -4.647530E-001  7.777919E-001
  3.860000E+000  1.177031E-001  1.004621E-001  1.963500E-001  8.822333E-001  0.000000E+000  4.708125E-001 -2.144504E-001  8.902409E-001  4.018485E-001 -4.191366E-001 -4.554900E-001  7.854001E-001
  3.880000E+000  1.156573E-001  9.862287E-002  1.984866E-001  8.865520E-001  0.000000E+000  4.626290E-001 -2.058573E-001  8.955441E-001  3.944915E-001 -4.143047E-001 -4.449728E-001  7.939464E-001
  3.900000E+000  1.133315E-001  9.654355E-002  2.008365E-001  8.913448E-001  0.000000E+000  4.533259E-001 -1.964030E-001  9.012743E-001  3.861742E-001 -4.085710E-001 -4.332489E-001  8.033462E-001
  3.920000E+000  1.107247E-001  9.422323E-002  2.033766E-001  8.965717E-001  0.000000E+000  4.428987E-001 -1.861819E-001  9.073522E-001  3.768929E-001 -4.018651E-001 -4.203712E-001  8.135063E-001
  3.940000E+000  1.078362E-001  9.166146E-002  2.060814E-001  9.021872E-001  0.000000E+000  4.313448E-001 -1.752971E-001  9.136968E-001  3.666458E-001 -3.941184E-001 -4.063966E-001  8.243255E-001
  3.960000E+000  1.046661E-001  8.885843E-002  2.089239E-001  9.081410E-001  0.000000E+000  4.186644E-001 -1.638594E-001  9.202266E-001  3.554337E-001 -3.852661E-001 -3.913860E-001  8.356955E-001
  3.980000E+000  1.012152E-001  8.581511E-002  2.118755E-001  9.143783E-001  0.000000E+000  4.048609E-001 -1.519860E-001  9.268617E-001  3.432604E-001 -3.752500E-001 -3.754031E-001  8.475022E-001
