% FILE: air/Data.2
%
%       t         P_No_Bo[1]     P_No_Bo[2]     P_No_Bo[3]      N_B[1,1]       N_B[1,2]       N_B[1,3]       N_B[2,1]       N_B[2,2]       N_B[2,3]       N_B[3,1]       N_B[3,2]       N_B[3,3]
%   (second)        (meter)        (meter)        (meter)       (NoUnits)      (NoUnits)      (NoUnits)      (NoUnits)      (NoUnits)      (NoUnits)      (NoUnits)      (NoUnits)      (NoUnits)

  0.000000E+000  0.000000E+000  0.000000E+000  0.000000E+000  1.000000E+000  0.000000E+000  0.000000E+000  0.000000E+000  1.000000E+000  0.000000E+000  0.000000E+000  0.000000E+000  1.000000E+000
  1.500000E-002  0.000000E+000  0.000000E+000  0.000000E+000  9.945084E-001 -2.794870E-003  1.046197E-001  3.091511E-003  9.999916E-001 -2.673368E-003 -1.046114E-001  2.982120E-003  9.945087E-001
  3.000000E-002  0.000000E+000  0.000000E+000  0.000000E+000  9.781744E-001 -5.214236E-003  2.077203E-001  6.327118E-003  9.999690E-001 -4.693573E-003 -2.076894E-001  5.905404E-003  9.781770E-001
  4.500000E-002  0.000000E+000  0.000000E+000  0.000000E+000  9.512952E-001 -7.310266E-003  3.081947E-001  9.648748E-003  9.999351E-001 -6.064405E-003 -3.081303E-001  8.742732E-003  9.513040E-001
  6.000000E-002  0.000000E+000  0.000000E+000  0.000000E+000  9.142777E-001 -9.134202E-003  4.049850E-001  1.299918E-002  9.998924E-001 -6.794437E-003 -4.048793E-001  1.147648E-002  9.142981E-001
  7.500000E-002  0.000000E+000  0.000000E+000  0.000000E+000  8.676307E-001 -1.073527E-002  4.970932E-001  1.632259E-002  9.998430E-001 -6.896891E-003 -4.969411E-001  1.409780E-002  8.676697E-001
  9.000000E-002  0.000000E+000  0.000000E+000  0.000000E+000  8.119572E-001 -1.215970E-002  5.835904E-001  1.956501E-002  9.997882E-001 -6.389452E-003 -5.833891E-001  1.660591E-002  8.120231E-001
  1.050000E-001  0.000000E+000  0.000000E+000  0.000000E+000  7.479449E-001 -1.344992E-002  6.636245E-001  2.267483E-002  9.997289E-001 -5.294024E-003 -6.633734E-001  1.900721E-002  7.480471E-001
  1.200000E-001  0.000000E+000  0.000000E+000  0.000000E+000  6.763575E-001 -1.464382E-002  7.364279E-001  2.560319E-002  9.996656E-001 -3.636449E-003 -7.361284E-001  2.131445E-002  6.765062E-001
  1.350000E-001  0.000000E+000  0.000000E+000  0.000000E+000  5.980236E-001 -1.577418E-002  8.013233E-001  2.830440E-002  9.995983E-001 -1.446178E-003 -8.009786E-001  2.354582E-002  5.982299E-001
  1.500000E-001  0.000000E+000  0.000000E+000  0.000000E+000  5.138270E-001 -1.686818E-002  8.577280E-001  3.073623E-002  9.995268E-001  1.244085E-003 -8.573430E-001  2.572408E-002  5.141023E-001
  1.650000E-001  0.000000E+000  0.000000E+000  0.000000E+000  4.246958E-001 -1.794707E-002  9.051582E-001  3.286026E-002  9.994503E-001  4.398774E-003 -9.047396E-001  2.787559E-002  4.250521E-001
  1.800000E-001  0.000000E+000  0.000000E+000  0.000000E+000  3.315914E-001 -1.902590E-002  9.432312E-001  3.464207E-002  9.993679E-001  7.979871E-003 -9.427869E-001  3.002942E-002  3.320409E-001
  1.950000E-001  0.000000E+000  0.000000E+000  0.000000E+000  2.354981E-001 -2.011339E-002  9.716667E-001  3.605147E-002  9.992785E-001  1.194734E-002 -9.712059E-001  3.221643E-002  2.360533E-001
  2.100000E-001  0.000000E+000  0.000000E+000  0.000000E+000  1.374118E-001 -2.121185E-002  9.902869E-001  3.706264E-002  9.991807E-001  1.625956E-002 -9.898204E-001  3.446839E-002  1.380854E-001
  2.250000E-001  0.000000E+000  0.000000E+000  0.000000E+000  3.833046E-002 -2.231724E-002  9.990159E-001  3.765423E-002  9.990728E-001  2.087378E-002 -9.985554E-001  3.681707E-002  3.913526E-002
  2.400000E-001  0.000000E+000  0.000000E+000  0.000000E+000 -6.075695E-002 -2.341928E-002  9.978778E-001  3.780941E-002  9.989532E-001  2.574659E-002 -9.974362E-001  3.929345E-002 -5.980788E-002
  2.550000E-001  0.000000E+000  0.000000E+000  0.000000E+000 -1.588796E-001 -2.450169E-002  9.869939E-001  3.751586E-002  9.988202E-001  3.083432E-002 -9.865849E-001  4.192687E-002 -1.577729E-001
  2.700000E-001  0.000000E+000  0.000000E+000  0.000000E+000 -2.550941E-001 -2.554243E-002  9.665788E-001  3.676577E-002  9.986719E-001  3.609353E-002 -9.662170E-001  4.474426E-002 -2.538162E-001
  2.850000E-001  0.000000E+000  0.000000E+000  0.000000E+000 -3.484933E-001 -2.651410E-002  9.369362E-001  3.555569E-002  9.985064E-001  4.148140E-002 -9.366366E-001  4.776940E-002 -3.470301E-001
  3.000000E-001  0.000000E+000  0.000000E+000  0.000000E+000 -4.382141E-001 -2.738437E-002  8.984534E-001  3.388646E-002  9.983220E-001  4.695618E-002 -8.982316E-001  5.102226E-002 -4.365509E-001
  3.150000E-001  0.000000E+000  0.000000E+000  0.000000E+000 -5.234448E-001 -2.811641E-002  8.515956E-001  3.176302E-002  9.981168E-001  5.247755E-002 -8.514674E-001  5.451835E-002 -5.215660E-001
  3.300000E-001  0.000000E+000  0.000000E+000  0.000000E+000 -6.034315E-001 -2.866953E-002  7.968993E-001  2.919424E-002  9.978892E-001  5.800700E-002 -7.968802E-001  5.826812E-002 -6.013208E-001
  3.450000E-001  0.000000E+000  0.000000E+000  0.000000E+000 -6.774841E-001 -2.899973E-002  7.349655E-001  2.619265E-002  9.976376E-001  6.350818E-002 -7.350709E-001  6.227648E-002 -6.751240E-001
  3.600000E-001  0.000000E+000  0.000000E+000  0.000000E+000 -7.449812E-001 -2.906037E-002  6.664522E-001  2.277420E-002  9.973603E-001  6.894720E-002 -6.666966E-001  6.654228E-002 -7.423529E-001
  3.750000E-001  0.000000E+000  0.000000E+000  0.000000E+000 -8.053740E-001 -2.880290E-002  5.920668E-001  1.895799E-002  9.970563E-001  7.429294E-002 -5.924638E-001  7.105799E-002 -8.024571E-001
  3.900000E-001  0.000000E+000  0.000000E+000  0.000000E+000 -8.581899E-001 -2.817757E-002  5.125584E-001  1.476594E-002  9.967241E-001  7.951726E-002 -5.131200E-001  7.580931E-002 -8.549625E-001
  4.050000E-001  0.000000E+000  0.000000E+000  0.000000E+000 -9.030348E-001 -2.713422E-002  4.287096E-001  1.022251E-002  9.963630E-001  8.459527E-002 -4.294458E-001  8.077496E-002 -8.994730E-001
  4.200000E-001  0.000000E+000  0.000000E+000  0.000000E+000 -9.395948E-001 -2.562311E-002  3.413285E-001  5.354310E-003  9.959720E-001  8.950550E-002 -3.422470E-001  8.592648E-002 -9.356728E-001
  4.350000E-001  0.000000E+000  0.000000E+000  0.000000E+000 -9.676370E-001 -2.359575E-002  2.512407E-001  1.898047E-004  9.955505E-001  9.423002E-002 -2.523462E-001  9.122814E-002 -9.633269E-001
  4.500000E-001  0.000000E+000  0.000000E+000  0.000000E+000 -9.870097E-001 -2.100574E-002  1.592815E-001 -5.241069E-003  9.950980E-001  9.875459E-002 -1.605751E-001  9.663694E-002 -9.822815E-001
  4.650000E-001  0.000000E+000  0.000000E+000  0.000000E+000 -9.976416E-001 -1.780964E-002  6.628791E-002 -1.090724E-002  9.946145E-001  1.030687E-001 -6.776653E-002  1.021027E-001 -9.924630E-001
  4.800000E-001  0.000000E+000  0.000000E+000  0.000000E+000 -9.995403E-001 -1.396788E-002 -2.690869E-002 -1.677687E-002  9.940996E-001  1.071658E-001  2.525304E-002  1.075680E-001 -9.938770E-001
  4.950000E-001  0.000000E+000  0.000000E+000  0.000000E+000 -9.927905E-001 -9.445565E-003 -1.194898E-001 -2.281769E-002  9.935536E-001  1.110430E-001  1.176707E-001  1.129689E-001 -9.866061E-001
  5.100000E-001  0.000000E+000  0.000000E+000  0.000000E+000 -9.775510E-001 -4.213378E-003 -2.106568E-001 -2.899734E-002  9.929767E-001  1.147012E-001  2.086940E-001  1.182348E-001 -9.708076E-001
  5.250000E-001  0.000000E+000  0.000000E+000  0.000000E+000 -9.540516E-001  1.751582E-003 -2.996372E-001 -3.528374E-002  9.923693E-001  1.181453E-001  2.975576E-001  1.232890E-001 -9.467097E-001
  5.400000E-001  0.000000E+000  0.000000E+000  0.000000E+000 -9.225893E-001  8.464988E-003 -3.856908E-001 -4.164535E-002  9.917317E-001  1.213836E-001  3.835293E-001  1.280495E-001 -9.146085E-001
  5.550000E-001  0.000000E+000  0.000000E+000  0.000000E+000 -8.835237E-001  1.593450E-002 -4.681153E-001 -4.805154E-002  9.910644E-001  1.244283E-001  4.659151E-001  1.324290E-001 -8.748632E-001
  5.700000E-001  0.000000E+000  0.000000E+000  0.000000E+000 -8.372728E-001  2.415903E-002 -5.462515E-001 -5.447282E-002  9.903680E-001  1.272947E-001  5.440653E-001  1.363363E-001 -8.278921E-001
  5.850000E-001  0.000000E+000  0.000000E+000  0.000000E+000 -7.843074E-001  3.312803E-002 -6.194873E-001 -6.088117E-002  9.896429E-001  1.300018E-001  6.173779E-001  1.396765E-001 -7.741673E-001
  6.000000E-001  0.000000E+000  0.000000E+000  0.000000E+000 -7.251460E-001  4.282088E-002 -6.872624E-001 -6.725024E-002  9.888894E-001  1.325714E-001  6.853033E-001  1.423522E-001 -7.142095E-001
  6.150000E-001  0.000000E+000  0.000000E+000  0.000000E+000 -6.603494E-001  5.320633E-002 -7.490713E-001 -7.355561E-002  9.881077E-001  1.350285E-001  7.473475E-001  1.442644E-001 -6.485827E-001
  6.300000E-001  0.000000E+000  0.000000E+000  0.000000E+000 -5.905143E-001  6.424199E-002 -8.044662E-001 -7.977498E-002  9.872978E-001  1.374007E-001  8.030746E-001  1.453134E-001 -5.778885E-001
  6.450000E-001  0.000000E+000  0.000000E+000  0.000000E+000 -5.162677E-001  7.587398E-002 -8.530597E-001 -8.588836E-002  9.864594E-001  1.397182E-001  8.521096E-001  1.453999E-001 -5.027604E-001
  6.600000E-001  0.000000E+000  0.000000E+000  0.000000E+000 -4.382612E-001  8.803655E-002 -8.945260E-001 -9.187821E-002  9.855915E-001  1.420135E-001  8.941396E-001  1.444264E-001 -4.238578E-001
  6.750000E-001  0.000000E+000  0.000000E+000  0.000000E+000 -3.571641E-001  1.006520E-001 -9.286027E-001 -9.772960E-002  9.846931E-001  1.443209E-001  9.289148E-001  1.422982E-001 -3.418604E-001
  6.900000E-001  0.000000E+000  0.000000E+000  0.000000E+000 -2.736583E-001  1.136304E-001 -9.550912E-001 -1.034303E-001  9.837622E-001  1.466769E-001  9.562496E-001  1.389247E-001 -2.574619E-001
  7.050000E-001  0.000000E+000  0.000000E+000  0.000000E+000 -1.884318E-001  1.268698E-001 -9.738570E-001 -1.089707E-001  9.827965E-001  1.491192E-001  9.760220E-001  1.342207E-001 -1.713650E-001
  7.200000E-001  0.000000E+000  0.000000E+000  0.000000E+000 -1.021729E-001  1.402564E-001 -9.848294E-001 -1.143444E-001  9.817925E-001  1.516868E-001  9.881731E-001  1.281080E-001 -8.427507E-002
  7.350000E-001  0.000000E+000  0.000000E+000  0.000000E+000 -1.556476E-002  1.536648E-001 -9.880005E-001 -1.195473E-001  9.807461E-001  1.544199E-001  9.927065E-001  1.205163E-001  3.105134E-003
  7.500000E-001  0.000000E+000  0.000000E+000  0.000000E+000  7.072025E-002  1.669583E-001 -9.834244E-001 -1.245786E-001  9.796521E-001  1.573591E-001  9.896862E-001  1.113852E-001  9.008067E-002
  7.650000E-001  0.000000E+000  0.000000E+000  0.000000E+000  1.560257E-001  1.799896E-001 -9.712156E-001 -1.294402E-001  9.785041E-001  1.605458E-001  9.792350E-001  1.006651E-001  1.759697E-001
  7.800000E-001  0.000000E+000  0.000000E+000  0.000000E+000  2.397160E-001  1.926016E-001 -9.515466E-001 -1.341366E-001  9.772945E-001  1.640212E-001  9.615319E-001  8.831868E-002  2.601081E-001
  7.950000E-001  0.000000E+000  0.000000E+000  0.000000E+000  3.211814E-001  2.046283E-001 -9.246458E-001 -1.386751E-001  9.760141E-001  1.678267E-001  9.368094E-001  7.432252E-002  3.418544E-001
  8.100000E-001  0.000000E+000  0.000000E+000  0.000000E+000  3.998418E-001  2.158956E-001 -8.907950E-001 -1.430656E-001  9.746524E-001  1.720031E-001  9.053501E-001  5.866812E-002  4.205939E-001
  8.250000E-001  0.000000E+000  0.000000E+000  0.000000E+000  4.751510E-001  2.262228E-001 -8.503263E-001 -1.473206E-001  9.731970E-001  1.765908E-001  8.674838E-001  4.136325E-002  4.957428E-001
  8.400000E-001  0.000000E+000  0.000000E+000  0.000000E+000  5.466006E-001  2.354239E-001 -8.036189E-001 -1.514546E-001  9.716339E-001  1.816292E-001  8.235832E-001  2.243317E-002  5.667517E-001
  8.550000E-001  0.000000E+000  0.000000E+000  0.000000E+000  6.137228E-001  2.433091E-001 -7.510959E-001 -1.554846E-001  9.699469E-001  1.871564E-001  7.740600E-001  1.921692E-003  6.331093E-001
  8.700000E-001  0.000000E+000  0.000000E+000  0.000000E+000  6.760933E-001  2.496863E-001 -6.932205E-001 -1.594293E-001  9.681180E-001  1.932093E-001  7.193609E-001 -2.010786E-002  6.943454E-001
  8.850000E-001  0.000000E+000  0.000000E+000  0.000000E+000  7.333341E-001  2.543633E-001 -6.304922E-001 -1.633094E-001  9.661267E-001  1.998230E-001  6.599630E-001 -4.357174E-002  7.500336E-001
  9.000000E-001  0.000000E+000  0.000000E+000  0.000000E+000  7.851152E-001  2.571497E-001 -5.634432E-001 -1.671469E-001  9.639503E-001  2.070307E-001  5.963691E-001 -6.836515E-002  7.997938E-001
  9.150000E-001  0.000000E+000  0.000000E+000  0.000000E+000  8.311560E-001  2.578590E-001 -4.926342E-001 -1.709652E-001  9.615637E-001  2.148633E-001  5.291035E-001 -9.436160E-002  8.432944E-001
  9.300000E-001  0.000000E+000  0.000000E+000  0.000000E+000  8.712272E-001  2.563106E-001 -4.186503E-001 -1.747889E-001  9.589390E-001  2.233495E-001  4.587069E-001 -1.214127E-001  8.802539E-001
  9.450000E-001  0.000000E+000  0.000000E+000  0.000000E+000  9.051507E-001  2.523328E-001 -3.420970E-001 -1.786431E-001  9.560457E-001  2.325150E-001  3.857315E-001 -1.493478E-001  9.104430E-001
  9.600000E-001  0.000000E+000  0.000000E+000  0.000000E+000  9.328006E-001  2.457648E-001 -2.635958E-001 -1.825536E-001  9.528509E-001  2.423828E-001  3.107367E-001 -1.779745E-001  9.336851E-001
  9.750000E-001  0.000000E+000  0.000000E+000  0.000000E+000  9.541026E-001  2.364597E-001 -1.837801E-001 -1.865462E-001  9.493184E-001  2.529726E-001  2.342837E-001 -2.070783E-001  9.498578E-001
  9.900000E-001  0.000000E+000  0.000000E+000  0.000000E+000  9.690338E-001  2.242868E-001 -1.032908E-001 -1.906467E-001  9.454095E-001  2.643006E-001  1.569313E-001 -2.364241E-001  9.588932E-001
  1.005000E+000  0.000000E+000  0.000000E+000  0.000000E+000  9.776217E-001  2.091347E-001 -2.277221E-002 -1.948803E-001  9.410825E-001  2.763792E-001  7.923101E-002 -2.657565E-001  9.607789E-001
  1.020000E+000  0.000000E+000  0.000000E+000  0.000000E+000  9.799428E-001  1.909136E-001  5.713259E-002 -1.992716E-001  9.362929E-001  2.892170E-001  1.722620E-003 -2.948010E-001  9.555571E-001
  1.035000E+000  0.000000E+000  0.000000E+000  0.000000E+000  9.761210E-001  1.695585E-001  1.357857E-001 -2.038438E-001  9.309935E-001  3.028181E-001 -7.507024E-002 -3.232662E-001  9.433258E-001
  1.050000E+000  0.000000E+000  0.000000E+000  0.000000E+000  9.663253E-001  1.450317E-001  2.125591E-001 -2.086190E-001  9.251344E-001  3.171822E-001 -1.506442E-001 -3.508450E-001  9.242371E-001
  1.065000E+000  0.000000E+000  0.000000E+000  0.000000E+000  9.507673E-001  1.173253E-001  2.868385E-001 -2.136170E-001  9.186631E-001  3.323041E-001 -2.245203E-001 -3.772175E-001  8.984975E-001
  1.080000E+000  0.000000E+000  0.000000E+000  0.000000E+000  9.296988E-001  8.646379E-002  3.580283E-001 -2.188557E-001  9.115248E-001  3.481736E-001 -2.962473E-001 -4.020531E-001  8.663665E-001
  1.095000E+000  0.000000E+000  0.000000E+000  0.000000E+000  9.034078E-001  5.250632E-002  4.255555E-001 -2.243505E-001  9.036626E-001  3.647750E-001 -3.654056E-001 -4.250141E-001  8.281557E-001
  1.110000E+000  0.000000E+000  0.000000E+000  0.000000E+000  8.722158E-001  1.554869E-002  4.888741E-001 -2.301137E-001  8.950180E-001  3.820870E-001 -4.316101E-001 -4.457590E-001  7.842268E-001
  1.125000E+000  0.000000E+000  0.000000E+000  0.000000E+000  8.364734E-001 -2.427485E-002  5.474696E-001 -2.361545E-001  8.855309E-001  4.000827E-001 -4.945132E-001 -4.639460E-001  7.349904E-001
  1.140000E+000  0.000000E+000  0.000000E+000  0.000000E+000  7.965565E-001 -6.679027E-002  6.008635E-001 -2.424786E-001  8.751402E-001  4.187287E-001 -5.538068E-001 -4.792376E-001  6.809034E-001
  1.155000E+000  0.000000E+000  0.000000E+000  0.000000E+000  7.528616E-001 -1.117828E-001  6.486171E-001 -2.490878E-001  8.637847E-001  4.379855E-001 -6.092247E-001 -4.913051E-001  6.224665E-001
  1.170000E+000  0.000000E+000  0.000000E+000  0.000000E+000  7.058016E-001 -1.589964E-001  6.903364E-001 -2.559798E-001  8.514030E-001  4.578071E-001 -6.605441E-001 -4.998331E-001  5.602217E-001
  1.185000E+000  0.000000E+000  0.000000E+000  0.000000E+000  6.558010E-001 -2.081341E-001  7.256758E-001 -2.631477E-001  8.379347E-001  4.781410E-001 -7.075863E-001 -5.045252E-001  4.947483E-001
  1.200000E+000  0.000000E+000  0.000000E+000  0.000000E+000  6.032907E-001 -2.588586E-001  7.543425E-001 -2.705805E-001  8.233210E-001  4.989277E-001 -7.502177E-001 -5.051088E-001  4.266598E-001
  1.215000E+000  0.000000E+000  0.000000E+000  0.000000E+000  5.487033E-001 -3.107936E-001  7.761006E-001 -2.782620E-001  8.075055E-001  5.201012E-001 -7.883496E-001 -5.013405E-001  3.565988E-001
  1.230000E+000  0.000000E+000  0.000000E+000  0.000000E+000  4.924681E-001 -3.635266E-001  7.907741E-001 -2.861713E-001  7.904350E-001  5.415888E-001 -8.219374E-001 -4.930121E-001  2.852332E-001
  1.245000E+000  0.000000E+000  0.000000E+000  0.000000E+000  4.350063E-001 -4.166111E-001  7.982511E-001 -2.942827E-001  7.720608E-001  5.633114E-001 -8.509802E-001 -4.799555E-001  2.132498E-001
  1.260000E+000  0.000000E+000  0.000000E+000  0.000000E+000  3.767256E-001 -4.695713E-001  7.984864E-001 -3.025655E-001  7.523393E-001  5.851835E-001 -8.755181E-001 -4.620481E-001  1.413494E-001
  1.275000E+000  0.000000E+000  0.000000E+000  0.000000E+000  3.180165E-001 -5.219064E-001  7.915045E-001 -3.109842E-001  7.312330E-001  6.071138E-001 -8.956307E-001 -4.392176E-001  7.023952E-002
  1.290000E+000  0.000000E+000  0.000000E+000  0.000000E+000  2.592471E-001 -5.730961E-001  7.774007E-001 -3.194987E-001  7.087121E-001  6.290054E-001 -9.114338E-001 -4.114463E-001  6.281212E-004
  1.305000E+000  0.000000E+000  0.000000E+000  0.000000E+000  2.007598E-001 -6.226074E-001  7.563436E-001 -3.280646E-001  6.847550E-001  6.507567E-001 -9.230759E-001 -3.787753E-001 -6.678417E-002
  1.320000E+000  0.000000E+000  0.000000E+000  0.000000E+000  1.428674E-001 -6.699016E-001  7.285745E-001 -3.366335E-001  6.593493E-001  6.722622E-001 -9.307346E-001 -3.413069E-001 -1.313118E-001
  1.335000E+000  0.000000E+000  0.000000E+000  0.000000E+000  8.585037E-002 -7.144421E-001  6.944078E-001 -3.451534E-001  6.324933E-001  6.934129E-001 -9.346116E-001 -2.992070E-001 -1.922923E-001
  1.350000E+000  0.000000E+000  0.000000E+000  0.000000E+000  2.995436E-002 -7.557029E-001  6.542293E-001 -3.535694E-001  6.041961E-001  7.140978E-001 -9.349286E-001 -2.527058E-001 -2.490951E-001
  1.365000E+000  0.000000E+000  0.000000E+000  0.000000E+000 -2.461126E-002 -7.931773E-001  6.084933E-001 -3.618242E-001  5.744791E-001  7.342050E-001 -9.319214E-001 -2.020979E-001 -3.011294E-001
  1.380000E+000  0.000000E+000  0.000000E+000  0.000000E+000 -7.767436E-002 -8.263870E-001  5.577197E-001 -3.698589E-001  5.433759E-001  7.536226E-001 -9.258354E-001 -1.477405E-001 -3.478530E-001
  1.395000E+000  0.000000E+000  0.000000E+000  0.000000E+000 -1.291001E-001 -8.548909E-001  5.024886E-001 -3.776137E-001  5.109331E-001  7.722405E-001 -9.169194E-001 -9.005024E-002 -3.887800E-001
  1.410000E+000  0.000000E+000  0.000000E+000  0.000000E+000 -1.787902E-001 -8.782939E-001  4.434343E-001 -3.850287E-001  4.772103E-001  7.899514E-001 -9.054209E-001 -2.949935E-002 -4.234889E-001
  1.425000E+000  0.000000E+000  0.000000E+000  0.000000E+000 -2.266812E-001 -8.962551E-001  3.812379E-001 -3.920451E-001  4.422802E-001  8.066529E-001 -8.915808E-001  3.339061E-002 -4.516291E-001
  1.440000E+000  0.000000E+000  0.000000E+000  0.000000E+000 -2.727424E-001 -9.084953E-001  3.166194E-001 -3.986057E-001  4.062283E-001  8.222482E-001 -8.756284E-001  9.805568E-002 -4.729271E-001
  1.455000E+000  0.000000E+000  0.000000E+000  0.000000E+000 -3.169725E-001 -9.148030E-001  2.503278E-001 -4.046561E-001  3.691518E-001  8.366483E-001 -8.577773E-001  1.638978E-001 -4.871915E-001
  1.470000E+000  0.000000E+000  0.000000E+000  0.000000E+000 -3.593957E-001 -9.150398E-001  1.831311E-001 -4.101452E-001  3.311597E-001  8.497730E-001 -8.382217E-001  2.302944E-001 -4.943166E-001
  1.485000E+000  0.000000E+000  0.000000E+000  0.000000E+000 -4.000578E-001 -9.091440E-001  1.158055E-001 -4.150267E-001  2.923708E-001  8.615522E-001 -8.171331E-001  2.966083E-001 -4.942843E-001
  1.500000E+000  0.000000E+000  0.000000E+000  0.000000E+000 -4.390214E-001 -8.971327E-001  4.912439E-002 -4.192591E-001  2.529131E-001  8.719271E-001 -7.946585E-001  3.621988E-001 -4.871653E-001
  1.515000E+000  0.000000E+000  0.000000E+000  0.000000E+000 -4.763604E-001 -8.791017E-001 -1.615333E-002 -4.228067E-001  2.129215E-001  8.808513E-001 -7.709185E-001  4.264324E-001 -4.731175E-001
  1.530000E+000  0.000000E+000  0.000000E+000  0.000000E+000 -5.121556E-001 -8.552246E-001 -7.929411E-002 -4.256402E-001  1.725369E-001  8.882913E-001 -7.460074E-001  4.886941E-001 -4.523837E-001
  1.545000E+000  0.000000E+000  0.000000E+000  0.000000E+000 -5.464894E-001 -8.257488E-001 -1.396005E-001 -4.277371E-001  1.319035E-001  8.942273E-001 -7.199933E-001  5.483981E-001 -4.252872E-001
  1.560000E+000  0.000000E+000  0.000000E+000  0.000000E+000 -5.794409E-001 -7.909911E-001 -1.964212E-001 -4.290815E-001  9.116770E-002  8.986532E-001 -6.929194E-001  6.049971E-001 -3.922260E-001
  1.575000E+000  0.000000E+000  0.000000E+000  0.000000E+000 -6.110816E-001 -7.513312E-001 -2.491599E-001 -4.296651E-001  5.047544E-002  9.015765E-001 -6.648061E-001  6.579921E-001 -3.536654E-001
  1.590000E+000  0.000000E+000  0.000000E+000  0.000000E+000 -6.414717E-001 -7.072036E-001 -2.972829E-001 -4.294861E-001  9.970674E-003  9.030184E-001 -6.356538E-001  7.069396E-001 -3.101300E-001
  1.605000E+000  0.000000E+000  0.000000E+000  0.000000E+000 -6.706565E-001 -6.590889E-001 -3.403258E-001 -4.285499E-001 -3.020664E-002  9.030130E-001 -6.054460E-001  7.514582E-001 -2.621942E-001
  1.620000E+000  0.000000E+000  0.000000E+000  0.000000E+000 -6.986640E-001 -6.075043E-001 -3.778983E-001 -4.268682E-001 -6.992227E-002  9.016066E-001 -5.741533E-001  7.912329E-001 -2.104721E-001
  1.635000E+000  0.000000E+000  0.000000E+000  0.000000E+000 -7.255034E-001 -5.529931E-001 -4.096870E-001 -4.244589E-001 -1.090492E-001  8.988565E-001 -5.417374E-001  8.260187E-001 -1.556072E-001
  1.650000E+000  0.000000E+000  0.000000E+000  0.000000E+000 -7.511636E-001 -4.961148E-001 -4.354577E-001 -4.213451E-001 -1.474692E-001  8.948302E-001 -5.081551E-001  8.556419E-001 -9.826203E-002
  1.665000E+000  0.000000E+000  0.000000E+000  0.000000E+000 -7.756132E-001 -4.374346E-001 -4.550550E-001 -4.175551E-001 -1.850735E-001  8.896042E-001 -4.733623E-001  8.799993E-001 -3.910757E-002
  1.680000E+000  0.000000E+000  0.000000E+000  0.000000E+000 -7.988013E-001 -3.775141E-001 -4.684011E-001 -4.131211E-001 -2.217644E-001  8.832619E-001 -4.373185E-001  8.990571E-001  2.118662E-002
  1.695000E+000  0.000000E+000  0.000000E+000  0.000000E+000 -8.206580E-001 -3.169016E-001 -4.754932E-001 -4.080789E-001 -2.574551E-001  8.758930E-001 -3.999900E-001  9.128473E-001  8.196173E-002
  1.710000E+000  0.000000E+000  0.000000E+000  0.000000E+000 -8.410970E-001 -2.561243E-001 -4.763991E-001 -4.024667E-001 -2.920706E-001  8.675917E-001 -3.613534E-001  9.214636E-001  1.425782E-001
  1.725000E+000  0.000000E+000  0.000000E+000  0.000000E+000 -8.600172E-001 -1.956807E-001 -4.712531E-001 -3.963249E-001 -3.255477E-001  8.584552E-001 -3.213984E-001  9.250556E-001  2.024235E-001
  1.740000E+000  0.000000E+000  0.000000E+000  0.000000E+000 -8.773055E-001 -1.360349E-001 -4.602494E-001 -3.896949E-001 -3.578349E-001  8.485824E-001 -2.801301E-001  9.238229E-001  2.609184E-001
  1.755000E+000  0.000000E+000  0.000000E+000  0.000000E+000 -8.928398E-001 -7.761168E-002 -4.436367E-001 -3.826188E-001 -3.888920E-001  8.380727E-001 -2.375710E-001  9.180084E-001  3.175226E-001
  1.770000E+000  0.000000E+000  0.000000E+000  0.000000E+000 -9.064919E-001 -2.079231E-002 -4.217108E-001 -3.751382E-001 -4.186900E-001  8.270248E-001 -1.937619E-001  9.078912E-001  3.717391E-001
  1.785000E+000  0.000000E+000  0.000000E+000  0.000000E+000 -9.181309E-001  3.408747E-002 -3.948084E-001 -3.672946E-001 -4.472099E-001  8.155354E-001 -1.487627E-001  8.937793E-001  4.231174E-001
  1.800000E+000  0.000000E+000  0.000000E+000  0.000000E+000 -9.276258E-001  8.673909E-002 -3.632996E-001 -3.591277E-001 -4.744424E-001  8.036988E-001 -1.026527E-001  8.760027E-001  4.712555E-001
  1.815000E+000  0.000000E+000  0.000000E+000  0.000000E+000 -9.348490E-001  1.369214E-001 -3.275819E-001 -3.506762E-001 -5.003871E-001  7.916053E-001 -5.553001E-002  8.549066E-001  5.158015E-001
  1.830000E+000  0.000000E+000  0.000000E+000  0.000000E+000 -9.396785E-001  1.844403E-001 -2.880730E-001 -3.419764E-001 -5.250514E-001  7.793415E-001 -7.511128E-003  8.308446E-001  5.564538E-001
  1.845000E+000  0.000000E+000  0.000000E+000  0.000000E+000 -9.420011E-001  2.291471E-001 -2.452052E-001 -3.330626E-001 -5.484498E-001  7.669890E-001  4.127054E-002  8.041732E-001  5.929606E-001
  1.860000E+000  0.000000E+000  0.000000E+000  0.000000E+000 -9.417140E-001  2.709365E-001 -1.994197E-001 -3.239668E-001 -5.706027E-001  7.546245E-001  9.066592E-002  7.752458E-001  6.251190E-001
  1.875000E+000  0.000000E+000  0.000000E+000  0.000000E+000 -9.387272E-001  3.097443E-001 -1.511610E-001 -3.147182E-001 -5.915359E-001  7.423192E-001  1.405120E-001  7.444084E-001  6.527730E-001
  1.890000E+000  0.000000E+000  0.000000E+000  0.000000E+000 -9.329652E-001  3.455439E-001 -1.008727E-001 -3.053436E-001 -6.112794E-001  7.301389E-001  1.906336E-001  7.119950E-001  6.758121E-001
  1.905000E+000  0.000000E+000  0.000000E+000  0.000000E+000 -9.243679E-001  3.783432E-001 -4.899318E-002 -2.958670E-001 -6.298669E-001  7.181437E-001  2.408456E-001  6.783245E-001  6.941681E-001
  1.920000E+000  0.000000E+000  0.000000E+000  0.000000E+000 -9.128920E-001  4.081811E-001  4.048155E-003 -2.863100E-001 -6.473345E-001  7.063884E-001  2.909549E-001  6.436973E-001  7.078129E-001
  1.935000E+000  0.000000E+000  0.000000E+000  0.000000E+000 -8.985115E-001  4.351233E-001  5.783377E-002 -2.766914E-001 -6.637207E-001  6.949221E-001  3.407623E-001  6.083935E-001  7.167556E-001
  1.950000E+000  0.000000E+000  0.000000E+000  0.000000E+000 -8.812182E-001  4.592594E-001  1.119607E-001 -2.670276E-001 -6.790650E-001  6.837887E-001  3.900650E-001  5.726705E-001  7.210394E-001
  1.965000E+000  0.000000E+000  0.000000E+000  0.000000E+000 -8.610219E-001  4.806986E-001  1.660426E-001 -2.573327E-001 -6.934079E-001  6.730270E-001  4.386584E-001  5.367628E-001  7.207389E-001
  1.980000E+000  0.000000E+000  0.000000E+000  0.000000E+000 -8.379501E-001  4.995662E-001  2.197117E-001 -2.476185E-001 -7.067902E-001  6.626708E-001  4.863380E-001  5.008804E-001  7.159568E-001
  1.995000E+000  0.000000E+000  0.000000E+000  0.000000E+000 -8.120479E-001  5.160006E-001  2.726199E-001 -2.378950E-001 -7.192524E-001  6.527495E-001  5.329017E-001  4.652090E-001  7.068214E-001
  2.010000E+000  0.000000E+000  0.000000E+000  0.000000E+000 -7.833774E-001  5.301496E-001  3.244400E-001 -2.281700E-001 -7.308344E-001  6.432881E-001  5.781508E-001  4.299099E-001  6.934834E-001
  2.025000E+000  0.000000E+000  0.000000E+000  0.000000E+000 -7.520170E-001  5.421677E-001  3.748662E-001 -2.184497E-001 -7.415753E-001  6.343073E-001  6.218925E-001  3.951205E-001  6.761136E-001
  2.040000E+000  0.000000E+000  0.000000E+000  0.000000E+000 -7.180607E-001  5.522133E-001  4.236147E-001 -2.087386E-001 -7.515130E-001  6.258246E-001  6.639406E-001  3.609553E-001  6.549002E-001
  2.055000E+000  0.000000E+000  0.000000E+000  0.000000E+000 -6.816170E-001  5.604459E-001  4.704240E-001 -1.990401E-001 -7.606840E-001  6.178535E-001  7.041174E-001  3.275062E-001  6.300464E-001
  2.070000E+000  0.000000E+000  0.000000E+000  0.000000E+000 -6.428081E-001  5.670242E-001  5.150547E-001 -1.893561E-001 -7.691231E-001  6.104047E-001  7.422547E-001  2.948443E-001  6.017681E-001
  2.085000E+000  0.000000E+000  0.000000E+000  0.000000E+000 -6.017686E-001  5.721039E-001  5.572896E-001 -1.796875E-001 -7.768637E-001  6.034859E-001  7.781947E-001  2.630209E-001  5.702921E-001
  2.100000E+000  0.000000E+000  0.000000E+000  0.000000E+000 -5.586444E-001  5.758359E-001  5.969334E-001 -1.700344E-001 -7.839370E-001  5.971023E-001  8.117911E-001  2.320687E-001  5.358540E-001
  2.115000E+000  0.000000E+000  0.000000E+000  0.000000E+000 -5.135918E-001  5.783647E-001  6.338121E-001 -1.603959E-001 -7.903726E-001  5.912566E-001  8.429096E-001  2.020037E-001  4.986962E-001
  2.130000E+000  0.000000E+000  0.000000E+000  0.000000E+000 -4.667756E-001  5.798273E-001  6.677731E-001 -1.507706E-001 -7.961981E-001  5.859495E-001  8.714292E-001  1.728264E-001  4.590668E-001
  2.145000E+000  0.000000E+000  0.000000E+000  0.000000E+000 -4.183686E-001  5.803518E-001  6.986842E-001 -1.411566E-001 -8.014392E-001  5.811799E-001  8.972416E-001  1.445235E-001  4.172175E-001
  2.160000E+000  0.000000E+000  0.000000E+000  0.000000E+000 -3.685500E-001  5.800568E-001  7.264331E-001 -1.315516E-001 -8.061196E-001  5.769448E-001  9.202527E-001  1.170696E-001  3.734028E-001
  2.175000E+000  0.000000E+000  0.000000E+000  0.000000E+000 -3.175043E-001  5.790504E-001  7.509272E-001 -1.219529E-001 -8.102613E-001  5.732401E-001  9.403821E-001  9.042843E-002  3.278784E-001
  2.190000E+000  0.000000E+000  0.000000E+000  0.000000E+000 -2.654200E-001  5.774299E-001  7.720926E-001 -1.123577E-001 -8.138841E-001  5.700600E-001  9.575636E-001  6.455479E-002  2.808999E-001
  2.205000E+000  0.000000E+000  0.000000E+000  0.000000E+000 -2.124886E-001  5.752813E-001  7.898735E-001 -1.027630E-001 -8.170064E-001  5.673979E-001  9.717450E-001  3.939578E-002  2.327222E-001
  2.220000E+000  0.000000E+000  0.000000E+000  0.000000E+000 -1.589032E-001  5.726789E-001  8.042317E-001 -9.316595E-002 -8.196445E-001  5.652460E-001  9.828886E-001  1.489239E-002  1.835983E-001
  2.235000E+000  0.000000E+000  0.000000E+000  0.000000E+000 -1.048577E-001  5.696857E-001  8.151460E-001 -8.356355E-002 -8.218131E-001  5.635959E-001  9.909702E-001 -9.019090E-003  1.337785E-001
  2.250000E+000  0.000000E+000  0.000000E+000  0.000000E+000 -5.054569E-002  5.663529E-001  8.226114E-001 -7.395301E-002 -8.235255E-001  5.624382E-001  9.959800E-001 -3.240575E-002  8.350921E-002
  2.265000E+000  0.000000E+000  0.000000E+000  0.000000E+000  3.840899E-003  5.627204E-001  8.266384E-001 -6.433171E-002 -8.247931E-001  5.617631E-001  9.979212E-001 -5.533672E-002  3.303286E-002
  2.280000E+000  0.000000E+000  0.000000E+000  0.000000E+000  5.811234E-002  5.588166E-001  8.272527E-001 -5.469723E-002 -8.256261E-001  5.615602E-001  9.968105E-001 -7.788199E-002 -1.741330E-002
  2.295000E+000  0.000000E+000  0.000000E+000  0.000000E+000  1.120822E-001  5.546595E-001  8.244941E-001 -4.504740E-002 -8.260331E-001  5.618186E-001  9.926774E-001 -1.001112E-001 -6.759762E-002
  2.310000E+000  0.000000E+000  0.000000E+000  0.000000E+000  1.655684E-001  5.502562E-001  8.184164E-001 -3.538040E-002 -8.260215E-001  5.625270E-001  9.855635E-001 -1.220926E-001 -1.172947E-001
  2.325000E+000  0.000000E+000  0.000000E+000  0.000000E+000  2.183934E-001  5.456040E-001  8.090863E-001 -2.569469E-002 -8.255976E-001  5.636740E-001  9.755225E-001 -1.438919E-001 -1.662859E-001
  2.340000E+000  0.000000E+000  0.000000E+000  0.000000E+000  2.703859E-001  5.406909E-001  7.965832E-001 -1.598915E-002 -8.247662E-001  5.652477E-001  9.626193E-001 -1.655717E-001 -2.143600E-001
  2.355000E+000  0.000000E+000  0.000000E+000  0.000000E+000  3.213808E-001  5.354960E-001  7.809984E-001 -6.263012E-003 -8.235314E-001  5.672362E-001  9.469294E-001 -1.871902E-001 -2.613133E-001
  2.370000E+000  0.000000E+000  0.000000E+000  0.000000E+000  3.712200E-001  5.299901E-001  7.624344E-001  3.484057E-003 -8.218959E-001  5.696271E-001  9.285384E-001 -2.088006E-001 -3.069507E-001
  2.385000E+000  0.000000E+000  0.000000E+000  0.000000E+000  4.197532E-001  5.241368E-001  7.410047E-001  1.325196E-002 -8.198617E-001  5.724082E-001  9.075416E-001 -2.304504E-001 -3.510854E-001
  2.400000E+000  0.000000E+000  0.000000E+000  0.000000E+000  4.668384E-001  5.178928E-001  7.168327E-001  2.304016E-002 -8.174301E-001  5.755669E-001  8.840425E-001 -2.521807E-001 -3.935400E-001
  2.415000E+000  0.000000E+000  0.000000E+000  0.000000E+000  5.123420E-001  5.112091E-001  6.900514E-001  3.284765E-002 -8.146012E-001  5.790906E-001  8.581531E-001 -2.740259E-001 -4.341464E-001
  2.430000E+000  0.000000E+000  0.000000E+000  0.000000E+000  5.561400E-001  5.040313E-001  6.608032E-001  4.267296E-002 -8.113747E-001  5.829666E-001  8.299924E-001 -2.960126E-001 -4.727464E-001
  2.445000E+000  0.000000E+000  0.000000E+000  0.000000E+000  5.981175E-001  4.963011E-001  6.292383E-001  5.251415E-002 -8.077497E-001  5.871820E-001  7.996861E-001 -3.181599E-001 -5.091920E-001
  2.460000E+000  0.000000E+000  0.000000E+000  0.000000E+000  6.381695E-001  4.879564E-001  5.955152E-001  6.236877E-002 -8.037244E-001  5.917240E-001  7.673656E-001 -3.404786E-001 -5.433456E-001
  2.475000E+000  0.000000E+000  0.000000E+000  0.000000E+000  6.762012E-001  4.789328E-001  5.597994E-001  7.223390E-002 -7.992967E-001  5.965794E-001  7.331673E-001 -3.629712E-001 -5.750806E-001
  2.490000E+000  0.000000E+000  0.000000E+000  0.000000E+000  7.121280E-001  4.691641E-001  5.222631E-001  8.210614E-002 -7.944642E-001  6.017351E-001  6.972319E-001 -3.856314E-001 -6.042815E-001
  2.505000E+000  0.000000E+000  0.000000E+000  0.000000E+000  7.458758E-001  4.585834E-001  4.830845E-001  9.198158E-002 -7.892239E-001  6.071779E-001  6.597035E-001 -4.084444E-001 -6.308442E-001
  2.520000E+000  0.000000E+000  0.000000E+000  0.000000E+000  7.773808E-001  4.471239E-001  4.424470E-001  1.018558E-001 -7.835726E-001  6.128943E-001  6.207290E-001 -4.313865E-001 -6.546764E-001
  2.535000E+000  0.000000E+000  0.000000E+000  0.000000E+000  8.065900E-001  4.347196E-001  4.005391E-001  1.117240E-001 -7.775067E-001  6.188708E-001  5.804571E-001 -4.544252E-001 -6.756977E-001
  2.550000E+000  0.000000E+000  0.000000E+000  0.000000E+000  8.334608E-001  4.213064E-001  3.575530E-001  1.215807E-001 -7.710227E-001  6.250937E-001  5.390375E-001 -4.775195E-001 -6.938398E-001
  2.565000E+000  0.000000E+000  0.000000E+000  0.000000E+000  8.579609E-001  4.068232E-001  3.136845E-001  1.314200E-001 -7.641168E-001  6.315491E-001  4.966204E-001 -5.006200E-001 -7.090471E-001
  2.580000E+000  0.000000E+000  0.000000E+000  0.000000E+000  8.800688E-001  3.912121E-001  2.691321E-001  1.412358E-001 -7.567852E-001  6.382230E-001  4.533558E-001 -5.236690E-001 -7.212761E-001
  2.595000E+000  0.000000E+000  0.000000E+000  0.000000E+000  8.997726E-001  3.744197E-001  2.240963E-001  1.510210E-001 -7.490241E-001  6.451012E-001  4.093921E-001 -5.466011E-001 -7.304966E-001
  2.610000E+000  0.000000E+000  0.000000E+000  0.000000E+000  9.170708E-001  3.563979E-001  1.787788E-001  1.607686E-001 -7.408299E-001  6.521691E-001  3.648764E-001 -5.693432E-001 -7.366910E-001
  2.625000E+000  0.000000E+000  0.000000E+000  0.000000E+000  9.319711E-001  3.371043E-001  1.333819E-001  1.704707E-001 -7.321990E-001  6.594121E-001  3.199528E-001 -5.918153E-001 -7.398546E-001
  2.640000E+000  0.000000E+000  0.000000E+000  0.000000E+000  9.444908E-001  3.165033E-001  8.810770E-002  1.801192E-001 -7.231281E-001  6.668154E-001  2.747624E-001 -6.139311E-001 -7.399961E-001
  2.655000E+000  0.000000E+000  0.000000E+000  0.000000E+000  9.546560E-001  2.945667E-001  4.315712E-002  1.897054E-001 -7.136143E-001  6.743638E-001  2.294426E-001 -6.355982E-001 -7.371370E-001
  2.670000E+000  0.000000E+000  0.000000E+000  0.000000E+000  9.625013E-001  2.712741E-001 -1.270617E-003  1.992205E-001 -7.036548E-001  6.820418E-001  1.841262E-001 -6.567193E-001 -7.313120E-001
  2.685000E+000  0.000000E+000  0.000000E+000  0.000000E+000  9.680695E-001  2.466138E-001 -4.497898E-002  2.086549E-001 -6.932476E-001  6.898340E-001  1.389410E-001 -6.771923E-001 -7.225690E-001
  2.700000E+000  0.000000E+000  0.000000E+000  0.000000E+000  9.714107E-001  2.205829E-001 -8.777493E-002  2.179989E-001 -6.823908E-001  6.977244E-001  9.400926E-002 -6.969118E-001 -7.109685E-001
  2.715000E+000  0.000000E+000  0.000000E+000  0.000000E+000  9.725821E-001  1.931882E-001 -1.294698E-001  2.272423E-001 -6.710833E-001  7.056969E-001  4.944732E-002 -7.157692E-001 -6.965842E-001
  2.730000E+000  0.000000E+000  0.000000E+000  0.000000E+000  9.716472E-001  1.644463E-001 -1.698800E-001  2.363747E-001 -6.593247E-001  7.137352E-001  5.365033E-003 -7.336541E-001 -6.795020E-001
  2.745000E+000  0.000000E+000  0.000000E+000  0.000000E+000  9.686753E-001  1.343838E-001 -2.088281E-001  2.453853E-001 -6.471152E-001  7.218227E-001 -3.813458E-002 -7.504551E-001 -6.598203E-001
  2.760000E+000  0.000000E+000  0.000000E+000  0.000000E+000  9.637410E-001  1.030377E-001 -2.461436E-001  2.542630E-001 -6.344557E-001  7.299427E-001 -8.095562E-002 -7.660608E-001 -6.376496E-001
  2.775000E+000  0.000000E+000  0.000000E+000  0.000000E+000  9.569230E-001  7.045544E-002 -2.816638E-001  2.629964E-001 -6.213480E-001  7.380783E-001 -1.230096E-001 -7.803606E-001 -6.131117E-001
  2.790000E+000  0.000000E+000  0.000000E+000  0.000000E+000  9.483042E-001  3.669484E-002 -3.152345E-001  2.715741E-001 -6.077949E-001  7.462124E-001 -1.642158E-001 -7.932458E-001 -5.863398E-001
  2.805000E+000  0.000000E+000  0.000000E+000  0.000000E+000  9.379703E-001  1.824121E-003 -3.467110E-001  2.799843E-001 -5.938000E-001  7.543278E-001 -2.045010E-001 -8.046107E-001 -5.574774E-001
  2.820000E+000  0.000000E+000  0.000000E+000  0.000000E+000  9.260095E-001 -3.407836E-002 -3.759590E-001  2.882152E-001 -5.793679E-001  7.624073E-001 -2.438001E-001 -8.143535E-001 -5.266782E-001
  2.835000E+000  0.000000E+000  0.000000E+000  0.000000E+000  9.125117E-001 -7.092434E-002 -4.028550E-001  2.962548E-001 -5.645043E-001  7.704336E-001 -2.820559E-001 -8.223774E-001 -4.941051E-001
  2.850000E+000  0.000000E+000  0.000000E+000  0.000000E+000  8.975679E-001 -1.086161E-001 -4.272874E-001  3.040910E-001 -5.492162E-001  7.783895E-001 -3.192188E-001 -8.285917E-001 -4.599296E-001
  2.865000E+000  0.000000E+000  0.000000E+000  0.000000E+000  8.812690E-001 -1.470469E-001 -4.491572E-001  3.117120E-001 -5.335113E-001  7.862578E-001 -3.552472E-001 -8.329123E-001 -4.243307E-001
  2.880000E+000  0.000000E+000  0.000000E+000  0.000000E+000  8.637061E-001 -1.861017E-001 -4.683782E-001  3.191057E-001 -5.173989E-001  7.940214E-001 -3.901070E-001 -8.352632E-001 -3.874944E-001
  2.895000E+000  0.000000E+000  0.000000E+000  0.000000E+000  8.449687E-001 -2.256575E-001 -4.848780E-001  3.262601E-001 -5.008892E-001  8.016635E-001 -4.237715E-001 -8.355769E-001 -3.496126E-001
  2.910000E+000  0.000000E+000  0.000000E+000  0.000000E+000  8.251451E-001 -2.655846E-001 -4.985984E-001  3.331637E-001 -4.839937E-001  8.091676E-001 -4.562209E-001 -8.337955E-001 -3.108818E-001
  2.925000E+000  0.000000E+000  0.000000E+000  0.000000E+000  8.043213E-001 -3.057472E-001 -5.094958E-001  3.398048E-001 -4.667251E-001  8.165173E-001 -4.874424E-001 -8.298713E-001 -2.715025E-001
  2.940000E+000  0.000000E+000  0.000000E+000  0.000000E+000  7.825804E-001 -3.460044E-001 -5.175413E-001  3.461721E-001 -4.490974E-001  8.236968E-001 -5.174292E-001 -8.237673E-001 -2.316777E-001
  2.955000E+000  0.000000E+000  0.000000E+000  0.000000E+000  7.600023E-001 -3.862111E-001 -5.227214E-001  3.522547E-001 -4.311257E-001  8.306909E-001 -5.461806E-001 -8.154580E-001 -1.916118E-001
  2.970000E+000  0.000000E+000  0.000000E+000  0.000000E+000  7.366633E-001 -4.262192E-001 -5.250375E-001  3.580419E-001 -4.128263E-001  8.374846E-001 -5.737013E-001 -8.049296E-001 -1.515097E-001
  2.985000E+000  0.000000E+000  0.000000E+000  0.000000E+000  7.126357E-001 -4.658789E-001 -5.245067E-001  3.635236E-001 -3.942167E-001  8.440639E-001 -6.000008E-001 -7.921806E-001 -1.115750E-001
