% FILE: robot_arm.4
%
%       t         P_No_Co[1]     P_No_Co[2]     P_No_Co[3]      N_C[1,1]       N_C[1,2]       N_C[1,3]       N_C[2,1]       N_C[2,2]       N_C[2,3]       N_C[3,1]       N_C[3,2]       N_C[3,3]
%   (second)        (meter)        (meter)        (meter)       (NoUnits)      (NoUnits)      (NoUnits)      (NoUnits)      (NoUnits)      (NoUnits)      (NoUnits)      (NoUnits)      (NoUnits)

  0.000000E+000  1.350624E+000  8.368081E-001  0.000000E+000  9.981165E-001  6.134676E-002  0.000000E+000 -6.134676E-002  9.981165E-001  0.000000E+000  0.000000E+000  0.000000E+000  1.000000E+000
  5.000000E-002  1.343018E+000  8.460262E-001  0.000000E+000  9.970534E-001  7.671030E-002  0.000000E+000 -7.671030E-002  9.970534E-001  0.000000E+000  0.000000E+000  0.000000E+000  1.000000E+000
  1.000000E-001  1.323129E+000  8.670584E-001  0.000000E+000  9.937348E-001  1.117640E-001  0.000000E+000 -1.117640E-001  9.937348E-001  0.000000E+000  0.000000E+000  0.000000E+000  1.000000E+000
  1.500000E-001  1.294861E+000  8.918864E-001  0.000000E+000  9.882039E-001  1.531440E-001  0.000000E+000 -1.531440E-001  9.882039E-001  0.000000E+000  0.000000E+000  0.000000E+000  1.000000E+000
  2.000000E-001  1.260814E+000  9.168072E-001  0.000000E+000  9.808671E-001  1.946787E-001  0.000000E+000 -1.946787E-001  9.808671E-001  0.000000E+000  0.000000E+000  0.000000E+000  1.000000E+000
  2.500000E-001  1.222663E+000  9.404450E-001  0.000000E+000  9.722185E-001  2.340750E-001  0.000000E+000 -2.340750E-001  9.722185E-001  0.000000E+000  0.000000E+000  0.000000E+000  1.000000E+000
  3.000000E-001  1.181570E+000  9.623221E-001  0.000000E+000  9.627096E-001  2.705368E-001  0.000000E+000 -2.705368E-001  9.627096E-001  0.000000E+000  0.000000E+000  0.000000E+000  1.000000E+000
  3.500000E-001  1.138402E+000  9.823007E-001  0.000000E+000  9.527248E-001  3.038345E-001  0.000000E+000 -3.038345E-001  9.527248E-001  0.000000E+000  0.000000E+000  0.000000E+000  1.000000E+000
  4.000000E-001  1.093849E+000  1.000376E+000  0.000000E+000  9.425873E-001  3.339600E-001  0.000000E+000 -3.339600E-001  9.425873E-001  0.000000E+000  0.000000E+000  0.000000E+000  1.000000E+000
  4.500000E-001  1.048486E+000  1.016596E+000  0.000000E+000  9.325683E-001  3.609935E-001  0.000000E+000 -3.609935E-001  9.325683E-001  0.000000E+000  0.000000E+000  0.000000E+000  1.000000E+000
  5.000000E-001  1.002822E+000  1.031030E+000  0.000000E+000  9.228957E-001  3.850500E-001  0.000000E+000 -3.850500E-001  9.228957E-001  0.000000E+000  0.000000E+000  0.000000E+000  1.000000E+000
  5.500000E-001  9.573154E-001  1.043755E+000  0.000000E+000  9.137584E-001  4.062581E-001  0.000000E+000 -4.062581E-001  9.137584E-001  0.000000E+000  0.000000E+000  0.000000E+000  1.000000E+000
  6.000000E-001  9.124028E-001  1.054852E+000  0.000000E+000  9.053094E-001  4.247527E-001  0.000000E+000 -4.247527E-001  9.053094E-001  0.000000E+000  0.000000E+000  0.000000E+000  1.000000E+000
  6.500000E-001  8.685047E-001  1.064405E+000  0.000000E+000  8.976670E-001  4.406744E-001  0.000000E+000 -4.406744E-001  8.976670E-001  0.000000E+000  0.000000E+000  0.000000E+000  1.000000E+000
  7.000000E-001  8.260368E-001  1.072503E+000  0.000000E+000  8.909140E-001  4.541720E-001  0.000000E+000 -4.541720E-001  8.909140E-001  0.000000E+000  0.000000E+000  0.000000E+000  1.000000E+000
  7.500000E-001  7.854153E-001  1.079244E+000  0.000000E+000  8.850974E-001  4.654059E-001  0.000000E+000 -4.654059E-001  8.850974E-001  0.000000E+000  0.000000E+000  0.000000E+000  1.000000E+000
  8.000000E-001  7.470585E-001  1.084731E+000  0.000000E+000  8.802273E-001  4.745524E-001  0.000000E+000 -4.745524E-001  8.802273E-001  0.000000E+000  0.000000E+000  0.000000E+000  1.000000E+000
  8.500000E-001  7.113863E-001  1.089084E+000  0.000000E+000  8.762776E-001  4.818066E-001  0.000000E+000 -4.818066E-001  8.762776E-001  0.000000E+000  0.000000E+000  0.000000E+000  1.000000E+000
  9.000000E-001  6.788145E-001  1.092430E+000  0.000000E+000  8.731880E-001  4.873835E-001  0.000000E+000 -4.873835E-001  8.731880E-001  0.000000E+000  0.000000E+000  0.000000E+000  1.000000E+000
  9.500000E-001  6.497462E-001  1.094909E+000  0.000000E+000  8.708687E-001  4.915157E-001  0.000000E+000 -4.915157E-001  8.708687E-001  0.000000E+000  0.000000E+000  0.000000E+000  1.000000E+000
  1.000000E+000  6.245592E-001  1.096669E+000  0.000000E+000  8.692074E-001  4.944476E-001  0.000000E+000 -4.944476E-001  8.692074E-001  0.000000E+000  0.000000E+000  0.000000E+000  1.000000E+000
  1.050000E+000  6.035906E-001  1.097855E+000  0.000000E+000  8.680798E-001  4.964246E-001  0.000000E+000 -4.964246E-001  8.680798E-001  0.000000E+000  0.000000E+000  0.000000E+000  1.000000E+000
  1.100000E+000  5.871194E-001  1.098607E+000  0.000000E+000  8.673615E-001  4.976787E-001  0.000000E+000 -4.976787E-001  8.673615E-001  0.000000E+000  0.000000E+000  0.000000E+000  1.000000E+000
  1.150000E+000  5.753505E-001  1.099047E+000  0.000000E+000  8.669404E-001  4.984119E-001  0.000000E+000 -4.984119E-001  8.669404E-001  0.000000E+000  0.000000E+000  0.000000E+000  1.000000E+000
  1.200000E+000  5.684011E-001  1.099268E+000  0.000000E+000  8.667283E-001  4.987806E-001  0.000000E+000 -4.987806E-001  8.667283E-001  0.000000E+000  0.000000E+000  0.000000E+000  1.000000E+000
  1.250000E+000  5.662917E-001  1.099330E+000  0.000000E+000  8.666693E-001  4.988830E-001  0.000000E+000 -4.988830E-001  8.666693E-001  0.000000E+000  0.000000E+000  0.000000E+000  1.000000E+000
  1.300000E+000  5.689446E-001  1.099252E+000  0.000000E+000  8.667439E-001  4.987535E-001  0.000000E+000 -4.987535E-001  8.667439E-001  0.000000E+000  0.000000E+000  0.000000E+000  1.000000E+000
  1.350000E+000  5.761886E-001  1.099019E+000  0.000000E+000  8.669678E-001  4.983642E-001  0.000000E+000 -4.983642E-001  8.669678E-001  0.000000E+000  0.000000E+000  0.000000E+000  1.000000E+000
  1.400000E+000  5.877694E-001  1.098581E+000  0.000000E+000  8.673870E-001  4.976342E-001  0.000000E+000 -4.976342E-001  8.673870E-001  0.000000E+000  0.000000E+000  0.000000E+000  1.000000E+000
  1.450000E+000  6.033651E-001  1.097866E+000  0.000000E+000  8.680690E-001  4.964436E-001  0.000000E+000 -4.964436E-001  8.680690E-001  0.000000E+000  0.000000E+000  0.000000E+000  1.000000E+000
  1.500000E+000  6.226032E-001  1.096790E+000  0.000000E+000  8.690923E-001  4.946499E-001  0.000000E+000 -4.946499E-001  8.690923E-001  0.000000E+000  0.000000E+000  0.000000E+000  1.000000E+000
  1.550000E+000  6.450781E-001  1.095263E+000  0.000000E+000  8.705360E-001  4.921047E-001  0.000000E+000 -4.921047E-001  8.705360E-001  0.000000E+000  0.000000E+000  0.000000E+000  1.000000E+000
  1.600000E+000  6.703663E-001  1.093200E+000  0.000000E+000  8.724705E-001  4.886667E-001  0.000000E+000 -4.886667E-001  8.724705E-001  0.000000E+000  0.000000E+000  0.000000E+000  1.000000E+000
  1.650000E+000  6.980395E-001  1.090528E+000  0.000000E+000  8.749504E-001  4.842126E-001  0.000000E+000 -4.842126E-001  8.749504E-001  0.000000E+000  0.000000E+000  0.000000E+000  1.000000E+000
  1.700000E+000  7.276735E-001  1.087186E+000  0.000000E+000  8.780094E-001  4.786434E-001  0.000000E+000 -4.786434E-001  8.780094E-001  0.000000E+000  0.000000E+000  0.000000E+000  1.000000E+000
  1.750000E+000  7.588550E-001  1.083133E+000  0.000000E+000  8.816581E-001  4.718887E-001  0.000000E+000 -4.718887E-001  8.816581E-001  0.000000E+000  0.000000E+000  0.000000E+000  1.000000E+000
  1.800000E+000  7.911842E-001  1.078345E+000  0.000000E+000  8.858832E-001  4.639083E-001  0.000000E+000 -4.639083E-001  8.858832E-001  0.000000E+000  0.000000E+000  0.000000E+000  1.000000E+000
  1.850000E+000  8.242766E-001  1.072815E+000  0.000000E+000  8.906486E-001  4.546923E-001  0.000000E+000 -4.546923E-001  8.906486E-001  0.000000E+000  0.000000E+000  0.000000E+000  1.000000E+000
  1.900000E+000  8.577616E-001  1.066557E+000  0.000000E+000  8.958969E-001  4.442621E-001  0.000000E+000 -4.442621E-001  8.958969E-001  0.000000E+000  0.000000E+000  0.000000E+000  1.000000E+000
  1.950000E+000  8.912814E-001  1.059602E+000  0.000000E+000  9.015522E-001  4.326703E-001  0.000000E+000 -4.326703E-001  9.015522E-001  0.000000E+000  0.000000E+000  0.000000E+000  1.000000E+000
  2.000000E+000  9.244878E-001  1.052001E+000  0.000000E+000  9.075231E-001  4.200022E-001  0.000000E+000 -4.200022E-001  9.075231E-001  0.000000E+000  0.000000E+000  0.000000E+000  1.000000E+000
  2.050000E+000  9.570403E-001  1.043827E+000  0.000000E+000  9.137048E-001  4.063785E-001  0.000000E+000 -4.063785E-001  9.137048E-001  0.000000E+000  0.000000E+000  0.000000E+000  1.000000E+000
  2.100000E+000  9.886031E-001  1.035175E+000  0.000000E+000  9.199830E-001  3.919582E-001  0.000000E+000 -3.919582E-001  9.199830E-001  0.000000E+000  0.000000E+000  0.000000E+000  1.000000E+000
  2.150000E+000  1.018844E+000  1.026166E+000  0.000000E+000  9.262364E-001  3.769432E-001  0.000000E+000 -3.769432E-001  9.262364E-001  0.000000E+000  0.000000E+000  0.000000E+000  1.000000E+000
  2.200000E+000  1.047431E+000  1.016950E+000  0.000000E+000  9.323398E-001  3.615833E-001  0.000000E+000 -3.615833E-001  9.323398E-001  0.000000E+000  0.000000E+000  0.000000E+000  1.000000E+000
  2.250000E+000  1.074039E+000  1.007708E+000  0.000000E+000  9.381679E-001  3.461806E-001  0.000000E+000 -3.461806E-001  9.381679E-001  0.000000E+000  0.000000E+000  0.000000E+000  1.000000E+000
  2.300000E+000  1.098344E+000  9.986550E-001  0.000000E+000  9.435986E-001  3.310916E-001  0.000000E+000 -3.310916E-001  9.435986E-001  0.000000E+000  0.000000E+000  0.000000E+000  1.000000E+000
  2.350000E+000  1.120036E+000  9.900350E-001  0.000000E+000  9.485174E-001  3.167249E-001  0.000000E+000 -3.167249E-001  9.485174E-001  0.000000E+000  0.000000E+000  0.000000E+000  1.000000E+000
  2.400000E+000  1.138822E+000  9.821188E-001  0.000000E+000  9.528215E-001  3.035313E-001  0.000000E+000 -3.035313E-001  9.528215E-001  0.000000E+000  0.000000E+000  0.000000E+000  1.000000E+000
  2.450000E+000  1.154443E+000  9.751895E-001  0.000000E+000  9.564237E-001  2.919825E-001  0.000000E+000 -2.919825E-001  9.564237E-001  0.000000E+000  0.000000E+000  0.000000E+000  1.000000E+000
  2.500000E+000  1.166681E+000  9.695221E-001  0.000000E+000  9.592564E-001  2.825368E-001  0.000000E+000 -2.825368E-001  9.592564E-001  0.000000E+000  0.000000E+000  0.000000E+000  1.000000E+000
  2.550000E+000  1.175383E+000  9.653563E-001  0.000000E+000  9.612742E-001  2.755939E-001  0.000000E+000 -2.755939E-001  9.612742E-001  0.000000E+000  0.000000E+000  0.000000E+000  1.000000E+000
  2.600000E+000  1.180469E+000  9.628667E-001  0.000000E+000  9.624541E-001  2.714445E-001  0.000000E+000 -2.714445E-001  9.624541E-001  0.000000E+000  0.000000E+000  0.000000E+000  1.000000E+000
  2.650000E+000  1.181942E+000  9.621377E-001  0.000000E+000  9.627959E-001  2.702295E-001  0.000000E+000 -2.702295E-001  9.627959E-001  0.000000E+000  0.000000E+000  0.000000E+000  1.000000E+000
  2.700000E+000  1.179892E+000  9.631513E-001  0.000000E+000  9.623202E-001  2.719188E-001  0.000000E+000 -2.719188E-001  9.623202E-001  0.000000E+000  0.000000E+000  0.000000E+000  1.000000E+000
  2.750000E+000  1.174485E+000  9.657916E-001  0.000000E+000  9.610659E-001  2.763194E-001  0.000000E+000 -2.763194E-001  9.610659E-001  0.000000E+000  0.000000E+000  0.000000E+000  1.000000E+000
  2.800000E+000  1.165954E+000  9.698651E-001  0.000000E+000  9.590879E-001  2.831084E-001  0.000000E+000 -2.831084E-001  9.590879E-001  0.000000E+000  0.000000E+000  0.000000E+000  1.000000E+000
  2.850000E+000  1.154576E+000  9.751288E-001  0.000000E+000  9.564545E-001  2.918813E-001  0.000000E+000 -2.918813E-001  9.564545E-001  0.000000E+000  0.000000E+000  0.000000E+000  1.000000E+000
  2.900000E+000  1.140661E+000  9.813202E-001  0.000000E+000  9.532444E-001  3.022004E-001  0.000000E+000 -3.022004E-001  9.532444E-001  0.000000E+000  0.000000E+000  0.000000E+000  1.000000E+000
  2.950000E+000  1.124530E+000  9.881808E-001  0.000000E+000  9.495437E-001  3.136347E-001  0.000000E+000 -3.136347E-001  9.495437E-001  0.000000E+000  0.000000E+000  0.000000E+000  1.000000E+000
  3.000000E+000  1.106510E+000  9.954724E-001  0.000000E+000  9.454431E-001  3.257873E-001  0.000000E+000 -3.257873E-001  9.454431E-001  0.000000E+000  0.000000E+000  0.000000E+000  1.000000E+000
  3.050000E+000  1.086922E+000  1.002986E+000  0.000000E+000  9.410349E-001  3.383096E-001  0.000000E+000 -3.383096E-001  9.410349E-001  0.000000E+000  0.000000E+000  0.000000E+000  1.000000E+000
  3.100000E+000  1.066078E+000  1.010544E+000  0.000000E+000  9.364105E-001  3.509065E-001  0.000000E+000 -3.509065E-001  9.364105E-001  0.000000E+000  0.000000E+000  0.000000E+000  1.000000E+000
  3.150000E+000  1.044279E+000  1.018001E+000  0.000000E+000  9.316583E-001  3.633356E-001  0.000000E+000 -3.633356E-001  9.316583E-001  0.000000E+000  0.000000E+000  0.000000E+000  1.000000E+000
  3.200000E+000  1.021812E+000  1.025242E+000  0.000000E+000  9.268618E-001  3.754027E-001  0.000000E+000 -3.754027E-001  9.268618E-001  0.000000E+000  0.000000E+000  0.000000E+000  1.000000E+000
  3.250000E+000  9.989520E-001  1.032174E+000  0.000000E+000  9.220981E-001  3.869563E-001  0.000000E+000 -3.869563E-001  9.220981E-001  0.000000E+000  0.000000E+000  0.000000E+000  1.000000E+000
  3.300000E+000  9.759625E-001  1.038729E+000  0.000000E+000  9.174367E-001  3.978817E-001  0.000000E+000 -3.978817E-001  9.174367E-001  0.000000E+000  0.000000E+000  0.000000E+000  1.000000E+000
  3.350000E+000  9.530949E-001  1.044857E+000  0.000000E+000  9.129392E-001  4.080956E-001  0.000000E+000 -4.080956E-001  9.129392E-001  0.000000E+000  0.000000E+000  0.000000E+000  1.000000E+000
  3.400000E+000  9.305897E-001  1.050525E+000  0.000000E+000  9.086579E-001  4.175414E-001  0.000000E+000 -4.175414E-001  9.086579E-001  0.000000E+000  0.000000E+000  0.000000E+000  1.000000E+000
  3.450000E+000  9.086766E-001  1.055711E+000  0.000000E+000  9.046361E-001  4.261848E-001  0.000000E+000 -4.261848E-001  9.046361E-001  0.000000E+000  0.000000E+000  0.000000E+000  1.000000E+000
  3.500000E+000  8.875744E-001  1.060406E+000  0.000000E+000  9.009079E-001  4.340103E-001  0.000000E+000 -4.340103E-001  9.009079E-001  0.000000E+000  0.000000E+000  0.000000E+000  1.000000E+000
  3.550000E+000  8.674907E-001  1.064611E+000  0.000000E+000  8.974982E-001  4.410182E-001  0.000000E+000 -4.410182E-001  8.974982E-001  0.000000E+000  0.000000E+000  0.000000E+000  1.000000E+000
  3.600000E+000  8.486206E-001  1.068333E+000  0.000000E+000  8.944232E-001  4.472217E-001  0.000000E+000 -4.472217E-001  8.944232E-001  0.000000E+000  0.000000E+000  0.000000E+000  1.000000E+000
  3.650000E+000  8.311458E-001  1.071587E+000  0.000000E+000  8.916912E-001  4.526443E-001  0.000000E+000 -4.526443E-001  8.916912E-001  0.000000E+000  0.000000E+000  0.000000E+000  1.000000E+000
  3.700000E+000  8.152327E-001  1.074390E+000  0.000000E+000  8.893035E-001  4.573175E-001  0.000000E+000 -4.573175E-001  8.893035E-001  0.000000E+000  0.000000E+000  0.000000E+000  1.000000E+000
  3.750000E+000  8.010303E-001  1.076767E+000  0.000000E+000  8.872557E-001  4.612779E-001  0.000000E+000 -4.612779E-001  8.872557E-001  0.000000E+000  0.000000E+000  0.000000E+000  1.000000E+000
  3.800000E+000  7.886685E-001  1.078739E+000  0.000000E+000  8.855389E-001  4.645653E-001  0.000000E+000 -4.645653E-001  8.855389E-001  0.000000E+000  0.000000E+000  0.000000E+000  1.000000E+000
  3.850000E+000  7.782557E-001  1.080332E+000  0.000000E+000  8.841411E-001  4.672199E-001  0.000000E+000 -4.672199E-001  8.841411E-001  0.000000E+000  0.000000E+000  0.000000E+000  1.000000E+000
  3.900000E+000  7.698767E-001  1.081568E+000  0.000000E+000  8.830492E-001  4.692804E-001  0.000000E+000 -4.692804E-001  8.830492E-001  0.000000E+000  0.000000E+000  0.000000E+000  1.000000E+000
  3.950000E+000  7.635915E-001  1.082469E+000  0.000000E+000  8.822496E-001  4.707820E-001  0.000000E+000 -4.707820E-001  8.822496E-001  0.000000E+000  0.000000E+000  0.000000E+000  1.000000E+000
  4.000000E+000  7.594337E-001  1.083053E+000  0.000000E+000  8.817299E-001  4.717547E-001  0.000000E+000 -4.717547E-001  8.817299E-001  0.000000E+000  0.000000E+000  0.000000E+000  1.000000E+000
  4.050000E+000  7.574099E-001  1.083333E+000  0.000000E+000  8.814796E-001  4.722221E-001  0.000000E+000 -4.722221E-001  8.814796E-001  0.000000E+000  0.000000E+000  0.000000E+000  1.000000E+000
  4.100000E+000  7.575001E-001  1.083321E+000  0.000000E+000  8.814907E-001  4.722014E-001  0.000000E+000 -4.722014E-001  8.814907E-001  0.000000E+000  0.000000E+000  0.000000E+000  1.000000E+000
  4.150000E+000  7.596577E-001  1.083022E+000  0.000000E+000  8.817577E-001  4.717027E-001  0.000000E+000 -4.717027E-001  8.817577E-001  0.000000E+000  0.000000E+000  0.000000E+000  1.000000E+000
  4.200000E+000  7.638116E-001  1.082438E+000  0.000000E+000  8.822773E-001  4.707301E-001  0.000000E+000 -4.707301E-001  8.822773E-001  0.000000E+000  0.000000E+000  0.000000E+000  1.000000E+000
  4.250000E+000  7.698677E-001  1.081570E+000  0.000000E+000  8.830480E-001  4.692826E-001  0.000000E+000 -4.692826E-001  8.830480E-001  0.000000E+000  0.000000E+000  0.000000E+000  1.000000E+000
  4.300000E+000  7.777111E-001  1.080414E+000  0.000000E+000  8.840693E-001  4.673559E-001  0.000000E+000 -4.673559E-001  8.840693E-001  0.000000E+000  0.000000E+000  0.000000E+000  1.000000E+000
  4.350000E+000  7.872091E-001  1.078966E+000  0.000000E+000  8.853403E-001  4.649436E-001  0.000000E+000 -4.649436E-001  8.853403E-001  0.000000E+000  0.000000E+000  0.000000E+000  1.000000E+000
  4.400000E+000  7.982136E-001  1.077224E+000  0.000000E+000  8.868591E-001  4.620400E-001  0.000000E+000 -4.620400E-001  8.868591E-001  0.000000E+000  0.000000E+000  0.000000E+000  1.000000E+000
  4.450000E+000  8.105643E-001  1.075185E+000  0.000000E+000  8.886216E-001  4.586411E-001  0.000000E+000 -4.586411E-001  8.886216E-001  0.000000E+000  0.000000E+000  0.000000E+000  1.000000E+000
  4.500000E+000  8.240908E-001  1.072848E+000  0.000000E+000  8.906206E-001  4.547471E-001  0.000000E+000 -4.547471E-001  8.906206E-001  0.000000E+000  0.000000E+000  0.000000E+000  1.000000E+000
  4.550000E+000  8.386158E-001  1.070218E+000  0.000000E+000  8.928451E-001  4.503638E-001  0.000000E+000 -4.503638E-001  8.928451E-001  0.000000E+000  0.000000E+000  0.000000E+000  1.000000E+000
  4.600000E+000  8.539565E-001  1.067303E+000  0.000000E+000  8.952797E-001  4.455044E-001  0.000000E+000 -4.455044E-001  8.952797E-001  0.000000E+000  0.000000E+000  0.000000E+000  1.000000E+000
  4.650000E+000  8.699275E-001  1.064114E+000  0.000000E+000  8.979045E-001  4.401903E-001  0.000000E+000 -4.401903E-001  8.979045E-001  0.000000E+000  0.000000E+000  0.000000E+000  1.000000E+000
  4.700000E+000  8.863417E-001  1.060672E+000  0.000000E+000  9.006947E-001  4.344527E-001  0.000000E+000 -4.344527E-001  9.006947E-001  0.000000E+000  0.000000E+000  0.000000E+000  1.000000E+000
  4.750000E+000  9.030122E-001  1.057000E+000  0.000000E+000  9.036211E-001  4.283327E-001  0.000000E+000 -4.283327E-001  9.036211E-001  0.000000E+000  0.000000E+000  0.000000E+000  1.000000E+000
  4.800000E+000  9.197537E-001  1.053130E+000  0.000000E+000  9.066505E-001  4.218825E-001  0.000000E+000 -4.218825E-001  9.066505E-001  0.000000E+000  0.000000E+000  0.000000E+000  1.000000E+000
  4.850000E+000  9.363836E-001  1.049099E+000  0.000000E+000  9.097458E-001  4.151656E-001  0.000000E+000 -4.151656E-001  9.097458E-001  0.000000E+000  0.000000E+000  0.000000E+000  1.000000E+000
  4.900000E+000  9.527230E-001  1.044954E+000  0.000000E+000  9.128672E-001  4.082565E-001  0.000000E+000 -4.082565E-001  9.128672E-001  0.000000E+000  0.000000E+000  0.000000E+000  1.000000E+000
  4.950000E+000  9.685980E-001  1.040744E+000  0.000000E+000  9.159727E-001  4.012406E-001  0.000000E+000 -4.012406E-001  9.159727E-001  0.000000E+000  0.000000E+000  0.000000E+000  1.000000E+000
  5.000000E+000  9.838412E-001  1.036528E+000  0.000000E+000  9.190189E-001  3.942134E-001  0.000000E+000 -3.942134E-001  9.190189E-001  0.000000E+000  0.000000E+000  0.000000E+000  1.000000E+000
  5.050000E+000  9.982926E-001  1.032367E+000  0.000000E+000  9.219625E-001  3.872791E-001  0.000000E+000 -3.872791E-001  9.219625E-001  0.000000E+000  0.000000E+000  0.000000E+000  1.000000E+000
  5.100000E+000  1.011802E+000  1.028330E+000  0.000000E+000  9.247607E-001  3.805492E-001  0.000000E+000 -3.805492E-001  9.247607E-001  0.000000E+000  0.000000E+000  0.000000E+000  1.000000E+000
  5.150000E+000  1.024228E+000  1.024484E+000  0.000000E+000  9.273724E-001  3.741395E-001  0.000000E+000 -3.741395E-001  9.273724E-001  0.000000E+000  0.000000E+000  0.000000E+000  1.000000E+000
  5.200000E+000  1.035446E+000  1.020900E+000  0.000000E+000  9.297596E-001  3.681671E-001  0.000000E+000 -3.681671E-001  9.297596E-001  0.000000E+000  0.000000E+000  0.000000E+000  1.000000E+000
  5.250000E+000  1.045342E+000  1.017648E+000  0.000000E+000  9.318879E-001  3.627465E-001  0.000000E+000 -3.627465E-001  9.318879E-001  0.000000E+000  0.000000E+000  0.000000E+000  1.000000E+000
  5.300000E+000  1.053821E+000  1.014791E+000  0.000000E+000  9.337272E-001  3.579854E-001  0.000000E+000 -3.579854E-001  9.337272E-001  0.000000E+000  0.000000E+000  0.000000E+000  1.000000E+000
  5.350000E+000  1.060807E+000  1.012388E+000  0.000000E+000  9.352530E-001  3.539799E-001  0.000000E+000 -3.539799E-001  9.352530E-001  0.000000E+000  0.000000E+000  0.000000E+000  1.000000E+000
  5.400000E+000  1.066243E+000  1.010486E+000  0.000000E+000  9.364466E-001  3.508100E-001  0.000000E+000 -3.508100E-001  9.364466E-001  0.000000E+000  0.000000E+000  0.000000E+000  1.000000E+000
  5.450000E+000  1.070093E+000  1.009121E+000  0.000000E+000  9.372955E-001  3.485358E-001  0.000000E+000 -3.485358E-001  9.372955E-001  0.000000E+000  0.000000E+000  0.000000E+000  1.000000E+000
  5.500000E+000  1.072347E+000  1.008316E+000  0.000000E+000  9.377934E-001  3.471938E-001  0.000000E+000 -3.471938E-001  9.377934E-001  0.000000E+000  0.000000E+000  0.000000E+000  1.000000E+000
  5.550000E+000  1.073012E+000  1.008077E+000  0.000000E+000  9.379407E-001  3.467958E-001  0.000000E+000 -3.467958E-001  9.379407E-001  0.000000E+000  0.000000E+000  0.000000E+000  1.000000E+000
  5.600000E+000  1.072122E+000  1.008397E+000  0.000000E+000  9.377437E-001  3.473279E-001  0.000000E+000 -3.473279E-001  9.377437E-001  0.000000E+000  0.000000E+000  0.000000E+000  1.000000E+000
  5.650000E+000  1.069728E+000  1.009251E+000  0.000000E+000  9.372149E-001  3.487524E-001  0.000000E+000 -3.487524E-001  9.372149E-001  0.000000E+000  0.000000E+000  0.000000E+000  1.000000E+000
  5.700000E+000  1.065902E+000  1.010606E+000  0.000000E+000  9.363718E-001  3.510099E-001  0.000000E+000 -3.510099E-001  9.363718E-001  0.000000E+000  0.000000E+000  0.000000E+000  1.000000E+000
  5.750000E+000  1.060732E+000  1.012414E+000  0.000000E+000  9.352366E-001  3.540232E-001  0.000000E+000 -3.540232E-001  9.352366E-001  0.000000E+000  0.000000E+000  0.000000E+000  1.000000E+000
  5.800000E+000  1.054320E+000  1.014621E+000  0.000000E+000  9.338359E-001  3.577018E-001  0.000000E+000 -3.577018E-001  9.338359E-001  0.000000E+000  0.000000E+000  0.000000E+000  1.000000E+000
  5.850000E+000  1.046781E+000  1.017168E+000  0.000000E+000  9.321990E-001  3.619462E-001  0.000000E+000 -3.619462E-001  9.321990E-001  0.000000E+000  0.000000E+000  0.000000E+000  1.000000E+000
  5.900000E+000  1.038238E+000  1.019991E+000  0.000000E+000  9.303580E-001  3.666524E-001  0.000000E+000 -3.666524E-001  9.303580E-001  0.000000E+000  0.000000E+000  0.000000E+000  1.000000E+000
  5.950000E+000  1.028821E+000  1.023029E+000  0.000000E+000  9.283466E-001  3.717158E-001  0.000000E+000 -3.717158E-001  9.283466E-001  0.000000E+000  0.000000E+000  0.000000E+000  1.000000E+000
  6.000000E+000  1.018667E+000  1.026221E+000  0.000000E+000  9.261993E-001  3.770343E-001  0.000000E+000 -3.770343E-001  9.261993E-001  0.000000E+000  0.000000E+000  0.000000E+000  1.000000E+000
  6.050000E+000  1.007913E+000  1.029507E+000  0.000000E+000  9.239508E-001  3.825113E-001  0.000000E+000 -3.825113E-001  9.239508E-001  0.000000E+000  0.000000E+000  0.000000E+000  1.000000E+000
  6.100000E+000  9.966990E-001  1.032834E+000  0.000000E+000  9.216354E-001  3.880570E-001  0.000000E+000 -3.880570E-001  9.216354E-001  0.000000E+000  0.000000E+000  0.000000E+000  1.000000E+000
  6.150000E+000  9.851631E-001  1.036154E+000  0.000000E+000  9.192860E-001  3.935902E-001  0.000000E+000 -3.935902E-001  9.192860E-001  0.000000E+000  0.000000E+000  0.000000E+000  1.000000E+000
  6.200000E+000  9.734426E-001  1.039423E+000  0.000000E+000  9.169342E-001  3.990385E-001  0.000000E+000 -3.990385E-001  9.169342E-001  0.000000E+000  0.000000E+000  0.000000E+000  1.000000E+000
  6.250000E+000  9.616720E-001  1.042603E+000  0.000000E+000  9.146092E-001  4.043390E-001  0.000000E+000 -4.043390E-001  9.146092E-001  0.000000E+000  0.000000E+000  0.000000E+000  1.000000E+000
  6.300000E+000  9.499815E-001  1.045663E+000  0.000000E+000  9.123381E-001  4.094376E-001  0.000000E+000 -4.094376E-001  9.123381E-001  0.000000E+000  0.000000E+000  0.000000E+000  1.000000E+000
  6.350000E+000  9.384969E-001  1.048574E+000  0.000000E+000  9.101451E-001  4.142895E-001  0.000000E+000 -4.142895E-001  9.101451E-001  0.000000E+000  0.000000E+000  0.000000E+000  1.000000E+000
  6.400000E+000  9.273382E-001  1.051315E+000  0.000000E+000  9.080518E-001  4.188580E-001  0.000000E+000 -4.188580E-001  9.080518E-001  0.000000E+000  0.000000E+000  0.000000E+000  1.000000E+000
  6.450000E+000  9.166188E-001  1.053868E+000  0.000000E+000  9.060765E-001  4.231139E-001  0.000000E+000 -4.231139E-001  9.060765E-001  0.000000E+000  0.000000E+000  0.000000E+000  1.000000E+000
  6.500000E+000  9.064451E-001  1.056221E+000  0.000000E+000  9.042350E-001  4.270351E-001  0.000000E+000 -4.270351E-001  9.042350E-001  0.000000E+000  0.000000E+000  0.000000E+000  1.000000E+000
  6.550000E+000  8.969153E-001  1.058363E+000  0.000000E+000  9.025402E-001  4.306055E-001  0.000000E+000 -4.306055E-001  9.025402E-001  0.000000E+000  0.000000E+000  0.000000E+000  1.000000E+000
  6.600000E+000  8.881188E-001  1.060289E+000  0.000000E+000  9.010023E-001  4.338144E-001  0.000000E+000 -4.338144E-001  9.010023E-001  0.000000E+000  0.000000E+000  0.000000E+000  1.000000E+000
  6.650000E+000  8.801356E-001  1.061993E+000  0.000000E+000  8.996289E-001  4.366553E-001  0.000000E+000 -4.366553E-001  8.996289E-001  0.000000E+000  0.000000E+000  0.000000E+000  1.000000E+000
  6.700000E+000  8.730353E-001  1.063475E+000  0.000000E+000  8.984257E-001  4.391256E-001  0.000000E+000 -4.391256E-001  8.984257E-001  0.000000E+000  0.000000E+000  0.000000E+000  1.000000E+000
  6.750000E+000  8.668770E-001  1.064735E+000  0.000000E+000  8.973962E-001  4.412257E-001  0.000000E+000 -4.412257E-001  8.973962E-001  0.000000E+000  0.000000E+000  0.000000E+000  1.000000E+000
  6.800000E+000  8.617084E-001  1.065775E+000  0.000000E+000  8.965424E-001  4.429579E-001  0.000000E+000 -4.429579E-001  8.965424E-001  0.000000E+000  0.000000E+000  0.000000E+000  1.000000E+000
  6.850000E+000  8.575656E-001  1.066596E+000  0.000000E+000  8.958649E-001  4.443265E-001  0.000000E+000 -4.443265E-001  8.958649E-001  0.000000E+000  0.000000E+000  0.000000E+000  1.000000E+000
  6.900000E+000  8.544728E-001  1.067202E+000  0.000000E+000  8.953632E-001  4.453367E-001  0.000000E+000 -4.453367E-001  8.953632E-001  0.000000E+000  0.000000E+000  0.000000E+000  1.000000E+000
  6.950000E+000  8.524419E-001  1.067597E+000  0.000000E+000  8.950356E-001  4.459948E-001  0.000000E+000 -4.459948E-001  8.950356E-001  0.000000E+000  0.000000E+000  0.000000E+000  1.000000E+000
  7.000000E+000  8.514732E-001  1.067784E+000  0.000000E+000  8.948798E-001  4.463072E-001  0.000000E+000 -4.463072E-001  8.948798E-001  0.000000E+000  0.000000E+000  0.000000E+000  1.000000E+000
  7.050000E+000  8.515549E-001  1.067769E+000  0.000000E+000  8.948929E-001  4.462809E-001  0.000000E+000 -4.462809E-001  8.948929E-001  0.000000E+000  0.000000E+000  0.000000E+000  1.000000E+000
  7.100000E+000  8.526638E-001  1.067554E+000  0.000000E+000  8.950713E-001  4.459231E-001  0.000000E+000 -4.459231E-001  8.950713E-001  0.000000E+000  0.000000E+000  0.000000E+000  1.000000E+000
  7.150000E+000  8.547658E-001  1.067145E+000  0.000000E+000  8.954106E-001  4.452414E-001  0.000000E+000 -4.452414E-001  8.954106E-001  0.000000E+000  0.000000E+000  0.000000E+000  1.000000E+000
  7.200000E+000  8.578165E-001  1.066546E+000  0.000000E+000  8.959058E-001  4.442441E-001  0.000000E+000 -4.442441E-001  8.959058E-001  0.000000E+000  0.000000E+000  0.000000E+000  1.000000E+000
  7.250000E+000  8.617620E-001  1.065764E+000  0.000000E+000  8.965512E-001  4.429400E-001  0.000000E+000 -4.429400E-001  8.965512E-001  0.000000E+000  0.000000E+000  0.000000E+000  1.000000E+000
  7.300000E+000  8.665397E-001  1.064804E+000  0.000000E+000  8.973402E-001  4.413395E-001  0.000000E+000 -4.413395E-001  8.973402E-001  0.000000E+000  0.000000E+000  0.000000E+000  1.000000E+000
  7.350000E+000  8.720794E-001  1.063673E+000  0.000000E+000  8.982650E-001  4.394542E-001  0.000000E+000 -4.394542E-001  8.982650E-001  0.000000E+000  0.000000E+000  0.000000E+000  1.000000E+000
  7.400000E+000  8.783039E-001  1.062379E+000  0.000000E+000  8.993168E-001  4.372976E-001  0.000000E+000 -4.372976E-001  8.993168E-001  0.000000E+000  0.000000E+000  0.000000E+000  1.000000E+000
  7.450000E+000  8.851306E-001  1.060931E+000  0.000000E+000  9.004857E-001  4.348857E-001  0.000000E+000 -4.348857E-001  9.004857E-001  0.000000E+000  0.000000E+000  0.000000E+000  1.000000E+000
  7.500000E+000  8.924720E-001  1.059342E+000  0.000000E+000  9.017602E-001  4.322368E-001  0.000000E+000 -4.322368E-001  9.017602E-001  0.000000E+000  0.000000E+000  0.000000E+000  1.000000E+000
  7.550000E+000  9.002372E-001  1.057623E+000  0.000000E+000  9.031277E-001  4.293721E-001  0.000000E+000 -4.293721E-001  9.031277E-001  0.000000E+000  0.000000E+000  0.000000E+000  1.000000E+000
  7.600000E+000  9.083325E-001  1.055790E+000  0.000000E+000  9.045742E-001  4.263163E-001  0.000000E+000 -4.263163E-001  9.045742E-001  0.000000E+000  0.000000E+000  0.000000E+000  1.000000E+000
  7.650000E+000  9.166628E-001  1.053858E+000  0.000000E+000  9.060845E-001  4.230967E-001  0.000000E+000 -4.230967E-001  9.060845E-001  0.000000E+000  0.000000E+000  0.000000E+000  1.000000E+000
  7.700000E+000  9.251321E-001  1.051847E+000  0.000000E+000  9.076423E-001  4.197444E-001  0.000000E+000 -4.197444E-001  9.076423E-001  0.000000E+000  0.000000E+000  0.000000E+000  1.000000E+000
  7.750000E+000  9.336449E-001  1.049776E+000  0.000000E+000  9.092303E-001  4.162934E-001  0.000000E+000 -4.162934E-001  9.092303E-001  0.000000E+000  0.000000E+000  0.000000E+000  1.000000E+000
  7.800000E+000  9.421072E-001  1.047668E+000  0.000000E+000  9.108304E-001  4.127808E-001  0.000000E+000 -4.127808E-001  9.108304E-001  0.000000E+000  0.000000E+000  0.000000E+000  1.000000E+000
  7.850000E+000  9.504268E-001  1.045548E+000  0.000000E+000  9.124239E-001  4.092464E-001  0.000000E+000 -4.092464E-001  9.124239E-001  0.000000E+000  0.000000E+000  0.000000E+000  1.000000E+000
  7.900000E+000  9.585149E-001  1.043439E+000  0.000000E+000  9.139921E-001  4.057320E-001  0.000000E+000 -4.057320E-001  9.139921E-001  0.000000E+000  0.000000E+000  0.000000E+000  1.000000E+000
  7.950000E+000  9.662865E-001  1.041369E+000  0.000000E+000  9.155162E-001  4.022812E-001  0.000000E+000 -4.022812E-001  9.155162E-001  0.000000E+000  0.000000E+000  0.000000E+000  1.000000E+000
  8.000000E+000  9.736615E-001  1.039363E+000  0.000000E+000  9.169777E-001  3.989384E-001  0.000000E+000 -3.989384E-001  9.169777E-001  0.000000E+000  0.000000E+000  0.000000E+000  1.000000E+000
  8.050000E+000  9.805653E-001  1.037449E+000  0.000000E+000  9.183591E-001  3.957481E-001  0.000000E+000 -3.957481E-001  9.183591E-001  0.000000E+000  0.000000E+000  0.000000E+000  1.000000E+000
  8.100000E+000  9.869300E-001  1.035652E+000  0.000000E+000  9.196436E-001  3.927538E-001  0.000000E+000 -3.927538E-001  9.196436E-001  0.000000E+000  0.000000E+000  0.000000E+000  1.000000E+000
  8.150000E+000  9.926946E-001  1.033998E+000  0.000000E+000  9.208160E-001  3.899972E-001  0.000000E+000 -3.899972E-001  9.208160E-001  0.000000E+000  0.000000E+000  0.000000E+000  1.000000E+000
  8.200000E+000  9.978061E-001  1.032510E+000  0.000000E+000  9.218626E-001  3.875170E-001  0.000000E+000 -3.875170E-001  9.218626E-001  0.000000E+000  0.000000E+000  0.000000E+000  1.000000E+000
  8.250000E+000  1.002220E+000  1.031209E+000  0.000000E+000  9.227714E-001  3.853477E-001  0.000000E+000 -3.853477E-001  9.227714E-001  0.000000E+000  0.000000E+000  0.000000E+000  1.000000E+000
  8.300000E+000  1.005900E+000  1.030112E+000  0.000000E+000  9.235329E-001  3.835192E-001  0.000000E+000 -3.835192E-001  9.235329E-001  0.000000E+000  0.000000E+000  0.000000E+000  1.000000E+000
  8.350000E+000  1.008820E+000  1.029233E+000  0.000000E+000  9.241394E-001  3.820554E-001  0.000000E+000 -3.820554E-001  9.241394E-001  0.000000E+000  0.000000E+000  0.000000E+000  1.000000E+000
  8.400000E+000  1.010964E+000  1.028584E+000  0.000000E+000  9.245859E-001  3.809736E-001  0.000000E+000 -3.809736E-001  9.245859E-001  0.000000E+000  0.000000E+000  0.000000E+000  1.000000E+000
  8.450000E+000  1.012323E+000  1.028171E+000  0.000000E+000  9.248696E-001  3.802843E-001  0.000000E+000 -3.802843E-001  9.248696E-001  0.000000E+000  0.000000E+000  0.000000E+000  1.000000E+000
  8.500000E+000  1.012901E+000  1.027994E+000  0.000000E+000  9.249903E-001  3.799907E-001  0.000000E+000 -3.799907E-001  9.249903E-001  0.000000E+000  0.000000E+000  0.000000E+000  1.000000E+000
  8.550000E+000  1.012708E+000  1.028053E+000  0.000000E+000  9.249500E-001  3.800889E-001  0.000000E+000 -3.800889E-001  9.249500E-001  0.000000E+000  0.000000E+000  0.000000E+000  1.000000E+000
  8.600000E+000  1.011765E+000  1.028341E+000  0.000000E+000  9.247530E-001  3.805678E-001  0.000000E+000 -3.805678E-001  9.247530E-001  0.000000E+000  0.000000E+000  0.000000E+000  1.000000E+000
  8.650000E+000  1.010101E+000  1.028846E+000  0.000000E+000  9.244060E-001  3.814099E-001  0.000000E+000 -3.814099E-001  9.244060E-001  0.000000E+000  0.000000E+000  0.000000E+000  1.000000E+000
  8.700000E+000  1.007752E+000  1.029555E+000  0.000000E+000  9.239173E-001  3.825921E-001  0.000000E+000 -3.825921E-001  9.239173E-001  0.000000E+000  0.000000E+000  0.000000E+000  1.000000E+000
  8.750000E+000  1.004763E+000  1.030452E+000  0.000000E+000  9.232973E-001  3.840861E-001  0.000000E+000 -3.840861E-001  9.232973E-001  0.000000E+000  0.000000E+000  0.000000E+000  1.000000E+000
  8.800000E+000  1.001183E+000  1.031516E+000  0.000000E+000  9.225575E-001  3.858597E-001  0.000000E+000 -3.858597E-001  9.225575E-001  0.000000E+000  0.000000E+000  0.000000E+000  1.000000E+000
  8.850000E+000  9.970674E-001  1.032727E+000  0.000000E+000  9.217109E-001  3.878775E-001  0.000000E+000 -3.878775E-001  9.217109E-001  0.000000E+000  0.000000E+000  0.000000E+000  1.000000E+000
  8.900000E+000  9.924768E-001  1.034061E+000  0.000000E+000  9.207716E-001  3.901022E-001  0.000000E+000 -3.901022E-001  9.207716E-001  0.000000E+000  0.000000E+000  0.000000E+000  1.000000E+000
  8.950000E+000  9.874745E-001  1.035497E+000  0.000000E+000  9.197540E-001  3.924953E-001  0.000000E+000 -3.924953E-001  9.197540E-001  0.000000E+000  0.000000E+000  0.000000E+000  1.000000E+000
  9.000000E+000  9.821271E-001  1.037011E+000  0.000000E+000  9.186733E-001  3.950181E-001  0.000000E+000 -3.950181E-001  9.186733E-001  0.000000E+000  0.000000E+000  0.000000E+000  1.000000E+000
  9.050000E+000  9.765031E-001  1.038579E+000  0.000000E+000  9.175448E-001  3.976325E-001  0.000000E+000 -3.976325E-001  9.175448E-001  0.000000E+000  0.000000E+000  0.000000E+000  1.000000E+000
  9.100000E+000  9.706719E-001  1.040181E+000  0.000000E+000  9.163835E-001  4.003015E-001  0.000000E+000 -4.003015E-001  9.163835E-001  0.000000E+000  0.000000E+000  0.000000E+000  1.000000E+000
  9.150000E+000  9.647034E-001  1.041794E+000  0.000000E+000  9.152044E-001  4.029901E-001  0.000000E+000 -4.029901E-001  9.152044E-001  0.000000E+000  0.000000E+000  0.000000E+000  1.000000E+000
  9.200000E+000  9.586669E-001  1.043399E+000  0.000000E+000  9.140218E-001  4.056652E-001  0.000000E+000 -4.056652E-001  9.140218E-001  0.000000E+000  0.000000E+000  0.000000E+000  1.000000E+000
  9.250000E+000  9.526308E-001  1.044978E+000  0.000000E+000  9.128494E-001  4.082964E-001  0.000000E+000 -4.082964E-001  9.128494E-001  0.000000E+000  0.000000E+000  0.000000E+000  1.000000E+000
  9.300000E+000  9.466616E-001  1.046514E+000  0.000000E+000  9.117002E-001  4.108560E-001  0.000000E+000 -4.108560E-001  9.117002E-001  0.000000E+000  0.000000E+000  0.000000E+000  1.000000E+000
  9.350000E+000  9.408231E-001  1.047992E+000  0.000000E+000  9.105862E-001  4.133192E-001  0.000000E+000 -4.133192E-001  9.105862E-001  0.000000E+000  0.000000E+000  0.000000E+000  1.000000E+000
  9.400000E+000  9.351764E-001  1.049398E+000  0.000000E+000  9.095183E-001  4.156638E-001  0.000000E+000 -4.156638E-001  9.095183E-001  0.000000E+000  0.000000E+000  0.000000E+000  1.000000E+000
  9.450000E+000  9.297790E-001  1.050722E+000  0.000000E+000  9.085065E-001  4.178708E-001  0.000000E+000 -4.178708E-001  9.085065E-001  0.000000E+000  0.000000E+000  0.000000E+000  1.000000E+000
  9.500000E+000  9.246841E-001  1.051954E+000  0.000000E+000  9.075594E-001  4.199238E-001  0.000000E+000 -4.199238E-001  9.075594E-001  0.000000E+000  0.000000E+000  0.000000E+000  1.000000E+000
  9.550000E+000  9.199406E-001  1.053085E+000  0.000000E+000  9.066848E-001  4.218088E-001  0.000000E+000 -4.218088E-001  9.066848E-001  0.000000E+000  0.000000E+000  0.000000E+000  1.000000E+000
  9.600000E+000  9.155925E-001  1.054109E+000  0.000000E+000  9.058893E-001  4.235146E-001  0.000000E+000 -4.235146E-001  9.058893E-001  0.000000E+000  0.000000E+000  0.000000E+000  1.000000E+000
  9.650000E+000  9.116786E-001  1.055019E+000  0.000000E+000  9.051782E-001  4.250322E-001  0.000000E+000 -4.250322E-001  9.051782E-001  0.000000E+000  0.000000E+000  0.000000E+000  1.000000E+000
  9.700000E+000  9.082320E-001  1.055813E+000  0.000000E+000  9.045561E-001  4.263546E-001  0.000000E+000 -4.263546E-001  9.045561E-001  0.000000E+000  0.000000E+000  0.000000E+000  1.000000E+000
  9.750000E+000  9.052801E-001  1.056486E+000  0.000000E+000  9.040263E-001  4.274769E-001  0.000000E+000 -4.274769E-001  9.040263E-001  0.000000E+000  0.000000E+000  0.000000E+000  1.000000E+000
  9.800000E+000  9.028445E-001  1.057037E+000  0.000000E+000  9.035912E-001  4.283957E-001  0.000000E+000 -4.283957E-001  9.035912E-001  0.000000E+000  0.000000E+000  0.000000E+000  1.000000E+000
  9.850000E+000  9.009404E-001  1.057466E+000  0.000000E+000  9.032525E-001  4.291095E-001  0.000000E+000 -4.291095E-001  9.032525E-001  0.000000E+000  0.000000E+000  0.000000E+000  1.000000E+000
  9.900000E+000  8.995772E-001  1.057771E+000  0.000000E+000  9.030107E-001  4.296181E-001  0.000000E+000 -4.296181E-001  9.030107E-001  0.000000E+000  0.000000E+000  0.000000E+000  1.000000E+000
  9.950000E+000  8.987582E-001  1.057954E+000  0.000000E+000  9.028657E-001  4.299228E-001  0.000000E+000 -4.299228E-001  9.028657E-001  0.000000E+000  0.000000E+000  0.000000E+000  1.000000E+000
