% FILE: robot_arm.6
%
%       t         P_No_Eo[1]     P_No_Eo[2]     P_No_Eo[3]      N_E[1,1]       N_E[1,2]       N_E[1,3]       N_E[2,1]       N_E[2,2]       N_E[2,3]       N_E[3,1]       N_E[3,2]       N_E[3,3]
%   (second)        (meter)        (meter)        (meter)       (NoUnits)      (NoUnits)      (NoUnits)      (NoUnits)      (NoUnits)      (NoUnits)      (NoUnits)      (NoUnits)      (NoUnits)

  0.000000E+000  1.949494E+000  4.000000E-001  0.000000E+000  1.000000E+000  0.000000E+000  0.000000E+000  0.000000E+000  1.000000E+000  0.000000E+000  0.000000E+000  0.000000E+000  1.000000E+000
  5.000000E-002  1.941250E+000  4.000000E-001  0.000000E+000  9.997876E-001 -2.060934E-002  0.000000E+000  2.060934E-002  9.997876E-001  0.000000E+000  0.000000E+000  0.000000E+000  1.000000E+000
  1.000000E-001  1.919370E+000  4.000000E-001  0.000000E+000  9.971655E-001 -7.523958E-002  0.000000E+000  7.523958E-002  9.971655E-001  0.000000E+000  0.000000E+000  0.000000E+000  1.000000E+000
  1.500000E-001  1.887784E+000  4.000000E-001  0.000000E+000  9.881231E-001 -1.536642E-001  0.000000E+000  1.536642E-001  9.881231E-001  0.000000E+000  0.000000E+000  0.000000E+000  1.000000E+000
  2.000000E-001  1.849334E+000  4.000000E-001  0.000000E+000  9.688134E-001 -2.477914E-001  0.000000E+000  2.477914E-001  9.688134E-001  0.000000E+000  0.000000E+000  0.000000E+000  1.000000E+000
  2.500000E-001  1.805994E+000  4.000000E-001  0.000000E+000  9.363363E-001 -3.511045E-001  0.000000E+000  3.511045E-001  9.363363E-001  0.000000E+000  0.000000E+000  0.000000E+000  1.000000E+000
  3.000000E-001  1.759196E+000  4.000000E-001  0.000000E+000  8.889515E-001 -4.580014E-001  0.000000E+000  4.580014E-001  8.889515E-001  0.000000E+000  0.000000E+000  0.000000E+000  1.000000E+000
  3.500000E-001  1.710037E+000  4.000000E-001  0.000000E+000  8.261018E-001 -5.635209E-001  0.000000E+000  5.635209E-001  8.261018E-001  0.000000E+000  0.000000E+000  0.000000E+000  1.000000E+000
  4.000000E-001  1.659401E+000  4.000000E-001  0.000000E+000  7.483456E-001 -6.633090E-001  0.000000E+000  6.633090E-001  7.483456E-001  0.000000E+000  0.000000E+000  0.000000E+000  1.000000E+000
  4.500000E-001  1.608028E+000  4.000000E-001  0.000000E+000  6.572245E-001 -7.536949E-001  0.000000E+000  7.536949E-001  6.572245E-001  0.000000E+000  0.000000E+000  0.000000E+000  1.000000E+000
  5.000000E-001  1.556559E+000  4.000000E-001  0.000000E+000  5.550799E-001 -8.317970E-001  0.000000E+000  8.317970E-001  5.550799E-001  0.000000E+000  0.000000E+000  0.000000E+000  1.000000E+000
  5.500000E-001  1.505570E+000  4.000000E-001  0.000000E+000  4.448328E-001 -8.956136E-001  0.000000E+000  8.956136E-001  4.448328E-001  0.000000E+000  0.000000E+000  0.000000E+000  1.000000E+000
  6.000000E-001  1.455588E+000  4.000000E-001  0.000000E+000  3.297443E-001 -9.440703E-001  0.000000E+000  9.440703E-001  3.297443E-001  0.000000E+000  0.000000E+000  0.000000E+000  1.000000E+000
  6.500000E-001  1.407105E+000  4.000000E-001  0.000000E+000  2.131753E-001 -9.770140E-001  0.000000E+000  9.770140E-001  2.131753E-001  0.000000E+000  0.000000E+000  0.000000E+000  1.000000E+000
  7.000000E-001  1.360585E+000  4.000000E-001  0.000000E+000  9.836535E-002 -9.951504E-001  0.000000E+000  9.951504E-001  9.836535E-002  0.000000E+000  0.000000E+000  0.000000E+000  1.000000E+000
  7.500000E-001  1.316474E+000  4.000000E-001  0.000000E+000 -1.175392E-002 -9.999309E-001  0.000000E+000  9.999309E-001 -1.175392E-002  0.000000E+000  0.000000E+000  0.000000E+000  1.000000E+000
  8.000000E-001  1.275195E+000  4.000000E-001  0.000000E+000 -1.146982E-001 -9.934004E-001  0.000000E+000  9.934004E-001 -1.146982E-001  0.000000E+000  0.000000E+000  0.000000E+000  1.000000E+000
  8.500000E-001  1.237153E+000  4.000000E-001  0.000000E+000 -2.085149E-001 -9.780192E-001  0.000000E+000  9.780192E-001 -2.085149E-001  0.000000E+000  0.000000E+000  0.000000E+000  1.000000E+000
  9.000000E-001  1.202727E+000  4.000000E-001  0.000000E+000 -2.918114E-001 -9.564759E-001  0.000000E+000  9.564759E-001 -2.918114E-001  0.000000E+000  0.000000E+000  0.000000E+000  1.000000E+000
  9.500000E-001  1.172267E+000  4.000000E-001  0.000000E+000 -3.637308E-001 -9.315041E-001  0.000000E+000  9.315041E-001 -3.637308E-001  0.000000E+000  0.000000E+000  0.000000E+000  1.000000E+000
  1.000000E+000  1.146084E+000  4.000000E-001  0.000000E+000 -4.238839E-001 -9.057165E-001  0.000000E+000  9.057165E-001 -4.238839E-001  0.000000E+000  0.000000E+000  0.000000E+000  1.000000E+000
  1.050000E+000  1.124438E+000  4.000000E-001  0.000000E+000 -4.722505E-001 -8.814644E-001  0.000000E+000  8.814644E-001 -4.722505E-001  0.000000E+000  0.000000E+000  0.000000E+000  1.000000E+000
  1.100000E+000  1.107536E+000  4.000000E-001  0.000000E+000 -5.090646E-001 -8.607283E-001  0.000000E+000  8.607283E-001 -5.090646E-001  0.000000E+000  0.000000E+000  0.000000E+000  1.000000E+000
  1.150000E+000  1.095515E+000  4.000000E-001  0.000000E+000 -5.346990E-001 -8.450426E-001  0.000000E+000  8.450426E-001 -5.346990E-001  0.000000E+000  0.000000E+000  0.000000E+000  1.000000E+000
  1.200000E+000  1.088438E+000  4.000000E-001  0.000000E+000 -5.495649E-001 -8.354510E-001  0.000000E+000  8.354510E-001 -5.495649E-001  0.000000E+000  0.000000E+000  0.000000E+000  1.000000E+000
  1.250000E+000  1.086293E+000  4.000000E-001  0.000000E+000 -5.540366E-001 -8.324923E-001  0.000000E+000  8.324923E-001 -5.540366E-001  0.000000E+000  0.000000E+000  0.000000E+000  1.000000E+000
  1.300000E+000  1.088991E+000  4.000000E-001  0.000000E+000 -5.484095E-001 -8.362099E-001  0.000000E+000  8.362099E-001 -5.484095E-001  0.000000E+000  0.000000E+000  0.000000E+000  1.000000E+000
  1.350000E+000  1.096369E+000  4.000000E-001  0.000000E+000 -5.328926E-001 -8.461829E-001  0.000000E+000  8.461829E-001 -5.328926E-001  0.000000E+000  0.000000E+000  0.000000E+000  1.000000E+000
  1.400000E+000  1.108202E+000  4.000000E-001  0.000000E+000 -5.076323E-001 -8.615738E-001  0.000000E+000  8.615738E-001 -5.076323E-001  0.000000E+000  0.000000E+000  0.000000E+000  1.000000E+000
  1.450000E+000  1.124206E+000  4.000000E-001  0.000000E+000 -4.727617E-001 -8.811903E-001  0.000000E+000  8.811903E-001 -4.727617E-001  0.000000E+000  0.000000E+000  0.000000E+000  1.000000E+000
  1.500000E+000  1.144059E+000  4.000000E-001  0.000000E+000 -4.284639E-001 -9.035589E-001  0.000000E+000  9.035589E-001 -4.284639E-001  0.000000E+000  0.000000E+000  0.000000E+000  1.000000E+000
  1.550000E+000  1.167400E+000  4.000000E-001  0.000000E+000 -3.750393E-001 -9.270089E-001  0.000000E+000  9.270089E-001 -3.750393E-001  0.000000E+000  0.000000E+000  0.000000E+000  1.000000E+000
  1.600000E+000  1.193849E+000  4.000000E-001  0.000000E+000 -3.129684E-001 -9.497635E-001  0.000000E+000  9.497635E-001 -3.129684E-001  0.000000E+000  0.000000E+000  0.000000E+000  1.000000E+000
  1.650000E+000  1.223010E+000  4.000000E-001  0.000000E+000 -2.429581E-001 -9.700368E-001  0.000000E+000  9.700368E-001 -2.429581E-001  0.000000E+000  0.000000E+000  0.000000E+000  1.000000E+000
  1.700000E+000  1.254479E+000  4.000000E-001  0.000000E+000 -1.659690E-001 -9.861310E-001  0.000000E+000  9.861310E-001 -1.659690E-001  0.000000E+000  0.000000E+000  0.000000E+000  1.000000E+000
  1.750000E+000  1.287850E+000  4.000000E-001  0.000000E+000 -8.321756E-002 -9.965314E-001  0.000000E+000  9.965314E-001 -8.321756E-002  0.000000E+000  0.000000E+000  0.000000E+000  1.000000E+000
  1.800000E+000  1.322714E+000  4.000000E-001  0.000000E+000  3.846855E-003 -9.999926E-001  0.000000E+000  9.999926E-001  3.846855E-003  0.000000E+000  0.000000E+000  0.000000E+000  1.000000E+000
  1.850000E+000  1.358666E+000  4.000000E-001  0.000000E+000  9.358863E-002 -9.956110E-001  0.000000E+000  9.956110E-001  9.358863E-002  0.000000E+000  0.000000E+000  0.000000E+000  1.000000E+000
  1.900000E+000  1.395300E+000  4.000000E-001  0.000000E+000  1.842521E-001 -9.828790E-001  0.000000E+000  9.828790E-001  1.842521E-001  0.000000E+000  0.000000E+000  0.000000E+000  1.000000E+000
  1.950000E+000  1.432213E+000  4.000000E-001  0.000000E+000  2.740419E-001 -9.617177E-001  0.000000E+000  9.617177E-001  2.740419E-001  0.000000E+000  0.000000E+000  0.000000E+000  1.000000E+000
  2.000000E+000  1.469002E+000  4.000000E-001  0.000000E+000  3.612105E-001 -9.324843E-001  0.000000E+000  9.324843E-001  3.612105E-001  0.000000E+000  0.000000E+000  0.000000E+000  1.000000E+000
  2.050000E+000  1.505263E+000  4.000000E-001  0.000000E+000  4.441448E-001 -8.959550E-001  0.000000E+000  8.959550E-001  4.441448E-001  0.000000E+000  0.000000E+000  0.000000E+000  1.000000E+000
  2.100000E+000  1.540593E+000  4.000000E-001  0.000000E+000  5.214453E-001 -8.532847E-001  0.000000E+000  8.532847E-001  5.214453E-001  0.000000E+000  0.000000E+000  0.000000E+000  1.000000E+000
  2.150000E+000  1.574585E+000  4.000000E-001  0.000000E+000  5.919895E-001 -8.059457E-001  0.000000E+000  8.059457E-001  5.919895E-001  0.000000E+000  0.000000E+000  0.000000E+000  1.000000E+000
  2.200000E+000  1.606835E+000  4.000000E-001  0.000000E+000  6.549751E-001 -7.556505E-001  0.000000E+000  7.556505E-001  6.549751E-001  0.000000E+000  0.000000E+000  0.000000E+000  1.000000E+000
  2.250000E+000  1.636940E+000  4.000000E-001  0.000000E+000  7.099383E-001 -7.042639E-001  0.000000E+000  7.042639E-001  7.099383E-001  0.000000E+000  0.000000E+000  0.000000E+000  1.000000E+000
  2.300000E+000  1.664503E+000  4.000000E-001  0.000000E+000  7.567453E-001 -6.537099E-001  0.000000E+000  6.537099E-001  7.567453E-001  0.000000E+000  0.000000E+000  0.000000E+000  1.000000E+000
  2.350000E+000  1.689146E+000  4.000000E-001  0.000000E+000  7.955578E-001 -6.058778E-001  0.000000E+000  6.058778E-001  7.955578E-001  0.000000E+000  0.000000E+000  0.000000E+000  1.000000E+000
  2.400000E+000  1.710515E+000  4.000000E-001  0.000000E+000  8.267748E-001 -5.625331E-001  0.000000E+000  5.625331E-001  8.267748E-001  0.000000E+000  0.000000E+000  0.000000E+000  1.000000E+000
  2.450000E+000  1.728297E+000  4.000000E-001  0.000000E+000  8.509565E-001 -5.252362E-001  0.000000E+000  5.252362E-001  8.509565E-001  0.000000E+000  0.000000E+000  0.000000E+000  1.000000E+000
  2.500000E+000  1.742235E+000  4.000000E-001  0.000000E+000  8.687382E-001 -4.952717E-001  0.000000E+000  4.952717E-001  8.687382E-001  0.000000E+000  0.000000E+000  0.000000E+000  1.000000E+000
  2.550000E+000  1.752147E+000  4.000000E-001  0.000000E+000  8.807437E-001 -4.735932E-001  0.000000E+000  4.735932E-001  8.807437E-001  0.000000E+000  0.000000E+000  0.000000E+000  1.000000E+000
  2.600000E+000  1.757941E+000  4.000000E-001  0.000000E+000  8.875106E-001 -4.607874E-001  0.000000E+000  4.607874E-001  8.875106E-001  0.000000E+000  0.000000E+000  0.000000E+000  1.000000E+000
  2.650000E+000  1.759619E+000  4.000000E-001  0.000000E+000  8.894361E-001 -4.570596E-001  0.000000E+000  4.570596E-001  8.894361E-001  0.000000E+000  0.000000E+000  0.000000E+000  1.000000E+000
  2.700000E+000  1.757284E+000  4.000000E-001  0.000000E+000  8.867521E-001 -4.622453E-001  0.000000E+000  4.622453E-001  8.867521E-001  0.000000E+000  0.000000E+000  0.000000E+000  1.000000E+000
  2.750000E+000  1.751125E+000  4.000000E-001  0.000000E+000  8.795297E-001 -4.758440E-001  0.000000E+000  4.758440E-001  8.795297E-001  0.000000E+000  0.000000E+000  0.000000E+000  1.000000E+000
  2.800000E+000  1.741406E+000  4.000000E-001  0.000000E+000  8.677105E-001 -4.970699E-001  0.000000E+000  4.970699E-001  8.677105E-001  0.000000E+000  0.000000E+000  0.000000E+000  1.000000E+000
  2.850000E+000  1.728449E+000  4.000000E-001  0.000000E+000  8.511561E-001 -5.249126E-001  0.000000E+000  5.249126E-001  8.511561E-001  0.000000E+000  0.000000E+000  0.000000E+000  1.000000E+000
  2.900000E+000  1.712607E+000  4.000000E-001  0.000000E+000  8.297055E-001 -5.582013E-001  0.000000E+000  5.582013E-001  8.297055E-001  0.000000E+000  0.000000E+000  0.000000E+000  1.000000E+000
  2.950000E+000  1.694256E+000  4.000000E-001  0.000000E+000  8.032324E-001 -5.956657E-001  0.000000E+000  5.956657E-001  8.032324E-001  0.000000E+000  0.000000E+000  0.000000E+000  1.000000E+000
  3.000000E+000  1.673776E+000  4.000000E-001  0.000000E+000  7.716945E-001 -6.359934E-001  0.000000E+000  6.359934E-001  7.716945E-001  0.000000E+000  0.000000E+000  0.000000E+000  1.000000E+000
  3.050000E+000  1.651543E+000  4.000000E-001  0.000000E+000  7.351711E-001 -6.778816E-001  0.000000E+000  6.778816E-001  7.351711E-001  0.000000E+000  0.000000E+000  0.000000E+000  1.000000E+000
  3.100000E+000  1.627925E+000  4.000000E-001  0.000000E+000  6.938870E-001 -7.200839E-001  0.000000E+000  7.200839E-001  6.938870E-001  0.000000E+000  0.000000E+000  0.000000E+000  1.000000E+000
  3.150000E+000  1.603274E+000  4.000000E-001  0.000000E+000  6.482216E-001 -7.614518E-001  0.000000E+000  7.614518E-001  6.482216E-001  0.000000E+000  0.000000E+000  0.000000E+000  1.000000E+000
  3.200000E+000  1.577929E+000  4.000000E-001  0.000000E+000  5.987054E-001 -8.009693E-001  0.000000E+000  8.009693E-001  5.987054E-001  0.000000E+000  0.000000E+000  0.000000E+000  1.000000E+000
  3.250000E+000  1.552211E+000  4.000000E-001  0.000000E+000  5.460054E-001 -8.377817E-001  0.000000E+000  8.377817E-001  5.460054E-001  0.000000E+000  0.000000E+000  0.000000E+000  1.000000E+000
  3.300000E+000  1.526425E+000  4.000000E-001  0.000000E+000  4.909004E-001 -8.712157E-001  0.000000E+000  8.712157E-001  4.909004E-001  0.000000E+000  0.000000E+000  0.000000E+000  1.000000E+000
  3.350000E+000  1.500858E+000  4.000000E-001  0.000000E+000  4.342519E-001 -9.007915E-001  0.000000E+000  9.007915E-001  4.342519E-001  0.000000E+000  0.000000E+000  0.000000E+000  1.000000E+000
  3.400000E+000  1.475784E+000  4.000000E-001  0.000000E+000  3.769699E-001 -9.262255E-001  0.000000E+000  9.262255E-001  3.769699E-001  0.000000E+000  0.000000E+000  0.000000E+000  1.000000E+000
  3.450000E+000  1.451458E+000  4.000000E-001  0.000000E+000  3.199788E-001 -9.474247E-001  0.000000E+000  9.474247E-001  3.199788E-001  0.000000E+000  0.000000E+000  0.000000E+000  1.000000E+000
  3.500000E+000  1.428119E+000  4.000000E-001  0.000000E+000  2.641856E-001 -9.644719E-001  0.000000E+000  9.644719E-001  2.641856E-001  0.000000E+000  0.000000E+000  0.000000E+000  1.000000E+000
  3.550000E+000  1.405990E+000  4.000000E-001  0.000000E+000  2.104502E-001 -9.776046E-001  0.000000E+000  9.776046E-001  2.104502E-001  0.000000E+000  0.000000E+000  0.000000E+000  1.000000E+000
  3.600000E+000  1.385274E+000  4.000000E-001  0.000000E+000  1.595628E-001 -9.871878E-001  0.000000E+000  9.871878E-001  1.595628E-001  0.000000E+000  0.000000E+000  0.000000E+000  1.000000E+000
  3.650000E+000  1.366161E+000  4.000000E-001  0.000000E+000  1.122259E-001 -9.936827E-001  0.000000E+000  9.936827E-001  1.122259E-001  0.000000E+000  0.000000E+000  0.000000E+000  1.000000E+000
  3.700000E+000  1.348815E+000  4.000000E-001  0.000000E+000  6.904354E-002 -9.976136E-001  0.000000E+000  9.976136E-001  6.904354E-002  0.000000E+000  0.000000E+000  0.000000E+000  1.000000E+000
  3.750000E+000  1.333384E+000  4.000000E-001  0.000000E+000  3.051615E-002 -9.995343E-001  0.000000E+000  9.995343E-001  3.051615E-002  0.000000E+000  0.000000E+000  0.000000E+000  1.000000E+000
  3.800000E+000  1.319992E+000  4.000000E-001  0.000000E+000 -2.958861E-003 -9.999956E-001  0.000000E+000  9.999956E-001 -2.958861E-003  0.000000E+000  0.000000E+000  0.000000E+000  1.000000E+000
  3.850000E+000  1.308740E+000  4.000000E-001  0.000000E+000 -3.108259E-002 -9.995168E-001  0.000000E+000  9.995168E-001 -3.108259E-002  0.000000E+000  0.000000E+000  0.000000E+000  1.000000E+000
  3.900000E+000  1.299706E+000  4.000000E-001  0.000000E+000 -5.364718E-002 -9.985600E-001  0.000000E+000  9.985600E-001 -5.364718E-002  0.000000E+000  0.000000E+000  0.000000E+000  1.000000E+000
  3.950000E+000  1.292941E+000  4.000000E-001  0.000000E+000 -7.052677E-002 -9.975099E-001  0.000000E+000  9.975099E-001 -7.052677E-002  0.000000E+000  0.000000E+000  0.000000E+000  1.000000E+000
  4.000000E+000  1.288472E+000  4.000000E-001  0.000000E+000 -8.166841E-002 -9.966596E-001  0.000000E+000  9.966596E-001 -8.166841E-002  0.000000E+000  0.000000E+000  0.000000E+000  1.000000E+000
  4.050000E+000  1.286298E+000  4.000000E-001  0.000000E+000 -8.708381E-002 -9.962010E-001  0.000000E+000  9.962010E-001 -8.708381E-002  0.000000E+000  0.000000E+000  0.000000E+000  1.000000E+000
  4.100000E+000  1.286394E+000  4.000000E-001  0.000000E+000 -8.684274E-002 -9.962220E-001  0.000000E+000  9.962220E-001 -8.684274E-002  0.000000E+000  0.000000E+000  0.000000E+000  1.000000E+000
  4.150000E+000  1.288712E+000  4.000000E-001  0.000000E+000 -8.106864E-002 -9.967085E-001  0.000000E+000  9.967085E-001 -8.106864E-002  0.000000E+000  0.000000E+000  0.000000E+000  1.000000E+000
  4.200000E+000  1.293178E+000  4.000000E-001  0.000000E+000 -6.993630E-002 -9.975515E-001  0.000000E+000  9.975515E-001 -6.993630E-002  0.000000E+000  0.000000E+000  0.000000E+000  1.000000E+000
  4.250000E+000  1.299697E+000  4.000000E-001  0.000000E+000 -5.367134E-002 -9.985587E-001  0.000000E+000  9.985587E-001 -5.367134E-002  0.000000E+000  0.000000E+000  0.000000E+000  1.000000E+000
  4.300000E+000  1.308153E+000  4.000000E-001  0.000000E+000 -3.255098E-002 -9.994701E-001  0.000000E+000  9.994701E-001 -3.255098E-002  0.000000E+000  0.000000E+000  0.000000E+000  1.000000E+000
  4.350000E+000  1.318413E+000  4.000000E-001  0.000000E+000 -6.905236E-003 -9.999762E-001  0.000000E+000  9.999762E-001 -6.905236E-003  0.000000E+000  0.000000E+000  0.000000E+000  1.000000E+000
  4.400000E+000  1.330329E+000  4.000000E-001  0.000000E+000  2.288229E-002 -9.997382E-001  0.000000E+000  9.997382E-001  2.288229E-002  0.000000E+000  0.000000E+000  0.000000E+000  1.000000E+000
  4.450000E+000  1.343737E+000  4.000000E-001  0.000000E+000  5.637480E-002 -9.984097E-001  0.000000E+000  9.984097E-001  5.637480E-002  0.000000E+000  0.000000E+000  0.000000E+000  1.000000E+000
  4.500000E+000  1.358463E+000  4.000000E-001  0.000000E+000  9.308466E-002 -9.956582E-001  0.000000E+000  9.956582E-001  9.308466E-002  0.000000E+000  0.000000E+000  0.000000E+000  1.000000E+000
  4.550000E+000  1.374323E+000  4.000000E-001  0.000000E+000  1.324781E-001 -9.911859E-001  0.000000E+000  9.911859E-001  1.324781E-001  0.000000E+000  0.000000E+000  0.000000E+000  1.000000E+000
  4.600000E+000  1.391124E+000  4.000000E-001  0.000000E+000  1.739826E-001 -9.847487E-001  0.000000E+000  9.847487E-001  1.739826E-001  0.000000E+000  0.000000E+000  0.000000E+000  1.000000E+000
  4.650000E+000  1.408670E+000  4.000000E-001  0.000000E+000  2.169969E-001 -9.761723E-001  0.000000E+000  9.761723E-001  2.169969E-001  0.000000E+000  0.000000E+000  0.000000E+000  1.000000E+000
  4.700000E+000  1.426758E+000  4.000000E-001  0.000000E+000  2.609032E-001 -9.653650E-001  0.000000E+000  9.653650E-001  2.609032E-001  0.000000E+000  0.000000E+000  0.000000E+000  1.000000E+000
  4.750000E+000  1.445185E+000  4.000000E-001  0.000000E+000  3.050812E-001 -9.523263E-001  0.000000E+000  9.523263E-001  3.050812E-001  0.000000E+000  0.000000E+000  0.000000E+000  1.000000E+000
  4.800000E+000  1.463744E+000  4.000000E-001  0.000000E+000  3.489230E-001 -9.371514E-001  0.000000E+000  9.371514E-001  3.489230E-001  0.000000E+000  0.000000E+000  0.000000E+000  1.000000E+000
  4.850000E+000  1.482231E+000  4.000000E-001  0.000000E+000  3.918480E-001 -9.200300E-001  0.000000E+000  9.200300E-001  3.918480E-001  0.000000E+000  0.000000E+000  0.000000E+000  1.000000E+000
  4.900000E+000  1.500443E+000  4.000000E-001  0.000000E+000  4.333169E-001 -9.012416E-001  0.000000E+000  9.012416E-001  4.333169E-001  0.000000E+000  0.000000E+000  0.000000E+000  1.000000E+000
  4.950000E+000  1.518182E+000  4.000000E-001  0.000000E+000  4.728441E-001 -8.811461E-001  0.000000E+000  8.811461E-001  4.728441E-001  0.000000E+000  0.000000E+000  0.000000E+000  1.000000E+000
  5.000000E+000  1.535253E+000  4.000000E-001  0.000000E+000  5.100070E-001 -8.601702E-001  0.000000E+000  8.601702E-001  5.100070E-001  0.000000E+000  0.000000E+000  0.000000E+000  1.000000E+000
  5.050000E+000  1.551470E+000  4.000000E-001  0.000000E+000  5.444530E-001 -8.387914E-001  0.000000E+000  8.387914E-001  5.444530E-001  0.000000E+000  0.000000E+000  0.000000E+000  1.000000E+000
  5.100000E+000  1.566658E+000  4.000000E-001  0.000000E+000  5.759014E-001 -8.175192E-001  0.000000E+000  8.175192E-001  5.759014E-001  0.000000E+000  0.000000E+000  0.000000E+000  1.000000E+000
  5.150000E+000  1.580652E+000  4.000000E-001  0.000000E+000  6.041436E-001 -7.968755E-001  0.000000E+000  7.968755E-001  6.041436E-001  0.000000E+000  0.000000E+000  0.000000E+000  1.000000E+000
  5.200000E+000  1.593302E+000  4.000000E-001  0.000000E+000  6.290382E-001 -7.773744E-001  0.000000E+000  7.773744E-001  6.290382E-001  0.000000E+000  0.000000E+000  0.000000E+000  1.000000E+000
  5.250000E+000  1.604475E+000  4.000000E-001  0.000000E+000  6.505040E-001 -7.595028E-001  0.000000E+000  7.595028E-001  6.505040E-001  0.000000E+000  0.000000E+000  0.000000E+000  1.000000E+000
  5.300000E+000  1.614057E+000  4.000000E-001  0.000000E+000  6.685112E-001 -7.437020E-001  0.000000E+000  7.437020E-001  6.685112E-001  0.000000E+000  0.000000E+000  0.000000E+000  1.000000E+000
  5.350000E+000  1.621959E+000  4.000000E-001  0.000000E+000  6.830703E-001 -7.303527E-001  0.000000E+000  7.303527E-001  6.830703E-001  0.000000E+000  0.000000E+000  0.000000E+000  1.000000E+000
  5.400000E+000  1.628111E+000  4.000000E-001  0.000000E+000  6.942216E-001 -7.197613E-001  0.000000E+000  7.197613E-001  6.942216E-001  0.000000E+000  0.000000E+000  0.000000E+000  1.000000E+000
  5.450000E+000  1.632471E+000  4.000000E-001  0.000000E+000  7.020259E-001 -7.121515E-001  0.000000E+000  7.121515E-001  7.020259E-001  0.000000E+000  0.000000E+000  0.000000E+000  1.000000E+000
  5.500000E+000  1.635023E+000  4.000000E-001  0.000000E+000  7.065552E-001 -7.076579E-001  0.000000E+000  7.076579E-001  7.065552E-001  0.000000E+000  0.000000E+000  0.000000E+000  1.000000E+000
  5.550000E+000  1.635777E+000  4.000000E-001  0.000000E+000  7.078880E-001 -7.063247E-001  0.000000E+000  7.063247E-001  7.078880E-001  0.000000E+000  0.000000E+000  0.000000E+000  1.000000E+000
  5.600000E+000  1.634768E+000  4.000000E-001  0.000000E+000  7.061051E-001 -7.081070E-001  0.000000E+000  7.081070E-001  7.061051E-001  0.000000E+000  0.000000E+000  0.000000E+000  1.000000E+000
  5.650000E+000  1.632057E+000  4.000000E-001  0.000000E+000  7.012895E-001 -7.128766E-001  0.000000E+000  7.128766E-001  7.012895E-001  0.000000E+000  0.000000E+000  0.000000E+000  1.000000E+000
  5.700000E+000  1.627725E+000  4.000000E-001  0.000000E+000  6.935281E-001 -7.204296E-001  0.000000E+000  7.204296E-001  6.935281E-001  0.000000E+000  0.000000E+000  0.000000E+000  1.000000E+000
  5.750000E+000  1.621874E+000  4.000000E-001  0.000000E+000  6.829156E-001 -7.304973E-001  0.000000E+000  7.304973E-001  6.829156E-001  0.000000E+000  0.000000E+000  0.000000E+000  1.000000E+000
  5.800000E+000  1.614622E+000  4.000000E-001  0.000000E+000  6.695593E-001 -7.427586E-001  0.000000E+000  7.427586E-001  6.695593E-001  0.000000E+000  0.000000E+000  0.000000E+000  1.000000E+000
  5.850000E+000  1.606100E+000  4.000000E-001  0.000000E+000  6.535851E-001 -7.568530E-001  0.000000E+000  7.568530E-001  6.535851E-001  0.000000E+000  0.000000E+000  0.000000E+000  1.000000E+000
  5.900000E+000  1.596452E+000  4.000000E-001  0.000000E+000  6.351421E-001 -7.723953E-001  0.000000E+000  7.723953E-001  6.351421E-001  0.000000E+000  0.000000E+000  0.000000E+000  1.000000E+000
  5.950000E+000  1.585829E+000  4.000000E-001  0.000000E+000  6.144074E-001 -7.889890E-001  0.000000E+000  7.889890E-001  6.144074E-001  0.000000E+000  0.000000E+000  0.000000E+000  1.000000E+000
  6.000000E+000  1.574387E+000  4.000000E-001  0.000000E+000  5.915891E-001 -8.062396E-001  0.000000E+000  8.062396E-001  5.915891E-001  0.000000E+000  0.000000E+000  0.000000E+000  1.000000E+000
  6.050000E+000  1.562284E+000  4.000000E-001  0.000000E+000  5.669274E-001 -8.237678E-001  0.000000E+000  8.237678E-001  5.669274E-001  0.000000E+000  0.000000E+000  0.000000E+000  1.000000E+000
  6.100000E+000  1.549680E+000  4.000000E-001  0.000000E+000  5.406942E-001 -8.412192E-001  0.000000E+000  8.412192E-001  5.406942E-001  0.000000E+000  0.000000E+000  0.000000E+000  1.000000E+000
  6.150000E+000  1.536735E+000  4.000000E-001  0.000000E+000  5.131907E-001 -8.582746E-001  0.000000E+000  8.582746E-001  5.131907E-001  0.000000E+000  0.000000E+000  0.000000E+000  1.000000E+000
  6.200000E+000  1.523603E+000  4.000000E-001  0.000000E+000  4.847430E-001 -8.746566E-001  0.000000E+000  8.746566E-001  4.847430E-001  0.000000E+000  0.000000E+000  0.000000E+000  1.000000E+000
  6.250000E+000  1.510437E+000  4.000000E-001  0.000000E+000  4.556971E-001 -8.901349E-001  0.000000E+000  8.901349E-001  4.556971E-001  0.000000E+000  0.000000E+000  0.000000E+000  1.000000E+000
  6.300000E+000  1.497384E+000  4.000000E-001  0.000000E+000  4.264121E-001 -9.045290E-001  0.000000E+000  9.045290E-001  4.264121E-001  0.000000E+000  0.000000E+000  0.000000E+000  1.000000E+000
  6.350000E+000  1.484584E+000  4.000000E-001  0.000000E+000  3.972529E-001 -9.177092E-001  0.000000E+000  9.177092E-001  3.972529E-001  0.000000E+000  0.000000E+000  0.000000E+000  1.000000E+000
  6.400000E+000  1.472169E+000  4.000000E-001  0.000000E+000  3.685833E-001 -9.295947E-001  0.000000E+000  9.295947E-001  3.685833E-001  0.000000E+000  0.000000E+000  0.000000E+000  1.000000E+000
  6.450000E+000  1.460265E+000  4.000000E-001  0.000000E+000  3.407583E-001 -9.401509E-001  0.000000E+000  9.401509E-001  3.407583E-001  0.000000E+000  0.000000E+000  0.000000E+000  1.000000E+000
  6.500000E+000  1.448986E+000  4.000000E-001  0.000000E+000  3.141175E-001 -9.493841E-001  0.000000E+000  9.493841E-001  3.141175E-001  0.000000E+000  0.000000E+000  0.000000E+000  1.000000E+000
  6.550000E+000  1.438439E+000  4.000000E-001  0.000000E+000  2.889791E-001 -9.573354E-001  0.000000E+000  9.573354E-001  2.889791E-001  0.000000E+000  0.000000E+000  0.000000E+000  1.000000E+000
  6.600000E+000  1.428720E+000  4.000000E-001  0.000000E+000  2.656345E-001 -9.640738E-001  0.000000E+000  9.640738E-001  2.656345E-001  0.000000E+000  0.000000E+000  0.000000E+000  1.000000E+000
  6.650000E+000  1.419913E+000  4.000000E-001  0.000000E+000  2.443447E-001 -9.696884E-001  0.000000E+000  9.696884E-001  2.443447E-001  0.000000E+000  0.000000E+000  0.000000E+000  1.000000E+000
  6.700000E+000  1.412091E+000  4.000000E-001  0.000000E+000  2.253364E-001 -9.742810E-001  0.000000E+000  9.742810E-001  2.253364E-001  0.000000E+000  0.000000E+000  0.000000E+000  1.000000E+000
  6.750000E+000  1.405315E+000  4.000000E-001  0.000000E+000  2.088006E-001 -9.779582E-001  0.000000E+000  9.779582E-001  2.088006E-001  0.000000E+000  0.000000E+000  0.000000E+000  1.000000E+000
  6.800000E+000  1.399634E+000  4.000000E-001  0.000000E+000  1.948909E-001 -9.808249E-001  0.000000E+000  9.808249E-001  1.948909E-001  0.000000E+000  0.000000E+000  0.000000E+000  1.000000E+000
  6.850000E+000  1.395085E+000  4.000000E-001  0.000000E+000  1.837234E-001 -9.829780E-001  0.000000E+000  9.829780E-001  1.837234E-001  0.000000E+000  0.000000E+000  0.000000E+000  1.000000E+000
  6.900000E+000  1.391691E+000  4.000000E-001  0.000000E+000  1.753765E-001 -9.845014E-001  0.000000E+000  9.845014E-001  1.753765E-001  0.000000E+000  0.000000E+000  0.000000E+000  1.000000E+000
  6.950000E+000  1.389463E+000  4.000000E-001  0.000000E+000  1.698916E-001 -9.854628E-001  0.000000E+000  9.854628E-001  1.698916E-001  0.000000E+000  0.000000E+000  0.000000E+000  1.000000E+000
  7.000000E+000  1.388401E+000  4.000000E-001  0.000000E+000  1.672742E-001 -9.859104E-001  0.000000E+000  9.859104E-001  1.672742E-001  0.000000E+000  0.000000E+000  0.000000E+000  1.000000E+000
  7.050000E+000  1.388491E+000  4.000000E-001  0.000000E+000  1.674949E-001 -9.858729E-001  0.000000E+000  9.858729E-001  1.674949E-001  0.000000E+000  0.000000E+000  0.000000E+000  1.000000E+000
  7.100000E+000  1.389707E+000  4.000000E-001  0.000000E+000  1.704909E-001 -9.853592E-001  0.000000E+000  9.853592E-001  1.704909E-001  0.000000E+000  0.000000E+000  0.000000E+000  1.000000E+000
  7.150000E+000  1.392012E+000  4.000000E-001  0.000000E+000  1.761676E-001 -9.843602E-001  0.000000E+000  9.843602E-001  1.761676E-001  0.000000E+000  0.000000E+000  0.000000E+000  1.000000E+000
  7.200000E+000  1.395360E+000  4.000000E-001  0.000000E+000  1.844001E-001 -9.828513E-001  0.000000E+000  9.828513E-001  1.844001E-001  0.000000E+000  0.000000E+000  0.000000E+000  1.000000E+000
  7.250000E+000  1.399693E+000  4.000000E-001  0.000000E+000  1.950353E-001 -9.807962E-001  0.000000E+000  9.807962E-001  1.950353E-001  0.000000E+000  0.000000E+000  0.000000E+000  1.000000E+000
  7.300000E+000  1.404944E+000  4.000000E-001  0.000000E+000  2.078938E-001 -9.781514E-001  0.000000E+000  9.781514E-001  2.078938E-001  0.000000E+000  0.000000E+000  0.000000E+000  1.000000E+000
  7.350000E+000  1.411038E+000  4.000000E-001  0.000000E+000  2.227725E-001 -9.748705E-001  0.000000E+000  9.748705E-001  2.227725E-001  0.000000E+000  0.000000E+000  0.000000E+000  1.000000E+000
  7.400000E+000  1.417894E+000  4.000000E-001  0.000000E+000  2.394473E-001 -9.709094E-001  0.000000E+000  9.709094E-001  2.394473E-001  0.000000E+000  0.000000E+000  0.000000E+000  1.000000E+000
  7.450000E+000  1.425422E+000  4.000000E-001  0.000000E+000  2.576763E-001 -9.662313E-001  0.000000E+000  9.662313E-001  2.576763E-001  0.000000E+000  0.000000E+000  0.000000E+000  1.000000E+000
  7.500000E+000  1.433528E+000  4.000000E-001  0.000000E+000  2.772030E-001 -9.608114E-001  0.000000E+000  9.608114E-001  2.772030E-001  0.000000E+000  0.000000E+000  0.000000E+000  1.000000E+000
  7.550000E+000  1.442114E+000  4.000000E-001  0.000000E+000  2.977607E-001 -9.546406E-001  0.000000E+000  9.546406E-001  2.977607E-001  0.000000E+000  0.000000E+000  0.000000E+000  1.000000E+000
  7.600000E+000  1.451077E+000  4.000000E-001  0.000000E+000  3.190758E-001 -9.477292E-001  0.000000E+000  9.477292E-001  3.190758E-001  0.000000E+000  0.000000E+000  0.000000E+000  1.000000E+000
  7.650000E+000  1.460313E+000  4.000000E-001  0.000000E+000  3.408729E-001 -9.401094E-001  0.000000E+000  9.401094E-001  3.408729E-001  0.000000E+000  0.000000E+000  0.000000E+000  1.000000E+000
  7.700000E+000  1.469717E+000  4.000000E-001  0.000000E+000  3.628786E-001 -9.318364E-001  0.000000E+000  9.318364E-001  3.628786E-001  0.000000E+000  0.000000E+000  0.000000E+000  1.000000E+000
  7.750000E+000  1.479183E+000  4.000000E-001  0.000000E+000  3.848261E-001 -9.229891E-001  0.000000E+000  9.229891E-001  3.848261E-001  0.000000E+000  0.000000E+000  0.000000E+000  1.000000E+000
  7.800000E+000  1.488605E+000  4.000000E-001  0.000000E+000  4.064590E-001 -9.136690E-001  0.000000E+000  9.136690E-001  4.064590E-001  0.000000E+000  0.000000E+000  0.000000E+000  1.000000E+000
  7.850000E+000  1.497881E+000  4.000000E-001  0.000000E+000  4.275353E-001 -9.039987E-001  0.000000E+000  9.039987E-001  4.275353E-001  0.000000E+000  0.000000E+000  0.000000E+000  1.000000E+000
  7.900000E+000  1.506910E+000  4.000000E-001  0.000000E+000  4.478301E-001 -8.941187E-001  0.000000E+000  8.941187E-001  4.478301E-001  0.000000E+000  0.000000E+000  0.000000E+000  1.000000E+000
  7.950000E+000  1.515596E+000  4.000000E-001  0.000000E+000  4.671389E-001 -8.841840E-001  0.000000E+000  8.841840E-001  4.671389E-001  0.000000E+000  0.000000E+000  0.000000E+000  1.000000E+000
  8.000000E+000  1.523848E+000  4.000000E-001  0.000000E+000  4.852786E-001 -8.743596E-001  0.000000E+000  8.743596E-001  4.852786E-001  0.000000E+000  0.000000E+000  0.000000E+000  1.000000E+000
  8.050000E+000  1.531581E+000  4.000000E-001  0.000000E+000  5.020897E-001 -8.648155E-001  0.000000E+000  8.648155E-001  5.020897E-001  0.000000E+000  0.000000E+000  0.000000E+000  1.000000E+000
  8.100000E+000  1.538716E+000  4.000000E-001  0.000000E+000  5.174360E-001 -8.557219E-001  0.000000E+000  8.557219E-001  5.174360E-001  0.000000E+000  0.000000E+000  0.000000E+000  1.000000E+000
  8.150000E+000  1.545184E+000  4.000000E-001  0.000000E+000  5.312049E-001 -8.472434E-001  0.000000E+000  8.472434E-001  5.312049E-001  0.000000E+000  0.000000E+000  0.000000E+000  1.000000E+000
  8.200000E+000  1.550924E+000  4.000000E-001  0.000000E+000  5.433064E-001 -8.395345E-001  0.000000E+000  8.395345E-001  5.433064E-001  0.000000E+000  0.000000E+000  0.000000E+000  1.000000E+000
  8.250000E+000  1.555883E+000  4.000000E-001  0.000000E+000  5.536727E-001 -8.327344E-001  0.000000E+000  8.327344E-001  5.536727E-001  0.000000E+000  0.000000E+000  0.000000E+000  1.000000E+000
  8.300000E+000  1.560020E+000  4.000000E-001  0.000000E+000  5.622558E-001 -8.269634E-001  0.000000E+000  8.269634E-001  5.622558E-001  0.000000E+000  0.000000E+000  0.000000E+000  1.000000E+000
  8.350000E+000  1.563304E+000  4.000000E-001  0.000000E+000  5.690268E-001 -8.223190E-001  0.000000E+000  8.223190E-001  5.690268E-001  0.000000E+000  0.000000E+000  0.000000E+000  1.000000E+000
  8.400000E+000  1.565716E+000  4.000000E-001  0.000000E+000  5.739739E-001 -8.188736E-001  0.000000E+000  8.188736E-001  5.739739E-001  0.000000E+000  0.000000E+000  0.000000E+000  1.000000E+000
  8.450000E+000  1.567245E+000  4.000000E-001  0.000000E+000  5.771012E-001 -8.166727E-001  0.000000E+000  8.166727E-001  5.771012E-001  0.000000E+000  0.000000E+000  0.000000E+000  1.000000E+000
  8.500000E+000  1.567895E+000  4.000000E-001  0.000000E+000  5.784272E-001 -8.157340E-001  0.000000E+000  8.157340E-001  5.784272E-001  0.000000E+000  0.000000E+000  0.000000E+000  1.000000E+000
  8.550000E+000  1.567678E+000  4.000000E-001  0.000000E+000  5.779843E-001 -8.160479E-001  0.000000E+000  8.160479E-001  5.779843E-001  0.000000E+000  0.000000E+000  0.000000E+000  1.000000E+000
  8.600000E+000  1.566617E+000  4.000000E-001  0.000000E+000  5.758174E-001 -8.175783E-001  0.000000E+000  8.175783E-001  5.758174E-001  0.000000E+000  0.000000E+000  0.000000E+000  1.000000E+000
  8.650000E+000  1.564745E+000  4.000000E-001  0.000000E+000  5.719842E-001 -8.202646E-001  0.000000E+000  8.202646E-001  5.719842E-001  0.000000E+000  0.000000E+000  0.000000E+000  1.000000E+000
  8.700000E+000  1.562103E+000  4.000000E-001  0.000000E+000  5.665543E-001 -8.240244E-001  0.000000E+000  8.240244E-001  5.665543E-001  0.000000E+000  0.000000E+000  0.000000E+000  1.000000E+000
  8.750000E+000  1.558741E+000  4.000000E-001  0.000000E+000  5.596097E-001 -8.287563E-001  0.000000E+000  8.287563E-001  5.596097E-001  0.000000E+000  0.000000E+000  0.000000E+000  1.000000E+000
  8.800000E+000  1.554717E+000  4.000000E-001  0.000000E+000  5.512443E-001 -8.343439E-001  0.000000E+000  8.343439E-001  5.512443E-001  0.000000E+000  0.000000E+000  0.000000E+000  1.000000E+000
  8.850000E+000  1.550094E+000  4.000000E-001  0.000000E+000  5.415641E-001 -8.406595E-001  0.000000E+000  8.406595E-001  5.415641E-001  0.000000E+000  0.000000E+000  0.000000E+000  1.000000E+000
  8.900000E+000  1.544940E+000  4.000000E-001  0.000000E+000  5.306869E-001 -8.475679E-001  0.000000E+000  8.475679E-001  5.306869E-001  0.000000E+000  0.000000E+000  0.000000E+000  1.000000E+000
  8.950000E+000  1.539327E+000  4.000000E-001  0.000000E+000  5.187420E-001 -8.549308E-001  0.000000E+000  8.549308E-001  5.187420E-001  0.000000E+000  0.000000E+000  0.000000E+000  1.000000E+000
  9.000000E+000  1.533331E+000  4.000000E-001  0.000000E+000  5.058693E-001 -8.626101E-001  0.000000E+000  8.626101E-001  5.058693E-001  0.000000E+000  0.000000E+000  0.000000E+000  1.000000E+000
  9.050000E+000  1.527030E+000  4.000000E-001  0.000000E+000  4.922184E-001 -8.704717E-001  0.000000E+000  8.704717E-001  4.922184E-001  0.000000E+000  0.000000E+000  0.000000E+000  1.000000E+000
  9.100000E+000  1.520502E+000  4.000000E-001  0.000000E+000  4.779474E-001 -8.783884E-001  0.000000E+000  8.783884E-001  4.779474E-001  0.000000E+000  0.000000E+000  0.000000E+000  1.000000E+000
  9.150000E+000  1.513826E+000  4.000000E-001  0.000000E+000  4.632212E-001 -8.862427E-001  0.000000E+000  8.862427E-001  4.632212E-001  0.000000E+000  0.000000E+000  0.000000E+000  1.000000E+000
  9.200000E+000  1.507080E+000  4.000000E-001  0.000000E+000  4.482096E-001 -8.939285E-001  0.000000E+000  8.939285E-001  4.482096E-001  0.000000E+000  0.000000E+000  0.000000E+000  1.000000E+000
  9.250000E+000  1.500340E+000  4.000000E-001  0.000000E+000  4.330852E-001 -9.013530E-001  0.000000E+000  9.013530E-001  4.330852E-001  0.000000E+000  0.000000E+000  0.000000E+000  1.000000E+000
  9.300000E+000  1.493682E+000  4.000000E-001  0.000000E+000  4.180211E-001 -9.084373E-001  0.000000E+000  9.084373E-001  4.180211E-001  0.000000E+000  0.000000E+000  0.000000E+000  1.000000E+000
  9.350000E+000  1.487175E+000  4.000000E-001  0.000000E+000  4.031887E-001 -9.151169E-001  0.000000E+000  9.151169E-001  4.031887E-001  0.000000E+000  0.000000E+000  0.000000E+000  1.000000E+000
  9.400000E+000  1.480887E+000  4.000000E-001  0.000000E+000  3.887552E-001 -9.213411E-001  0.000000E+000  9.213411E-001  3.887552E-001  0.000000E+000  0.000000E+000  0.000000E+000  1.000000E+000
  9.450000E+000  1.474883E+000  4.000000E-001  0.000000E+000  3.748812E-001 -9.270729E-001  0.000000E+000  9.270729E-001  3.748812E-001  0.000000E+000  0.000000E+000  0.000000E+000  1.000000E+000
  9.500000E+000  1.469220E+000  4.000000E-001  0.000000E+000  3.617187E-001 -9.322873E-001  0.000000E+000  9.322873E-001  3.617187E-001  0.000000E+000  0.000000E+000  0.000000E+000  1.000000E+000
  9.550000E+000  1.463951E+000  4.000000E-001  0.000000E+000  3.494090E-001 -9.369703E-001  0.000000E+000  9.369703E-001  3.494090E-001  0.000000E+000  0.000000E+000  0.000000E+000  1.000000E+000
  9.600000E+000  1.459126E+000  4.000000E-001  0.000000E+000  3.380807E-001 -9.411171E-001  0.000000E+000  9.411171E-001  3.380807E-001  0.000000E+000  0.000000E+000  0.000000E+000  1.000000E+000
  9.650000E+000  1.454786E+000  4.000000E-001  0.000000E+000  3.278486E-001 -9.447303E-001  0.000000E+000  9.447303E-001  3.278486E-001  0.000000E+000  0.000000E+000  0.000000E+000  1.000000E+000
  9.700000E+000  1.450966E+000  4.000000E-001  0.000000E+000  3.188119E-001 -9.478180E-001  0.000000E+000  9.478180E-001  3.188119E-001  0.000000E+000  0.000000E+000  0.000000E+000  1.000000E+000
  9.750000E+000  1.447696E+000  4.000000E-001  0.000000E+000  3.110535E-001 -9.503924E-001  0.000000E+000  9.503924E-001  3.110535E-001  0.000000E+000  0.000000E+000  0.000000E+000  1.000000E+000
  9.800000E+000  1.444999E+000  4.000000E-001  0.000000E+000  3.046391E-001 -9.524678E-001  0.000000E+000  9.524678E-001  3.046391E-001  0.000000E+000  0.000000E+000  0.000000E+000  1.000000E+000
  9.850000E+000  1.442892E+000  4.000000E-001  0.000000E+000  2.996170E-001 -9.540596E-001  0.000000E+000  9.540596E-001  2.996170E-001  0.000000E+000  0.000000E+000  0.000000E+000  1.000000E+000
  9.900000E+000  1.441384E+000  4.000000E-001  0.000000E+000  2.960175E-001 -9.551825E-001  0.000000E+000  9.551825E-001  2.960175E-001  0.000000E+000  0.000000E+000  0.000000E+000  1.000000E+000
  9.950000E+000  1.440478E+000  4.000000E-001  0.000000E+000  2.938532E-001 -9.558505E-001  0.000000E+000  9.558505E-001  2.938532E-001  0.000000E+000  0.000000E+000  0.000000E+000  1.000000E+000
