% FILE: robot_arm.3
%
%       t         P_No_Bo[1]     P_No_Bo[2]     P_No_Bo[3]      N_B[1,1]       N_B[1,2]       N_B[1,3]       N_B[2,1]       N_B[2,2]       N_B[2,3]       N_B[3,1]       N_B[3,2]       N_B[3,3]
%   (second)        (meter)        (meter)        (meter)       (NoUnits)      (NoUnits)      (NoUnits)      (NoUnits)      (NoUnits)      (NoUnits)      (NoUnits)      (NoUnits)      (NoUnits)

  0.000000E+000  3.758770E-001  7.368081E-001  0.000000E+000  9.396926E-001 -3.420201E-001  0.000000E+000  3.420201E-001  9.396926E-001  0.000000E+000  0.000000E+000  0.000000E+000  1.000000E+000
  5.000000E-002  3.723927E-001  7.460262E-001  0.000000E+000  9.309819E-001 -3.650654E-001  0.000000E+000  3.650654E-001  9.309819E-001  0.000000E+000  0.000000E+000  0.000000E+000  1.000000E+000
  1.000000E-001  3.634439E-001  7.670584E-001  0.000000E+000  9.086098E-001 -4.176460E-001  0.000000E+000  4.176460E-001  9.086098E-001  0.000000E+000  0.000000E+000  0.000000E+000  1.000000E+000
  1.500000E-001  3.509695E-001  7.918864E-001  0.000000E+000  8.774238E-001 -4.797160E-001  0.000000E+000  4.797160E-001  8.774238E-001  0.000000E+000  0.000000E+000  0.000000E+000  1.000000E+000
  2.000000E-001  3.361467E-001  8.168072E-001  0.000000E+000  8.403668E-001 -5.420181E-001  0.000000E+000  5.420181E-001  8.403668E-001  0.000000E+000  0.000000E+000  0.000000E+000  1.000000E+000
  2.500000E-001  3.196658E-001  8.404450E-001  0.000000E+000  7.991644E-001 -6.011125E-001  0.000000E+000  6.011125E-001  7.991644E-001  0.000000E+000  0.000000E+000  0.000000E+000  1.000000E+000
  3.000000E-001  3.019721E-001  8.623221E-001  0.000000E+000  7.549301E-001 -6.558052E-001  0.000000E+000  6.558052E-001  7.549301E-001  0.000000E+000  0.000000E+000  0.000000E+000  1.000000E+000
  3.500000E-001  2.833837E-001  8.823007E-001  0.000000E+000  7.084593E-001 -7.057517E-001  0.000000E+000  7.057517E-001  7.084593E-001  0.000000E+000  0.000000E+000  0.000000E+000  1.000000E+000
  4.000000E-001  2.641482E-001  9.003760E-001  0.000000E+000  6.603705E-001 -7.509399E-001  0.000000E+000  7.509399E-001  6.603705E-001  0.000000E+000  0.000000E+000  0.000000E+000  1.000000E+000
  4.500000E-001  2.444727E-001  9.165961E-001  0.000000E+000  6.111819E-001 -7.914902E-001  0.000000E+000  7.914902E-001  6.111819E-001  0.000000E+000  0.000000E+000  0.000000E+000  1.000000E+000
  5.000000E-001  2.245421E-001  9.310300E-001  0.000000E+000  5.613552E-001 -8.275750E-001  0.000000E+000  8.275750E-001  5.613552E-001  0.000000E+000  0.000000E+000  0.000000E+000  1.000000E+000
  5.500000E-001  2.045302E-001  9.437549E-001  0.000000E+000  5.113255E-001 -8.593871E-001  0.000000E+000  8.593871E-001  5.113255E-001  0.000000E+000  0.000000E+000  0.000000E+000  1.000000E+000
  6.000000E-001  1.846086E-001  9.548516E-001  0.000000E+000  4.615214E-001 -8.871291E-001  0.000000E+000  8.871291E-001  4.615214E-001  0.000000E+000  0.000000E+000  0.000000E+000  1.000000E+000
  6.500000E-001  1.649522E-001  9.644047E-001  0.000000E+000  4.123806E-001 -9.110117E-001  0.000000E+000  9.110117E-001  4.123806E-001  0.000000E+000  0.000000E+000  0.000000E+000  1.000000E+000
  7.000000E-001  1.457442E-001  9.725032E-001  0.000000E+000  3.643605E-001 -9.312580E-001  0.000000E+000  9.312580E-001  3.643605E-001  0.000000E+000  0.000000E+000  0.000000E+000  1.000000E+000
  7.500000E-001  1.271784E-001  9.792435E-001  0.000000E+000  3.179461E-001 -9.481088E-001  0.000000E+000  9.481088E-001  3.179461E-001  0.000000E+000  0.000000E+000  0.000000E+000  1.000000E+000
  8.000000E-001  1.094611E-001  9.847314E-001  0.000000E+000  2.736527E-001 -9.618286E-001  0.000000E+000  9.618286E-001  2.736527E-001  0.000000E+000  0.000000E+000  0.000000E+000  1.000000E+000
  8.500000E-001  9.280989E-002  9.890840E-001  0.000000E+000  2.320247E-001 -9.727099E-001  0.000000E+000  9.727099E-001  2.320247E-001  0.000000E+000  0.000000E+000  0.000000E+000  1.000000E+000
  9.000000E-001  7.745084E-002  9.924301E-001  0.000000E+000  1.936271E-001 -9.810752E-001  0.000000E+000  9.810752E-001  1.936271E-001  0.000000E+000  0.000000E+000  0.000000E+000  1.000000E+000
  9.500000E-001  6.361249E-002  9.949094E-001  0.000000E+000  1.590312E-001 -9.872736E-001  0.000000E+000  9.872736E-001  1.590312E-001  0.000000E+000  0.000000E+000  0.000000E+000  1.000000E+000
  1.000000E+000  5.151739E-002  9.966686E-001  0.000000E+000  1.287935E-001 -9.916714E-001  0.000000E+000  9.916714E-001  1.287935E-001  0.000000E+000  0.000000E+000  0.000000E+000  1.000000E+000
  1.050000E+000  4.137134E-002  9.978548E-001  0.000000E+000  1.034284E-001 -9.946369E-001  0.000000E+000  9.946369E-001  1.034284E-001  0.000000E+000  0.000000E+000  0.000000E+000  1.000000E+000
  1.100000E+000  3.335125E-002  9.986072E-001  0.000000E+000  8.337813E-002 -9.965180E-001  0.000000E+000  9.965180E-001  8.337813E-002  0.000000E+000  0.000000E+000  0.000000E+000  1.000000E+000
  1.150000E+000  2.759316E-002  9.990471E-001  0.000000E+000  6.898291E-002 -9.976178E-001  0.000000E+000  9.976178E-001  6.898291E-002  0.000000E+000  0.000000E+000  0.000000E+000  1.000000E+000
  1.200000E+000  2.418205E-002  9.992684E-001  0.000000E+000  6.045513E-002 -9.981709E-001  0.000000E+000  9.981709E-001  6.045513E-002  0.000000E+000  0.000000E+000  0.000000E+000  1.000000E+000
  1.250000E+000  2.314504E-002  9.993298E-001  0.000000E+000  5.786259E-002 -9.983246E-001  0.000000E+000  9.983246E-001  5.786259E-002  0.000000E+000  0.000000E+000  0.000000E+000  1.000000E+000
  1.300000E+000  2.444915E-002  9.992521E-001  0.000000E+000  6.112288E-002 -9.981302E-001  0.000000E+000  9.981302E-001  6.112288E-002  0.000000E+000  0.000000E+000  0.000000E+000  1.000000E+000
  1.350000E+000  2.800397E-002  9.990185E-001  0.000000E+000  7.000993E-002 -9.975463E-001  0.000000E+000  9.975463E-001  7.000993E-002  0.000000E+000  0.000000E+000  0.000000E+000  1.000000E+000
  1.400000E+000  3.366860E-002  9.985805E-001  0.000000E+000  8.417151E-002 -9.964513E-001  0.000000E+000  9.964513E-001  8.417151E-002  0.000000E+000  0.000000E+000  0.000000E+000  1.000000E+000
  1.450000E+000  4.126184E-002  9.978661E-001  0.000000E+000  1.031546E-001 -9.946653E-001  0.000000E+000  9.946653E-001  1.031546E-001  0.000000E+000  0.000000E+000  0.000000E+000  1.000000E+000
  1.500000E+000  5.057391E-002  9.967900E-001  0.000000E+000  1.264348E-001 -9.919749E-001  0.000000E+000  9.919749E-001  1.264348E-001  0.000000E+000  0.000000E+000  0.000000E+000  1.000000E+000
  1.550000E+000  6.137825E-002  9.952628E-001  0.000000E+000  1.534456E-001 -9.881571E-001  0.000000E+000  9.881571E-001  1.534456E-001  0.000000E+000  0.000000E+000  0.000000E+000  1.000000E+000
  1.600000E+000  7.344201E-002  9.932000E-001  0.000000E+000  1.836050E-001 -9.830001E-001  0.000000E+000  9.830001E-001  1.836050E-001  0.000000E+000  0.000000E+000  0.000000E+000  1.000000E+000
  1.650000E+000  8.653463E-002  9.905275E-001  0.000000E+000  2.163366E-001 -9.763188E-001  0.000000E+000  9.763188E-001  2.163366E-001  0.000000E+000  0.000000E+000  0.000000E+000  1.000000E+000
  1.700000E+000  1.004339E-001  9.871860E-001  0.000000E+000  2.510849E-001 -9.679651E-001  0.000000E+000  9.679651E-001  2.510849E-001  0.000000E+000  0.000000E+000  0.000000E+000  1.000000E+000
  1.750000E+000  1.149300E-001  9.831332E-001  0.000000E+000  2.873251E-001 -9.578331E-001  0.000000E+000  9.578331E-001  2.873251E-001  0.000000E+000  0.000000E+000  0.000000E+000  1.000000E+000
  1.800000E+000  1.298271E-001  9.783450E-001  0.000000E+000  3.245678E-001 -9.458624E-001  0.000000E+000  9.458624E-001  3.245678E-001  0.000000E+000  0.000000E+000  0.000000E+000  1.000000E+000
  1.850000E+000  1.449437E-001  9.728154E-001  0.000000E+000  3.623593E-001 -9.320385E-001  0.000000E+000  9.320385E-001  3.623593E-001  0.000000E+000  0.000000E+000  0.000000E+000  1.000000E+000
  1.900000E+000  1.601118E-001  9.665573E-001  0.000000E+000  4.002794E-001 -9.163932E-001  0.000000E+000  9.163932E-001  4.002794E-001  0.000000E+000  0.000000E+000  0.000000E+000  1.000000E+000
  1.950000E+000  1.751750E-001  9.596022E-001  0.000000E+000  4.379375E-001 -8.990054E-001  0.000000E+000  8.990054E-001  4.379375E-001  0.000000E+000  0.000000E+000  0.000000E+000  1.000000E+000
  2.000000E+000  1.899870E-001  9.520013E-001  0.000000E+000  4.749675E-001 -8.800033E-001  0.000000E+000  8.800033E-001  4.749675E-001  0.000000E+000  0.000000E+000  0.000000E+000  1.000000E+000
  2.050000E+000  2.044087E-001  9.438271E-001  0.000000E+000  5.110218E-001 -8.595678E-001  0.000000E+000  8.595678E-001  5.110218E-001  0.000000E+000  0.000000E+000  0.000000E+000  1.000000E+000
  2.100000E+000  2.183066E-001  9.351749E-001  0.000000E+000  5.457666E-001 -8.379372E-001  0.000000E+000  8.379372E-001  5.457666E-001  0.000000E+000  0.000000E+000  0.000000E+000  1.000000E+000
  2.150000E+000  2.315509E-001  9.261659E-001  0.000000E+000  5.788772E-001 -8.154147E-001  0.000000E+000  8.154147E-001  5.788772E-001  0.000000E+000  0.000000E+000  0.000000E+000  1.000000E+000
  2.200000E+000  2.440137E-001  9.169500E-001  0.000000E+000  6.100344E-001 -7.923750E-001  0.000000E+000  7.923750E-001  6.100344E-001  0.000000E+000  0.000000E+000  0.000000E+000  1.000000E+000
  2.250000E+000  2.555691E-001  9.077084E-001  0.000000E+000  6.389227E-001 -7.692709E-001  0.000000E+000  7.692709E-001  6.389227E-001  0.000000E+000  0.000000E+000  0.000000E+000  1.000000E+000
  2.300000E+000  2.660925E-001  8.986550E-001  0.000000E+000  6.652312E-001 -7.466374E-001  0.000000E+000  7.466374E-001  6.652312E-001  0.000000E+000  0.000000E+000  0.000000E+000  1.000000E+000
  2.350000E+000  2.754628E-001  8.900350E-001  0.000000E+000  6.886569E-001 -7.250874E-001  0.000000E+000  7.250874E-001  6.886569E-001  0.000000E+000  0.000000E+000  0.000000E+000  1.000000E+000
  2.400000E+000  2.835648E-001  8.821188E-001  0.000000E+000  7.089120E-001 -7.052970E-001  0.000000E+000  7.052970E-001  7.089120E-001  0.000000E+000  0.000000E+000  0.000000E+000  1.000000E+000
  2.450000E+000  2.902942E-001  8.751895E-001  0.000000E+000  7.257356E-001 -6.879737E-001  0.000000E+000  6.879737E-001  7.257356E-001  0.000000E+000  0.000000E+000  0.000000E+000  1.000000E+000
  2.500000E+000  2.955636E-001  8.695221E-001  0.000000E+000  7.389090E-001 -6.738053E-001  0.000000E+000  6.738053E-001  7.389090E-001  0.000000E+000  0.000000E+000  0.000000E+000  1.000000E+000
  2.550000E+000  2.993092E-001  8.653563E-001  0.000000E+000  7.482731E-001 -6.633908E-001  0.000000E+000  6.633908E-001  7.482731E-001  0.000000E+000  0.000000E+000  0.000000E+000  1.000000E+000
  2.600000E+000  3.014981E-001  8.628667E-001  0.000000E+000  7.537452E-001 -6.571668E-001  0.000000E+000  6.571668E-001  7.537452E-001  0.000000E+000  0.000000E+000  0.000000E+000  1.000000E+000
  2.650000E+000  3.021321E-001  8.621377E-001  0.000000E+000  7.553303E-001 -6.553443E-001  0.000000E+000  6.553443E-001  7.553303E-001  0.000000E+000  0.000000E+000  0.000000E+000  1.000000E+000
  2.700000E+000  3.012497E-001  8.631513E-001  0.000000E+000  7.531243E-001 -6.578783E-001  0.000000E+000  6.578783E-001  7.531243E-001  0.000000E+000  0.000000E+000  0.000000E+000  1.000000E+000
  2.750000E+000  2.989227E-001  8.657916E-001  0.000000E+000  7.473069E-001 -6.644791E-001  0.000000E+000  6.644791E-001  7.473069E-001  0.000000E+000  0.000000E+000  0.000000E+000  1.000000E+000
  2.800000E+000  2.952505E-001  8.698651E-001  0.000000E+000  7.381262E-001 -6.746626E-001  0.000000E+000  6.746626E-001  7.381262E-001  0.000000E+000  0.000000E+000  0.000000E+000  1.000000E+000
  2.850000E+000  2.903517E-001  8.751288E-001  0.000000E+000  7.258794E-001 -6.878220E-001  0.000000E+000  6.878220E-001  7.258794E-001  0.000000E+000  0.000000E+000  0.000000E+000  1.000000E+000
  2.900000E+000  2.843570E-001  8.813202E-001  0.000000E+000  7.108926E-001 -7.033006E-001  0.000000E+000  7.033006E-001  7.108926E-001  0.000000E+000  0.000000E+000  0.000000E+000  1.000000E+000
  2.950000E+000  2.774019E-001  8.881808E-001  0.000000E+000  6.935047E-001 -7.204521E-001  0.000000E+000  7.204521E-001  6.935047E-001  0.000000E+000  0.000000E+000  0.000000E+000  1.000000E+000
  3.000000E+000  2.696221E-001  8.954724E-001  0.000000E+000  6.740552E-001 -7.386810E-001  0.000000E+000  7.386810E-001  6.740552E-001  0.000000E+000  0.000000E+000  0.000000E+000  1.000000E+000
  3.050000E+000  2.611506E-001  9.029858E-001  0.000000E+000  6.528765E-001 -7.574644E-001  0.000000E+000  7.574644E-001  6.528765E-001  0.000000E+000  0.000000E+000  0.000000E+000  1.000000E+000
  3.100000E+000  2.521160E-001  9.105439E-001  0.000000E+000  6.302900E-001 -7.763598E-001  0.000000E+000  7.763598E-001  6.302900E-001  0.000000E+000  0.000000E+000  0.000000E+000  1.000000E+000
  3.150000E+000  2.426420E-001  9.180014E-001  0.000000E+000  6.066050E-001 -7.950034E-001  0.000000E+000  7.950034E-001  6.066050E-001  0.000000E+000  0.000000E+000  0.000000E+000  1.000000E+000
  3.200000E+000  2.328474E-001  9.252416E-001  0.000000E+000  5.821184E-001 -8.131040E-001  0.000000E+000  8.131040E-001  5.821184E-001  0.000000E+000  0.000000E+000  0.000000E+000  1.000000E+000
  3.250000E+000  2.228466E-001  9.321738E-001  0.000000E+000  5.571164E-001 -8.304344E-001  0.000000E+000  8.304344E-001  5.571164E-001  0.000000E+000  0.000000E+000  0.000000E+000  1.000000E+000
  3.300000E+000  2.127502E-001  9.387290E-001  0.000000E+000  5.318756E-001 -8.468225E-001  0.000000E+000  8.468225E-001  5.318756E-001  0.000000E+000  0.000000E+000  0.000000E+000  1.000000E+000
  3.350000E+000  2.026657E-001  9.448574E-001  0.000000E+000  5.066643E-001 -8.621434E-001  0.000000E+000  8.621434E-001  5.066643E-001  0.000000E+000  0.000000E+000  0.000000E+000  1.000000E+000
  3.400000E+000  1.926975E-001  9.505249E-001  0.000000E+000  4.817437E-001 -8.763122E-001  0.000000E+000  8.763122E-001  4.817437E-001  0.000000E+000  0.000000E+000  0.000000E+000  1.000000E+000
  3.450000E+000  1.829474E-001  9.557109E-001  0.000000E+000  4.573686E-001 -8.892772E-001  0.000000E+000  8.892772E-001  4.573686E-001  0.000000E+000  0.000000E+000  0.000000E+000  1.000000E+000
  3.500000E+000  1.735148E-001  9.604062E-001  0.000000E+000  4.337870E-001 -9.010154E-001  0.000000E+000  9.010154E-001  4.337870E-001  0.000000E+000  0.000000E+000  0.000000E+000  1.000000E+000
  3.550000E+000  1.644959E-001  9.646109E-001  0.000000E+000  4.112397E-001 -9.115272E-001  0.000000E+000  9.115272E-001  4.112397E-001  0.000000E+000  0.000000E+000  0.000000E+000  1.000000E+000
  3.600000E+000  1.559833E-001  9.683330E-001  0.000000E+000  3.899584E-001 -9.208325E-001  0.000000E+000  9.208325E-001  3.899584E-001  0.000000E+000  0.000000E+000  0.000000E+000  1.000000E+000
  3.650000E+000  1.480656E-001  9.715866E-001  0.000000E+000  3.701639E-001 -9.289665E-001  0.000000E+000  9.289665E-001  3.701639E-001  0.000000E+000  0.000000E+000  0.000000E+000  1.000000E+000
  3.700000E+000  1.408253E-001  9.743905E-001  0.000000E+000  3.520632E-001 -9.359762E-001  0.000000E+000  9.359762E-001  3.520632E-001  0.000000E+000  0.000000E+000  0.000000E+000  1.000000E+000
  3.750000E+000  1.343384E-001  9.767667E-001  0.000000E+000  3.358461E-001 -9.419169E-001  0.000000E+000  9.419169E-001  3.358461E-001  0.000000E+000  0.000000E+000  0.000000E+000  1.000000E+000
  3.800000E+000  1.286726E-001  9.787392E-001  0.000000E+000  3.216815E-001 -9.468479E-001  0.000000E+000  9.468479E-001  3.216815E-001  0.000000E+000  0.000000E+000  0.000000E+000  1.000000E+000
  3.850000E+000  1.238855E-001  9.803319E-001  0.000000E+000  3.097137E-001 -9.508299E-001  0.000000E+000  9.508299E-001  3.097137E-001  0.000000E+000  0.000000E+000  0.000000E+000  1.000000E+000
  3.900000E+000  1.200236E-001  9.815683E-001  0.000000E+000  3.000590E-001 -9.539207E-001  0.000000E+000  9.539207E-001  3.000590E-001  0.000000E+000  0.000000E+000  0.000000E+000  1.000000E+000
  3.950000E+000  1.171209E-001  9.824692E-001  0.000000E+000  2.928022E-001 -9.561730E-001  0.000000E+000  9.561730E-001  2.928022E-001  0.000000E+000  0.000000E+000  0.000000E+000  1.000000E+000
  4.000000E+000  1.151979E-001  9.830528E-001  0.000000E+000  2.879947E-001 -9.576320E-001  0.000000E+000  9.576320E-001  2.879947E-001  0.000000E+000  0.000000E+000  0.000000E+000  1.000000E+000
  4.050000E+000  1.142611E-001  9.833333E-001  0.000000E+000  2.856527E-001 -9.583332E-001  0.000000E+000  9.583332E-001  2.856527E-001  0.000000E+000  0.000000E+000  0.000000E+000  1.000000E+000
  4.100000E+000  1.143028E-001  9.833208E-001  0.000000E+000  2.857571E-001 -9.583021E-001  0.000000E+000  9.583021E-001  2.857571E-001  0.000000E+000  0.000000E+000  0.000000E+000  1.000000E+000
  4.150000E+000  1.153016E-001  9.830216E-001  0.000000E+000  2.882539E-001 -9.575540E-001  0.000000E+000  9.575540E-001  2.882539E-001  0.000000E+000  0.000000E+000  0.000000E+000  1.000000E+000
  4.200000E+000  1.172226E-001  9.824380E-001  0.000000E+000  2.930566E-001 -9.560951E-001  0.000000E+000  9.560951E-001  2.930566E-001  0.000000E+000  0.000000E+000  0.000000E+000  1.000000E+000
  4.250000E+000  1.200194E-001  9.815696E-001  0.000000E+000  3.000486E-001 -9.539239E-001  0.000000E+000  9.539239E-001  3.000486E-001  0.000000E+000  0.000000E+000  0.000000E+000  1.000000E+000
  4.300000E+000  1.236348E-001  9.804135E-001  0.000000E+000  3.090869E-001 -9.510338E-001  0.000000E+000  9.510338E-001  3.090869E-001  0.000000E+000  0.000000E+000  0.000000E+000  1.000000E+000
  4.350000E+000  1.280025E-001  9.789662E-001  0.000000E+000  3.200062E-001 -9.474155E-001  0.000000E+000  9.474155E-001  3.200062E-001  0.000000E+000  0.000000E+000  0.000000E+000  1.000000E+000
  4.400000E+000  1.330491E-001  9.772240E-001  0.000000E+000  3.326227E-001 -9.430600E-001  0.000000E+000  9.430600E-001  3.326227E-001  0.000000E+000  0.000000E+000  0.000000E+000  1.000000E+000
  4.450000E+000  1.386957E-001  9.751846E-001  0.000000E+000  3.467392E-001 -9.379616E-001  0.000000E+000  9.379616E-001  3.467392E-001  0.000000E+000  0.000000E+000  0.000000E+000  1.000000E+000
  4.500000E+000  1.448592E-001  9.728482E-001  0.000000E+000  3.621481E-001 -9.321206E-001  0.000000E+000  9.321206E-001  3.621481E-001  0.000000E+000  0.000000E+000  0.000000E+000  1.000000E+000
  4.550000E+000  1.514543E-001  9.702183E-001  0.000000E+000  3.786359E-001 -9.255457E-001  0.000000E+000  9.255457E-001  3.786359E-001  0.000000E+000  0.000000E+000  0.000000E+000  1.000000E+000
  4.600000E+000  1.583943E-001  9.673026E-001  0.000000E+000  3.959859E-001 -9.182566E-001  0.000000E+000  9.182566E-001  3.959859E-001  0.000000E+000  0.000000E+000  0.000000E+000  1.000000E+000
  4.650000E+000  1.655924E-001  9.641142E-001  0.000000E+000  4.139810E-001 -9.102855E-001  0.000000E+000  9.102855E-001  4.139810E-001  0.000000E+000  0.000000E+000  0.000000E+000  1.000000E+000
  4.700000E+000  1.729624E-001  9.606716E-001  0.000000E+000  4.324061E-001 -9.016790E-001  0.000000E+000  9.016790E-001  4.324061E-001  0.000000E+000  0.000000E+000  0.000000E+000  1.000000E+000
  4.750000E+000  1.804198E-001  9.569996E-001  0.000000E+000  4.510494E-001 -8.924990E-001  0.000000E+000  8.924990E-001  4.510494E-001  0.000000E+000  0.000000E+000  0.000000E+000  1.000000E+000
  4.800000E+000  1.878817E-001  9.531295E-001  0.000000E+000  4.697043E-001 -8.828238E-001  0.000000E+000  8.828238E-001  4.697043E-001  0.000000E+000  0.000000E+000  0.000000E+000  1.000000E+000
  4.850000E+000  1.952681E-001  9.490994E-001  0.000000E+000  4.881702E-001 -8.727485E-001  0.000000E+000  8.727485E-001  4.881702E-001  0.000000E+000  0.000000E+000  0.000000E+000  1.000000E+000
  4.900000E+000  2.025013E-001  9.449539E-001  0.000000E+000  5.062533E-001 -8.623848E-001  0.000000E+000  8.623848E-001  5.062533E-001  0.000000E+000  0.000000E+000  0.000000E+000  1.000000E+000
  4.950000E+000  2.095072E-001  9.407444E-001  0.000000E+000  5.237680E-001 -8.518609E-001  0.000000E+000  8.518609E-001  5.237680E-001  0.000000E+000  0.000000E+000  0.000000E+000  1.000000E+000
  5.000000E+000  2.162149E-001  9.365280E-001  0.000000E+000  5.405373E-001 -8.413201E-001  0.000000E+000  8.413201E-001  5.405373E-001  0.000000E+000  0.000000E+000  0.000000E+000  1.000000E+000
  5.050000E+000  2.225575E-001  9.323675E-001  0.000000E+000  5.563939E-001 -8.309187E-001  0.000000E+000  8.309187E-001  5.563939E-001  0.000000E+000  0.000000E+000  0.000000E+000  1.000000E+000
  5.100000E+000  2.284726E-001  9.283295E-001  0.000000E+000  5.711814E-001 -8.208239E-001  0.000000E+000  8.208239E-001  5.711814E-001  0.000000E+000  0.000000E+000  0.000000E+000  1.000000E+000
  5.150000E+000  2.339024E-001  9.244837E-001  0.000000E+000  5.847559E-001 -8.112093E-001  0.000000E+000  8.112093E-001  5.847559E-001  0.000000E+000  0.000000E+000  0.000000E+000  1.000000E+000
  5.200000E+000  2.387950E-001  9.209002E-001  0.000000E+000  5.969874E-001 -8.022506E-001  0.000000E+000  8.022506E-001  5.969874E-001  0.000000E+000  0.000000E+000  0.000000E+000  1.000000E+000
  5.250000E+000  2.431046E-001  9.176479E-001  0.000000E+000  6.077614E-001 -7.941197E-001  0.000000E+000  7.941197E-001  6.077614E-001  0.000000E+000  0.000000E+000  0.000000E+000  1.000000E+000
  5.300000E+000  2.467924E-001  9.147912E-001  0.000000E+000  6.169810E-001 -7.869780E-001  0.000000E+000  7.869780E-001  6.169810E-001  0.000000E+000  0.000000E+000  0.000000E+000  1.000000E+000
  5.350000E+000  2.498275E-001  9.123879E-001  0.000000E+000  6.245688E-001 -7.809698E-001  0.000000E+000  7.809698E-001  6.245688E-001  0.000000E+000  0.000000E+000  0.000000E+000  1.000000E+000
  5.400000E+000  2.521873E-001  9.104860E-001  0.000000E+000  6.304682E-001 -7.762151E-001  0.000000E+000  7.762151E-001  6.304682E-001  0.000000E+000  0.000000E+000  0.000000E+000  1.000000E+000
  5.450000E+000  2.538581E-001  9.091215E-001  0.000000E+000  6.346451E-001 -7.728037E-001  0.000000E+000  7.728037E-001  6.346451E-001  0.000000E+000  0.000000E+000  0.000000E+000  1.000000E+000
  5.500000E+000  2.548354E-001  9.083163E-001  0.000000E+000  6.370884E-001 -7.707908E-001  0.000000E+000  7.707908E-001  6.370884E-001  0.000000E+000  0.000000E+000  0.000000E+000  1.000000E+000
  5.550000E+000  2.551240E-001  9.080775E-001  0.000000E+000  6.378101E-001 -7.701937E-001  0.000000E+000  7.701937E-001  6.378101E-001  0.000000E+000  0.000000E+000  0.000000E+000  1.000000E+000
  5.600000E+000  2.547380E-001  9.083968E-001  0.000000E+000  6.368449E-001 -7.709919E-001  0.000000E+000  7.709919E-001  6.368449E-001  0.000000E+000  0.000000E+000  0.000000E+000  1.000000E+000
  5.650000E+000  2.536997E-001  9.092515E-001  0.000000E+000  6.342493E-001 -7.731286E-001  0.000000E+000  7.731286E-001  6.342493E-001  0.000000E+000  0.000000E+000  0.000000E+000  1.000000E+000
  5.700000E+000  2.520396E-001  9.106059E-001  0.000000E+000  6.300990E-001 -7.765148E-001  0.000000E+000  7.765148E-001  6.300990E-001  0.000000E+000  0.000000E+000  0.000000E+000  1.000000E+000
  5.750000E+000  2.497950E-001  9.124139E-001  0.000000E+000  6.244875E-001 -7.810348E-001  0.000000E+000  7.810348E-001  6.244875E-001  0.000000E+000  0.000000E+000  0.000000E+000  1.000000E+000
  5.800000E+000  2.470092E-001  9.146211E-001  0.000000E+000  6.175231E-001 -7.865527E-001  0.000000E+000  7.865527E-001  6.175231E-001  0.000000E+000  0.000000E+000  0.000000E+000  1.000000E+000
  5.850000E+000  2.437306E-001  9.171677E-001  0.000000E+000  6.093266E-001 -7.929194E-001  0.000000E+000  7.929194E-001  6.093266E-001  0.000000E+000  0.000000E+000  0.000000E+000  1.000000E+000
  5.900000E+000  2.400114E-001  9.199915E-001  0.000000E+000  6.000285E-001 -7.999787E-001  0.000000E+000  7.999787E-001  6.000285E-001  0.000000E+000  0.000000E+000  0.000000E+000  1.000000E+000
  5.950000E+000  2.359067E-001  9.230295E-001  0.000000E+000  5.897667E-001 -8.075737E-001  0.000000E+000  8.075737E-001  5.897667E-001  0.000000E+000  0.000000E+000  0.000000E+000  1.000000E+000
  6.000000E+000  2.314738E-001  9.262206E-001  0.000000E+000  5.786845E-001 -8.155515E-001  0.000000E+000  8.155515E-001  5.786845E-001  0.000000E+000  0.000000E+000  0.000000E+000  1.000000E+000
  6.050000E+000  2.267714E-001  9.295068E-001  0.000000E+000  5.669286E-001 -8.237670E-001  0.000000E+000  8.237670E-001  5.669286E-001  0.000000E+000  0.000000E+000  0.000000E+000  1.000000E+000
  6.100000E+000  2.218589E-001  9.328342E-001  0.000000E+000  5.546473E-001 -8.320856E-001  0.000000E+000  8.320856E-001  5.546473E-001  0.000000E+000  0.000000E+000  0.000000E+000  1.000000E+000
  6.150000E+000  2.167957E-001  9.361541E-001  0.000000E+000  5.419894E-001 -8.403853E-001  0.000000E+000  8.403853E-001  5.419894E-001  0.000000E+000  0.000000E+000  0.000000E+000  1.000000E+000
  6.200000E+000  2.116411E-001  9.394231E-001  0.000000E+000  5.291027E-001 -8.485578E-001  0.000000E+000  8.485578E-001  5.291027E-001  0.000000E+000  0.000000E+000  0.000000E+000  1.000000E+000
  6.250000E+000  2.064532E-001  9.426034E-001  0.000000E+000  5.161330E-001 -8.565084E-001  0.000000E+000  8.565084E-001  5.161330E-001  0.000000E+000  0.000000E+000  0.000000E+000  1.000000E+000
  6.300000E+000  2.012893E-001  9.456626E-001  0.000000E+000  5.032233E-001 -8.641564E-001  0.000000E+000  8.641564E-001  5.032233E-001  0.000000E+000  0.000000E+000  0.000000E+000  1.000000E+000
  6.350000E+000  1.962049E-001  9.485737E-001  0.000000E+000  4.905122E-001 -8.714343E-001  0.000000E+000  8.714343E-001  4.905122E-001  0.000000E+000  0.000000E+000  0.000000E+000  1.000000E+000
  6.400000E+000  1.912535E-001  9.513148E-001  0.000000E+000  4.781339E-001 -8.782870E-001  0.000000E+000  8.782870E-001  4.781339E-001  0.000000E+000  0.000000E+000  0.000000E+000  1.000000E+000
  6.450000E+000  1.864865E-001  9.538683E-001  0.000000E+000  4.662161E-001 -8.846708E-001  0.000000E+000  8.846708E-001  4.662161E-001  0.000000E+000  0.000000E+000  0.000000E+000  1.000000E+000
  6.500000E+000  1.819521E-001  9.562211E-001  0.000000E+000  4.548801E-001 -8.905527E-001  0.000000E+000  8.905527E-001  4.548801E-001  0.000000E+000  0.000000E+000  0.000000E+000  1.000000E+000
  6.550000E+000  1.776956E-001  9.583633E-001  0.000000E+000  4.442390E-001 -8.959083E-001  0.000000E+000  8.959083E-001  4.442390E-001  0.000000E+000  0.000000E+000  0.000000E+000  1.000000E+000
  6.600000E+000  1.737587E-001  9.602886E-001  0.000000E+000  4.343969E-001 -9.007216E-001  0.000000E+000  9.007216E-001  4.343969E-001  0.000000E+000  0.000000E+000  0.000000E+000  1.000000E+000
  6.650000E+000  1.701791E-001  9.619932E-001  0.000000E+000  4.254478E-001 -9.049830E-001  0.000000E+000  9.049830E-001  4.254478E-001  0.000000E+000  0.000000E+000  0.000000E+000  1.000000E+000
  6.700000E+000  1.669900E-001  9.634754E-001  0.000000E+000  4.174749E-001 -9.086885E-001  0.000000E+000  9.086885E-001  4.174749E-001  0.000000E+000  0.000000E+000  0.000000E+000  1.000000E+000
  6.750000E+000  1.642196E-001  9.647354E-001  0.000000E+000  4.105491E-001 -9.118385E-001  0.000000E+000  9.118385E-001  4.105491E-001  0.000000E+000  0.000000E+000  0.000000E+000  1.000000E+000
  6.800000E+000  1.618915E-001  9.657747E-001  0.000000E+000  4.047287E-001 -9.144368E-001  0.000000E+000  9.144368E-001  4.047287E-001  0.000000E+000  0.000000E+000  0.000000E+000  1.000000E+000
  6.850000E+000  1.600233E-001  9.665959E-001  0.000000E+000  4.000583E-001 -9.164897E-001  0.000000E+000  9.164897E-001  4.000583E-001  0.000000E+000  0.000000E+000  0.000000E+000  1.000000E+000
  6.900000E+000  1.586274E-001  9.672020E-001  0.000000E+000  3.965686E-001 -9.180051E-001  0.000000E+000  9.180051E-001  3.965686E-001  0.000000E+000  0.000000E+000  0.000000E+000  1.000000E+000
  6.950000E+000  1.577103E-001  9.675969E-001  0.000000E+000  3.942757E-001 -9.189922E-001  0.000000E+000  9.189922E-001  3.942757E-001  0.000000E+000  0.000000E+000  0.000000E+000  1.000000E+000
  7.000000E+000  1.572727E-001  9.677843E-001  0.000000E+000  3.931817E-001 -9.194608E-001  0.000000E+000  9.194608E-001  3.931817E-001  0.000000E+000  0.000000E+000  0.000000E+000  1.000000E+000
  7.050000E+000  1.573096E-001  9.677685E-001  0.000000E+000  3.932739E-001 -9.194214E-001  0.000000E+000  9.194214E-001  3.932739E-001  0.000000E+000  0.000000E+000  0.000000E+000  1.000000E+000
  7.100000E+000  1.578105E-001  9.675539E-001  0.000000E+000  3.945263E-001 -9.188847E-001  0.000000E+000  9.188847E-001  3.945263E-001  0.000000E+000  0.000000E+000  0.000000E+000  1.000000E+000
  7.150000E+000  1.587597E-001  9.671449E-001  0.000000E+000  3.968993E-001 -9.178622E-001  0.000000E+000  9.178622E-001  3.968993E-001  0.000000E+000  0.000000E+000  0.000000E+000  1.000000E+000
  7.200000E+000  1.601365E-001  9.665464E-001  0.000000E+000  4.003413E-001 -9.163661E-001  0.000000E+000  9.163661E-001  4.003413E-001  0.000000E+000  0.000000E+000  0.000000E+000  1.000000E+000
  7.250000E+000  1.619156E-001  9.657640E-001  0.000000E+000  4.047891E-001 -9.144101E-001  0.000000E+000  9.144101E-001  4.047891E-001  0.000000E+000  0.000000E+000  0.000000E+000  1.000000E+000
  7.300000E+000  1.640678E-001  9.648037E-001  0.000000E+000  4.101695E-001 -9.120093E-001  0.000000E+000  9.120093E-001  4.101695E-001  0.000000E+000  0.000000E+000  0.000000E+000  1.000000E+000
  7.350000E+000  1.665602E-001  9.636725E-001  0.000000E+000  4.164005E-001 -9.091813E-001  0.000000E+000  9.091813E-001  4.164005E-001  0.000000E+000  0.000000E+000  0.000000E+000  1.000000E+000
  7.400000E+000  1.693569E-001  9.623786E-001  0.000000E+000  4.233923E-001 -9.059465E-001  0.000000E+000  9.059465E-001  4.233923E-001  0.000000E+000  0.000000E+000  0.000000E+000  1.000000E+000
  7.450000E+000  1.724196E-001  9.609314E-001  0.000000E+000  4.310490E-001 -9.023285E-001  0.000000E+000  9.023285E-001  4.310490E-001  0.000000E+000  0.000000E+000  0.000000E+000  1.000000E+000
  7.500000E+000  1.757080E-001  9.593421E-001  0.000000E+000  4.392699E-001 -8.983551E-001  0.000000E+000  8.983551E-001  4.392699E-001  0.000000E+000  0.000000E+000  0.000000E+000  1.000000E+000
  7.550000E+000  1.791803E-001  9.576233E-001  0.000000E+000  4.479508E-001 -8.940582E-001  0.000000E+000  8.940582E-001  4.479508E-001  0.000000E+000  0.000000E+000  0.000000E+000  1.000000E+000
  7.600000E+000  1.827940E-001  9.557898E-001  0.000000E+000  4.569850E-001 -8.894744E-001  0.000000E+000  8.894744E-001  4.569850E-001  0.000000E+000  0.000000E+000  0.000000E+000  1.000000E+000
  7.650000E+000  1.865060E-001  9.538580E-001  0.000000E+000  4.662651E-001 -8.846451E-001  0.000000E+000  8.846451E-001  4.662651E-001  0.000000E+000  0.000000E+000  0.000000E+000  1.000000E+000
  7.700000E+000  1.902733E-001  9.518466E-001  0.000000E+000  4.756833E-001 -8.796166E-001  0.000000E+000  8.796166E-001  4.756833E-001  0.000000E+000  0.000000E+000  0.000000E+000  1.000000E+000
  7.750000E+000  1.940534E-001  9.497761E-001  0.000000E+000  4.851334E-001 -8.744401E-001  0.000000E+000  8.744401E-001  4.851334E-001  0.000000E+000  0.000000E+000  0.000000E+000  1.000000E+000
  7.800000E+000  1.978045E-001  9.476685E-001  0.000000E+000  4.945112E-001 -8.691712E-001  0.000000E+000  8.691712E-001  4.945112E-001  0.000000E+000  0.000000E+000  0.000000E+000  1.000000E+000
  7.850000E+000  2.014862E-001  9.455478E-001  0.000000E+000  5.037156E-001 -8.638695E-001  0.000000E+000  8.638695E-001  5.037156E-001  0.000000E+000  0.000000E+000  0.000000E+000  1.000000E+000
  7.900000E+000  2.050598E-001  9.434392E-001  0.000000E+000  5.126496E-001 -8.585979E-001  0.000000E+000  8.585979E-001  5.126496E-001  0.000000E+000  0.000000E+000  0.000000E+000  1.000000E+000
  7.950000E+000  2.084884E-001  9.413687E-001  0.000000E+000  5.212210E-001 -8.534217E-001  0.000000E+000  8.534217E-001  5.212210E-001  0.000000E+000  0.000000E+000  0.000000E+000  1.000000E+000
  8.000000E+000  2.117374E-001  9.393630E-001  0.000000E+000  5.293435E-001 -8.484076E-001  0.000000E+000  8.484076E-001  5.293435E-001  0.000000E+000  0.000000E+000  0.000000E+000  1.000000E+000
  8.050000E+000  2.147749E-001  9.374489E-001  0.000000E+000  5.369373E-001 -8.436221E-001  0.000000E+000  8.436221E-001  5.369373E-001  0.000000E+000  0.000000E+000  0.000000E+000  1.000000E+000
  8.100000E+000  2.175719E-001  9.356523E-001  0.000000E+000  5.439297E-001 -8.391308E-001  0.000000E+000  8.391308E-001  5.439297E-001  0.000000E+000  0.000000E+000  0.000000E+000  1.000000E+000
  8.150000E+000  2.201025E-001  9.339983E-001  0.000000E+000  5.502562E-001 -8.349959E-001  0.000000E+000  8.349959E-001  5.502562E-001  0.000000E+000  0.000000E+000  0.000000E+000  1.000000E+000
  8.200000E+000  2.223443E-001  9.325102E-001  0.000000E+000  5.558607E-001 -8.312755E-001  0.000000E+000  8.312755E-001  5.558607E-001  0.000000E+000  0.000000E+000  0.000000E+000  1.000000E+000
  8.250000E+000  2.242785E-001  9.312086E-001  0.000000E+000  5.606962E-001 -8.280216E-001  0.000000E+000  8.280216E-001  5.606962E-001  0.000000E+000  0.000000E+000  0.000000E+000  1.000000E+000
  8.300000E+000  2.258902E-001  9.301115E-001  0.000000E+000  5.647254E-001 -8.252789E-001  0.000000E+000  8.252789E-001  5.647254E-001  0.000000E+000  0.000000E+000  0.000000E+000  1.000000E+000
  8.350000E+000  2.271684E-001  9.292332E-001  0.000000E+000  5.679210E-001 -8.230831E-001  0.000000E+000  8.230831E-001  5.679210E-001  0.000000E+000  0.000000E+000  0.000000E+000  1.000000E+000
  8.400000E+000  2.281062E-001  9.285842E-001  0.000000E+000  5.702656E-001 -8.214604E-001  0.000000E+000  8.214604E-001  5.702656E-001  0.000000E+000  0.000000E+000  0.000000E+000  1.000000E+000
  8.450000E+000  2.287008E-001  9.281706E-001  0.000000E+000  5.717521E-001 -8.204264E-001  0.000000E+000  8.204264E-001  5.717521E-001  0.000000E+000  0.000000E+000  0.000000E+000  1.000000E+000
  8.500000E+000  2.289534E-001  9.279944E-001  0.000000E+000  5.723834E-001 -8.199861E-001  0.000000E+000  8.199861E-001  5.723834E-001  0.000000E+000  0.000000E+000  0.000000E+000  1.000000E+000
  8.550000E+000  2.288690E-001  9.280533E-001  0.000000E+000  5.721725E-001 -8.201333E-001  0.000000E+000  8.201333E-001  5.721725E-001  0.000000E+000  0.000000E+000  0.000000E+000  1.000000E+000
  8.600000E+000  2.284566E-001  9.283407E-001  0.000000E+000  5.711415E-001 -8.208516E-001  0.000000E+000  8.208516E-001  5.711415E-001  0.000000E+000  0.000000E+000  0.000000E+000  1.000000E+000
  8.650000E+000  2.277286E-001  9.288460E-001  0.000000E+000  5.693216E-001 -8.221149E-001  0.000000E+000  8.221149E-001  5.693216E-001  0.000000E+000  0.000000E+000  0.000000E+000  1.000000E+000
  8.700000E+000  2.267009E-001  9.295553E-001  0.000000E+000  5.667524E-001 -8.238882E-001  0.000000E+000  8.238882E-001  5.667524E-001  0.000000E+000  0.000000E+000  0.000000E+000  1.000000E+000
  8.750000E+000  2.253923E-001  9.304517E-001  0.000000E+000  5.634807E-001 -8.261292E-001  0.000000E+000  8.261292E-001  5.634807E-001  0.000000E+000  0.000000E+000  0.000000E+000  1.000000E+000
  8.800000E+000  2.238242E-001  9.315158E-001  0.000000E+000  5.595604E-001 -8.287896E-001  0.000000E+000  8.287896E-001  5.595604E-001  0.000000E+000  0.000000E+000  0.000000E+000  1.000000E+000
  8.850000E+000  2.220204E-001  9.327265E-001  0.000000E+000  5.550511E-001 -8.318163E-001  0.000000E+000  8.318163E-001  5.550511E-001  0.000000E+000  0.000000E+000  0.000000E+000  1.000000E+000
  8.900000E+000  2.200069E-001  9.340613E-001  0.000000E+000  5.500173E-001 -8.351533E-001  0.000000E+000  8.351533E-001  5.500173E-001  0.000000E+000  0.000000E+000  0.000000E+000  1.000000E+000
  8.950000E+000  2.178110E-001  9.354972E-001  0.000000E+000  5.445276E-001 -8.387429E-001  0.000000E+000  8.387429E-001  5.445276E-001  0.000000E+000  0.000000E+000  0.000000E+000  1.000000E+000
  9.000000E+000  2.154616E-001  9.370108E-001  0.000000E+000  5.386539E-001 -8.425271E-001  0.000000E+000  8.425271E-001  5.386539E-001  0.000000E+000  0.000000E+000  0.000000E+000  1.000000E+000
  9.050000E+000  2.129881E-001  9.385795E-001  0.000000E+000  5.324703E-001 -8.464487E-001  0.000000E+000  8.464487E-001  5.324703E-001  0.000000E+000  0.000000E+000  0.000000E+000  1.000000E+000
  9.100000E+000  2.104209E-001  9.401809E-001  0.000000E+000  5.260522E-001 -8.504523E-001  0.000000E+000  8.504523E-001  5.260522E-001  0.000000E+000  0.000000E+000  0.000000E+000  1.000000E+000
  9.150000E+000  2.077904E-001  9.417940E-001  0.000000E+000  5.194759E-001 -8.544851E-001  0.000000E+000  8.544851E-001  5.194759E-001  0.000000E+000  0.000000E+000  0.000000E+000  1.000000E+000
  9.200000E+000  2.051269E-001  9.433991E-001  0.000000E+000  5.128173E-001 -8.584977E-001  0.000000E+000  8.584977E-001  5.128173E-001  0.000000E+000  0.000000E+000  0.000000E+000  1.000000E+000
  9.250000E+000  2.024606E-001  9.449778E-001  0.000000E+000  5.061515E-001 -8.624446E-001  0.000000E+000  8.624446E-001  5.061515E-001  0.000000E+000  0.000000E+000  0.000000E+000  1.000000E+000
  9.300000E+000  1.998207E-001  9.465136E-001  0.000000E+000  4.995518E-001 -8.662840E-001  0.000000E+000  8.662840E-001  4.995518E-001  0.000000E+000  0.000000E+000  0.000000E+000  1.000000E+000
  9.350000E+000  1.972357E-001  9.479915E-001  0.000000E+000  4.930892E-001 -8.699787E-001  0.000000E+000  8.699787E-001  4.930892E-001  0.000000E+000  0.000000E+000  0.000000E+000  1.000000E+000
  9.400000E+000  1.947327E-001  9.493983E-001  0.000000E+000  4.868318E-001 -8.734957E-001  0.000000E+000  8.734957E-001  4.868318E-001  0.000000E+000  0.000000E+000  0.000000E+000  1.000000E+000
  9.450000E+000  1.923375E-001  9.507225E-001  0.000000E+000  4.808439E-001 -8.768062E-001  0.000000E+000  8.768062E-001  4.808439E-001  0.000000E+000  0.000000E+000  0.000000E+000  1.000000E+000
  9.500000E+000  1.900742E-001  9.519543E-001  0.000000E+000  4.751855E-001 -8.798856E-001  0.000000E+000  8.798856E-001  4.751855E-001  0.000000E+000  0.000000E+000  0.000000E+000  1.000000E+000
  9.550000E+000  1.879649E-001  9.530853E-001  0.000000E+000  4.699121E-001 -8.827132E-001  0.000000E+000  8.827132E-001  4.699121E-001  0.000000E+000  0.000000E+000  0.000000E+000  1.000000E+000
  9.600000E+000  1.860295E-001  9.541088E-001  0.000000E+000  4.650737E-001 -8.852719E-001  0.000000E+000  8.852719E-001  4.650737E-001  0.000000E+000  0.000000E+000  0.000000E+000  1.000000E+000
  9.650000E+000  1.842858E-001  9.550193E-001  0.000000E+000  4.607146E-001 -8.875483E-001  0.000000E+000  8.875483E-001  4.607146E-001  0.000000E+000  0.000000E+000  0.000000E+000  1.000000E+000
  9.700000E+000  1.827492E-001  9.558128E-001  0.000000E+000  4.568730E-001 -8.895320E-001  0.000000E+000  8.895320E-001  4.568730E-001  0.000000E+000  0.000000E+000  0.000000E+000  1.000000E+000
  9.750000E+000  1.814322E-001  9.564861E-001  0.000000E+000  4.535805E-001 -8.912153E-001  0.000000E+000  8.912153E-001  4.535805E-001  0.000000E+000  0.000000E+000  0.000000E+000  1.000000E+000
  9.800000E+000  1.803449E-001  9.570374E-001  0.000000E+000  4.508622E-001 -8.925936E-001  0.000000E+000  8.925936E-001  4.508622E-001  0.000000E+000  0.000000E+000  0.000000E+000  1.000000E+000
  9.850000E+000  1.794945E-001  9.574657E-001  0.000000E+000  4.487361E-001 -8.936643E-001  0.000000E+000  8.936643E-001  4.487361E-001  0.000000E+000  0.000000E+000  0.000000E+000  1.000000E+000
  9.900000E+000  1.788854E-001  9.577709E-001  0.000000E+000  4.472135E-001 -8.944272E-001  0.000000E+000  8.944272E-001  4.472135E-001  0.000000E+000  0.000000E+000  0.000000E+000  1.000000E+000
  9.950000E+000  1.785194E-001  9.579537E-001  0.000000E+000  4.462985E-001 -8.948841E-001  0.000000E+000  8.948841E-001  4.462985E-001  0.000000E+000  0.000000E+000  0.000000E+000  1.000000E+000
