% FILE: correct/Data.4
%
%       t         P_No_Co[1]     P_No_Co[2]     P_No_Co[3]      N_C[1,1]       N_C[1,2]       N_C[1,3]       N_C[2,1]       N_C[2,2]       N_C[2,3]       N_C[3,1]       N_C[3,2]       N_C[3,3]
%   (second)        (meter)        (meter)        (meter)       (NoUnits)      (NoUnits)      (NoUnits)      (NoUnits)      (NoUnits)      (NoUnits)      (NoUnits)      (NoUnits)      (NoUnits)

  0.000000E+000  4.166667E+000 -7.216878E+000  2.074983E+001  5.000000E-001 -8.660254E-001  0.000000E+000  8.660254E-001  5.000000E-001  0.000000E+000  0.000000E+000  0.000000E+000  1.000000E+000
  5.000000E-002  4.163181E+000 -7.214850E+000  2.075957E+001  5.004325E-001 -8.657755E-001  6.102199E-007  8.657755E-001  5.004325E-001 -6.227637E-006  5.086362E-006  3.644825E-006  1.000000E+000
  1.000000E-001  4.152824E+000 -7.208810E+000  2.078849E+001  5.017176E-001 -8.650315E-001  2.360867E-006  8.650315E-001  5.017176E-001 -2.472723E-005  2.020534E-005  1.444831E-005  1.000000E+000
  1.500000E-001  4.135662E+000 -7.198757E+000  2.083631E+001  5.038472E-001 -8.637928E-001  5.095844E-006  8.637928E-001  5.038472E-001 -5.527651E-005  4.517992E-005  3.225267E-005  1.000000E+000
  2.000000E-001  4.111716E+000 -7.184635E+000  2.090287E+001  5.068189E-001 -8.620526E-001  8.587148E-006  8.620526E-001  5.068189E-001 -9.762032E-005  7.980172E-005  5.687839E-005  1.000000E+000
  2.500000E-001  4.080986E+000 -7.166350E+000  2.098797E+001  5.106325E-001 -8.597990E-001  1.253171E-005  8.597990E-001  5.106325E-001 -1.514459E-004  1.238140E-004  8.810797E-005  1.000000E+000
  3.000000E-001  4.043455E+000 -7.143769E+000  2.109145E+001  5.152905E-001 -8.570156E-001  1.655276E-005  8.570155E-001  5.152905E-001 -2.163744E-004  1.769068E-004  1.256817E-004  1.000000E+000
  3.500000E-001  3.999092E+000 -7.116721E+000  2.121313E+001  5.207967E-001 -8.536807E-001  2.020258E-005  8.536807E-001  5.207967E-001 -2.919550E-004  2.387149E-004  1.692957E-004  1.000000E+000
  4.000000E-001  3.947856E+000 -7.084994E+000  2.135281E+001  5.271563E-001 -8.497683E-001  2.296624E-005  8.497683E-001  5.271563E-001 -3.776596E-004  3.088164E-004  2.186017E-004  9.999999E-001
  4.500000E-001  3.889695E+000 -7.048336E+000  2.151027E+001  5.343759E-001 -8.452470E-001  2.426619E-005  8.452469E-001  5.343758E-001 -4.728779E-004  3.867313E-004  2.732054E-004  9.999999E-001
  5.000000E-001  3.824552E+000 -7.006454E+000  2.168530E+001  5.424626E-001 -8.400800E-001  2.346792E-005  8.400799E-001  5.424624E-001 -5.769104E-004  4.719204E-004  3.326672E-004  9.999998E-001
  5.500000E-001  3.752365E+000 -6.959005E+000  2.187764E+001  5.514243E-001 -8.342249E-001  1.988678E-005  8.342248E-001  5.514241E-001 -6.889619E-004  5.637831E-004  3.965004E-004  9.999998E-001
  6.000000E-001  3.673068E+000 -6.905601E+000  2.208702E+001  5.612692E-001 -8.276333E-001  1.279617E-005  8.276330E-001  5.612690E-001 -8.081333E-004  6.616559E-004  4.641709E-004  9.999997E-001
  6.500000E-001  3.586597E+000 -6.845797E+000  2.231312E+001  5.720054E-001 -8.202499E-001  1.437507E-006  8.202495E-001  5.720051E-001 -9.334119E-004  7.648087E-004  5.350958E-004  9.999996E-001
  7.000000E-001  3.492891E+000 -6.779091E+000  2.255561E+001  5.836405E-001 -8.120122E-001 -1.496781E-005  8.120117E-001  5.836401E-001 -1.063661E-003  8.724416E-004  6.086416E-004  9.999994E-001
  7.500000E-001  3.391896E+000 -6.704919E+000  2.281411E+001  5.961810E-001 -8.028500E-001 -3.720383E-005  8.028494E-001  5.961806E-001 -1.197608E-003  9.836796E-004  6.841219E-004  9.999993E-001
  8.000000E-001  3.283571E+000 -6.622646E+000  2.308818E+001  6.096323E-001 -7.926843E-001 -6.604238E-005  7.926836E-001  6.096318E-001 -1.333829E-003  1.097567E-003  7.607942E-004  9.999991E-001
  8.500000E-001  3.167892E+000 -6.531559E+000  2.337735E+001  6.239972E-001 -7.814266E-001 -1.022214E-004  7.814256E-001  6.239967E-001 -1.470735E-003  1.213057E-003  8.378560E-004  9.999989E-001
  9.000000E-001  3.044856E+000 -6.430861E+000  2.368107E+001  6.392758E-001 -7.689775E-001 -1.464186E-004  7.689764E-001  6.392752E-001 -1.606555E-003  1.329006E-003  9.144393E-004  9.999987E-001
  9.500000E-001  2.914495E+000 -6.319660E+000  2.399872E+001  6.554641E-001 -7.552263E-001 -1.992185E-004  7.552249E-001  6.554634E-001 -1.739316E-003  1.444158E-003  9.896046E-004  9.999985E-001
  1.000000E+000  2.776879E+000 -6.196959E+000  2.432958E+001  6.725530E-001 -7.400489E-001 -2.610731E-004  7.400473E-001  6.725522E-001 -1.866825E-003  1.557127E-003  1.062332E-003  9.999982E-001
  1.050000E+000  2.632132E+000 -6.061643E+000  2.467284E+001  6.905267E-001 -7.233068E-001 -3.322510E-004  7.233050E-001  6.905259E-001 -1.986646E-003  1.666382E-003  1.131513E-003  9.999980E-001
  1.100000E+000  2.480445E+000 -5.912466E+000  2.502755E+001  7.093611E-001 -7.048451E-001 -4.127764E-004  7.048430E-001  7.093602E-001 -2.096081E-003  1.770220E-003  1.195936E-003  9.999977E-001
  1.150000E+000  2.322092E+000 -5.748037E+000  2.539260E+001  7.290211E-001 -6.844911E-001 -5.023519E-004  6.844887E-001  7.290202E-001 -2.192151E-003  1.866732E-003  1.254270E-003  9.999975E-001
  1.200000E+000  2.157460E+000 -5.566803E+000  2.576668E+001  7.494580E-001 -6.620517E-001 -6.002616E-004  6.620491E-001  7.494571E-001 -2.271579E-003  1.953773E-003  1.305050E-003  9.999972E-001
  1.250000E+000  1.987071E+000 -5.367031E+000  2.614824E+001  7.706056E-001 -6.373119E-001 -7.052510E-004  6.373091E-001  7.706047E-001 -2.330786E-003  2.028908E-003  1.346654E-003  9.999970E-001
  1.300000E+000  1.811625E+000 -5.146797E+000  2.653542E+001  7.923757E-001 -6.100329E-001 -8.153761E-004  6.100299E-001  7.923749E-001 -2.365894E-003  2.089357E-003  1.377273E-003  9.999969E-001
  1.350000E+000  1.632046E+000 -4.903967E+000  2.692598E+001  8.146514E-001 -5.799501E-001 -9.278150E-004  5.799470E-001  8.146508E-001 -2.372757E-003  2.131926E-003  1.394886E-003  9.999968E-001
  1.400000E+000  1.449546E+000 -4.636199E+000  2.731717E+001  8.372800E-001 -5.467734E-001 -1.038636E-003  5.467702E-001  8.372794E-001 -2.347030E-003  2.152923E-003  1.397226E-003  9.999967E-001
  1.450000E+000  1.265706E+000 -4.340954E+000  2.770565E+001  8.600619E-001 -5.101885E-001 -1.142519E-003  5.101853E-001  8.600615E-001 -2.284307E-003  2.148064E-003  1.381749E-003  9.999967E-001
  1.500000E+000  1.082579E+000 -4.015542E+000  2.808726E+001  8.827385E-001 -4.698630E-001 -1.232424E-003  4.698598E-001  8.827384E-001 -2.180350E-003  2.112374E-003  1.345613E-003  9.999969E-001
  1.550000E+000  9.028091E-001 -3.657228E+000  2.845682E+001  9.049765E-001 -4.254595E-001 -1.299242E-003  4.254566E-001  9.049765E-001 -2.031489E-003  2.040100E-003  1.285679E-003  9.999971E-001
  1.600000E+000  7.297794E-001 -3.263434E+000  2.880794E+001  9.263498E-001 -3.766619E-001 -1.331478E-003  3.766594E-001  9.263500E-001 -1.835249E-003  1.924683E-003  1.198569E-003  9.999974E-001
  1.650000E+000  5.677440E-001 -2.832109E+000  2.913272E+001  9.463228E-001 -3.232205E-001 -1.315096E-003  3.232184E-001  9.463231E-001 -1.591312E-003  1.758850E-003  1.080832E-003  9.999979E-001
  1.700000E+000  4.219073E-001 -2.362324E+000  2.942166E+001  9.642402E-001 -2.650272E-001 -1.233801E-003  2.650256E-001  9.642405E-001 -1.302874E-003  1.534978E-003  9.292945E-004  9.999984E-001
  1.750000E+000  2.983350E-001 -1.855139E+000  2.966380E+001  9.793388E-001 -2.022234E-001 -1.070165E-003  2.022223E-001  9.793391E-001 -9.783213E-004  1.245894E-003  7.416968E-004  9.999989E-001
  1.800000E+000  2.035386E-001 -1.314661E+000  2.984745E+001  9.908002E-001 -1.353304E-001 -8.080604E-004  1.353299E-001  9.908004E-001 -6.328286E-004  8.862675E-004  5.176519E-004  9.999995E-001
  1.850000E+000  1.435924E-001 -7.488946E-001  2.996178E+001  9.978620E-001 -6.535433E-002 -4.365191E-004  6.535420E-002  9.978621E-001 -2.889207E-004  4.544681E-004  2.597746E-004  9.999999E-001
  1.900000E+000  1.228831E-001 -1.697967E-001  2.999901E+001  9.999807E-001  6.218263E-003  4.601698E-005 -6.218264E-003  9.999807E-001  2.529527E-005 -4.585880E-005 -2.558092E-005  1.000000E+000
  1.950000E+000  1.429118E-001  4.080383E-001  2.995666E+001  9.969850E-001  7.759158E-002  6.299212E-004 -7.759177E-002  9.969852E-001  2.810659E-004 -6.062138E-004 -3.290952E-004  9.999998E-001
  2.000000E+000  2.014253E-001  9.704590E-001  2.983841E+001  9.891404E-001  1.469681E-001  1.293515E-003 -1.469688E-001  9.891410E-001  4.537597E-004 -1.212781E-003 -6.389384E-004  9.999991E-001
  2.050000E+000  2.934213E-001  1.505833E+000  2.965310E+001  9.770730E-001  2.128951E-001  2.007111E-003 -2.128966E-001  9.770746E-001  5.272164E-004 -1.848856E-003 -9.424361E-004  9.999978E-001
  2.100000E+000  4.123887E-001  2.006562E+000  2.941238E+001  9.616024E-001  2.744327E-001  2.740003E-003 -2.744350E-001  9.616055E-001  4.955395E-004 -2.498810E-003 -1.228465E-003  9.999961E-001
  2.150000E+000  5.515833E-001  2.468965E+000  2.912845E+001  9.435782E-001  3.311317E-001  3.465049E-003 -3.311348E-001  9.435834E-001  3.614384E-004 -3.149879E-003 -1.488444E-003  9.999939E-001
  2.200000E+000  7.048591E-001  2.892332E+000  2.881256E+001  9.237747E-001  3.829138E-001  4.160703E-003 -3.829176E-001  9.237825E-001  1.333609E-004 -3.792519E-003 -1.716402E-003  9.999913E-001
  2.250000E+000  8.670236E-001  3.277851E+000  2.847437E+001  9.028464E-001  4.299364E-001  4.811174E-003 -4.299406E-001  9.028572E-001 -1.771623E-004 -4.419971E-003 -1.908569E-003  9.999884E-001
  2.300000E+000  1.033883E+000  3.627750E+000  2.812186E+001  8.813218E-001  4.724857E-001  5.405666E-003 -4.724898E-001  8.813359E-001 -5.574236E-004 -5.027582E-003 -2.062853E-003  9.999852E-001
  2.350000E+000  1.202137E+000  3.944724E+000  2.776152E+001  8.596170E-001  5.109045E-001  5.937366E-003 -5.109082E-001  8.596347E-001 -9.947126E-004 -5.612169E-003 -2.178377E-003  9.999819E-001
  2.400000E+000  1.369232E+000  4.231585E+000  2.739853E+001  8.380542E-001  5.455494E-001  6.402491E-003 -5.455520E-001  8.380757E-001 -1.476956E-003 -6.171524E-003 -2.255123E-003  9.999784E-001
  2.450000E+000  1.533209E+000  4.491071E+000  2.703709E+001  8.168806E-001  5.767667E-001  6.799508E-003 -5.767678E-001  8.169057E-001 -1.993017E-003 -6.704063E-003 -2.293680E-003  9.999749E-001
  2.500000E+000  1.692578E+000  4.725748E+000  2.668057E+001  7.962843E-001  6.048805E-001  7.128530E-003 -6.048796E-001  7.963129E-001 -2.532807E-003 -7.208587E-003 -2.295068E-003  9.999714E-001
  2.550000E+000  1.846215E+000  4.937971E+000  2.633172E+001  7.764073E-001  6.301881E-001  7.390872E-003 -6.301846E-001  7.764392E-001 -3.087282E-003 -7.684131E-003 -2.260625E-003  9.999679E-001
  2.600000E+000  1.993278E+000  5.129869E+000  2.599277E+001  7.573561E-001  6.529580E-001  7.588712E-003 -6.529515E-001  7.573909E-001 -3.648390E-003 -8.129867E-003 -2.191931E-003  9.999645E-001
  2.650000E+000  2.133146E+000  5.303354E+000  2.566557E+001  7.392092E-001  6.734316E-001  7.724850E-003 -6.734217E-001  7.392466E-001 -4.209000E-003 -8.545042E-003 -2.090750E-003  9.999613E-001
  2.700000E+000  2.265367E+000  5.460137E+000  2.535164E+001  7.220239E-001  6.918241E-001  7.802528E-003 -6.918105E-001  7.220634E-001 -4.762819E-003 -8.928953E-003 -1.959001E-003  9.999582E-001
  2.750000E+000  2.389622E+000  5.601736E+000  2.505226E+001  7.058408E-001  7.083273E-001  7.825298E-003 -7.083097E-001  7.058818E-001 -5.304313E-003 -9.280925E-003 -1.798734E-003  9.999553E-001
  2.800000E+000  2.505694E+000  5.729503E+000  2.476848E+001  6.906873E-001  7.231116E-001  7.796923E-003 -7.230899E-001  6.907294E-001 -5.828633E-003 -9.600316E-003 -1.612113E-003  9.999526E-001
  2.850000E+000  2.613446E+000  5.844634E+000  2.450121E+001  6.765811E-001  7.363277E-001  7.721307E-003 -7.363018E-001  6.766237E-001 -6.331552E-003 -9.886516E-003 -1.401404E-003  9.999501E-001
  2.900000E+000  2.712798E+000  5.948186E+000  2.425118E+001  6.635322E-001  7.481091E-001  7.602438E-003 -7.480791E-001  6.635747E-001 -6.809400E-003 -1.013896E-002 -1.168969E-003  9.999479E-001
  2.950000E+000  2.803721E+000  6.041092E+000  2.401903E+001  6.515447E-001  7.585737E-001  7.444348E-003 -7.585395E-001  6.515866E-001 -7.259022E-003 -1.035714E-002 -9.172546E-004  9.999459E-001
  3.000000E+000  2.886216E+000  6.124171E+000  2.380529E+001  6.406185E-001  7.678251E-001  7.251084E-003 -7.677870E-001  6.406592E-001 -7.677727E-003 -1.054063E-002 -6.487932E-004  9.999442E-001
  3.050000E+000  2.960313E+000  6.198143E+000  2.361040E+001  6.307502E-001  7.759541E-001  7.026686E-003 -7.759123E-001  6.307892E-001 -8.063253E-003 -1.068907E-002 -3.661939E-004  9.999428E-001
  3.100000E+000  3.026058E+000  6.263632E+000  2.343473E+001  6.219341E-001  7.830403E-001  6.775174E-003 -7.829951E-001  6.219710E-001 -8.413730E-003 -1.080225E-002 -7.214220E-005  9.999417E-001
  3.150000E+000  3.083510E+000  6.321179E+000  2.327859E+001  6.141631E-001  7.891523E-001  6.500541E-003 -7.891041E-001  6.141975E-001 -8.727655E-003 -1.088006E-002  2.306003E-004  9.999408E-001
  3.200000E+000  3.132736E+000  6.371247E+000  2.314221E+001  6.074291E-001  7.943496E-001  6.206755E-003 -7.942988E-001  6.074606E-001 -9.003862E-003 -1.092257E-002  5.391903E-004  9.999402E-001
  3.250000E+000  3.173810E+000  6.414228E+000  2.302577E+001  6.017235E-001  7.986827E-001  5.897780E-003 -7.986297E-001  6.017518E-001 -9.241505E-003 -1.093003E-002  8.506886E-004  9.999399E-001
  3.300000E+000  3.206808E+000  6.450444E+000  2.292941E+001  5.970374E-001  8.021940E-001  5.577611E-003 -8.021393E-001  5.970623E-001 -9.440027E-003 -1.090291E-002  1.162027E-003  9.999399E-001
  3.350000E+000  3.231812E+000  6.480154E+000  2.285322E+001  5.933618E-001  8.049187E-001  5.250376E-003 -8.048628E-001  5.933832E-001 -9.599151E-003 -1.084202E-002  1.469937E-003  9.999401E-001
  3.400000E+000  3.248911E+000  6.503552E+000  2.279721E+001  5.906877E-001  8.068852E-001  4.920542E-003 -8.068286E-001  5.907056E-001 -9.718857E-003 -1.074859E-002  1.770775E-003  9.999407E-001
  3.450000E+000  3.258214E+000  6.520760E+000  2.276136E+001  5.890053E-001  8.081161E-001  4.593516E-003 -8.080593E-001  5.890197E-001 -9.799362E-003 -1.062469E-002  2.060043E-003  9.999414E-001
  3.500000E+000  3.259898E+000  6.531799E+000  2.274552E+001  5.883015E-001  8.086303E-001  4.277993E-003 -8.085738E-001  5.883125E-001 -9.841106E-003 -1.047461E-002  2.330465E-003  9.999424E-001
  3.550000E+000  3.254428E+000  6.536628E+000  2.274904E+001  5.885389E-001  8.084591E-001  3.989669E-003 -8.084032E-001  5.885468E-001 -9.845345E-003 -1.030767E-002  2.569108E-003  9.999436E-001
  3.600000E+000  3.242134E+000  6.535754E+000  2.277074E+001  5.896625E-001  8.076412E-001  3.721497E-003 -8.075863E-001  5.896677E-001 -9.814967E-003 -1.012142E-002  2.782088E-003  9.999449E-001
  3.650000E+000  3.223012E+000  6.529469E+000  2.281020E+001  5.916562E-001  8.061830E-001  3.463775E-003 -8.061295E-001  5.916588E-001 -9.751622E-003 -9.910965E-003  2.977356E-003  9.999465E-001
  3.700000E+000  3.197060E+000  6.517808E+000  2.286720E+001  5.945142E-001  8.040787E-001  3.213873E-003 -8.040269E-001  5.945145E-001 -9.656430E-003 -9.675224E-003  3.156845E-003  9.999482E-001
  3.750000E+000  3.164280E+000  6.500711E+000  2.294153E+001  5.982340E-001  8.013160E-001  2.970862E-003 -8.012662E-001  5.982321E-001 -9.530478E-003 -9.414190E-003  3.321005E-003  9.999502E-001
  3.800000E+000  3.124665E+000  6.478059E+000  2.303301E+001  6.028144E-001  7.978768E-001  2.734379E-003 -7.978292E-001  6.028106E-001 -9.374899E-003 -9.128327E-003  3.469757E-003  9.999523E-001
  3.850000E+000  3.078207E+000  6.449679E+000  2.314144E+001  6.082555E-001  7.937373E-001  2.504273E-003 -7.936923E-001  6.082500E-001 -9.190901E-003 -8.818385E-003  3.602794E-003  9.999546E-001
  3.900000E+000  3.024893E+000  6.415345E+000  2.326659E+001  6.145584E-001  7.888681E-001  2.280467E-003 -7.888257E-001  6.145513E-001 -8.979777E-003 -8.485323E-003  3.719706E-003  9.999571E-001
  3.950000E+000  2.964709E+000  6.374785E+000  2.340823E+001  6.217241E-001  7.832336E-001  2.062886E-003 -7.831941E-001  6.217158E-001 -8.742910E-003 -8.130269E-003  3.820039E-003  9.999597E-001
  4.000000E+000  2.897642E+000  6.327670E+000  2.356608E+001  6.297543E-001  7.767922E-001  1.851426E-003 -7.767557E-001  6.297449E-001 -8.481777E-003 -7.754504E-003  3.903330E-003  9.999623E-001
  4.050000E+000  2.823682E+000  6.273621E+000  2.373985E+001  6.386500E-001  7.694956E-001  1.645941E-003 -7.694621E-001  6.386398E-001 -8.197947E-003 -7.359448E-003  3.969130E-003  9.999650E-001
  4.100000E+000  2.742824E+000  6.212200E+000  2.392919E+001  6.484117E-001  7.612885E-001  1.446237E-003 -7.612582E-001  6.484009E-001 -7.893088E-003 -6.946658E-003  4.017011E-003  9.999678E-001
  4.150000E+000  2.655076E+000  6.142906E+000  2.413373E+001  6.590386E-001  7.521081E-001  1.252074E-003 -7.520809E-001  6.590274E-001 -7.568964E-003 -6.517830E-003  4.046578E-003  9.999706E-001
  4.200000E+000  2.560458E+000  6.065174E+000  2.435305E+001  6.705283E-001  7.418832E-001  1.063180E-003 -7.418591E-001  6.705168E-001 -7.227442E-003 -6.074798E-003  4.057475E-003  9.999733E-001
  4.250000E+000  2.459012E+000  5.978365E+000  2.458666E+001  6.828759E-001  7.305339E-001  8.792626E-004 -7.305128E-001  6.828644E-001 -6.870494E-003 -5.619546E-003  4.049382E-003  9.999760E-001
  4.300000E+000  2.350804E+000  5.881761E+000  2.483401E+001  6.960733E-001  7.179704E-001  7.000312E-004 -7.179522E-001  6.960620E-001 -6.500199E-003 -5.154216E-003  4.022026E-003  9.999786E-001
  4.350000E+000  2.235936E+000  5.774559E+000  2.509448E+001  7.101082E-001  7.040924E-001  5.252240E-004 -7.040770E-001  7.100973E-001 -6.118754E-003 -4.681128E-003  3.975179E-003  9.999811E-001
  4.400000E+000  2.114553E+000  5.655863E+000  2.536734E+001  7.249630E-001  6.887877E-001  3.546416E-004 -6.887750E-001  7.249525E-001 -5.728471E-003 -4.202799E-003  3.908661E-003  9.999835E-001
  4.450000E+000  1.986856E+000  5.524671E+000  2.565176E+001  7.406131E-001  6.719317E-001  1.881894E-004 -6.719214E-001  7.406032E-001 -5.331791E-003 -3.721973E-003  3.822345E-003  9.999858E-001
  4.500000E+000  1.853115E+000  5.379870E+000  2.594679E+001  7.570253E-001  6.533856E-001  2.592893E-005 -6.533775E-001  7.570162E-001 -4.931279E-003 -3.241655E-003  3.716161E-003  9.999878E-001
  4.550000E+000  1.713688E+000  5.220224E+000  2.625129E+001  7.741557E-001  6.329953E-001 -1.318588E-004 -6.329892E-001  7.741473E-001 -4.529630E-003 -2.765156E-003  3.590104E-003  9.999897E-001
  4.600000E+000  1.569044E+000  5.044366E+000  2.656395E+001  7.919464E-001  6.105905E-001 -2.845956E-004 -6.105863E-001  7.919390E-001 -4.129666E-003 -2.296153E-003  3.444244E-003  9.999914E-001
  4.650000E+000  1.419787E+000  4.850786E+000  2.688321E+001  8.103227E-001  5.859837E-001 -4.313121E-004 -5.859810E-001  8.103162E-001 -3.734321E-003 -1.838752E-003  3.278746E-003  9.999929E-001
  4.700000E+000  1.266699E+000  4.637829E+000  2.720721E+001  8.291882E-001  5.589692E-001 -5.705335E-004 -5.589677E-001  8.291827E-001 -3.346623E-003 -1.397582E-003  3.093890E-003  9.999942E-001
  4.750000E+000  1.110775E+000  4.403700E+000  2.753372E+001  8.484196E-001  5.293238E-001 -7.001432E-004 -5.293233E-001  8.484150E-001 -2.969644E-003 -9.778910E-004  2.890106E-003  9.999953E-001
  4.800000E+000  9.532846E-001  4.146472E+000  2.786006E+001  8.678597E-001  4.968087E-001 -8.172229E-004 -4.968090E-001  8.678560E-001 -2.606436E-003 -5.856681E-004  2.668024E-003  9.999963E-001
  4.850000E+000  7.958356E-001  3.864127E+000  2.818298E+001  8.873093E-001  4.611739E-001 -9.178714E-004 -4.611748E-001  8.873064E-001 -2.259915E-003 -2.277805E-004  2.428542E-003  9.999970E-001
  4.900000E+000  6.404535E-001  3.554627E+000  2.849854E+001  9.065172E-001  4.221678E-001 -9.970140E-004 -4.221689E-001  9.065151E-001 -1.932686E-003  8.789053E-005  2.172921E-003  9.999976E-001
  4.950000E+000  4.896694E-001  3.216047E+000  2.880194E+001  9.251694E-001  3.795531E-001 -1.048229E-003 -3.795543E-001  9.251680E-001 -1.626789E-003  3.523354E-004  1.902915E-003  9.999981E-001
  5.000000E+000  3.466046E-001  2.846792E+000  2.908742E+001  9.428786E-001  3.331349E-001 -1.063649E-003 -3.331361E-001  9.428778E-001 -1.343332E-003  5.553804E-004  1.620939E-003  9.999985E-001
  5.050000E+000  2.150255E-001  2.445942E+000  2.934813E+001  9.591773E-001  2.828036E-001 -1.034037E-003 -2.828047E-001  9.591769E-001 -1.082009E-003  6.858288E-004  1.330269E-003  9.999989E-001
  5.100000E+000  9.931869E-002  2.013745E+000  2.957620E+001  9.735208E-001  2.285965E-001 -9.492038E-004 -2.285973E-001  9.735207E-001 -8.405164E-004  7.319305E-004  1.035246E-003  9.999992E-001
  5.150000E+000  4.310218E-003  1.552236E+000  2.976304E+001  9.853098E-001  1.707746E-001 -7.989573E-004 -1.707751E-001  9.853098E-001 -6.139840E-004  6.823676E-004  7.414064E-004  9.999995E-001
  5.200000E+000 -6.515677E-002  1.065847E+000  2.990006E+001  9.939426E-001  1.098988E-001 -5.747299E-004 -1.098991E-001  9.939427E-001 -3.946398E-004  5.278781E-004  4.554116E-004  9.999998E-001
  5.250000E+000 -1.049132E-001  5.617294E-001  2.997990E+001  9.989010E-001  4.686918E-002 -2.717253E-004 -4.686923E-002  9.989010E-001 -1.720615E-004  2.633623E-004  1.846080E-004  9.999999E-001
  5.300000E+000 -1.123052E-001  4.944782E-002  2.999780E+001  9.998535E-001 -1.711720E-002  1.090607E-004  1.711719E-002  9.998535E-001  6.571802E-005 -1.101697E-004 -6.384158E-005  1.000000E+000
  5.350000E+000 -8.685699E-002 -4.600666E-001  2.995283E+001  9.967386E-001 -8.069584E-002  5.599493E-004  8.069567E-002  9.967387E-001  3.303562E-004 -5.847816E-004 -2.840933E-004  9.999998E-001
  5.400000E+000 -3.042491E-002 -9.561786E-001  2.984823E+001  9.897892E-001 -1.425347E-001  1.067044E-003  1.425341E-001  9.897897E-001  6.309048E-004 -1.146075E-003 -4.723727E-004  9.999992E-001
  5.450000E+000  5.318928E-002 -1.430166E+000  2.969065E+001  9.794773E-001 -2.015479E-001  1.612845E-003  2.015466E-001  9.794785E-001  9.724585E-004 -1.775744E-003 -6.274377E-004  9.999982E-001
  5.500000E+000  1.590960E-001 -1.876065E+000  2.948872E+001  9.664099E-001 -2.569966E-001  2.179322E-003  2.569941E-001  9.664120E-001  1.355944E-003 -2.454596E-003 -7.503244E-004  9.999967E-001
  5.550000E+000  2.821461E-001 -2.290634E+000  2.925162E+001  9.512260E-001 -3.084826E-001  2.750184E-003  3.084786E-001  9.512296E-001  1.778775E-003 -3.164778E-003 -8.436441E-004  9.999946E-001
  5.600000E+000  4.175073E-001 -2.672812E+000  2.898804E+001  9.345256E-001 -3.558805E-001  3.312045E-003  3.558746E-001  9.345310E-001  2.235908E-003 -3.890925E-003 -9.108406E-004  9.999920E-001
  5.650000E+000  5.609578E-001 -3.023049E+000  2.870573E+001  9.168327E-001 -3.992529E-001  3.854673E-003  3.992448E-001  9.168403E-001  2.720862E-003 -4.620432E-003 -9.556170E-004  9.999889E-001
  5.700000E+000  7.089696E-001 -3.342720E+000  2.841126E+001  8.985852E-001 -4.387774E-001  4.370719E-003  4.387666E-001  8.985953E-001  3.226515E-003 -5.343230E-003 -9.815731E-004  9.999852E-001
  5.750000E+000  8.586768E-001 -3.633691E+000  2.811014E+001  8.801386E-001 -4.746920E-001  4.855234E-003  4.746782E-001  8.801514E-001  3.745648E-003 -6.051370E-003 -9.920156E-004  9.999812E-001
  5.800000E+000  1.007791E+000 -3.898036E+000  2.780690E+001  8.617768E-001 -5.072599E-001  5.305158E-003  5.072429E-001  8.617925E-001  4.271273E-003 -6.738591E-003 -9.898798E-004  9.999768E-001
  5.850000E+000  1.154507E+000 -4.137854E+000  2.750526E+001  8.437236E-001 -5.367473E-001  5.718875E-003  5.367268E-001  8.437425E-001  4.796821E-003 -7.399938E-003 -9.777178E-004  9.999721E-001
  5.900000E+000  1.297410E+000 -4.355177E+000  2.720827E+001  8.261544E-001 -5.634109E-001  6.095838E-003  5.633866E-001  8.261763E-001  5.316235E-003 -8.031461E-003 -9.577177E-004  9.999673E-001
  5.950000E+000  1.435402E+000 -4.551907E+000  2.691847E+001  8.092050E-001 -5.874911E-001  6.436280E-003  5.874630E-001  8.092301E-001  5.824006E-003 -8.629983E-003 -9.317385E-004  9.999623E-001
  6.000000E+000  1.567632E+000 -4.729798E+000  2.663792E+001  7.929808E-001 -6.092094E-001  6.740992E-003  6.091773E-001  7.930089E-001  6.315168E-003 -9.192926E-003 -9.013477E-004  9.999573E-001
  6.050000E+000  1.693448E+000 -4.890445E+000  2.636836E+001  7.775620E-001 -6.287672E-001  7.011147E-003  6.287312E-001  7.775931E-001  6.785292E-003 -9.718188E-003 -8.678581E-004  9.999524E-001
  6.100000E+000  1.812356E+000 -5.035290E+000  2.611123E+001  7.630097E-001 -6.463464E-001  7.248174E-003  6.463065E-001  7.630437E-001  7.230451E-003 -1.020405E-002 -8.323622E-004  9.999476E-001
  6.150000E+000  1.923983E+000 -5.165623E+000  2.586773E+001  7.493696E-001 -6.621100E-001  7.453663E-003  6.620663E-001  7.494062E-001  7.647203E-003 -1.064911E-002 -7.957618E-004  9.999430E-001
  6.200000E+000  2.028055E+000 -5.282600E+000  2.563889E+001  7.366752E-001 -6.762037E-001  7.629284E-003  6.761564E-001  7.367143E-001  8.032554E-003 -1.105225E-002 -7.587940E-004  9.999386E-001
  6.250000E+000  2.124373E+000 -5.387244E+000  2.542554E+001  7.249507E-001 -6.887569E-001  7.776741E-003  6.887062E-001  7.249920E-001  8.383942E-003 -1.141257E-002 -7.220541E-004  9.999346E-001
  6.300000E+000  2.212799E+000 -5.480464E+000  2.522841E+001  7.142126E-001 -6.998843E-001  7.897724E-003  6.998305E-001  7.142559E-001  8.699208E-003 -1.172944E-002 -6.860152E-004  9.999310E-001
  6.350000E+000  2.293240E+000 -5.563059E+000  2.504809E+001  7.044719E-001 -7.096869E-001  7.993884E-003  7.096304E-001  7.045169E-001  8.976580E-003 -1.200239E-002 -6.510453E-004  9.999278E-001
  6.400000E+000  2.365640E+000 -5.635728E+000  2.488508E+001  6.957349E-001 -7.182533E-001  8.066809E-003  7.181945E-001  6.957814E-001  9.214659E-003 -1.223120E-002 -6.174224E-004  9.999250E-001
  6.450000E+000  2.429969E+000 -5.699080E+000  2.473980E+001  6.880047E-001 -7.256608E-001  8.118013E-003  7.256000E-001  6.880523E-001  9.412405E-003 -1.241583E-002 -5.853487E-004  9.999227E-001
  6.500000E+000  2.486219E+000 -5.753641E+000  2.461257E+001  6.812816E-001 -7.319760E-001  8.148925E-003  7.319137E-001  6.813301E-001  9.569130E-003 -1.255648E-002 -5.549622E-004  9.999210E-001
  6.550000E+000  2.534396E+000 -5.799856E+000  2.450365E+001  6.755642E-001 -7.372560E-001  8.160897E-003  7.371926E-001  6.756132E-001  9.684502E-003 -1.265357E-002 -5.263497E-004  9.999198E-001
  6.600000E+000  2.574518E+000 -5.838099E+000  2.441326E+001  6.708492E-001 -7.415489E-001  8.155204E-003  7.414849E-001  6.708986E-001  9.758555E-003 -1.270776E-002 -4.995588E-004  9.999191E-001
  6.650000E+000  2.606609E+000 -5.868677E+000  2.434152E+001  6.671326E-001 -7.448946E-001  8.133076E-003  7.448304E-001  6.671820E-001  9.791720E-003 -1.272004E-002 -4.746129E-004  9.999190E-001
  6.700000E+000  2.630700E+000 -5.891829E+000  2.428852E+001  6.644088E-001 -7.473255E-001  8.095756E-003  7.472616E-001  6.644580E-001  9.784908E-003 -1.269180E-002 -4.515322E-004  9.999194E-001
  6.750000E+000  2.646827E+000 -5.907730E+000  2.425425E+001  6.626711E-001 -7.488673E-001  8.044658E-003  7.488041E-001  6.627198E-001  9.739750E-003 -1.262513E-002 -4.303783E-004  9.999202E-001
  6.800000E+000  2.655021E+000 -5.916477E+000  2.423865E+001  6.619097E-001 -7.495411E-001  7.982054E-003  7.494790E-001  6.619577E-001  9.659626E-003 -1.252407E-002 -4.114182E-004  9.999215E-001
  6.850000E+000  2.655399E+000 -5.918107E+000  2.424119E+001  6.620911E-001 -7.493815E-001  7.914205E-003  7.493207E-001  6.621383E-001  9.554696E-003 -1.240041E-002 -3.958016E-004  9.999230E-001
  6.900000E+000  2.648533E+000 -5.913183E+000  2.426067E+001  6.631548E-001 -7.484413E-001  7.839077E-003  7.483820E-001  6.632010E-001  9.423509E-003 -1.225183E-002 -3.826207E-004  9.999249E-001
  6.950000E+000  2.634663E+000 -5.901943E+000  2.429669E+001  6.650844E-001 -7.467280E-001  7.753141E-003  7.466706E-001  6.651295E-001  9.261802E-003 -1.207289E-002 -3.708373E-004  9.999271E-001
  7.000000E+000  2.613869E+000 -5.884381E+000  2.434903E+001  6.678731E-001 -7.442358E-001  7.655540E-003  7.441806E-001  6.679169E-001  9.069415E-003 -1.186305E-002 -3.601144E-004  9.999296E-001
  7.050000E+000  2.586203E+000 -5.860412E+000  2.441749E+001  6.715162E-001 -7.409515E-001  7.545814E-003  7.408987E-001  6.715585E-001  8.847022E-003 -1.162267E-002 -3.502343E-004  9.999324E-001
  7.100000E+000  2.551703E+000 -5.829894E+000  2.450187E+001  6.760097E-001 -7.368553E-001  7.423593E-003  7.368053E-001  6.760504E-001  8.595681E-003 -1.135250E-002 -3.410212E-004  9.999355E-001
  7.150000E+000  2.510403E+000 -5.792624E+000  2.460192E+001  6.813502E-001 -7.319213E-001  7.288518E-003  7.318741E-001  6.813891E-001  8.316716E-003 -1.105350E-002 -3.323183E-004  9.999389E-001
  7.200000E+000  2.462335E+000 -5.748352E+000  2.471741E+001  6.875342E-001 -7.261169E-001  7.140214E-003  7.260728E-001  6.875712E-001  8.011666E-003 -1.072681E-002 -3.239801E-004  9.999424E-001
  7.250000E+000  2.407532E+000 -5.696771E+000  2.484804E+001  6.945579E-001 -7.194030E-001  6.978278E-003  7.193621E-001  6.945928E-001  7.682263E-003 -1.037371E-002 -3.158681E-004  9.999461E-001
  7.300000E+000  2.346036E+000 -5.637517E+000  2.499348E+001  7.024164E-001 -7.117338E-001  6.802286E-003  7.116961E-001  7.024493E-001  7.330424E-003 -9.995571E-003 -3.078498E-004  9.999500E-001
  7.350000E+000  2.277898E+000 -5.570172E+000  2.515337E+001  7.111038E-001 -7.030560E-001  6.611796E-003  7.030216E-001  7.111344E-001  6.958243E-003 -9.593910E-003 -2.997977E-004  9.999539E-001
  7.400000E+000  2.203183E+000 -5.494251E+000  2.532729E+001  7.206120E-001 -6.933089E-001  6.406358E-003  6.932779E-001  7.206405E-001  6.567994E-003 -9.170330E-003 -2.915897E-004  9.999579E-001
  7.450000E+000  2.121976E+000 -5.409208E+000  2.551477E+001  7.309308E-001 -6.824235E-001  6.185536E-003  6.823958E-001  7.309569E-001  6.162132E-003 -8.726544E-003 -2.831088E-004  9.999619E-001
  7.500000E+000  2.034389E+000 -5.314424E+000  2.571526E+001  7.420464E-001 -6.703221E-001  5.948921E-003  6.702975E-001  7.420702E-001  5.743295E-003 -8.264374E-003 -2.742446E-004  9.999658E-001
  7.550000E+000  1.940566E+000 -5.209205E+000  2.592814E+001  7.539410E-001 -6.569175E-001  5.696161E-003  6.568960E-001  7.539624E-001  5.314314E-003 -7.785757E-003 -2.648935E-004  9.999697E-001
  7.600000E+000  1.840695E+000 -5.092777E+000  2.615270E+001  7.665913E-001 -6.421124E-001  5.426991E-003  6.420939E-001  7.666105E-001  4.878216E-003 -7.292751E-003 -2.549601E-004  9.999734E-001
  7.650000E+000  1.735015E+000 -4.964279E+000  2.638813E+001  7.799676E-001 -6.257988E-001  5.141273E-003  6.257831E-001  7.799845E-001  4.438237E-003 -6.787557E-003 -2.443585E-004  9.999769E-001
  7.700000E+000  1.623832E+000 -4.822757E+000  2.663346E+001  7.940317E-001 -6.078570E-001  4.839046E-003  6.078439E-001  7.940465E-001  3.997824E-003 -6.272532E-003 -2.330141E-004  9.999803E-001
  7.750000E+000  1.507535E+000 -4.667158E+000  2.688761E+001  8.087354E-001 -5.881553E-001  4.520581E-003  5.881445E-001  8.087480E-001  3.560645E-003 -5.750223E-003 -2.208652E-004  9.999834E-001
  7.800000E+000  1.386614E+000 -4.496330E+000  2.714927E+001  8.240175E-001 -5.665489E-001  4.186461E-003  5.665403E-001  8.240281E-001  3.130595E-003 -5.223397E-003 -2.078664E-004  9.999863E-001
  7.850000E+000  1.261683E+000 -4.309017E+000  2.741694E+001  8.398011E-001 -5.428806E-001  3.837670E-003  5.428739E-001  8.398099E-001  2.711787E-003 -4.695090E-003 -1.939911E-004  9.999890E-001
  7.900000E+000  1.133515E+000 -4.103863E+000  2.768883E+001  8.559900E-001 -5.169806E-001  3.475705E-003  5.169755E-001  8.559971E-001  2.308543E-003 -4.168665E-003 -1.792358E-004  9.999913E-001
  7.950000E+000  1.003072E+000 -3.879427E+000  2.796283E+001  8.724641E-001 -4.886683E-001  3.102712E-003  4.886645E-001  8.724696E-001  1.925364E-003 -3.647886E-003 -1.636256E-004  9.999933E-001
  8.000000E+000  8.715471E-001 -3.634203E+000  2.823642E+001  8.890741E-001 -4.577553E-001  2.721651E-003  4.577526E-001  8.890782E-001  1.566870E-003 -3.137004E-003 -1.472202E-004  9.999951E-001
  8.050000E+000  7.404198E-001 -3.366672E+000  2.850663E+001  9.056352E-001 -4.240513E-001  2.336487E-003  4.240495E-001  9.056382E-001  1.237705E-003 -2.640863E-003 -1.301232E-004  9.999965E-001
  8.100000E+000  6.115041E-001 -3.075376E+000  2.876989E+001  9.219206E-001 -3.873739E-001  1.952400E-003  3.873727E-001  9.219227E-001  9.423786E-004 -2.165014E-003 -1.124919E-004  9.999977E-001
  8.150000E+000  4.870053E-001 -2.759048E+000  2.902198E+001  9.376548E-001 -3.475644E-001  1.575998E-003  3.475637E-001  9.376561E-001  6.850178E-004 -1.715832E-003 -9.455060E-005  9.999985E-001
  8.200000E+000  3.695613E-001 -2.416798E+000  2.925798E+001  9.525079E-001 -3.045116E-001  1.215498E-003  3.045112E-001  9.525086E-001  4.690137E-004 -1.300593E-003 -7.660635E-005  9.999992E-001
  8.250000E+000  2.622503E-001 -2.048388E+000  2.947222E+001  9.660948E-001 -2.581859E-001  8.807889E-004  2.581858E-001  9.660952E-001  2.965255E-004 -9.274847E-004 -5.906463E-005  9.999996E-001
  8.300000E+000  1.685319E-001 -1.654585E+000  2.965840E+001  9.779830E-001 -2.086836E-001  5.832570E-004  2.086835E-001  9.779832E-001  1.678555E-004 -6.054442E-004 -4.244370E-005  9.999998E-001
  8.350000E+000  9.207530E-002 -1.237556E+000  2.980991E+001  9.877133E-001 -1.562762E-001  3.352290E-004  1.562762E-001  9.877134E-001  8.076031E-005 -3.437310E-004 -2.737973E-005  9.999999E-001
  8.400000E+000  3.643847E-002 -8.012102E-001  2.992038E+001  9.948403E-001 -1.014537E-001  1.488793E-004  1.014537E-001  9.948403E-001  2.987118E-005 -1.511416E-004 -1.461271E-005  1.000000E+000
  8.450000E+000  4.602560E-003 -3.513084E-001  2.998447E+001  9.989897E-001 -4.493885E-002  3.461578E-005  4.493885E-002  9.989897E-001  6.500688E-006 -3.487294E-005 -4.938527E-006  1.000000E+000
  8.500000E+000 -1.573418E-003  1.048680E-001  2.999880E+001  9.999238E-001  1.234846E-002 -8.141297E-007 -1.234846E-002  9.999238E-001 -9.042171E-007  8.029019E-007  9.142014E-007  1.000000E+000
  8.550000E+000  1.826566E-002  5.591429E-001  2.996264E+001  9.975907E-001  6.937389E-002  4.378415E-005 -6.937389E-002  9.975907E-001 -5.720138E-006 -4.407549E-005  2.668879E-006  1.000000E+000
  8.600000E+000  6.298890E-002  1.003154E+000  2.987815E+001  9.921429E-001  1.251095E-001  1.644443E-004 -1.251095E-001  9.921429E-001 -2.078133E-005 -1.657522E-004  4.451213E-008  1.000000E+000
  8.650000E+000  1.299910E-001  1.429870E+000  2.975004E+001  9.839075E-001  1.786781E-001  3.528788E-004 -1.786781E-001  9.839076E-001 -5.668728E-005 -3.573289E-004 -7.276671E-006  9.999999E-001
  8.700000E+000  2.157571E-001  1.834117E+000  2.958461E+001  9.733242E-001  2.294333E-001  5.978483E-004 -2.294333E-001  9.733244E-001 -1.209338E-004 -6.096465E-004 -1.945847E-005  9.999998E-001
  8.750000E+000  3.164129E-001  2.212677E+000  2.938888E+001  9.608774E-001  2.769726E-001  8.869706E-004 -2.769725E-001  9.608778E-001 -2.176746E-004 -9.125603E-004 -3.650795E-005  9.999996E-001
  8.800000E+000  4.281558E-001  2.564031E+000  2.916980E+001  9.470425E-001  3.211061E-001  1.208178E-003 -3.211059E-001  9.470432E-001 -3.480853E-004 -1.255969E-003 -5.830143E-005  9.999992E-001
  8.850000E+000  5.475205E-001  2.887948E+000  2.893377E+001  9.322526E-001  3.618048E-001  1.550612E-003 -3.618044E-001  9.322539E-001 -5.110218E-004 -1.630455E-003 -8.461698E-005  9.999987E-001
  8.900000E+000  6.714977E-001  3.185071E+000  2.868646E+001  9.168840E-001  3.991493E-001  1.905029E-003 -3.991487E-001  9.168859E-001 -7.037160E-004 -2.027582E-003 -1.151637E-004  9.999979E-001
  8.950000E+000  7.975571E-001  3.456584E+000  2.843274E+001  9.012529E-001  4.332875E-001  2.263852E-003 -4.332866E-001  9.012557E-001 -9.223738E-004 -2.439963E-003 -1.496047E-004  9.999970E-001
  9.000000E+000  9.236147E-001  3.703956E+000  2.817670E+001  8.856199E-001  4.644035E-001  2.621055E-003 -4.644021E-001  8.856237E-001 -1.162633E-003 -2.861199E-003 -1.875731E-004  9.999959E-001
  9.050000E+000  1.047979E+000  3.928778E+000  2.792181E+001  8.701963E-001  4.926962E-001  2.971951E-003 -4.926942E-001  8.702014E-001 -1.419886E-003 -3.285768E-003 -2.286833E-004  9.999946E-001
  9.100000E+000  1.169290E+000  4.132653E+000  2.767094E+001  8.551522E-001  5.183664E-001  3.312965E-003 -5.183637E-001  8.551586E-001 -1.689504E-003 -3.708893E-003 -2.725382E-004  9.999931E-001
  9.150000E+000  1.286462E+000  4.317131E+000  2.742649E+001  8.406232E-001  5.416081E-001  3.641430E-003 -5.416046E-001  8.406310E-001 -1.966971E-003 -4.126427E-003 -3.187337E-004  9.999914E-001
  9.200000E+000  1.398635E+000  4.483675E+000  2.719047E+001  8.267169E-001  5.626042E-001  3.955392E-003 -5.625999E-001  8.267263E-001 -2.247978E-003 -4.534748E-003 -3.668614E-004  9.999897E-001
  9.250000E+000  1.505130E+000  4.633636E+000  2.696456E+001  8.135180E-001  5.815241E-001  4.253456E-003 -5.815188E-001  8.135291E-001 -2.528467E-003 -4.930674E-003 -4.165110E-004  9.999878E-001
  9.300000E+000  1.605415E+000  4.768251E+000  2.675016E+001  8.010931E-001  5.985226E-001  4.534657E-003 -5.985162E-001  8.011058E-001 -2.804661E-003 -5.311393E-003 -4.672712E-004  9.999858E-001
  9.350000E+000  1.699076E+000  4.888641E+000  2.654846E+001  7.894937E-001  6.137399E-001  4.798353E-003 -6.137325E-001  7.895081E-001 -3.073076E-003 -5.674408E-003 -5.187306E-004  9.999838E-001
  9.400000E+000  1.785795E+000  4.995813E+000  2.636045E+001  7.787596E-001  6.273022E-001  5.044138E-003 -6.272937E-001  7.787757E-001 -3.330524E-003 -6.017497E-003 -5.704782E-004  9.999817E-001
  9.450000E+000  1.865329E+000  5.090665E+000  2.618696E+001  7.689210E-001  6.393220E-001  5.271775E-003 -6.393124E-001  7.689388E-001 -3.574108E-003 -6.338679E-003 -6.221038E-004  9.999797E-001
  9.500000E+000  1.937496E+000  5.173995E+000  2.602868E+001  7.600007E-001  6.498992E-001  5.481142E-003 -6.498884E-001  7.600201E-001 -3.801223E-003 -6.636190E-003 -6.731988E-004  9.999778E-001
  9.550000E+000  2.002164E+000  5.246506E+000  2.588618E+001  7.520150E-001  6.591216E-001  5.672184E-003 -6.591098E-001  7.520361E-001 -4.009542E-003 -6.908463E-003 -7.233556E-004  9.999759E-001
  9.600000E+000  2.059237E+000  5.308811E+000  2.575994E+001  7.449758E-001  6.670659E-001  5.844882E-003 -6.670531E-001  7.449984E-001 -4.197020E-003 -7.154116E-003 -7.721679E-004  9.999741E-001
  9.650000E+000  2.108652E+000  5.361440E+000  2.565035E+001  7.388908E-001  6.737984E-001  5.999220E-003 -6.737848E-001  7.389147E-001 -4.361881E-003 -7.371941E-003 -8.192296E-004  9.999725E-001
  9.700000E+000  2.150372E+000  5.404848E+000  2.555769E+001  7.337647E-001  6.793760E-001  6.135165E-003 -6.793616E-001  7.337898E-001 -4.502619E-003 -7.560893E-003 -8.641328E-004  9.999710E-001
  9.750000E+000  2.184377E+000  5.439419E+000  2.548218E+001  7.295994E-001  6.838462E-001  6.252641E-003 -6.838312E-001  7.296257E-001 -4.617997E-003 -7.720087E-003 -9.064630E-004  9.999698E-001
  9.800000E+000  2.210669E+000  5.465471E+000  2.542399E+001  7.263948E-001  6.872484E-001  6.351504E-003 -6.872329E-001  7.264219E-001 -4.707047E-003 -7.848782E-003 -9.457880E-004  9.999688E-001
  9.850000E+000  2.229263E+000  5.483264E+000  2.538317E+001  7.241483E-001  6.896143E-001  6.431500E-003 -6.895985E-001  7.241762E-001 -4.769082E-003 -7.946366E-003 -9.816306E-004  9.999679E-001
  9.900000E+000  2.240193E+000  5.493014E+000  2.535971E+001  7.228548E-001  6.909694E-001  6.492144E-003 -6.909535E-001  7.228833E-001 -4.803722E-003 -8.012288E-003 -1.013376E-003  9.999674E-001
  9.950000E+000  2.243519E+000  5.494958E+000  2.535346E+001  7.225036E-001  6.913363E-001  6.531653E-003 -6.913203E-001  7.225324E-001 -4.811088E-003 -8.045410E-003 -1.039436E-003  9.999671E-001
