% FILE: fourbar.1
%
%       t         P_Na_Ao[1]     P_Na_Ao[2]     P_Na_Ao[3]      N_A[1,1]       N_A[1,2]       N_A[1,3]       N_A[2,1]       N_A[2,2]       N_A[2,3]       N_A[3,1]       N_A[3,2]       N_A[3,3]
%   (second)        (meter)        (meter)        (meter)       (NoUnits)      (NoUnits)      (NoUnits)      (NoUnits)      (NoUnits)      (NoUnits)      (NoUnits)      (NoUnits)      (NoUnits)

  0.000000E+000  4.330127E-001  2.500000E-001  0.000000E+000  8.660254E-001 -5.000000E-001  0.000000E+000  5.000000E-001  8.660254E-001  0.000000E+000  0.000000E+000  0.000000E+000  1.000000E+000
  5.000000E-002  4.361065E-001  2.445631E-001  0.000000E+000  8.722130E-001 -4.891263E-001  0.000000E+000  4.891263E-001  8.722130E-001  0.000000E+000  0.000000E+000  0.000000E+000  1.000000E+000
  1.000000E-001  4.433124E-001  2.312447E-001  0.000000E+000  8.866248E-001 -4.624894E-001  0.000000E+000  4.624894E-001  8.866248E-001  0.000000E+000  0.000000E+000  0.000000E+000  1.000000E+000
  1.500000E-001  4.535205E-001  2.105211E-001  0.000000E+000  9.070411E-001 -4.210422E-001  0.000000E+000  4.210422E-001  9.070411E-001  0.000000E+000  0.000000E+000  0.000000E+000  1.000000E+000
  2.000000E-001  4.666790E-001  1.794734E-001  0.000000E+000  9.333580E-001 -3.589468E-001  0.000000E+000  3.589468E-001  9.333580E-001  0.000000E+000  0.000000E+000  0.000000E+000  1.000000E+000
  2.500000E-001  4.808246E-001  1.371412E-001  0.000000E+000  9.616492E-001 -2.742825E-001  0.000000E+000  2.742825E-001  9.616492E-001  0.000000E+000  0.000000E+000  0.000000E+000  1.000000E+000
  3.000000E-001  4.927625E-001  8.476481E-002  0.000000E+000  9.855251E-001 -1.695296E-001  0.000000E+000  1.695296E-001  9.855251E-001  0.000000E+000  0.000000E+000  0.000000E+000  1.000000E+000
  3.500000E-001  4.994095E-001  2.429287E-002  0.000000E+000  9.988190E-001 -4.858575E-002  0.000000E+000  4.858575E-002  9.988190E-001  0.000000E+000  0.000000E+000  0.000000E+000  1.000000E+000
  4.000000E-001  4.982356E-001 -4.196766E-002  0.000000E+000  9.964712E-001  8.393531E-002  0.000000E+000 -8.393531E-002  9.964712E-001  0.000000E+000  0.000000E+000  0.000000E+000  1.000000E+000
  4.500000E-001  4.874379E-001 -1.113744E-001  0.000000E+000  9.748759E-001  2.227488E-001  0.000000E+000 -2.227488E-001  9.748759E-001  0.000000E+000  0.000000E+000  0.000000E+000  1.000000E+000
  5.000000E-001  4.660746E-001 -1.810371E-001  0.000000E+000  9.321493E-001  3.620743E-001  0.000000E+000 -3.620743E-001  9.321493E-001  0.000000E+000  0.000000E+000  0.000000E+000  1.000000E+000
  5.500000E-001  4.341571E-001 -2.480073E-001  0.000000E+000  8.683141E-001  4.960147E-001  0.000000E+000 -4.960147E-001  8.683141E-001  0.000000E+000  0.000000E+000  0.000000E+000  1.000000E+000
  6.000000E-001  3.926672E-001 -3.095359E-001  0.000000E+000  7.853344E-001  6.190718E-001  0.000000E+000 -6.190718E-001  7.853344E-001  0.000000E+000  0.000000E+000  0.000000E+000  1.000000E+000
  6.500000E-001  3.434761E-001 -3.633513E-001  0.000000E+000  6.869522E-001  7.267026E-001  0.000000E+000 -7.267026E-001  6.869522E-001  0.000000E+000  0.000000E+000  0.000000E+000  1.000000E+000
  7.000000E-001  2.891603E-001 -4.079048E-001  0.000000E+000  5.783205E-001  8.158096E-001  0.000000E+000 -8.158096E-001  5.783205E-001  0.000000E+000  0.000000E+000  0.000000E+000  1.000000E+000
  7.500000E-001  2.327349E-001 -4.425319E-001  0.000000E+000  4.654699E-001  8.850637E-001  0.000000E+000 -8.850637E-001  4.654699E-001  0.000000E+000  0.000000E+000  0.000000E+000  1.000000E+000
  8.000000E-001  1.773434E-001 -4.674926E-001  0.000000E+000  3.546869E-001  9.349851E-001  0.000000E+000 -9.349851E-001  3.546869E-001  0.000000E+000  0.000000E+000  0.000000E+000  1.000000E+000
  8.500000E-001  1.259562E-001 -4.838750E-001  0.000000E+000  2.519124E-001  9.677500E-001  0.000000E+000 -9.677500E-001  2.519124E-001  0.000000E+000  0.000000E+000  0.000000E+000  1.000000E+000
  9.000000E-001  8.113274E-002 -4.933736E-001  0.000000E+000  1.622655E-001  9.867471E-001  0.000000E+000 -9.867471E-001  1.622655E-001  0.000000E+000  0.000000E+000  0.000000E+000  1.000000E+000
  9.500000E-001  4.488403E-002 -4.979813E-001  0.000000E+000  8.976806E-002  9.959627E-001  0.000000E+000 -9.959627E-001  8.976806E-002  0.000000E+000  0.000000E+000  0.000000E+000  1.000000E+000
  1.000000E+000  1.864498E-002 -4.996522E-001  0.000000E+000  3.728997E-002  9.993045E-001  0.000000E+000 -9.993045E-001  3.728997E-002  0.000000E+000  0.000000E+000  0.000000E+000  1.000000E+000
  1.050000E+000  3.332326E-003 -4.999889E-001  0.000000E+000  6.664652E-003  9.999778E-001  0.000000E+000 -9.999778E-001  6.664652E-003  0.000000E+000  0.000000E+000  0.000000E+000  1.000000E+000
  1.100000E+000 -5.599299E-004 -4.999997E-001  0.000000E+000 -1.119860E-003  9.999994E-001  0.000000E+000 -9.999994E-001 -1.119860E-003  0.000000E+000  0.000000E+000  0.000000E+000  1.000000E+000
  1.150000E+000  7.118285E-003 -4.999493E-001  0.000000E+000  1.423657E-002  9.998987E-001  0.000000E+000 -9.998987E-001  1.423657E-002  0.000000E+000  0.000000E+000  0.000000E+000  1.000000E+000
  1.200000E+000  2.619432E-002 -4.993134E-001  0.000000E+000  5.238864E-002  9.986268E-001  0.000000E+000 -9.986268E-001  5.238864E-002  0.000000E+000  0.000000E+000  0.000000E+000  1.000000E+000
  1.250000E+000  5.612301E-002 -4.968402E-001  0.000000E+000  1.122460E-001  9.936804E-001  0.000000E+000 -9.936804E-001  1.122460E-001  0.000000E+000  0.000000E+000  0.000000E+000  1.000000E+000
  1.300000E+000  9.588485E-002 -4.907200E-001  0.000000E+000  1.917697E-001  9.814400E-001  0.000000E+000 -9.814400E-001  1.917697E-001  0.000000E+000  0.000000E+000  0.000000E+000  1.000000E+000
  1.350000E+000  1.438783E-001 -4.788518E-001  0.000000E+000  2.877565E-001  9.577036E-001  0.000000E+000 -9.577036E-001  2.877565E-001  0.000000E+000  0.000000E+000  0.000000E+000  1.000000E+000
  1.400000E+000  1.978651E-001 -4.591834E-001  0.000000E+000  3.957303E-001  9.183668E-001  0.000000E+000 -9.183668E-001  3.957303E-001  0.000000E+000  0.000000E+000  0.000000E+000  1.000000E+000
  1.450000E+000  2.550210E-001 -4.300748E-001  0.000000E+000  5.100420E-001  8.601495E-001  0.000000E+000 -8.601495E-001  5.100420E-001  0.000000E+000  0.000000E+000  0.000000E+000  1.000000E+000
  1.500000E+000  3.121135E-001 -3.906215E-001  0.000000E+000  6.242269E-001  7.812431E-001  0.000000E+000 -7.812431E-001  6.242269E-001  0.000000E+000  0.000000E+000  0.000000E+000  1.000000E+000
  1.550000E+000  3.657950E-001 -3.408725E-001  0.000000E+000  7.315900E-001  6.817449E-001  0.000000E+000 -6.817449E-001  7.315900E-001  0.000000E+000  0.000000E+000  0.000000E+000  1.000000E+000
  1.600000E+000  4.129598E-001 -2.818940E-001  0.000000E+000  8.259195E-001  5.637880E-001  0.000000E+000 -5.637880E-001  8.259195E-001  0.000000E+000  0.000000E+000  0.000000E+000  1.000000E+000
  1.650000E+000  4.510954E-001 -2.156686E-001  0.000000E+000  9.021908E-001  4.313373E-001  0.000000E+000 -4.313373E-001  9.021908E-001  0.000000E+000  0.000000E+000  0.000000E+000  1.000000E+000
  1.700000E+000  4.785591E-001 -1.448487E-001  0.000000E+000  9.571183E-001  2.896975E-001  0.000000E+000 -2.896975E-001  9.571183E-001  0.000000E+000  0.000000E+000  0.000000E+000  1.000000E+000
  1.750000E+000  4.947276E-001 -7.241985E-002  0.000000E+000  9.894551E-001  1.448397E-001  0.000000E+000 -1.448397E-001  9.894551E-001  0.000000E+000  0.000000E+000  0.000000E+000  1.000000E+000
  1.800000E+000  4.999982E-001 -1.340781E-003  0.000000E+000  9.999964E-001  2.681562E-003  0.000000E+000 -2.681562E-003  9.999964E-001  0.000000E+000  0.000000E+000  0.000000E+000  1.000000E+000
  1.850000E+000  4.956552E-001  6.577145E-002  0.000000E+000  9.913105E-001 -1.315429E-001  0.000000E+000  1.315429E-001  9.913105E-001  0.000000E+000  0.000000E+000  0.000000E+000  1.000000E+000
  1.900000E+000  4.836382E-001  1.268625E-001  0.000000E+000  9.672764E-001 -2.537250E-001  0.000000E+000  2.537250E-001  9.672764E-001  0.000000E+000  0.000000E+000  0.000000E+000  1.000000E+000
  1.950000E+000  4.662660E-001  1.805436E-001  0.000000E+000  9.325320E-001 -3.610872E-001  0.000000E+000  3.610872E-001  9.325320E-001  0.000000E+000  0.000000E+000  0.000000E+000  1.000000E+000
  2.000000E+000  4.459683E-001  2.260803E-001  0.000000E+000  8.919366E-001 -4.521606E-001  0.000000E+000  4.521606E-001  8.919366E-001  0.000000E+000  0.000000E+000  0.000000E+000  1.000000E+000
  2.050000E+000  4.250615E-001  2.632921E-001  0.000000E+000  8.501230E-001 -5.265842E-001  0.000000E+000  5.265842E-001  8.501230E-001  0.000000E+000  0.000000E+000  0.000000E+000  1.000000E+000
  2.100000E+000  4.055901E-001  2.923981E-001  0.000000E+000  8.111802E-001 -5.847962E-001  0.000000E+000  5.847962E-001  8.111802E-001  0.000000E+000  0.000000E+000  0.000000E+000  1.000000E+000
  2.150000E+000  3.892330E-001  3.138434E-001  0.000000E+000  7.784659E-001 -6.276869E-001  0.000000E+000  6.276869E-001  7.784659E-001  0.000000E+000  0.000000E+000  0.000000E+000  1.000000E+000
  2.200000E+000  3.772630E-001  3.281351E-001  0.000000E+000  7.545259E-001 -6.562702E-001  0.000000E+000  6.562702E-001  7.545259E-001  0.000000E+000  0.000000E+000  0.000000E+000  1.000000E+000
  2.250000E+000  3.705415E-001  3.357067E-001  0.000000E+000  7.410830E-001 -6.714134E-001  0.000000E+000  6.714134E-001  7.410830E-001  0.000000E+000  0.000000E+000  0.000000E+000  1.000000E+000
  2.300000E+000  3.695283E-001  3.368217E-001  0.000000E+000  7.390565E-001 -6.736434E-001  0.000000E+000  6.736434E-001  7.390565E-001  0.000000E+000  0.000000E+000  0.000000E+000  1.000000E+000
  2.350000E+000  3.742914E-001  3.315206E-001  0.000000E+000  7.485829E-001 -6.630412E-001  0.000000E+000  6.630412E-001  7.485829E-001  0.000000E+000  0.000000E+000  0.000000E+000  1.000000E+000
  2.400000E+000  3.845095E-001  3.196130E-001  0.000000E+000  7.690189E-001 -6.392260E-001  0.000000E+000  6.392260E-001  7.690189E-001  0.000000E+000  0.000000E+000  0.000000E+000  1.000000E+000
  2.450000E+000  3.994629E-001  3.007149E-001  0.000000E+000  7.989257E-001 -6.014297E-001  0.000000E+000  6.014297E-001  7.989257E-001  0.000000E+000  0.000000E+000  0.000000E+000  1.000000E+000
  2.500000E+000  4.180228E-001  2.743301E-001  0.000000E+000  8.360455E-001 -5.486601E-001  0.000000E+000  5.486601E-001  8.360455E-001  0.000000E+000  0.000000E+000  0.000000E+000  1.000000E+000
  2.550000E+000  4.386489E-001  2.399731E-001  0.000000E+000  8.772979E-001 -4.799463E-001  0.000000E+000  4.799463E-001  8.772979E-001  0.000000E+000  0.000000E+000  0.000000E+000  1.000000E+000
  2.600000E+000  4.594157E-001  1.973251E-001  0.000000E+000  9.188315E-001 -3.946501E-001  0.000000E+000  3.946501E-001  9.188315E-001  0.000000E+000  0.000000E+000  0.000000E+000  1.000000E+000
  2.650000E+000  4.780849E-001  1.464062E-001  0.000000E+000  9.561699E-001 -2.928125E-001  0.000000E+000  2.928125E-001  9.561699E-001  0.000000E+000  0.000000E+000  0.000000E+000  1.000000E+000
  2.700000E+000  4.922413E-001  8.774139E-002  0.000000E+000  9.844825E-001 -1.754828E-001  0.000000E+000  1.754828E-001  9.844825E-001  0.000000E+000  0.000000E+000  0.000000E+000  1.000000E+000
  2.750000E+000  4.994943E-001  2.248318E-002  0.000000E+000  9.989885E-001 -4.496636E-002  0.000000E+000  4.496636E-002  9.989885E-001  0.000000E+000  0.000000E+000  0.000000E+000  1.000000E+000
  2.800000E+000  4.977347E-001 -4.754164E-002  0.000000E+000  9.954693E-001  9.508328E-002  0.000000E+000 -9.508328E-002  9.954693E-001  0.000000E+000  0.000000E+000  0.000000E+000  1.000000E+000
  2.850000E+000  4.854128E-001 -1.198933E-001  0.000000E+000  9.708256E-001  2.397865E-001  0.000000E+000 -2.397865E-001  9.708256E-001  0.000000E+000  0.000000E+000  0.000000E+000  1.000000E+000
  2.900000E+000  4.617915E-001 -1.916992E-001  0.000000E+000  9.235831E-001  3.833983E-001  0.000000E+000 -3.833983E-001  9.235831E-001  0.000000E+000  0.000000E+000  0.000000E+000  1.000000E+000
  2.950000E+000  4.271196E-001 -2.599400E-001  0.000000E+000  8.542393E-001  5.198800E-001  0.000000E+000 -5.198800E-001  8.542393E-001  0.000000E+000  0.000000E+000  0.000000E+000  1.000000E+000
  3.000000E+000  3.826807E-001 -3.218003E-001  0.000000E+000  7.653615E-001  6.436007E-001  0.000000E+000 -6.436007E-001  7.653615E-001  0.000000E+000  0.000000E+000  0.000000E+000  1.000000E+000
  3.050000E+000  3.306954E-001 -3.750207E-001  0.000000E+000  6.613908E-001  7.500415E-001  0.000000E+000 -7.500415E-001  6.613908E-001  0.000000E+000  0.000000E+000  0.000000E+000  1.000000E+000
  3.100000E+000  2.740858E-001 -4.181830E-001  0.000000E+000  5.481715E-001  8.363659E-001  0.000000E+000 -8.363659E-001  5.481715E-001  0.000000E+000  0.000000E+000  0.000000E+000  1.000000E+000
  3.150000E+000  2.161446E-001 -4.508675E-001  0.000000E+000  4.322891E-001  9.017350E-001  0.000000E+000 -9.017350E-001  4.322891E-001  0.000000E+000  0.000000E+000  0.000000E+000  1.000000E+000
  3.200000E+000  1.601733E-001 -4.736502E-001  0.000000E+000  3.203466E-001  9.473004E-001  0.000000E+000 -9.473004E-001  3.203466E-001  0.000000E+000  0.000000E+000  0.000000E+000  1.000000E+000
  3.250000E+000  1.091614E-001 -4.879383E-001  0.000000E+000  2.183228E-001  9.758766E-001  0.000000E+000 -9.758766E-001  2.183228E-001  0.000000E+000  0.000000E+000  0.000000E+000  1.000000E+000
  3.300000E+000  6.556487E-002 -4.956826E-001  0.000000E+000  1.311297E-001  9.913652E-001  0.000000E+000 -9.913652E-001  1.311297E-001  0.000000E+000  0.000000E+000  0.000000E+000  1.000000E+000
  3.350000E+000  3.121294E-002 -4.990248E-001  0.000000E+000  6.242589E-002  9.980496E-001  0.000000E+000 -9.980496E-001  6.242589E-002  0.000000E+000  0.000000E+000  0.000000E+000  1.000000E+000
  3.400000E+000  7.332337E-003 -4.999462E-001  0.000000E+000  1.466467E-002  9.998925E-001  0.000000E+000 -9.998925E-001  1.466467E-002  0.000000E+000  0.000000E+000  0.000000E+000  1.000000E+000
  3.450000E+000 -5.353214E-003 -4.999713E-001  0.000000E+000 -1.070643E-002  9.999427E-001  0.000000E+000 -9.999427E-001 -1.070643E-002  0.000000E+000  0.000000E+000  0.000000E+000  1.000000E+000
  3.500000E+000 -6.506703E-003 -4.999577E-001  0.000000E+000 -1.301341E-002  9.999153E-001  0.000000E+000 -9.999153E-001 -1.301341E-002  0.000000E+000  0.000000E+000  0.000000E+000  1.000000E+000
  3.550000E+000  3.900794E-003 -4.999848E-001  0.000000E+000  7.801587E-003  9.999696E-001  0.000000E+000 -9.999696E-001  7.801587E-003  0.000000E+000  0.000000E+000  0.000000E+000  1.000000E+000
  3.600000E+000  2.559788E-002 -4.993443E-001  0.000000E+000  5.119576E-002  9.986886E-001  0.000000E+000 -9.986886E-001  5.119576E-002  0.000000E+000  0.000000E+000  0.000000E+000  1.000000E+000
  3.650000E+000  5.794652E-002 -4.966308E-001  0.000000E+000  1.158930E-001  9.932617E-001  0.000000E+000 -9.932617E-001  1.158930E-001  0.000000E+000  0.000000E+000  0.000000E+000  1.000000E+000
  3.700000E+000  9.982940E-002 -4.899327E-001  0.000000E+000  1.996588E-001  9.798655E-001  0.000000E+000 -9.798655E-001  1.996588E-001  0.000000E+000  0.000000E+000  0.000000E+000  1.000000E+000
  3.750000E+000  1.495423E-001 -4.771133E-001  0.000000E+000  2.990846E-001  9.542266E-001  0.000000E+000 -9.542266E-001  2.990846E-001  0.000000E+000  0.000000E+000  0.000000E+000  1.000000E+000
  3.800000E+000  2.047505E-001 -4.561548E-001  0.000000E+000  4.095010E-001  9.123097E-001  0.000000E+000 -9.123097E-001  4.095010E-001  0.000000E+000  0.000000E+000  0.000000E+000  1.000000E+000
  3.850000E+000  2.625571E-001 -4.255159E-001  0.000000E+000  5.251141E-001  8.510318E-001  0.000000E+000 -8.510318E-001  5.251141E-001  0.000000E+000  0.000000E+000  0.000000E+000  1.000000E+000
  3.900000E+000  3.196995E-001 -3.844376E-001  0.000000E+000  6.393989E-001  7.688752E-001  0.000000E+000 -7.688752E-001  6.393989E-001  0.000000E+000  0.000000E+000  0.000000E+000  1.000000E+000
  3.950000E+000  3.728547E-001 -3.331357E-001  0.000000E+000  7.457093E-001  6.662714E-001  0.000000E+000 -6.662714E-001  7.457093E-001  0.000000E+000  0.000000E+000  0.000000E+000  1.000000E+000
  4.000000E+000  4.189984E-001 -2.728375E-001  0.000000E+000  8.379969E-001  5.456750E-001  0.000000E+000 -5.456750E-001  8.379969E-001  0.000000E+000  0.000000E+000  0.000000E+000  1.000000E+000
  4.050000E+000  4.557480E-001 -2.056544E-001  0.000000E+000  9.114960E-001  4.113089E-001  0.000000E+000 -4.113089E-001  9.114960E-001  0.000000E+000  0.000000E+000  0.000000E+000  1.000000E+000
  4.100000E+000  4.816208E-001 -1.343183E-001  0.000000E+000  9.632416E-001  2.686365E-001  0.000000E+000 -2.686365E-001  9.632416E-001  0.000000E+000  0.000000E+000  0.000000E+000  1.000000E+000
  4.150000E+000  4.961615E-001 -6.183667E-002  0.000000E+000  9.923230E-001  1.236733E-001  0.000000E+000 -1.236733E-001  9.923230E-001  0.000000E+000  0.000000E+000  0.000000E+000  1.000000E+000
  4.200000E+000  4.999214E-001  8.863013E-003  0.000000E+000  9.998429E-001 -1.772603E-002  0.000000E+000  1.772603E-002  9.998429E-001  0.000000E+000  0.000000E+000  0.000000E+000  1.000000E+000
  4.250000E+000  4.943070E-001  7.523681E-002  0.000000E+000  9.886140E-001 -1.504736E-001  0.000000E+000  1.504736E-001  9.886140E-001  0.000000E+000  0.000000E+000  0.000000E+000  1.000000E+000
  4.300000E+000  4.813382E-001  1.353274E-001  0.000000E+000  9.626764E-001 -2.706549E-001  0.000000E+000  2.706549E-001  9.626764E-001  0.000000E+000  0.000000E+000  0.000000E+000  1.000000E+000
  4.350000E+000  4.633712E-001  1.878488E-001  0.000000E+000  9.267423E-001 -3.756975E-001  0.000000E+000  3.756975E-001  9.267423E-001  0.000000E+000  0.000000E+000  0.000000E+000  1.000000E+000
  4.400000E+000  4.428342E-001  2.321591E-001  0.000000E+000  8.856684E-001 -4.643182E-001  0.000000E+000  4.643182E-001  8.856684E-001  0.000000E+000  0.000000E+000  0.000000E+000  1.000000E+000
  4.450000E+000  4.220136E-001  2.681501E-001  0.000000E+000  8.440272E-001 -5.363003E-001  0.000000E+000  5.363003E-001  8.440272E-001  0.000000E+000  0.000000E+000  0.000000E+000  1.000000E+000
  4.500000E+000  4.029048E-001  2.960874E-001  0.000000E+000  8.058095E-001 -5.921748E-001  0.000000E+000  5.921748E-001  8.058095E-001  0.000000E+000  0.000000E+000  0.000000E+000  1.000000E+000
  4.550000E+000  3.871278E-001  3.164365E-001  0.000000E+000  7.742556E-001 -6.328730E-001  0.000000E+000  6.328730E-001  7.742556E-001  0.000000E+000  0.000000E+000  0.000000E+000  1.000000E+000
  4.600000E+000  3.758940E-001  3.297025E-001  0.000000E+000  7.517880E-001 -6.594049E-001  0.000000E+000  6.594049E-001  7.517880E-001  0.000000E+000  0.000000E+000  0.000000E+000  1.000000E+000
  4.650000E+000  3.700037E-001  3.362994E-001  0.000000E+000  7.400074E-001 -6.725988E-001  0.000000E+000  6.725988E-001  7.400074E-001  0.000000E+000  0.000000E+000  0.000000E+000  1.000000E+000
  4.700000E+000  3.698572E-001  3.364605E-001  0.000000E+000  7.397144E-001 -6.729209E-001  0.000000E+000  6.729209E-001  7.397144E-001  0.000000E+000  0.000000E+000  0.000000E+000  1.000000E+000
  4.750000E+000  3.754644E-001  3.301916E-001  0.000000E+000  7.509288E-001 -6.603832E-001  0.000000E+000  6.603832E-001  7.509288E-001  0.000000E+000  0.000000E+000  0.000000E+000  1.000000E+000
  4.800000E+000  3.864447E-001  3.172704E-001  0.000000E+000  7.728894E-001 -6.345408E-001  0.000000E+000  6.345408E-001  7.728894E-001  0.000000E+000  0.000000E+000  0.000000E+000  1.000000E+000
  4.850000E+000  4.020182E-001  2.972900E-001  0.000000E+000  8.040365E-001 -5.945800E-001  0.000000E+000  5.945800E-001  8.040365E-001  0.000000E+000  0.000000E+000  0.000000E+000  1.000000E+000
  4.900000E+000  4.209946E-001  2.697472E-001  0.000000E+000  8.419892E-001 -5.394944E-001  0.000000E+000  5.394944E-001  8.419892E-001  0.000000E+000  0.000000E+000  0.000000E+000  1.000000E+000
  4.950000E+000  4.417738E-001  2.341707E-001  0.000000E+000  8.835476E-001 -4.683414E-001  0.000000E+000  4.683414E-001  8.835476E-001  0.000000E+000  0.000000E+000  0.000000E+000  1.000000E+000
  5.000000E+000  4.623778E-001  1.902808E-001  0.000000E+000  9.247556E-001 -3.805616E-001  0.000000E+000  3.805616E-001  9.247556E-001  0.000000E+000  0.000000E+000  0.000000E+000  1.000000E+000
  5.050000E+000  4.805320E-001  1.381629E-001  0.000000E+000  9.610640E-001 -2.763258E-001  0.000000E+000  2.763258E-001  9.610640E-001  0.000000E+000  0.000000E+000  0.000000E+000  1.000000E+000
  5.100000E+000  4.938107E-001  7.842857E-002  0.000000E+000  9.876213E-001 -1.568571E-001  0.000000E+000  1.568571E-001  9.876213E-001  0.000000E+000  0.000000E+000  0.000000E+000  1.000000E+000
  5.150000E+000  4.998479E-001  1.233003E-002  0.000000E+000  9.996959E-001 -2.466005E-002  0.000000E+000  2.466005E-002  9.996959E-001  0.000000E+000  0.000000E+000  0.000000E+000  1.000000E+000
  5.200000E+000  4.966002E-001 -5.820826E-002  0.000000E+000  9.932005E-001  1.164165E-001  0.000000E+000 -1.164165E-001  9.932005E-001  0.000000E+000  0.000000E+000  0.000000E+000  1.000000E+000
  5.250000E+000  4.826239E-001 -1.306680E-001  0.000000E+000  9.652479E-001  2.613360E-001  0.000000E+000 -2.613360E-001  9.652479E-001  0.000000E+000  0.000000E+000  0.000000E+000  1.000000E+000
  5.300000E+000  4.573200E-001 -2.021346E-001  0.000000E+000  9.146401E-001  4.042692E-001  0.000000E+000 -4.042692E-001  9.146401E-001  0.000000E+000  0.000000E+000  0.000000E+000  1.000000E+000
  5.350000E+000  4.210914E-001 -2.695961E-001  0.000000E+000  8.421827E-001  5.391922E-001  0.000000E+000 -5.391922E-001  8.421827E-001  0.000000E+000  0.000000E+000  0.000000E+000  1.000000E+000
  5.400000E+000  3.753706E-001 -3.302982E-001  0.000000E+000  7.507413E-001  6.605964E-001  0.000000E+000 -6.605964E-001  7.507413E-001  0.000000E+000  0.000000E+000  0.000000E+000  1.000000E+000
  5.450000E+000  3.225004E-001 -3.820909E-001  0.000000E+000  6.450009E-001  7.641819E-001  0.000000E+000 -7.641819E-001  6.450009E-001  0.000000E+000  0.000000E+000  0.000000E+000  1.000000E+000
  5.500000E+000  2.654804E-001 -4.236982E-001  0.000000E+000  5.309609E-001  8.473963E-001  0.000000E+000 -8.473963E-001  5.309609E-001  0.000000E+000  0.000000E+000  0.000000E+000  1.000000E+000
  5.550000E+000  2.076274E-001 -4.548526E-001  0.000000E+000  4.152548E-001  9.097051E-001  0.000000E+000 -9.097051E-001  4.152548E-001  0.000000E+000  0.000000E+000  0.000000E+000  1.000000E+000
  5.600000E+000  1.522148E-001 -4.762674E-001  0.000000E+000  3.044297E-001  9.525348E-001  0.000000E+000 -9.525348E-001  3.044297E-001  0.000000E+000  0.000000E+000  0.000000E+000  1.000000E+000
  5.650000E+000  1.021640E-001 -4.894512E-001  0.000000E+000  2.043280E-001  9.789025E-001  0.000000E+000 -9.789025E-001  2.043280E-001  0.000000E+000  0.000000E+000  0.000000E+000  1.000000E+000
  5.700000E+000  5.984051E-002 -4.964062E-001  0.000000E+000  1.196810E-001  9.928124E-001  0.000000E+000 -9.928124E-001  1.196810E-001  0.000000E+000  0.000000E+000  0.000000E+000  1.000000E+000
  5.750000E+000  2.698016E-002 -4.992715E-001  0.000000E+000  5.396032E-002  9.985431E-001  0.000000E+000 -9.985431E-001  5.396032E-002  0.000000E+000  0.000000E+000  0.000000E+000  1.000000E+000
  5.800000E+000  4.727555E-003 -4.999776E-001  0.000000E+000  9.455110E-003  9.999553E-001  0.000000E+000 -9.999553E-001  9.455110E-003  0.000000E+000  0.000000E+000  0.000000E+000  1.000000E+000
  5.850000E+000 -6.258015E-003 -4.999608E-001  0.000000E+000 -1.251603E-002  9.999217E-001  0.000000E+000 -9.999217E-001 -1.251603E-002  0.000000E+000  0.000000E+000  0.000000E+000  1.000000E+000
  5.900000E+000 -5.688813E-003 -4.999676E-001  0.000000E+000 -1.137763E-002  9.999353E-001  0.000000E+000 -9.999353E-001 -1.137763E-002  0.000000E+000  0.000000E+000  0.000000E+000  1.000000E+000
  5.950000E+000  6.420892E-003 -4.999588E-001  0.000000E+000  1.284178E-002  9.999175E-001  0.000000E+000 -9.999175E-001  1.284178E-002  0.000000E+000  0.000000E+000  0.000000E+000  1.000000E+000
  6.000000E+000  2.975100E-002 -4.991141E-001  0.000000E+000  5.950200E-002  9.982282E-001  0.000000E+000 -9.982282E-001  5.950200E-002  0.000000E+000  0.000000E+000  0.000000E+000  1.000000E+000
  6.050000E+000  6.359993E-002 -4.959386E-001  0.000000E+000  1.271999E-001  9.918771E-001  0.000000E+000 -9.918771E-001  1.271999E-001  0.000000E+000  0.000000E+000  0.000000E+000  1.000000E+000
  6.100000E+000  1.067691E-001 -4.884674E-001  0.000000E+000  2.135382E-001  9.769347E-001  0.000000E+000 -9.769347E-001  2.135382E-001  0.000000E+000  0.000000E+000  0.000000E+000  1.000000E+000
  6.150000E+000  1.574610E-001 -4.745588E-001  0.000000E+000  3.149221E-001  9.491175E-001  0.000000E+000 -9.491175E-001  3.149221E-001  0.000000E+000  0.000000E+000  0.000000E+000  1.000000E+000
  6.200000E+000  2.132502E-001 -4.522437E-001  0.000000E+000  4.265004E-001  9.044874E-001  0.000000E+000 -9.044874E-001  4.265004E-001  0.000000E+000  0.000000E+000  0.000000E+000  1.000000E+000
  6.250000E+000  2.711697E-001 -4.200797E-001  0.000000E+000  5.423394E-001  8.401595E-001  0.000000E+000 -8.401595E-001  5.423394E-001  0.000000E+000  0.000000E+000  0.000000E+000  1.000000E+000
  6.300000E+000  3.279268E-001 -3.774441E-001  0.000000E+000  6.558536E-001  7.548881E-001  0.000000E+000 -7.548881E-001  6.558536E-001  0.000000E+000  0.000000E+000  0.000000E+000  1.000000E+000
  6.350000E+000  3.802197E-001 -3.247044E-001  0.000000E+000  7.604394E-001  6.494089E-001  0.000000E+000 -6.494089E-001  7.604394E-001  0.000000E+000  0.000000E+000  0.000000E+000  1.000000E+000
  6.400000E+000  4.250991E-001 -2.632314E-001  0.000000E+000  8.501982E-001  5.264627E-001  0.000000E+000 -5.264627E-001  8.501982E-001  0.000000E+000  0.000000E+000  0.000000E+000  1.000000E+000
  6.450000E+000  4.603024E-001 -1.952478E-001  0.000000E+000  9.206048E-001  3.904955E-001  0.000000E+000 -3.904955E-001  9.206048E-001  0.000000E+000  0.000000E+000  0.000000E+000  1.000000E+000
  6.500000E+000  4.844952E-001 -1.235493E-001  0.000000E+000  9.689904E-001  2.470985E-001  0.000000E+000 -2.470985E-001  9.689904E-001  0.000000E+000  0.000000E+000  0.000000E+000  1.000000E+000
  6.550000E+000  4.973764E-001 -5.115354E-002  0.000000E+000  9.947529E-001  1.023071E-001  0.000000E+000 -1.023071E-001  9.947529E-001  0.000000E+000  0.000000E+000  0.000000E+000  1.000000E+000
  6.600000E+000  4.996369E-001  1.905189E-002  0.000000E+000  9.992738E-001 -3.810379E-002  0.000000E+000  3.810379E-002  9.992738E-001  0.000000E+000  0.000000E+000  0.000000E+000  1.000000E+000
  6.650000E+000  4.927908E-001  8.460016E-002  0.000000E+000  9.855817E-001 -1.692003E-001  0.000000E+000  1.692003E-001  9.855817E-001  0.000000E+000  0.000000E+000  0.000000E+000  1.000000E+000
  6.700000E+000  4.789260E-001  1.436312E-001  0.000000E+000  9.578519E-001 -2.872625E-001  0.000000E+000  2.872625E-001  9.578519E-001  0.000000E+000  0.000000E+000  0.000000E+000  1.000000E+000
  6.750000E+000  4.604249E-001  1.949588E-001  0.000000E+000  9.208497E-001 -3.899177E-001  0.000000E+000  3.899177E-001  9.208497E-001  0.000000E+000  0.000000E+000  0.000000E+000  1.000000E+000
  6.800000E+000  4.397069E-001  2.380291E-001  0.000000E+000  8.794138E-001 -4.760582E-001  0.000000E+000  4.760582E-001  8.794138E-001  0.000000E+000  0.000000E+000  0.000000E+000  1.000000E+000
  6.850000E+000  4.190228E-001  2.728001E-001  0.000000E+000  8.380456E-001 -5.456002E-001  0.000000E+000  5.456002E-001  8.380456E-001  0.000000E+000  0.000000E+000  0.000000E+000  1.000000E+000
  6.900000E+000  4.003162E-001  2.995779E-001  0.000000E+000  8.006324E-001 -5.991559E-001  0.000000E+000  5.991559E-001  8.006324E-001  0.000000E+000  0.000000E+000  0.000000E+000  1.000000E+000
  6.950000E+000  3.851476E-001  3.188437E-001  0.000000E+000  7.702952E-001 -6.376875E-001  0.000000E+000  6.376875E-001  7.702952E-001  0.000000E+000  0.000000E+000  0.000000E+000  1.000000E+000
  7.000000E+000  3.746668E-001  3.310963E-001  0.000000E+000  7.493337E-001 -6.621926E-001  0.000000E+000  6.621926E-001  7.493337E-001  0.000000E+000  0.000000E+000  0.000000E+000  1.000000E+000
  7.050000E+000  3.696141E-001  3.367276E-001  0.000000E+000  7.392281E-001 -6.734551E-001  0.000000E+000  6.734551E-001  7.392281E-001  0.000000E+000  0.000000E+000  0.000000E+000  1.000000E+000
  7.100000E+000  3.703311E-001  3.359388E-001  0.000000E+000  7.406623E-001 -6.718775E-001  0.000000E+000  6.718775E-001  7.406623E-001  0.000000E+000  0.000000E+000  0.000000E+000  1.000000E+000
  7.150000E+000  3.767701E-001  3.287009E-001  0.000000E+000  7.535403E-001 -6.574017E-001  0.000000E+000  6.574017E-001  7.535403E-001  0.000000E+000  0.000000E+000  0.000000E+000  1.000000E+000
  7.200000E+000  3.884920E-001  3.147602E-001  0.000000E+000  7.769840E-001 -6.295204E-001  0.000000E+000  6.295204E-001  7.769840E-001  0.000000E+000  0.000000E+000  0.000000E+000  1.000000E+000
  7.250000E+000  4.046564E-001  2.936890E-001  0.000000E+000  8.093128E-001 -5.873779E-001  0.000000E+000  5.873779E-001  8.093128E-001  0.000000E+000  0.000000E+000  0.000000E+000  1.000000E+000
  7.300000E+000  4.240115E-001  2.649797E-001  0.000000E+000  8.480230E-001 -5.299594E-001  0.000000E+000  5.299594E-001  8.480230E-001  0.000000E+000  0.000000E+000  0.000000E+000  1.000000E+000
  7.350000E+000  4.448981E-001  2.281790E-001  0.000000E+000  8.897963E-001 -4.563580E-001  0.000000E+000  4.563580E-001  8.897963E-001  0.000000E+000  0.000000E+000  0.000000E+000  1.000000E+000
  7.400000E+000  4.652877E-001  1.830502E-001  0.000000E+000  9.305753E-001 -3.661005E-001  0.000000E+000  3.661005E-001  9.305753E-001  0.000000E+000  0.000000E+000  0.000000E+000  1.000000E+000
  7.450000E+000  4.828722E-001  1.297476E-001  0.000000E+000  9.657444E-001 -2.594952E-001  0.000000E+000  2.594952E-001  9.657444E-001  0.000000E+000  0.000000E+000  0.000000E+000  1.000000E+000
  7.500000E+000  4.952200E-001  6.897219E-002  0.000000E+000  9.904400E-001 -1.379444E-001  0.000000E+000  1.379444E-001  9.904400E-001  0.000000E+000  0.000000E+000  0.000000E+000  1.000000E+000
  7.550000E+000  4.999957E-001  2.076509E-003  0.000000E+000  9.999914E-001 -4.153019E-003  0.000000E+000  4.153019E-003  9.999914E-001  0.000000E+000  0.000000E+000  0.000000E+000  1.000000E+000
  7.600000E+000  4.952274E-001 -6.891888E-002  0.000000E+000  9.904548E-001  1.378378E-001  0.000000E+000 -1.378378E-001  9.904548E-001  0.000000E+000  0.000000E+000  0.000000E+000  1.000000E+000
  7.650000E+000  4.795831E-001 -1.414215E-001  0.000000E+000  9.591662E-001  2.828430E-001  0.000000E+000 -2.828430E-001  9.591662E-001  0.000000E+000  0.000000E+000  0.000000E+000  1.000000E+000
  7.700000E+000  4.526054E-001 -2.124815E-001  0.000000E+000  9.052108E-001  4.249629E-001  0.000000E+000 -4.249629E-001  9.052108E-001  0.000000E+000  0.000000E+000  0.000000E+000  1.000000E+000
  7.750000E+000  4.148519E-001 -2.791020E-001  0.000000E+000  8.297037E-001  5.582040E-001  0.000000E+000 -5.582040E-001  8.297037E-001  0.000000E+000  0.000000E+000  0.000000E+000  1.000000E+000
  7.800000E+000  3.679015E-001 -3.385978E-001  0.000000E+000  7.358031E-001  6.771956E-001  0.000000E+000 -6.771956E-001  7.358031E-001  0.000000E+000  0.000000E+000  0.000000E+000  1.000000E+000
  7.850000E+000  3.142133E-001 -3.889344E-001  0.000000E+000  6.284267E-001  7.778688E-001  0.000000E+000 -7.778688E-001  6.284267E-001  0.000000E+000  0.000000E+000  0.000000E+000  1.000000E+000
  7.900000E+000  2.568569E-001 -4.289808E-001  0.000000E+000  5.137139E-001  8.579616E-001  0.000000E+000 -8.579616E-001  5.137139E-001  0.000000E+000  0.000000E+000  0.000000E+000  1.000000E+000
  7.950000E+000  1.991649E-001 -4.586211E-001  0.000000E+000  3.983298E-001  9.172423E-001  0.000000E+000 -9.172423E-001  3.983298E-001  0.000000E+000  0.000000E+000  0.000000E+000  1.000000E+000
  8.000000E+000  1.443759E-001 -4.787020E-001  0.000000E+000  2.887518E-001  9.574040E-001  0.000000E+000 -9.574040E-001  2.887518E-001  0.000000E+000  0.000000E+000  0.000000E+000  1.000000E+000
  8.050000E+000  9.533846E-002 -4.908264E-001  0.000000E+000  1.906769E-001  9.816528E-001  0.000000E+000 -9.816528E-001  1.906769E-001  0.000000E+000  0.000000E+000  0.000000E+000  1.000000E+000
  8.100000E+000  5.432626E-002 -4.970399E-001  0.000000E+000  1.086525E-001  9.940798E-001  0.000000E+000 -9.940798E-001  1.086525E-001  0.000000E+000  0.000000E+000  0.000000E+000  1.000000E+000
  8.150000E+000  2.298255E-002 -4.994715E-001  0.000000E+000  4.596509E-002  9.989430E-001  0.000000E+000 -9.989430E-001  4.596509E-002  0.000000E+000  0.000000E+000  0.000000E+000  1.000000E+000
  8.200000E+000  2.372254E-003 -4.999944E-001  0.000000E+000  4.744508E-003  9.999887E-001  0.000000E+000 -9.999887E-001  4.744508E-003  0.000000E+000  0.000000E+000  0.000000E+000  1.000000E+000
  8.250000E+000 -6.907138E-003 -4.999523E-001  0.000000E+000 -1.381428E-002  9.999046E-001  0.000000E+000 -9.999046E-001 -1.381428E-002  0.000000E+000  0.000000E+000  0.000000E+000  1.000000E+000
  8.300000E+000 -4.615575E-003 -4.999787E-001  0.000000E+000 -9.231149E-003  9.999574E-001  0.000000E+000 -9.999574E-001 -9.231149E-003  0.000000E+000  0.000000E+000  0.000000E+000  1.000000E+000
  8.350000E+000  9.189397E-003 -4.999155E-001  0.000000E+000  1.837879E-002  9.998311E-001  0.000000E+000 -9.998311E-001  1.837879E-002  0.000000E+000  0.000000E+000  0.000000E+000  1.000000E+000
  8.400000E+000  3.413724E-002 -4.988333E-001  0.000000E+000  6.827449E-002  9.976666E-001  0.000000E+000 -9.976666E-001  6.827449E-002  0.000000E+000  0.000000E+000  0.000000E+000  1.000000E+000
  8.450000E+000  6.946019E-002 -4.951518E-001  0.000000E+000  1.389204E-001  9.903036E-001  0.000000E+000 -9.903036E-001  1.389204E-001  0.000000E+000  0.000000E+000  0.000000E+000  1.000000E+000
  8.500000E+000  1.138760E-001 -4.868596E-001  0.000000E+000  2.277520E-001  9.737192E-001  0.000000E+000 -9.737192E-001  2.277520E-001  0.000000E+000  0.000000E+000  0.000000E+000  1.000000E+000
  8.550000E+000  1.654933E-001 -4.718177E-001  0.000000E+000  3.309866E-001  9.436354E-001  0.000000E+000 -9.436354E-001  3.309866E-001  0.000000E+000  0.000000E+000  0.000000E+000  1.000000E+000
  8.600000E+000  2.217975E-001 -4.481137E-001  0.000000E+000  4.435950E-001  8.962274E-001  0.000000E+000 -8.962274E-001  4.435950E-001  0.000000E+000  0.000000E+000  0.000000E+000  1.000000E+000
  8.650000E+000  2.797567E-001 -4.144106E-001  0.000000E+000  5.595134E-001  8.288213E-001  0.000000E+000 -8.288213E-001  5.595134E-001  0.000000E+000  0.000000E+000  0.000000E+000  1.000000E+000
  8.700000E+000  3.360550E-001 -3.702257E-001  0.000000E+000  6.721100E-001  7.404513E-001  0.000000E+000 -7.404513E-001  6.721100E-001  0.000000E+000  0.000000E+000  0.000000E+000  1.000000E+000
  8.750000E+000  3.874199E-001 -3.160789E-001  0.000000E+000  7.748397E-001  6.321577E-001  0.000000E+000 -6.321577E-001  7.748397E-001  0.000000E+000  0.000000E+000  0.000000E+000  1.000000E+000
  8.800000E+000  4.309845E-001 -2.534805E-001  0.000000E+000  8.619690E-001  5.069610E-001  0.000000E+000 -5.069610E-001  8.619690E-001  0.000000E+000  0.000000E+000  0.000000E+000  1.000000E+000
  8.850000E+000  4.646119E-001 -1.847587E-001  0.000000E+000  9.292238E-001  3.695174E-001  0.000000E+000 -3.695174E-001  9.292238E-001  0.000000E+000  0.000000E+000  0.000000E+000  1.000000E+000
  8.900000E+000  4.871181E-001 -1.127651E-001  0.000000E+000  9.742362E-001  2.255303E-001  0.000000E+000 -2.255303E-001  9.742362E-001  0.000000E+000  0.000000E+000  0.000000E+000  1.000000E+000
  8.950000E+000  4.983555E-001 -4.051954E-002  0.000000E+000  9.967109E-001  8.103908E-002  0.000000E+000 -8.103908E-002  9.967109E-001  0.000000E+000  0.000000E+000  0.000000E+000  1.000000E+000
  9.000000E+000  4.991503E-001  2.913686E-002  0.000000E+000  9.983006E-001 -5.827371E-002  0.000000E+000  5.827371E-002  9.983006E-001  0.000000E+000  0.000000E+000  0.000000E+000  1.000000E+000
  9.050000E+000  4.911192E-001  9.381842E-002  0.000000E+000  9.822385E-001 -1.876368E-001  0.000000E+000  1.876368E-001  9.822385E-001  0.000000E+000  0.000000E+000  0.000000E+000  1.000000E+000
  9.100000E+000  4.764113E-001  1.517638E-001  0.000000E+000  9.528226E-001 -3.035277E-001  0.000000E+000  3.035277E-001  9.528226E-001  0.000000E+000  0.000000E+000  0.000000E+000  1.000000E+000
  9.150000E+000  4.574300E-001  2.018857E-001  0.000000E+000  9.148599E-001 -4.037714E-001  0.000000E+000  4.037714E-001  9.148599E-001  0.000000E+000  0.000000E+000  0.000000E+000  1.000000E+000
  9.200000E+000  4.365809E-001  2.437153E-001  0.000000E+000  8.731617E-001 -4.874306E-001  0.000000E+000  4.874306E-001  8.731617E-001  0.000000E+000  0.000000E+000  0.000000E+000  1.000000E+000
  9.250000E+000  4.160763E-001  2.772733E-001  0.000000E+000  8.321527E-001 -5.545466E-001  0.000000E+000  5.545466E-001  8.321527E-001  0.000000E+000  0.000000E+000  0.000000E+000  1.000000E+000
  9.300000E+000  3.978065E-001  3.029027E-001  0.000000E+000  7.956129E-001 -6.058053E-001  0.000000E+000  6.058053E-001  7.956129E-001  0.000000E+000  0.000000E+000  0.000000E+000  1.000000E+000
  9.350000E+000  3.832716E-001  3.210964E-001  0.000000E+000  7.665432E-001 -6.421928E-001  0.000000E+000  6.421928E-001  7.665432E-001  0.000000E+000  0.000000E+000  0.000000E+000  1.000000E+000
  9.400000E+000  3.735602E-001  3.323444E-001  0.000000E+000  7.471204E-001 -6.646887E-001  0.000000E+000  6.646887E-001  7.471204E-001  0.000000E+000  0.000000E+000  0.000000E+000  1.000000E+000
  9.450000E+000  3.693525E-001  3.370145E-001  0.000000E+000  7.387049E-001 -6.740289E-001  0.000000E+000  6.740289E-001  7.387049E-001  0.000000E+000  0.000000E+000  0.000000E+000  1.000000E+000
  9.500000E+000  3.709321E-001  3.352751E-001  0.000000E+000  7.418641E-001 -6.705503E-001  0.000000E+000  6.705503E-001  7.418641E-001  0.000000E+000  0.000000E+000  0.000000E+000  1.000000E+000
  9.550000E+000  3.781932E-001  3.270625E-001  0.000000E+000  7.563865E-001 -6.541250E-001  0.000000E+000  6.541250E-001  7.563865E-001  0.000000E+000  0.000000E+000  0.000000E+000  1.000000E+000
  9.600000E+000  3.906381E-001  3.120927E-001  0.000000E+000  7.812762E-001 -6.241855E-001  0.000000E+000  6.241855E-001  7.812762E-001  0.000000E+000  0.000000E+000  0.000000E+000  1.000000E+000
  9.650000E+000  4.073657E-001  2.899193E-001  0.000000E+000  8.147314E-001 -5.798385E-001  0.000000E+000  5.798385E-001  8.147314E-001  0.000000E+000  0.000000E+000  0.000000E+000  1.000000E+000
  9.700000E+000  4.270629E-001  2.600333E-001  0.000000E+000  8.541257E-001 -5.200666E-001  0.000000E+000  5.200666E-001  8.541257E-001  0.000000E+000  0.000000E+000  0.000000E+000  1.000000E+000
  9.750000E+000  4.480120E-001  2.220028E-001  0.000000E+000  8.960240E-001 -4.440055E-001  0.000000E+000  4.440055E-001  8.960240E-001  0.000000E+000  0.000000E+000  0.000000E+000  1.000000E+000
  9.800000E+000  4.681359E-001  1.756383E-001  0.000000E+000  9.362717E-001 -3.512766E-001  0.000000E+000  3.512766E-001  9.362717E-001  0.000000E+000  0.000000E+000  0.000000E+000  1.000000E+000
  9.850000E+000  4.850966E-001  1.211662E-001  0.000000E+000  9.701933E-001 -2.423323E-001  0.000000E+000  2.423323E-001  9.701933E-001  0.000000E+000  0.000000E+000  0.000000E+000  1.000000E+000
  9.900000E+000  4.964616E-001  5.937950E-002  0.000000E+000  9.929231E-001 -1.187590E-001  0.000000E+000  1.187590E-001  9.929231E-001  0.000000E+000  0.000000E+000  0.000000E+000  1.000000E+000
  9.950000E+000  4.999316E-001 -8.268538E-003  0.000000E+000  9.998633E-001  1.653708E-002  0.000000E+000 -1.653708E-002  9.998633E-001  0.000000E+000  0.000000E+000  0.000000E+000  1.000000E+000
