% FILE: fourbar.3
%
%       t         P_Na_Co[1]     P_Na_Co[2]     P_Na_Co[3]      N_C[1,1]       N_C[1,2]       N_C[1,3]       N_C[2,1]       N_C[2,2]       N_C[2,3]       N_C[3,1]       N_C[3,2]       N_C[3,3]
%   (second)        (meter)        (meter)        (meter)       (NoUnits)      (NoUnits)      (NoUnits)      (NoUnits)      (NoUnits)      (NoUnits)      (NoUnits)      (NoUnits)      (NoUnits)

  0.000000E+000  5.735764E-001  1.819152E+000  0.000000E+000  5.735764E-001 -8.191520E-001  0.000000E+000  8.191520E-001  5.735764E-001  0.000000E+000  0.000000E+000  0.000000E+000  1.000000E+000
  5.000000E-002  5.874499E-001  1.809261E+000  0.000000E+000  5.874499E-001 -8.092605E-001  0.000000E+000  8.092605E-001  5.874499E-001  0.000000E+000  0.000000E+000  0.000000E+000  1.000000E+000
  1.000000E-001  6.223475E-001  1.782741E+000  0.000000E+000  6.223475E-001 -7.827410E-001  0.000000E+000  7.827410E-001  6.223475E-001  0.000000E+000  0.000000E+000  0.000000E+000  1.000000E+000
  1.500000E-001  6.715230E-001  1.740984E+000  0.000000E+000  6.715230E-001 -7.409837E-001  0.000000E+000  7.409837E-001  6.715230E-001  0.000000E+000  0.000000E+000  0.000000E+000  1.000000E+000
  2.000000E-001  7.286474E-001  1.684889E+000  0.000000E+000  7.286474E-001 -6.848891E-001  0.000000E+000  6.848891E-001  7.286474E-001  0.000000E+000  0.000000E+000  0.000000E+000  1.000000E+000
  2.500000E-001  7.875137E-001  1.616297E+000  0.000000E+000  7.875137E-001 -6.162972E-001  0.000000E+000  6.162972E-001  7.875137E-001  0.000000E+000  0.000000E+000  0.000000E+000  1.000000E+000
  3.000000E-001  8.435647E-001  1.537028E+000  0.000000E+000  8.435647E-001 -5.370275E-001  0.000000E+000  5.370275E-001  8.435647E-001  0.000000E+000  0.000000E+000  0.000000E+000  1.000000E+000
  3.500000E-001  8.935747E-001  1.448915E+000  0.000000E+000  8.935747E-001 -4.489146E-001  0.000000E+000  4.489146E-001  8.935747E-001  0.000000E+000  0.000000E+000  0.000000E+000  1.000000E+000
  4.000000E-001  9.352258E-001  1.354052E+000  0.000000E+000  9.352258E-001 -3.540519E-001  0.000000E+000  3.540519E-001  9.352258E-001  0.000000E+000  0.000000E+000  0.000000E+000  1.000000E+000
  4.500000E-001  9.669827E-001  1.254842E+000  0.000000E+000  9.669827E-001 -2.548418E-001  0.000000E+000  2.548418E-001  9.669827E-001  0.000000E+000  0.000000E+000  0.000000E+000  1.000000E+000
  5.000000E-001  9.880831E-001  1.153921E+000  0.000000E+000  9.880831E-001 -1.539215E-001  0.000000E+000  1.539215E-001  9.880831E-001  0.000000E+000  0.000000E+000  0.000000E+000  1.000000E+000
  5.500000E-001  9.985401E-001  1.054015E+000  0.000000E+000  9.985401E-001 -5.401460E-002  0.000000E+000  5.401460E-002  9.985401E-001  0.000000E+000  0.000000E+000  0.000000E+000  1.000000E+000
  6.000000E-001  9.991070E-001  9.577479E-001  0.000000E+000  9.991070E-001  4.225208E-002  0.000000E+000 -4.225208E-002  9.991070E-001  0.000000E+000  0.000000E+000  0.000000E+000  1.000000E+000
  6.500000E-001  9.911786E-001  8.674667E-001  0.000000E+000  9.911786E-001  1.325333E-001  0.000000E+000 -1.325333E-001  9.911786E-001  0.000000E+000  0.000000E+000  0.000000E+000  1.000000E+000
  7.000000E-001  9.766331E-001  7.850865E-001  0.000000E+000  9.766331E-001  2.149135E-001  0.000000E+000 -2.149135E-001  9.766331E-001  0.000000E+000  0.000000E+000  0.000000E+000  1.000000E+000
  7.500000E-001  9.576328E-001  7.120079E-001  0.000000E+000  9.576328E-001  2.879921E-001  0.000000E+000 -2.879921E-001  9.576328E-001  0.000000E+000  0.000000E+000  0.000000E+000  1.000000E+000
  8.000000E-001  9.364156E-001  6.491070E-001  0.000000E+000  9.364156E-001  3.508930E-001  0.000000E+000 -3.508930E-001  9.364156E-001  0.000000E+000  0.000000E+000  0.000000E+000  1.000000E+000
  8.500000E-001  9.151091E-001  5.967937E-001  0.000000E+000  9.151091E-001  4.032063E-001  0.000000E+000 -4.032063E-001  9.151091E-001  0.000000E+000  0.000000E+000  0.000000E+000  1.000000E+000
  9.000000E-001  8.955903E-001  5.551202E-001  0.000000E+000  8.955903E-001  4.448798E-001  0.000000E+000 -4.448798E-001  8.955903E-001  0.000000E+000  0.000000E+000  0.000000E+000  1.000000E+000
  9.500000E-001  8.793982E-001  5.239131E-001  0.000000E+000  8.793982E-001  4.760869E-001  0.000000E+000 -4.760869E-001  8.793982E-001  0.000000E+000  0.000000E+000  0.000000E+000  1.000000E+000
  1.000000E+000  8.676954E-001  5.029037E-001  0.000000E+000  8.676954E-001  4.970963E-001  0.000000E+000 -4.970963E-001  8.676954E-001  0.000000E+000  0.000000E+000  0.000000E+000  1.000000E+000
  1.050000E+000  8.612625E-001  4.918397E-001  0.000000E+000  8.612625E-001  5.081603E-001  0.000000E+000 -5.081603E-001  8.612625E-001  0.000000E+000  0.000000E+000  0.000000E+000  1.000000E+000
  1.100000E+000  8.605093E-001  4.905652E-001  0.000000E+000  8.605093E-001  5.094348E-001  0.000000E+000 -5.094348E-001  8.605093E-001  0.000000E+000  0.000000E+000  0.000000E+000  1.000000E+000
  1.150000E+000  8.654849E-001  4.990650E-001  0.000000E+000  8.654849E-001  5.009350E-001  0.000000E+000 -5.009350E-001  8.654849E-001  0.000000E+000  0.000000E+000  0.000000E+000  1.000000E+000
  1.200000E+000  8.758797E-001  5.174704E-001  0.000000E+000  8.758797E-001  4.825296E-001  0.000000E+000 -4.825296E-001  8.758797E-001  0.000000E+000  0.000000E+000  0.000000E+000  1.000000E+000
  1.250000E+000  8.910152E-001  5.460265E-001  0.000000E+000  8.910152E-001  4.539735E-001  0.000000E+000 -4.539735E-001  8.910152E-001  0.000000E+000  0.000000E+000  0.000000E+000  1.000000E+000
  1.300000E+000  9.098300E-001  5.850188E-001  0.000000E+000  9.098300E-001  4.149812E-001  0.000000E+000 -4.149812E-001  9.098300E-001  0.000000E+000  0.000000E+000  0.000000E+000  1.000000E+000
  1.350000E+000  9.308757E-001  6.346639E-001  0.000000E+000  9.308757E-001  3.653361E-001  0.000000E+000 -3.653361E-001  9.308757E-001  0.000000E+000  0.000000E+000  0.000000E+000  1.000000E+000
  1.400000E+000  9.523428E-001  6.949703E-001  0.000000E+000  9.523428E-001  3.050297E-001  0.000000E+000 -3.050297E-001  9.523428E-001  0.000000E+000  0.000000E+000  0.000000E+000  1.000000E+000
  1.450000E+000  9.721370E-001  7.655865E-001  0.000000E+000  9.721370E-001  2.344135E-001  0.000000E+000 -2.344135E-001  9.721370E-001  0.000000E+000  0.000000E+000  0.000000E+000  1.000000E+000
  1.500000E+000  9.880184E-001  8.456641E-001  0.000000E+000  9.880184E-001  1.543359E-001  0.000000E+000 -1.543359E-001  9.880184E-001  0.000000E+000  0.000000E+000  0.000000E+000  1.000000E+000
  1.550000E+000  9.978042E-001  9.337669E-001  0.000000E+000  9.978042E-001  6.623314E-002  0.000000E+000 -6.623314E-002  9.978042E-001  0.000000E+000  0.000000E+000  0.000000E+000  1.000000E+000
  1.600000E+000  9.996118E-001  1.027861E+000  0.000000E+000  9.996118E-001 -2.786101E-002  0.000000E+000  2.786101E-002  9.996118E-001  0.000000E+000  0.000000E+000  0.000000E+000  1.000000E+000
  1.650000E+000  9.921058E-001  1.125403E+000  0.000000E+000  9.921058E-001 -1.254033E-001  0.000000E+000  1.254033E-001  9.921058E-001  0.000000E+000  0.000000E+000  0.000000E+000  1.000000E+000
  1.700000E+000  9.746978E-001  1.223527E+000  0.000000E+000  9.746978E-001 -2.235267E-001  0.000000E+000  2.235267E-001  9.746978E-001  0.000000E+000  0.000000E+000  0.000000E+000  1.000000E+000
  1.750000E+000  9.476556E-001  1.319294E+000  0.000000E+000  9.476556E-001 -3.192944E-001  0.000000E+000  3.192944E-001  9.476556E-001  0.000000E+000  0.000000E+000  0.000000E+000  1.000000E+000
  1.800000E+000  9.120967E-001  1.409975E+000  0.000000E+000  9.120967E-001 -4.099752E-001  0.000000E+000  4.099752E-001  9.120967E-001  0.000000E+000  0.000000E+000  0.000000E+000  1.000000E+000
  1.850000E+000  8.698673E-001  1.493286E+000  0.000000E+000  8.698673E-001 -4.932857E-001  0.000000E+000  4.932857E-001  8.698673E-001  0.000000E+000  0.000000E+000  0.000000E+000  1.000000E+000
  1.900000E+000  8.233357E-001  1.567555E+000  0.000000E+000  8.233357E-001 -5.675546E-001  0.000000E+000  5.675546E-001  8.233357E-001  0.000000E+000  0.000000E+000  0.000000E+000  1.000000E+000
  1.950000E+000  7.751435E-001  1.631785E+000  0.000000E+000  7.751435E-001 -6.317853E-001  0.000000E+000  6.317853E-001  7.751435E-001  0.000000E+000  0.000000E+000  0.000000E+000  1.000000E+000
  2.000000E+000  7.279619E-001  1.685618E+000  0.000000E+000  7.279619E-001 -6.856176E-001  0.000000E+000  6.856176E-001  7.279619E-001  0.000000E+000  0.000000E+000  0.000000E+000  1.000000E+000
  2.050000E+000  6.842886E-001  1.729211E+000  0.000000E+000  6.842886E-001 -7.292113E-001  0.000000E+000  7.292113E-001  6.842886E-001  0.000000E+000  0.000000E+000  0.000000E+000  1.000000E+000
  2.100000E+000  6.463039E-001  1.763080E+000  0.000000E+000  6.463039E-001 -7.630801E-001  0.000000E+000  7.630801E-001  6.463039E-001  0.000000E+000  0.000000E+000  0.000000E+000  1.000000E+000
  2.150000E+000  6.157868E-001  1.787913E+000  0.000000E+000  6.157868E-001 -7.879129E-001  0.000000E+000  7.879129E-001  6.157868E-001  0.000000E+000  0.000000E+000  0.000000E+000  1.000000E+000
  2.200000E+000  5.940819E-001  1.804405E+000  0.000000E+000  5.940819E-001 -8.044046E-001  0.000000E+000  8.044046E-001  5.940819E-001  0.000000E+000  0.000000E+000  0.000000E+000  1.000000E+000
  2.250000E+000  5.820976E-001  1.813119E+000  0.000000E+000  5.820976E-001 -8.131189E-001  0.000000E+000  8.131189E-001  5.820976E-001  0.000000E+000  0.000000E+000  0.000000E+000  1.000000E+000
  2.300000E+000  5.803179E-001  1.814390E+000  0.000000E+000  5.803179E-001 -8.143901E-001  0.000000E+000  8.143901E-001  5.803179E-001  0.000000E+000  0.000000E+000  0.000000E+000  1.000000E+000
  2.350000E+000  5.888137E-001  1.808269E+000  0.000000E+000  5.888137E-001 -8.082688E-001  0.000000E+000  8.082688E-001  5.888137E-001  0.000000E+000  0.000000E+000  0.000000E+000  1.000000E+000
  2.400000E+000  6.072452E-001  1.794515E+000  0.000000E+000  6.072452E-001 -7.945145E-001  0.000000E+000  7.945145E-001  6.072452E-001  0.000000E+000  0.000000E+000  0.000000E+000  1.000000E+000
  2.450000E+000  6.348525E-001  1.772633E+000  0.000000E+000  6.348525E-001 -7.726334E-001  0.000000E+000  7.726334E-001  6.348525E-001  0.000000E+000  0.000000E+000  0.000000E+000  1.000000E+000
  2.500000E+000  6.704431E-001  1.741961E+000  0.000000E+000  6.704431E-001 -7.419610E-001  0.000000E+000  7.419610E-001  6.704431E-001  0.000000E+000  0.000000E+000  0.000000E+000  1.000000E+000
  2.550000E+000  7.123863E-001  1.701788E+000  0.000000E+000  7.123863E-001 -7.017875E-001  0.000000E+000  7.017875E-001  7.123863E-001  0.000000E+000  0.000000E+000  0.000000E+000  1.000000E+000
  2.600000E+000  7.586340E-001  1.651517E+000  0.000000E+000  7.586340E-001 -6.515171E-001  0.000000E+000  6.515171E-001  7.586340E-001  0.000000E+000  0.000000E+000  0.000000E+000  1.000000E+000
  2.650000E+000  8.067843E-001  1.590846E+000  0.000000E+000  8.067843E-001 -5.908461E-001  0.000000E+000  5.908461E-001  8.067843E-001  0.000000E+000  0.000000E+000  0.000000E+000  1.000000E+000
  2.700000E+000  8.542043E-001  1.519937E+000  0.000000E+000  8.542043E-001 -5.199375E-001  0.000000E+000  5.199375E-001  8.542043E-001  0.000000E+000  0.000000E+000  0.000000E+000  1.000000E+000
  2.750000E+000  8.982140E-001  1.439558E+000  0.000000E+000  8.982140E-001 -4.395584E-001  0.000000E+000  4.395584E-001  8.982140E-001  0.000000E+000  0.000000E+000  0.000000E+000  1.000000E+000
  2.800000E+000  9.363193E-001  1.351150E+000  0.000000E+000  9.363193E-001 -3.511498E-001  0.000000E+000  3.511498E-001  9.363193E-001  0.000000E+000  0.000000E+000  0.000000E+000  1.000000E+000
  2.850000E+000  9.664646E-001  1.256800E+000  0.000000E+000  9.664646E-001 -2.567997E-001  0.000000E+000  2.567997E-001  9.664646E-001  0.000000E+000  0.000000E+000  0.000000E+000  1.000000E+000
  2.900000E+000  9.872602E-001  1.159114E+000  0.000000E+000  9.872602E-001 -1.591141E-001  0.000000E+000  1.591141E-001  9.872602E-001  0.000000E+000  0.000000E+000  0.000000E+000  1.000000E+000
  2.950000E+000  9.981379E-001  1.060997E+000  0.000000E+000  9.981379E-001 -6.099726E-002  0.000000E+000  6.099726E-002  9.981379E-001  0.000000E+000  0.000000E+000  0.000000E+000  1.000000E+000
  3.000000E+000  9.994006E-001  9.653820E-001  0.000000E+000  9.994006E-001  3.461797E-002  0.000000E+000 -3.461797E-002  9.994006E-001  0.000000E+000  0.000000E+000  0.000000E+000  1.000000E+000
  3.050000E+000  9.921520E-001  8.749622E-001  0.000000E+000  9.921520E-001  1.250378E-001  0.000000E+000 -1.250378E-001  9.921520E-001  0.000000E+000  0.000000E+000  0.000000E+000  1.000000E+000
  3.100000E+000  9.781242E-001  7.919783E-001  0.000000E+000  9.781242E-001  2.080217E-001  0.000000E+000 -2.080217E-001  9.781242E-001  0.000000E+000  0.000000E+000  0.000000E+000  1.000000E+000
  3.150000E+000  9.594418E-001  7.180931E-001  0.000000E+000  9.594418E-001  2.819069E-001  0.000000E+000 -2.819069E-001  9.594418E-001  0.000000E+000  0.000000E+000  0.000000E+000  1.000000E+000
  3.200000E+000  9.383705E-001  6.543691E-001  0.000000E+000  9.383705E-001  3.456309E-001  0.000000E+000 -3.456309E-001  9.383705E-001  0.000000E+000  0.000000E+000  0.000000E+000  1.000000E+000
  3.250000E+000  9.170959E-001  6.013333E-001  0.000000E+000  9.170959E-001  3.986667E-001  0.000000E+000 -3.986667E-001  9.170959E-001  0.000000E+000  0.000000E+000  0.000000E+000  1.000000E+000
  3.300000E+000  8.975577E-001  5.591031E-001  0.000000E+000  8.975577E-001  4.408969E-001  0.000000E+000 -4.408969E-001  8.975577E-001  0.000000E+000  0.000000E+000  0.000000E+000  1.000000E+000
  3.350000E+000  8.813500E-001  5.275361E-001  0.000000E+000  8.813500E-001  4.724639E-001  0.000000E+000 -4.724639E-001  8.813500E-001  0.000000E+000  0.000000E+000  0.000000E+000  1.000000E+000
  3.400000E+000  8.696759E-001  5.063768E-001  0.000000E+000  8.696759E-001  4.936232E-001  0.000000E+000 -4.936232E-001  8.696759E-001  0.000000E+000  0.000000E+000  0.000000E+000  1.000000E+000
  3.450000E+000  8.633404E-001  4.953780E-001  0.000000E+000  8.633404E-001  5.046220E-001  0.000000E+000 -5.046220E-001  8.633404E-001  0.000000E+000  0.000000E+000  0.000000E+000  1.000000E+000
  3.500000E+000  8.627597E-001  4.943859E-001  0.000000E+000  8.627597E-001  5.056141E-001  0.000000E+000 -5.056141E-001  8.627597E-001  0.000000E+000  0.000000E+000  0.000000E+000  1.000000E+000
  3.550000E+000  8.679713E-001  5.033857E-001  0.000000E+000  8.679713E-001  4.966143E-001  0.000000E+000 -4.966143E-001  8.679713E-001  0.000000E+000  0.000000E+000  0.000000E+000  1.000000E+000
  3.600000E+000  8.786349E-001  5.225059E-001  0.000000E+000  8.786349E-001  4.774941E-001  0.000000E+000 -4.774941E-001  8.786349E-001  0.000000E+000  0.000000E+000  0.000000E+000  1.000000E+000
  3.650000E+000  8.940239E-001  5.519807E-001  0.000000E+000  8.940239E-001  4.480193E-001  0.000000E+000 -4.480193E-001  8.940239E-001  0.000000E+000  0.000000E+000  0.000000E+000  1.000000E+000
  3.700000E+000  9.130144E-001  5.920726E-001  0.000000E+000  9.130144E-001  4.079274E-001  0.000000E+000 -4.079274E-001  9.130144E-001  0.000000E+000  0.000000E+000  0.000000E+000  1.000000E+000
  3.750000E+000  9.340881E-001  6.429575E-001  0.000000E+000  9.340881E-001  3.570425E-001  0.000000E+000 -3.570425E-001  9.340881E-001  0.000000E+000  0.000000E+000  0.000000E+000  1.000000E+000
  3.800000E+000  9.553681E-001  7.045821E-001  0.000000E+000  9.553681E-001  2.954179E-001  0.000000E+000 -2.954179E-001  9.553681E-001  0.000000E+000  0.000000E+000  0.000000E+000  1.000000E+000
  3.850000E+000  9.747066E-001  7.765119E-001  0.000000E+000  9.747066E-001  2.234881E-001  0.000000E+000 -2.234881E-001  9.747066E-001  0.000000E+000  0.000000E+000  0.000000E+000  1.000000E+000
  3.900000E+000  9.898378E-001  8.577987E-001  0.000000E+000  9.898378E-001  1.422013E-001  0.000000E+000 -1.422013E-001  9.898378E-001  0.000000E+000  0.000000E+000  0.000000E+000  1.000000E+000
  3.950000E+000  9.985892E-001  9.469004E-001  0.000000E+000  9.985892E-001  5.309963E-002  0.000000E+000 -5.309963E-002  9.985892E-001  0.000000E+000  0.000000E+000  0.000000E+000  1.000000E+000
  4.000000E+000  9.991308E-001  1.041685E+000  0.000000E+000  9.991308E-001 -4.168468E-002  0.000000E+000  4.168468E-002  9.991308E-001  0.000000E+000  0.000000E+000  0.000000E+000  1.000000E+000
  4.050000E+000  9.902174E-001  1.139533E+000  0.000000E+000  9.902174E-001 -1.395334E-001  0.000000E+000  1.395334E-001  9.902174E-001  0.000000E+000  0.000000E+000  0.000000E+000  1.000000E+000
  4.100000E+000  9.713775E-001  1.237541E+000  0.000000E+000  9.713775E-001 -2.375409E-001  0.000000E+000  2.375409E-001  9.713775E-001  0.000000E+000  0.000000E+000  0.000000E+000  1.000000E+000
  4.150000E+000  9.430063E-001  1.332775E+000  0.000000E+000  9.430063E-001 -3.327748E-001  0.000000E+000  3.327748E-001  9.430063E-001  0.000000E+000  0.000000E+000  0.000000E+000  1.000000E+000
  4.200000E+000  9.063395E-001  1.422550E+000  0.000000E+000  9.063395E-001 -4.225502E-001  0.000000E+000  4.225502E-001  9.063395E-001  0.000000E+000  0.000000E+000  0.000000E+000  1.000000E+000
  4.250000E+000  8.633168E-001  1.504662E+000  0.000000E+000  8.633168E-001 -5.046623E-001  0.000000E+000  5.046623E-001  8.633168E-001  0.000000E+000  0.000000E+000  0.000000E+000  1.000000E+000
  4.300000E+000  8.163653E-001  1.577536E+000  0.000000E+000  8.163653E-001 -5.775359E-001  0.000000E+000  5.775359E-001  8.163653E-001  0.000000E+000  0.000000E+000  0.000000E+000  1.000000E+000
  4.350000E+000  7.681477E-001  1.640273E+000  0.000000E+000  7.681477E-001 -6.402726E-001  0.000000E+000  6.402726E-001  7.681477E-001  0.000000E+000  0.000000E+000  0.000000E+000  1.000000E+000
  4.400000E+000  7.213233E-001  1.692598E+000  0.000000E+000  7.213233E-001 -6.925985E-001  0.000000E+000  6.925985E-001  7.213233E-001  0.000000E+000  0.000000E+000  0.000000E+000  1.000000E+000
  4.450000E+000  6.783517E-001  1.734737E+000  0.000000E+000  6.783517E-001 -7.347373E-001  0.000000E+000  7.347373E-001  6.783517E-001  0.000000E+000  0.000000E+000  0.000000E+000  1.000000E+000
  4.500000E+000  6.413586E-001  1.767241E+000  0.000000E+000  6.413586E-001 -7.672412E-001  0.000000E+000  7.672412E-001  6.413586E-001  0.000000E+000  0.000000E+000  0.000000E+000  1.000000E+000
  4.550000E+000  6.120607E-001  1.790811E+000  0.000000E+000  6.120607E-001 -7.908108E-001  0.000000E+000  7.908108E-001  6.120607E-001  0.000000E+000  0.000000E+000  0.000000E+000  1.000000E+000
  4.600000E+000  5.917381E-001  1.806130E+000  0.000000E+000  5.917381E-001 -8.061303E-001  0.000000E+000  8.061303E-001  5.917381E-001  0.000000E+000  0.000000E+000  0.000000E+000  1.000000E+000
  4.650000E+000  5.812356E-001  1.813735E+000  0.000000E+000  5.812356E-001 -8.137354E-001  0.000000E+000  8.137354E-001  5.812356E-001  0.000000E+000  0.000000E+000  0.000000E+000  1.000000E+000
  4.700000E+000  5.809756E-001  1.813921E+000  0.000000E+000  5.809756E-001 -8.139209E-001  0.000000E+000  8.139209E-001  5.809756E-001  0.000000E+000  0.000000E+000  0.000000E+000  1.000000E+000
  4.750000E+000  5.909687E-001  1.806695E+000  0.000000E+000  5.909687E-001 -8.066945E-001  0.000000E+000  8.066945E-001  5.909687E-001  0.000000E+000  0.000000E+000  0.000000E+000  1.000000E+000
  4.800000E+000  6.108131E-001  1.791775E+000  0.000000E+000  6.108131E-001 -7.917748E-001  0.000000E+000  7.917748E-001  6.108131E-001  0.000000E+000  0.000000E+000  0.000000E+000  1.000000E+000
  4.850000E+000  6.396857E-001  1.768637E+000  0.000000E+000  6.396857E-001 -7.686366E-001  0.000000E+000  7.686366E-001  6.396857E-001  0.000000E+000  0.000000E+000  0.000000E+000  1.000000E+000
  4.900000E+000  6.763285E-001  1.736600E+000  0.000000E+000  6.763285E-001 -7.366001E-001  0.000000E+000  7.366001E-001  6.763285E-001  0.000000E+000  0.000000E+000  0.000000E+000  1.000000E+000
  4.950000E+000  7.190465E-001  1.694962E+000  0.000000E+000  7.190465E-001 -6.949620E-001  0.000000E+000  6.949620E-001  7.190465E-001  0.000000E+000  0.000000E+000  0.000000E+000  1.000000E+000
  5.000000E+000  7.657333E-001  1.643158E+000  0.000000E+000  7.657333E-001 -6.431583E-001  0.000000E+000  6.431583E-001  7.657333E-001  0.000000E+000  0.000000E+000  0.000000E+000  1.000000E+000
  5.050000E+000  8.139433E-001  1.580944E+000  0.000000E+000  8.139433E-001 -5.809444E-001  0.000000E+000  5.809444E-001  8.139433E-001  0.000000E+000  0.000000E+000  0.000000E+000  1.000000E+000
  5.100000E+000  8.610232E-001  1.508566E+000  0.000000E+000  8.610232E-001 -5.085656E-001  0.000000E+000  5.085656E-001  8.610232E-001  0.000000E+000  0.000000E+000  0.000000E+000  1.000000E+000
  5.150000E+000  9.043050E-001  1.426887E+000  0.000000E+000  9.043050E-001 -4.268871E-001  0.000000E+000  4.268871E-001  9.043050E-001  0.000000E+000  0.000000E+000  0.000000E+000  1.000000E+000
  5.200000E+000  9.413435E-001  1.337450E+000  0.000000E+000  9.413435E-001 -3.374498E-001  0.000000E+000  3.374498E-001  9.413435E-001  0.000000E+000  0.000000E+000  0.000000E+000  1.000000E+000
  5.250000E+000  9.701689E-001  1.242430E+000  0.000000E+000  9.701689E-001 -2.424299E-001  0.000000E+000  2.424299E-001  9.701689E-001  0.000000E+000  0.000000E+000  0.000000E+000  1.000000E+000
  5.300000E+000  9.895058E-001  1.144493E+000  0.000000E+000  9.895058E-001 -1.444930E-001  0.000000E+000  1.444930E-001  9.895058E-001  0.000000E+000  0.000000E+000  0.000000E+000  1.000000E+000
  5.350000E+000  9.989152E-001  1.046565E+000  0.000000E+000  9.989152E-001 -4.656540E-002  0.000000E+000  4.656540E-002  9.989152E-001  0.000000E+000  0.000000E+000  0.000000E+000  1.000000E+000
  5.400000E+000  9.988261E-001  9.515607E-001  0.000000E+000  9.988261E-001  4.843933E-002  0.000000E+000 -4.843933E-002  9.988261E-001  0.000000E+000  0.000000E+000  0.000000E+000  1.000000E+000
  5.450000E+000  9.904485E-001  8.621169E-001  0.000000E+000  9.904485E-001  1.378831E-001  0.000000E+000 -1.378831E-001  9.904485E-001  0.000000E+000  0.000000E+000  0.000000E+000  1.000000E+000
  5.500000E+000  9.755887E-001  7.803943E-001  0.000000E+000  9.755887E-001  2.196057E-001  0.000000E+000 -2.196057E-001  9.755887E-001  0.000000E+000  0.000000E+000  0.000000E+000  1.000000E+000
  5.550000E+000  9.564078E-001  7.079656E-001  0.000000E+000  9.564078E-001  2.920344E-001  0.000000E+000 -2.920344E-001  9.564078E-001  0.000000E+000  0.000000E+000  0.000000E+000  1.000000E+000
  5.600000E+000  9.351725E-001  6.458075E-001  0.000000E+000  9.351725E-001  3.541925E-001  0.000000E+000 -3.541925E-001  9.351725E-001  0.000000E+000  0.000000E+000  0.000000E+000  1.000000E+000
  5.650000E+000  9.140407E-001  5.943776E-001  0.000000E+000  9.140407E-001  4.056224E-001  0.000000E+000 -4.056224E-001  9.140407E-001  0.000000E+000  0.000000E+000  0.000000E+000  1.000000E+000
  5.700000E+000  8.949057E-001  5.537447E-001  0.000000E+000  8.949057E-001  4.462553E-001  0.000000E+000 -4.462553E-001  8.949057E-001  0.000000E+000  0.000000E+000  0.000000E+000  1.000000E+000
  5.750000E+000  8.793051E-001  5.237411E-001  0.000000E+000  8.793051E-001  4.762589E-001  0.000000E+000 -4.762589E-001  8.793051E-001  0.000000E+000  0.000000E+000  0.000000E+000  1.000000E+000
  5.800000E+000  8.683827E-001  5.041054E-001  0.000000E+000  8.683827E-001  4.958946E-001  0.000000E+000 -4.958946E-001  8.683827E-001  0.000000E+000  0.000000E+000  0.000000E+000  1.000000E+000
  5.850000E+000  8.628851E-001  4.945998E-001  0.000000E+000  8.628851E-001  5.054002E-001  0.000000E+000 -5.054002E-001  8.628851E-001  0.000000E+000  0.000000E+000  0.000000E+000  1.000000E+000
  5.900000E+000  8.631717E-001  4.950894E-001  0.000000E+000  8.631717E-001  5.049106E-001  0.000000E+000 -5.049106E-001  8.631717E-001  0.000000E+000  0.000000E+000  0.000000E+000  1.000000E+000
  5.950000E+000  8.692240E-001  5.055814E-001  0.000000E+000  8.692240E-001  4.944186E-001  0.000000E+000 -4.944186E-001  8.692240E-001  0.000000E+000  0.000000E+000  0.000000E+000  1.000000E+000
  6.000000E+000  8.806450E-001  5.262233E-001  0.000000E+000  8.806450E-001  4.737767E-001  0.000000E+000 -4.737767E-001  8.806450E-001  0.000000E+000  0.000000E+000  0.000000E+000  1.000000E+000
  6.050000E+000  8.966498E-001  5.572594E-001  0.000000E+000  8.966498E-001  4.427406E-001  0.000000E+000 -4.427406E-001  8.966498E-001  0.000000E+000  0.000000E+000  0.000000E+000  1.000000E+000
  6.100000E+000  9.160551E-001  5.989475E-001  0.000000E+000  9.160551E-001  4.010525E-001  0.000000E+000 -4.010525E-001  9.160551E-001  0.000000E+000  0.000000E+000  0.000000E+000  1.000000E+000
  6.150000E+000  9.372860E-001  6.514388E-001  0.000000E+000  9.372860E-001  3.485612E-001  0.000000E+000 -3.485612E-001  9.372860E-001  0.000000E+000  0.000000E+000  0.000000E+000  1.000000E+000
  6.200000E+000  9.584183E-001  7.146330E-001  0.000000E+000  9.584183E-001  2.853670E-001  0.000000E+000 -2.853670E-001  9.584183E-001  0.000000E+000  0.000000E+000  0.000000E+000  1.000000E+000
  6.250000E+000  9.772755E-001  7.880267E-001  0.000000E+000  9.772755E-001  2.119733E-001  0.000000E+000 -2.119733E-001  9.772755E-001  0.000000E+000  0.000000E+000  0.000000E+000  1.000000E+000
  6.300000E+000  9.915908E-001  8.705868E-001  0.000000E+000  9.915908E-001  1.294132E-001  0.000000E+000 -1.294132E-001  9.915908E-001  0.000000E+000  0.000000E+000  0.000000E+000  1.000000E+000
  6.350000E+000  9.992267E-001  9.606810E-001  0.000000E+000  9.992267E-001  3.931898E-002  0.000000E+000 -3.931898E-002  9.992267E-001  0.000000E+000  0.000000E+000  0.000000E+000  1.000000E+000
  6.400000E+000  9.984254E-001  1.056096E+000  0.000000E+000  9.984254E-001 -5.609576E-002  0.000000E+000  5.609576E-002  9.984254E-001  0.000000E+000  0.000000E+000  0.000000E+000  1.000000E+000
  6.450000E+000  9.880466E-001  1.154156E+000  0.000000E+000  9.880466E-001 -1.541556E-001  0.000000E+000  1.541556E-001  9.880466E-001  0.000000E+000  0.000000E+000  0.000000E+000  1.000000E+000
  6.500000E+000  9.677446E-001  1.251933E+000  0.000000E+000  9.677446E-001 -2.519335E-001  0.000000E+000  2.519335E-001  9.677446E-001  0.000000E+000  0.000000E+000  0.000000E+000  1.000000E+000
  6.550000E+000  9.380437E-001  1.346517E+000  0.000000E+000  9.380437E-001 -3.465170E-001  0.000000E+000  3.465170E-001  9.380437E-001  0.000000E+000  0.000000E+000  0.000000E+000  1.000000E+000
  6.600000E+000  9.002955E-001  1.435279E+000  0.000000E+000  9.002955E-001 -4.352793E-001  0.000000E+000  4.352793E-001  9.002955E-001  0.000000E+000  0.000000E+000  0.000000E+000  1.000000E+000
  6.650000E+000  8.565270E-001  1.516102E+000  0.000000E+000  8.565270E-001 -5.161021E-001  0.000000E+000  5.161021E-001  8.565270E-001  0.000000E+000  0.000000E+000  0.000000E+000  1.000000E+000
  6.700000E+000  8.092165E-001  1.587511E+000  0.000000E+000  8.092165E-001 -5.875105E-001  0.000000E+000  5.875105E-001  8.092165E-001  0.000000E+000  0.000000E+000  0.000000E+000  1.000000E+000
  6.750000E+000  7.610407E-001  1.648704E+000  0.000000E+000  7.610407E-001 -6.487041E-001  0.000000E+000  6.487041E-001  7.610407E-001  0.000000E+000  0.000000E+000  0.000000E+000  1.000000E+000
  6.800000E+000  7.146400E-001  1.699492E+000  0.000000E+000  7.146400E-001 -6.994925E-001  0.000000E+000  6.994925E-001  7.146400E-001  0.000000E+000  0.000000E+000  0.000000E+000  1.000000E+000
  6.850000E+000  6.724315E-001  1.740159E+000  0.000000E+000  6.724315E-001 -7.401594E-001  0.000000E+000  7.401594E-001  6.724315E-001  0.000000E+000  0.000000E+000  0.000000E+000  1.000000E+000
  6.900000E+000  6.364834E-001  1.771290E+000  0.000000E+000  6.364834E-001 -7.712904E-001  0.000000E+000  7.712904E-001  6.364834E-001  0.000000E+000  0.000000E+000  0.000000E+000  1.000000E+000
  6.950000E+000  6.084486E-001  1.793593E+000  0.000000E+000  6.084486E-001 -7.935933E-001  0.000000E+000  7.935933E-001  6.084486E-001  0.000000E+000  0.000000E+000  0.000000E+000  1.000000E+000
  7.000000E+000  5.895418E-001  1.807738E+000  0.000000E+000  5.895418E-001 -8.077379E-001  0.000000E+000  8.077379E-001  5.895418E-001  0.000000E+000  0.000000E+000  0.000000E+000  1.000000E+000
  7.050000E+000  5.805443E-001  1.814229E+000  0.000000E+000  5.805443E-001 -8.142287E-001  0.000000E+000  8.142287E-001  5.805443E-001  0.000000E+000  0.000000E+000  0.000000E+000  1.000000E+000
  7.100000E+000  5.818168E-001  1.813320E+000  0.000000E+000  5.818168E-001 -8.133198E-001  0.000000E+000  8.133198E-001  5.818168E-001  0.000000E+000  0.000000E+000  0.000000E+000  1.000000E+000
  7.150000E+000  5.933089E-001  1.804975E+000  0.000000E+000  5.933089E-001 -8.049749E-001  0.000000E+000  8.049749E-001  5.933089E-001  0.000000E+000  0.000000E+000  0.000000E+000  1.000000E+000
  7.200000E+000  6.145570E-001  1.788872E+000  0.000000E+000  6.145570E-001 -7.888724E-001  0.000000E+000  7.888724E-001  6.145570E-001  0.000000E+000  0.000000E+000  0.000000E+000  1.000000E+000
  7.250000E+000  6.446742E-001  1.764457E+000  0.000000E+000  6.446742E-001 -7.644575E-001  0.000000E+000  7.644575E-001  6.446742E-001  0.000000E+000  0.000000E+000  0.000000E+000  1.000000E+000
  7.300000E+000  6.823372E-001  1.731038E+000  0.000000E+000  6.823372E-001 -7.310376E-001  0.000000E+000  7.310376E-001  6.823372E-001  0.000000E+000  0.000000E+000  0.000000E+000  1.000000E+000
  7.350000E+000  7.257873E-001  1.687919E+000  0.000000E+000  7.257873E-001 -6.879192E-001  0.000000E+000  6.879192E-001  7.257873E-001  0.000000E+000  0.000000E+000  0.000000E+000  1.000000E+000
  7.400000E+000  7.728618E-001  1.634574E+000  0.000000E+000  7.728618E-001 -6.345744E-001  0.000000E+000  6.345744E-001  7.728618E-001  0.000000E+000  0.000000E+000  0.000000E+000  1.000000E+000
  7.450000E+000  8.210745E-001  1.570821E+000  0.000000E+000  8.210745E-001 -5.708210E-001  0.000000E+000  5.708210E-001  8.210745E-001  0.000000E+000  0.000000E+000  0.000000E+000  1.000000E+000
  7.500000E+000  8.677564E-001  1.496990E+000  0.000000E+000  8.677564E-001 -4.969898E-001  0.000000E+000  4.969898E-001  8.677564E-001  0.000000E+000  0.000000E+000  0.000000E+000  1.000000E+000
  7.550000E+000  9.102565E-001  1.414045E+000  0.000000E+000  9.102565E-001 -4.140447E-001  0.000000E+000  4.140447E-001  9.102565E-001  0.000000E+000  0.000000E+000  0.000000E+000  1.000000E+000
  7.600000E+000  9.461849E-001  1.323627E+000  0.000000E+000  9.461849E-001 -3.236266E-001  0.000000E+000  3.236266E-001  9.461849E-001  0.000000E+000  0.000000E+000  0.000000E+000  1.000000E+000
  7.650000E+000  9.736622E-001  1.227995E+000  0.000000E+000  9.736622E-001 -2.279955E-001  0.000000E+000  2.279955E-001  9.736622E-001  0.000000E+000  0.000000E+000  0.000000E+000  1.000000E+000
  7.700000E+000  9.915308E-001  1.129872E+000  0.000000E+000  9.915308E-001 -1.298721E-001  0.000000E+000  1.298721E-001  9.915308E-001  0.000000E+000  0.000000E+000  0.000000E+000  1.000000E+000
  7.750000E+000  9.994815E-001  1.032198E+000  0.000000E+000  9.994815E-001 -3.219832E-002  0.000000E+000  3.219832E-002  9.994815E-001  0.000000E+000  0.000000E+000  0.000000E+000  1.000000E+000
  7.800000E+000  9.980676E-001  9.378626E-001  0.000000E+000  9.980676E-001  6.213741E-002  0.000000E+000 -6.213741E-002  9.980676E-001  0.000000E+000  0.000000E+000  0.000000E+000  1.000000E+000
  7.850000E+000  9.886013E-001  8.494428E-001  0.000000E+000  9.886013E-001  1.505572E-001  0.000000E+000 -1.505572E-001  9.886013E-001  0.000000E+000  0.000000E+000  0.000000E+000  1.000000E+000
  7.900000E+000  9.729576E-001  7.690162E-001  0.000000E+000  9.729576E-001  2.309838E-001  0.000000E+000 -2.309838E-001  9.729576E-001  0.000000E+000  0.000000E+000  0.000000E+000  1.000000E+000
  7.950000E+000  9.533286E-001  6.980653E-001  0.000000E+000  9.533286E-001  3.019347E-001  0.000000E+000 -3.019347E-001  9.533286E-001  0.000000E+000  0.000000E+000  0.000000E+000  1.000000E+000
  8.000000E+000  9.319772E-001  6.374831E-001  0.000000E+000  9.319772E-001  3.625169E-001  0.000000E+000 -3.625169E-001  9.319772E-001  0.000000E+000  0.000000E+000  0.000000E+000  1.000000E+000
  8.050000E+000  9.110302E-001  5.876603E-001  0.000000E+000  9.110302E-001  4.123397E-001  0.000000E+000 -4.123397E-001  9.110302E-001  0.000000E+000  0.000000E+000  0.000000E+000  1.000000E+000
  8.100000E+000  8.923323E-001  5.486210E-001  0.000000E+000  8.923323E-001  4.513790E-001  0.000000E+000 -4.513790E-001  8.923323E-001  0.000000E+000  0.000000E+000  0.000000E+000  1.000000E+000
  8.150000E+000  8.773641E-001  5.201747E-001  0.000000E+000  8.773641E-001  4.798253E-001  0.000000E+000 -4.798253E-001  8.773641E-001  0.000000E+000  0.000000E+000  0.000000E+000  1.000000E+000
  8.200000E+000  8.672099E-001  5.020572E-001  0.000000E+000  8.672099E-001  4.979428E-001  0.000000E+000 -4.979428E-001  8.672099E-001  0.000000E+000  0.000000E+000  0.000000E+000  1.000000E+000
  8.250000E+000  8.625581E-001  4.940419E-001  0.000000E+000  8.625581E-001  5.059581E-001  0.000000E+000 -5.059581E-001  8.625581E-001  0.000000E+000  0.000000E+000  0.000000E+000  1.000000E+000
  8.300000E+000  8.637115E-001  4.960134E-001  0.000000E+000  8.637115E-001  5.039866E-001  0.000000E+000 -5.039866E-001  8.637115E-001  0.000000E+000  0.000000E+000  0.000000E+000  1.000000E+000
  8.350000E+000  8.705957E-001  5.080009E-001  0.000000E+000  8.705957E-001  4.919991E-001  0.000000E+000 -4.919991E-001  8.705957E-001  0.000000E+000  0.000000E+000  0.000000E+000  1.000000E+000
  8.400000E+000  8.827570E-001  5.301701E-001  0.000000E+000  8.827570E-001  4.698299E-001  0.000000E+000 -4.698299E-001  8.827570E-001  0.000000E+000  0.000000E+000  0.000000E+000  1.000000E+000
  8.450000E+000  8.993514E-001  5.627735E-001  0.000000E+000  8.993514E-001  4.372265E-001  0.000000E+000 -4.372265E-001  8.993514E-001  0.000000E+000  0.000000E+000  0.000000E+000  1.000000E+000
  8.500000E+000  9.191367E-001  6.060613E-001  0.000000E+000  9.191367E-001  3.939387E-001  0.000000E+000 -3.939387E-001  9.191367E-001  0.000000E+000  0.000000E+000  0.000000E+000  1.000000E+000
  8.550000E+000  9.404822E-001  6.601571E-001  0.000000E+000  9.404822E-001  3.398429E-001  0.000000E+000 -3.398429E-001  9.404822E-001  0.000000E+000  0.000000E+000  0.000000E+000  1.000000E+000
  8.600000E+000  9.614185E-001  7.249100E-001  0.000000E+000  9.614185E-001  2.750900E-001  0.000000E+000 -2.750900E-001  9.614185E-001  0.000000E+000  0.000000E+000  0.000000E+000  1.000000E+000
  8.650000E+000  9.797438E-001  7.997449E-001  0.000000E+000  9.797438E-001  2.002551E-001  0.000000E+000 -2.002551E-001  9.797438E-001  0.000000E+000  0.000000E+000  0.000000E+000  1.000000E+000
  8.700000E+000  9.931957E-001  8.835423E-001  0.000000E+000  9.931957E-001  1.164577E-001  0.000000E+000 -1.164577E-001  9.931957E-001  0.000000E+000  0.000000E+000  0.000000E+000  1.000000E+000
  8.750000E+000  9.996769E-001  9.745799E-001  0.000000E+000  9.996769E-001  2.542005E-002  0.000000E+000 -2.542005E-002  9.996769E-001  0.000000E+000  0.000000E+000  0.000000E+000  1.000000E+000
  8.800000E+000  9.975071E-001  1.070566E+000  0.000000E+000  9.975071E-001 -7.056568E-002  0.000000E+000  7.056568E-002  9.975071E-001  0.000000E+000  0.000000E+000  0.000000E+000  1.000000E+000
  8.850000E+000  9.856552E-001  1.168772E+000  0.000000E+000  9.856552E-001 -1.687715E-001  0.000000E+000  1.687715E-001  9.856552E-001  0.000000E+000  0.000000E+000  0.000000E+000  1.000000E+000
  8.900000E+000  9.639026E-001  1.266255E+000  0.000000E+000  9.639026E-001 -2.662551E-001  0.000000E+000  2.662551E-001  9.639026E-001  0.000000E+000  0.000000E+000  0.000000E+000  1.000000E+000
  8.950000E+000  9.329022E-001  1.360130E+000  0.000000E+000  9.329022E-001 -3.601297E-001  0.000000E+000  3.601297E-001  9.329022E-001  0.000000E+000  0.000000E+000  0.000000E+000  1.000000E+000
  9.000000E+000  8.941177E-001  1.447832E+000  0.000000E+000  8.941177E-001 -4.478320E-001  0.000000E+000  4.478320E-001  8.941177E-001  0.000000E+000  0.000000E+000  0.000000E+000  1.000000E+000
  9.050000E+000  8.496587E-001  1.527333E+000  0.000000E+000  8.496587E-001 -5.273330E-001  0.000000E+000  5.273330E-001  8.496587E-001  0.000000E+000  0.000000E+000  0.000000E+000  1.000000E+000
  9.100000E+000  8.020488E-001  1.597259E+000  0.000000E+000  8.020488E-001 -5.972585E-001  0.000000E+000  5.972585E-001  8.020488E-001  0.000000E+000  0.000000E+000  0.000000E+000  1.000000E+000
  9.150000E+000  7.539733E-001  1.656905E+000  0.000000E+000  7.539733E-001 -6.569051E-001  0.000000E+000  6.569051E-001  7.539733E-001  0.000000E+000  0.000000E+000  0.000000E+000  1.000000E+000
  9.200000E+000  7.080498E-001  1.706162E+000  0.000000E+000  7.080498E-001 -7.061625E-001  0.000000E+000  7.061625E-001  7.080498E-001  0.000000E+000  0.000000E+000  0.000000E+000  1.000000E+000
  9.250000E+000  6.666501E-001  1.745371E+000  0.000000E+000  6.666501E-001 -7.453708E-001  0.000000E+000  7.453708E-001  6.666501E-001  0.000000E+000  0.000000E+000  0.000000E+000  1.000000E+000
  9.300000E+000  6.317837E-001  1.775145E+000  0.000000E+000  6.317837E-001 -7.751447E-001  0.000000E+000  7.751447E-001  6.317837E-001  0.000000E+000  0.000000E+000  0.000000E+000  1.000000E+000
  9.350000E+000  6.050387E-001  1.796196E+000  0.000000E+000  6.050387E-001 -7.961960E-001  0.000000E+000  7.961960E-001  6.050387E-001  0.000000E+000  0.000000E+000  0.000000E+000  1.000000E+000
  9.400000E+000  5.875650E-001  1.809177E+000  0.000000E+000  5.875650E-001 -8.091770E-001  0.000000E+000  8.091770E-001  5.875650E-001  0.000000E+000  0.000000E+000  0.000000E+000  1.000000E+000
  9.450000E+000  5.800804E-001  1.814559E+000  0.000000E+000  5.800804E-001 -8.145592E-001  0.000000E+000  8.145592E-001  5.800804E-001  0.000000E+000  0.000000E+000  0.000000E+000  1.000000E+000
  9.500000E+000  5.828843E-001  1.812555E+000  0.000000E+000  5.828843E-001 -8.125551E-001  0.000000E+000  8.125551E-001  5.828843E-001  0.000000E+000  0.000000E+000  0.000000E+000  1.000000E+000
  9.550000E+000  5.958652E-001  1.803085E+000  0.000000E+000  5.958652E-001 -8.030845E-001  0.000000E+000  8.030845E-001  5.958652E-001  0.000000E+000  0.000000E+000  0.000000E+000  1.000000E+000
  9.600000E+000  6.184975E-001  1.785787E+000  0.000000E+000  6.184975E-001 -7.857868E-001  0.000000E+000  7.857868E-001  6.184975E-001  0.000000E+000  0.000000E+000  0.000000E+000  1.000000E+000
  9.650000E+000  6.498300E-001  1.760080E+000  0.000000E+000  6.498300E-001 -7.600796E-001  0.000000E+000  7.600796E-001  6.498300E-001  0.000000E+000  0.000000E+000  0.000000E+000  1.000000E+000
  9.700000E+000  6.884743E-001  1.725261E+000  0.000000E+000  6.884743E-001 -7.252608E-001  0.000000E+000  7.252608E-001  6.884743E-001  0.000000E+000  0.000000E+000  0.000000E+000  1.000000E+000
  9.750000E+000  7.326086E-001  1.680650E+000  0.000000E+000  7.326086E-001 -6.806501E-001  0.000000E+000  6.806501E-001  7.326086E-001  0.000000E+000  0.000000E+000  0.000000E+000  1.000000E+000
  9.800000E+000  7.800158E-001  1.625760E+000  0.000000E+000  7.800158E-001 -6.257598E-001  0.000000E+000  6.257598E-001  7.800158E-001  0.000000E+000  0.000000E+000  0.000000E+000  1.000000E+000
  9.850000E+000  8.281720E-001  1.560474E+000  0.000000E+000  8.281720E-001 -5.604741E-001  0.000000E+000  5.604741E-001  8.281720E-001  0.000000E+000  0.000000E+000  0.000000E+000  1.000000E+000
  9.900000E+000  8.743968E-001  1.485212E+000  0.000000E+000  8.743968E-001 -4.852115E-001  0.000000E+000  4.852115E-001  8.743968E-001  0.000000E+000  0.000000E+000  0.000000E+000  1.000000E+000
  9.950000E+000  9.160621E-001  1.401036E+000  0.000000E+000  9.160621E-001 -4.010364E-001  0.000000E+000  4.010364E-001  9.160621E-001  0.000000E+000  0.000000E+000  0.000000E+000  1.000000E+000
