% FILE: fourbar.2
%
%       t         P_Na_Bo[1]     P_Na_Bo[2]     P_Na_Bo[3]      N_B[1,1]       N_B[1,2]       N_B[1,3]       N_B[2,1]       N_B[2,2]       N_B[2,3]       N_B[3,1]       N_B[3,2]       N_B[3,3]
%   (second)        (meter)        (meter)        (meter)       (NoUnits)      (NoUnits)      (NoUnits)      (NoUnits)      (NoUnits)      (NoUnits)      (NoUnits)      (NoUnits)      (NoUnits)

  0.000000E+000  1.632070E+000  1.142788E+000  0.000000E+000  7.660444E-001 -6.427876E-001  0.000000E+000  6.427876E-001  7.660444E-001  0.000000E+000  0.000000E+000  0.000000E+000  1.000000E+000
  5.000000E-002  1.632462E+000  1.138757E+000  0.000000E+000  7.602495E-001 -6.496312E-001  0.000000E+000  6.496312E-001  7.602495E-001  0.000000E+000  0.000000E+000  0.000000E+000  1.000000E+000
  1.000000E-001  1.634720E+000  1.126081E+000  0.000000E+000  7.480949E-001 -6.635917E-001  0.000000E+000  6.635917E-001  7.480949E-001  0.000000E+000  0.000000E+000  0.000000E+000  1.000000E+000
  1.500000E-001  1.642092E+000  1.099054E+000  0.000000E+000  7.350508E-001 -6.780121E-001  0.000000E+000  6.780121E-001  7.350508E-001  0.000000E+000  0.000000E+000  0.000000E+000  1.000000E+000
  2.000000E-001  1.655529E+000  1.050661E+000  0.000000E+000  7.221713E-001 -6.917142E-001  0.000000E+000  6.917142E-001  7.221713E-001  0.000000E+000  0.000000E+000  0.000000E+000  1.000000E+000
  2.500000E-001  1.671546E+000  9.785886E-001  0.000000E+000  7.098963E-001 -7.043062E-001  0.000000E+000  7.043062E-001  7.098963E-001  0.000000E+000  0.000000E+000  0.000000E+000  1.000000E+000
  3.000000E-001  1.685236E+000  8.839554E-001  0.000000E+000  6.997112E-001 -7.144258E-001  0.000000E+000  7.144258E-001  6.997112E-001  0.000000E+000  0.000000E+000  0.000000E+000  1.000000E+000
  3.500000E-001  1.691888E+000  7.694572E-001  0.000000E+000  6.930688E-001 -7.208714E-001  0.000000E+000  7.208714E-001  6.930688E-001  0.000000E+000  0.000000E+000  0.000000E+000  1.000000E+000
  4.000000E-001  1.687410E+000  6.389778E-001  0.000000E+000  6.909390E-001 -7.229131E-001  0.000000E+000  7.229131E-001  6.909390E-001  0.000000E+000  0.000000E+000  0.000000E+000  1.000000E+000
  4.500000E-001  1.668677E+000  4.974174E-001  0.000000E+000  6.938016E-001 -7.201662E-001  0.000000E+000  7.201662E-001  6.938016E-001  0.000000E+000  0.000000E+000  0.000000E+000  1.000000E+000
  5.000000E-001  1.633857E+000  3.503909E-001  0.000000E+000  7.017075E-001 -7.124652E-001  0.000000E+000  7.124652E-001  7.017075E-001  0.000000E+000  0.000000E+000  0.000000E+000  1.000000E+000
  5.500000E-001  1.582643E+000  2.037951E-001  0.000000E+000  7.143292E-001 -6.998098E-001  0.000000E+000  6.998098E-001  7.143292E-001  0.000000E+000  0.000000E+000  0.000000E+000  1.000000E+000
  6.000000E-001  1.516338E+000  6.330230E-002  0.000000E+000  7.310032E-001 -6.823741E-001  0.000000E+000  6.823741E-001  7.310032E-001  0.000000E+000  0.000000E+000  0.000000E+000  1.000000E+000
  6.500000E-001  1.437728E+000 -6.614536E-002  0.000000E+000  7.507757E-001 -6.605573E-001  0.000000E+000  6.605573E-001  7.507757E-001  0.000000E+000  0.000000E+000  0.000000E+000  1.000000E+000
  7.000000E-001  1.350789E+000 -1.807562E-001  0.000000E+000  7.724683E-001 -6.350534E-001  0.000000E+000  6.350534E-001  7.724683E-001  0.000000E+000  0.000000E+000  0.000000E+000  1.000000E+000
  7.500000E-001  1.260240E+000 -2.781528E-001  0.000000E+000  7.947698E-001 -6.069109E-001  0.000000E+000  6.069109E-001  7.947698E-001  0.000000E+000  0.000000E+000  0.000000E+000  1.000000E+000
  8.000000E-001  1.171039E+000 -3.574312E-001  0.000000E+000  8.163525E-001 -5.775539E-001  0.000000E+000  5.775539E-001  8.163525E-001  0.000000E+000  0.000000E+000  0.000000E+000  1.000000E+000
  8.500000E-001  1.087906E+000 -4.190105E-001  0.000000E+000  8.359934E-001 -5.487395E-001  0.000000E+000  5.487395E-001  8.359934E-001  0.000000E+000  0.000000E+000  0.000000E+000  1.000000E+000
  9.000000E-001  1.014940E+000 -4.643040E-001  0.000000E+000  8.526741E-001 -5.224432E-001  0.000000E+000  5.224432E-001  8.526741E-001  0.000000E+000  0.000000E+000  0.000000E+000  1.000000E+000
  9.500000E-001  9.553982E-001 -4.952787E-001  0.000000E+000  8.656301E-001 -5.006840E-001  0.000000E+000  5.006840E-001  8.656301E-001  0.000000E+000  0.000000E+000  0.000000E+000  1.000000E+000
  1.000000E+000  9.116271E-001 -5.139854E-001  0.000000E+000  8.743371E-001 -4.853191E-001  0.000000E+000  4.853191E-001  8.743371E-001  0.000000E+000  0.000000E+000  0.000000E+000  1.000000E+000
  1.050000E+000  8.851087E-001 -5.221326E-001  0.000000E+000  8.784441E-001 -4.778452E-001  0.000000E+000  4.778452E-001  8.784441E-001  0.000000E+000  0.000000E+000  0.000000E+000  1.000000E+000
  1.100000E+000  8.765646E-001 -5.207604E-001  0.000000E+000  8.776845E-001 -4.792389E-001  0.000000E+000  4.792389E-001  8.776845E-001  0.000000E+000  0.000000E+000  0.000000E+000  1.000000E+000
  1.150000E+000  8.860409E-001 -5.100443E-001  0.000000E+000  8.718043E-001 -4.898544E-001  0.000000E+000  4.898544E-001  8.718043E-001  0.000000E+000  0.000000E+000  0.000000E+000  1.000000E+000
  1.200000E+000  9.129269E-001 -4.892409E-001  0.000000E+000  8.605382E-001 -5.093858E-001  0.000000E+000  5.093858E-001  8.605382E-001  0.000000E+000  0.000000E+000  0.000000E+000  1.000000E+000
  1.250000E+000  9.558923E-001 -4.567811E-001  0.000000E+000  8.436463E-001 -5.368994E-001  0.000000E+000  5.368994E-001  8.436463E-001  0.000000E+000  0.000000E+000  0.000000E+000  1.000000E+000
  1.300000E+000  1.012768E+000 -4.105088E-001  0.000000E+000  8.209979E-001 -5.709312E-001  0.000000E+000  5.709312E-001  8.209979E-001  0.000000E+000  0.000000E+000  0.000000E+000  1.000000E+000
  1.350000E+000  1.080430E+000 -3.480569E-001  0.000000E+000  7.926732E-001 -6.096467E-001  0.000000E+000  6.096467E-001  7.926732E-001  0.000000E+000  0.000000E+000  0.000000E+000  1.000000E+000
  1.400000E+000  1.154771E+000 -2.673235E-001  0.000000E+000  7.590406E-001 -6.510433E-001  0.000000E+000  6.510433E-001  7.590406E-001  0.000000E+000  0.000000E+000  0.000000E+000  1.000000E+000
  1.450000E+000  1.230823E+000 -1.669863E-001  0.000000E+000  7.207807E-001 -6.931632E-001  0.000000E+000  6.931632E-001  7.207807E-001  0.000000E+000  0.000000E+000  0.000000E+000  1.000000E+000
  1.500000E+000  1.303072E+000 -4.696193E-002  0.000000E+000  6.788455E-001 -7.342811E-001  0.000000E+000  7.342811E-001  6.788455E-001  0.000000E+000  0.000000E+000  0.000000E+000  1.000000E+000
  1.550000E+000  1.365957E+000  9.128743E-002  0.000000E+000  6.343666E-001 -7.730323E-001  0.000000E+000  7.730323E-001  6.343666E-001  0.000000E+000  0.000000E+000  0.000000E+000  1.000000E+000
  1.600000E+000  1.414460E+000  2.446797E-001  0.000000E+000  5.885405E-001 -8.084678E-001  0.000000E+000  8.084678E-001  5.885405E-001  0.000000E+000  0.000000E+000  0.000000E+000  1.000000E+000
  1.650000E+000  1.444713E+000  4.087043E-001  0.000000E+000  5.425220E-001 -8.400416E-001  0.000000E+000  8.400416E-001  5.425220E-001  0.000000E+000  0.000000E+000  0.000000E+000  1.000000E+000
  1.700000E+000  1.454466E+000  5.778538E-001  0.000000E+000  4.973477E-001 -8.675513E-001  0.000000E+000  8.675513E-001  4.973477E-001  0.000000E+000  0.000000E+000  0.000000E+000  1.000000E+000
  1.750000E+000  1.443349E+000  7.462158E-001  0.000000E+000  4.538944E-001 -8.910555E-001  0.000000E+000  8.910555E-001  4.538944E-001  0.000000E+000  0.000000E+000  0.000000E+000  1.000000E+000
  1.800000E+000  1.412867E+000  9.081082E-001  0.000000E+000  4.128704E-001 -9.107898E-001  0.000000E+000  9.107898E-001  4.128704E-001  0.000000E+000  0.000000E+000  0.000000E+000  1.000000E+000
  1.850000E+000  1.366139E+000  1.058637E+000  0.000000E+000  3.748283E-001 -9.270943E-001  0.000000E+000  9.270943E-001  3.748283E-001  0.000000E+000  0.000000E+000  0.000000E+000  1.000000E+000
  1.900000E+000  1.307465E+000  1.194082E+000  0.000000E+000  3.401891E-001 -9.403570E-001  0.000000E+000  9.403570E-001  3.401891E-001  0.000000E+000  0.000000E+000  0.000000E+000  1.000000E+000
  1.950000E+000  1.241801E+000  1.312062E+000  0.000000E+000  3.092694E-001 -9.509745E-001  0.000000E+000  9.509745E-001  3.092694E-001  0.000000E+000  0.000000E+000  0.000000E+000  1.000000E+000
  2.000000E+000  1.174243E+000  1.411485E+000  0.000000E+000  2.823059E-001 -9.593244E-001  0.000000E+000  9.593244E-001  2.823059E-001  0.000000E+000  0.000000E+000  0.000000E+000  1.000000E+000
  2.050000E+000  1.109599E+000  1.492334E+000  0.000000E+000  2.594759E-001 -9.657496E-001  0.000000E+000  9.657496E-001  2.594759E-001  0.000000E+000  0.000000E+000  0.000000E+000  1.000000E+000
  2.100000E+000  1.052092E+000  1.555343E+000  0.000000E+000  2.409118E-001 -9.705470E-001  0.000000E+000  9.705470E-001  2.409118E-001  0.000000E+000  0.000000E+000  0.000000E+000  1.000000E+000
  2.150000E+000  1.005177E+000  1.601649E+000  0.000000E+000  2.267114E-001 -9.739620E-001  0.000000E+000  9.739620E-001  2.267114E-001  0.000000E+000  0.000000E+000  0.000000E+000  1.000000E+000
  2.200000E+000  9.714702E-001  1.632454E+000  0.000000E+000  2.169443E-001 -9.761840E-001  0.000000E+000  9.761840E-001  2.169443E-001  0.000000E+000  0.000000E+000  0.000000E+000  1.000000E+000
  2.250000E+000  9.527388E-001  1.648758E+000  0.000000E+000  2.116558E-001 -9.773443E-001  0.000000E+000  9.773443E-001  2.116558E-001  0.000000E+000  0.000000E+000  0.000000E+000  1.000000E+000
  2.300000E+000  9.499253E-001  1.651158E+000  0.000000E+000  2.108688E-001 -9.775144E-001  0.000000E+000  9.775144E-001  2.108688E-001  0.000000E+000  0.000000E+000  0.000000E+000  1.000000E+000
  2.350000E+000  9.631681E-001  1.639746E+000  0.000000E+000  2.145852E-001 -9.767053E-001  0.000000E+000  9.767053E-001  2.145852E-001  0.000000E+000  0.000000E+000  0.000000E+000  1.000000E+000
  2.400000E+000  9.918046E-001  1.614093E+000  0.000000E+000  2.227857E-001 -9.748675E-001  0.000000E+000  9.748675E-001  2.227857E-001  0.000000E+000  0.000000E+000  0.000000E+000  1.000000E+000
  2.450000E+000  1.034355E+000  1.573321E+000  0.000000E+000  2.354293E-001 -9.718915E-001  0.000000E+000  9.718915E-001  2.354293E-001  0.000000E+000  0.000000E+000  0.000000E+000  1.000000E+000
  2.500000E+000  1.088497E+000  1.516270E+000  0.000000E+000  2.524518E-001 -9.676095E-001  0.000000E+000  9.676095E-001  2.524518E-001  0.000000E+000  0.000000E+000  0.000000E+000  1.000000E+000
  2.550000E+000  1.151060E+000  1.441744E+000  0.000000E+000  2.737624E-001 -9.617974E-001  0.000000E+000  9.617974E-001  2.737624E-001  0.000000E+000  0.000000E+000  0.000000E+000  1.000000E+000
  2.600000E+000  1.218070E+000  1.348829E+000  0.000000E+000  2.992381E-001 -9.541785E-001  0.000000E+000  9.541785E-001  2.992381E-001  0.000000E+000  0.000000E+000  0.000000E+000  1.000000E+000
  2.650000E+000  1.284885E+000  1.237242E+000  0.000000E+000  3.287150E-001 -9.444291E-001  0.000000E+000  9.444291E-001  3.287150E-001  0.000000E+000  0.000000E+000  0.000000E+000  1.000000E+000
  2.700000E+000  1.346458E+000  1.107670E+000  0.000000E+000  3.619755E-001 -9.321876E-001  0.000000E+000  9.321876E-001  3.619755E-001  0.000000E+000  0.000000E+000  0.000000E+000  1.000000E+000
  2.750000E+000  1.397718E+000  9.620349E-001  0.000000E+000  3.987296E-001 -9.170685E-001  0.000000E+000  9.170685E-001  3.987296E-001  0.000000E+000  0.000000E+000  0.000000E+000  1.000000E+000
  2.800000E+000  1.434062E+000  8.036028E-001  0.000000E+000  4.385925E-001 -8.986861E-001  0.000000E+000  8.986861E-001  4.385925E-001  0.000000E+000  0.000000E+000  0.000000E+000  1.000000E+000
  2.850000E+000  1.451884E+000  6.369022E-001  0.000000E+000  4.810580E-001 -8.766888E-001  0.000000E+000  8.766888E-001  4.810580E-001  0.000000E+000  0.000000E+000  0.000000E+000  1.000000E+000
  2.900000E+000  1.449057E+000  4.674116E-001  0.000000E+000  5.254735E-001 -8.508099E-001  0.000000E+000  8.508099E-001  5.254735E-001  0.000000E+000  0.000000E+000  0.000000E+000  1.000000E+000
  2.950000E+000  1.425261E+000  3.010546E-001  0.000000E+000  5.710222E-001 -8.209346E-001  0.000000E+000  8.209346E-001  5.710222E-001  0.000000E+000  0.000000E+000  0.000000E+000  1.000000E+000
  3.000000E+000  1.382084E+000  1.435796E-001  0.000000E+000  6.167230E-001 -7.871803E-001  0.000000E+000  7.871803E-001  6.167230E-001  0.000000E+000  0.000000E+000  0.000000E+000  1.000000E+000
  3.050000E+000  1.322850E+000 -6.018795E-005  0.000000E+000  6.614590E-001 -7.499813E-001  0.000000E+000  7.499813E-001  6.614590E-001  0.000000E+000  0.000000E+000  0.000000E+000  1.000000E+000
  3.100000E+000  1.252212E+000 -1.262060E-001  0.000000E+000  7.040404E-001 -7.101600E-001  0.000000E+000  7.101600E-001  7.040404E-001  0.000000E+000  0.000000E+000  0.000000E+000  1.000000E+000
  3.150000E+000  1.175588E+000 -2.327754E-001  0.000000E+000  7.432987E-001 -6.689597E-001  0.000000E+000  6.689597E-001  7.432987E-001  0.000000E+000  0.000000E+000  0.000000E+000  1.000000E+000
  3.200000E+000  1.098545E+000 -3.192819E-001  0.000000E+000  7.781984E-001 -6.280185E-001  0.000000E+000  6.280185E-001  7.781984E-001  0.000000E+000  0.000000E+000  0.000000E+000  1.000000E+000
  3.250000E+000  1.026258E+000 -3.866056E-001  0.000000E+000  8.079354E-001 -5.892710E-001  0.000000E+000  5.892710E-001  8.079354E-001  0.000000E+000  0.000000E+000  0.000000E+000  1.000000E+000
  3.300000E+000  9.631234E-001 -4.365800E-001  0.000000E+000  8.319936E-001 -5.547852E-001  0.000000E+000  5.547852E-001  8.319936E-001  0.000000E+000  0.000000E+000  0.000000E+000  1.000000E+000
  3.350000E+000  9.125635E-001 -4.714891E-001  0.000000E+000  8.501377E-001 -5.265605E-001  0.000000E+000  5.265605E-001  8.501377E-001  0.000000E+000  0.000000E+000  0.000000E+000  1.000000E+000
  3.400000E+000  8.770087E-001 -4.935697E-001  0.000000E+000  8.623440E-001 -5.063228E-001  0.000000E+000  5.063228E-001  8.623440E-001  0.000000E+000  0.000000E+000  0.000000E+000  1.000000E+000
  3.450000E+000  8.579876E-001 -5.045936E-001  0.000000E+000  8.686940E-001 -4.953491E-001  0.000000E+000  4.953491E-001  8.686940E-001  0.000000E+000  0.000000E+000  0.000000E+000  1.000000E+000
  3.500000E+000  8.562533E-001 -5.055720E-001  0.000000E+000  8.692667E-001 -4.943434E-001  0.000000E+000  4.943434E-001  8.692667E-001  0.000000E+000  0.000000E+000  0.000000E+000  1.000000E+000
  3.550000E+000  8.718724E-001 -4.965992E-001  0.000000E+000  8.640708E-001 -5.033703E-001  0.000000E+000  5.033703E-001  8.640708E-001  0.000000E+000  0.000000E+000  0.000000E+000  1.000000E+000
  3.600000E+000  9.042330E-001 -4.768386E-001  0.000000E+000  8.530372E-001 -5.218500E-001  0.000000E+000  5.218500E-001  8.530372E-001  0.000000E+000  0.000000E+000  0.000000E+000  1.000000E+000
  3.650000E+000  9.519705E-001 -4.446503E-001  0.000000E+000  8.360775E-001 -5.486114E-001  0.000000E+000  5.486114E-001  8.360775E-001  0.000000E+000  0.000000E+000  0.000000E+000  1.000000E+000
  3.700000E+000  1.012844E+000 -3.978603E-001  0.000000E+000  8.131851E-001 -5.820052E-001  0.000000E+000  5.820052E-001  8.131851E-001  0.000000E+000  0.000000E+000  0.000000E+000  1.000000E+000
  3.750000E+000  1.083631E+000 -3.341559E-001  0.000000E+000  7.845459E-001 -6.200707E-001  0.000000E+000  6.200707E-001  7.845459E-001  0.000000E+000  0.000000E+000  0.000000E+000  1.000000E+000
  3.800000E+000  1.160119E+000 -2.515729E-001  0.000000E+000  7.506177E-001 -6.607368E-001  0.000000E+000  6.607368E-001  7.506177E-001  0.000000E+000  0.000000E+000  0.000000E+000  1.000000E+000
  3.850000E+000  1.237264E+000 -1.490041E-001  0.000000E+000  7.121496E-001 -7.020277E-001  0.000000E+000  7.020277E-001  7.121496E-001  0.000000E+000  0.000000E+000  0.000000E+000  1.000000E+000
  3.900000E+000  1.309537E+000 -2.663896E-002  0.000000E+000  6.701383E-001 -7.422362E-001  0.000000E+000  7.422362E-001  6.701383E-001  0.000000E+000  0.000000E+000  0.000000E+000  1.000000E+000
  3.950000E+000  1.371444E+000  1.137646E-001  0.000000E+000  6.257346E-001 -7.800360E-001  0.000000E+000  7.800360E-001  6.257346E-001  0.000000E+000  0.000000E+000  0.000000E+000  1.000000E+000
  4.000000E+000  1.418129E+000  2.688471E-001  0.000000E+000  5.801324E-001 -8.145222E-001  0.000000E+000  8.145222E-001  5.801324E-001  0.000000E+000  0.000000E+000  0.000000E+000  1.000000E+000
  4.050000E+000  1.445965E+000  4.338790E-001  0.000000E+000  5.344694E-001 -8.451879E-001  0.000000E+000  8.451879E-001  5.344694E-001  0.000000E+000  0.000000E+000  0.000000E+000  1.000000E+000
  4.100000E+000  1.452998E+000  6.032226E-001  0.000000E+000  4.897567E-001 -8.718591E-001  0.000000E+000  8.718591E-001  4.897567E-001  0.000000E+000  0.000000E+000  0.000000E+000  1.000000E+000
  4.150000E+000  1.439168E+000  7.709381E-001  0.000000E+000  4.468448E-001 -8.946115E-001  0.000000E+000  8.946115E-001  4.468448E-001  0.000000E+000  0.000000E+000  0.000000E+000  1.000000E+000
  4.200000E+000  1.406261E+000  9.314133E-001  0.000000E+000  4.064180E-001 -9.136872E-001  0.000000E+000  9.136872E-001  4.064180E-001  0.000000E+000  0.000000E+000  0.000000E+000  1.000000E+000
  4.250000E+000  1.357624E+000  1.079899E+000  0.000000E+000  3.690098E-001 -9.294255E-001  0.000000E+000  9.294255E-001  3.690098E-001  0.000000E+000  0.000000E+000  0.000000E+000  1.000000E+000
  4.300000E+000  1.297703E+000  1.212863E+000  0.000000E+000  3.350270E-001 -9.422085E-001  0.000000E+000  9.422085E-001  3.350270E-001  0.000000E+000  0.000000E+000  0.000000E+000  1.000000E+000
  4.350000E+000  1.231519E+000  1.328121E+000  0.000000E+000  3.047766E-001 -9.524239E-001  0.000000E+000  9.524239E-001  3.047766E-001  0.000000E+000  0.000000E+000  0.000000E+000  1.000000E+000
  4.400000E+000  1.164158E+000  1.424758E+000  0.000000E+000  2.784891E-001 -9.604394E-001  0.000000E+000  9.604394E-001  2.784891E-001  0.000000E+000  0.000000E+000  0.000000E+000  1.000000E+000
  4.450000E+000  1.100365E+000  1.502887E+000  0.000000E+000  2.563381E-001 -9.665872E-001  0.000000E+000  9.665872E-001  2.563381E-001  0.000000E+000  0.000000E+000  0.000000E+000  1.000000E+000
  4.500000E+000  1.044263E+000  1.563329E+000  0.000000E+000  2.384539E-001 -9.711538E-001  0.000000E+000  9.711538E-001  2.384539E-001  0.000000E+000  0.000000E+000  0.000000E+000  1.000000E+000
  4.550000E+000  9.991885E-001  1.607247E+000  0.000000E+000  2.249329E-001 -9.743742E-001  0.000000E+000  9.743742E-001  2.249329E-001  0.000000E+000  0.000000E+000  0.000000E+000  1.000000E+000
  4.600000E+000  9.676321E-001  1.635833E+000  0.000000E+000  2.158441E-001 -9.764278E-001  0.000000E+000  9.764278E-001  2.158441E-001  0.000000E+000  0.000000E+000  0.000000E+000  1.000000E+000
  4.650000E+000  9.512392E-001  1.650035E+000  0.000000E+000  2.112319E-001 -9.774360E-001  0.000000E+000  9.774360E-001  2.112319E-001  0.000000E+000  0.000000E+000  0.000000E+000  1.000000E+000
  4.700000E+000  9.508329E-001  1.650381E+000  0.000000E+000  2.111184E-001 -9.774605E-001  0.000000E+000  9.774605E-001  2.111184E-001  0.000000E+000  0.000000E+000  0.000000E+000  1.000000E+000
  4.750000E+000  9.664331E-001  1.636886E+000  0.000000E+000  2.155043E-001 -9.765029E-001  0.000000E+000  9.765029E-001  2.155043E-001  0.000000E+000  0.000000E+000  0.000000E+000  1.000000E+000
  4.800000E+000  9.972578E-001  1.609045E+000  0.000000E+000  2.243685E-001 -9.745044E-001  0.000000E+000  9.745044E-001  2.243685E-001  0.000000E+000  0.000000E+000  0.000000E+000  1.000000E+000
  4.850000E+000  1.041704E+000  1.565927E+000  0.000000E+000  2.376675E-001 -9.713466E-001  0.000000E+000  9.713466E-001  2.376675E-001  0.000000E+000  0.000000E+000  0.000000E+000  1.000000E+000
  4.900000E+000  1.097323E+000  1.506347E+000  0.000000E+000  2.553339E-001 -9.668529E-001  0.000000E+000  9.668529E-001  2.553339E-001  0.000000E+000  0.000000E+000  0.000000E+000  1.000000E+000
  4.950000E+000  1.160820E+000  1.429133E+000  0.000000E+000  2.772727E-001 -9.607913E-001  0.000000E+000  9.607913E-001  2.772727E-001  0.000000E+000  0.000000E+000  0.000000E+000  1.000000E+000
  5.000000E+000  1.228111E+000  1.333439E+000  0.000000E+000  3.033555E-001 -9.528775E-001  0.000000E+000  9.528775E-001  3.033555E-001  0.000000E+000  0.000000E+000  0.000000E+000  1.000000E+000
  5.050000E+000  1.294475E+000  1.219107E+000  0.000000E+000  3.334112E-001 -9.427815E-001  0.000000E+000  9.427815E-001  3.334112E-001  0.000000E+000  0.000000E+000  0.000000E+000  1.000000E+000
  5.100000E+000  1.354834E+000  1.086994E+000  0.000000E+000  3.672126E-001 -9.301370E-001  0.000000E+000  9.301370E-001  3.672126E-001  0.000000E+000  0.000000E+000  0.000000E+000  1.000000E+000
  5.150000E+000  1.404153E+000  9.392171E-001  0.000000E+000  4.044570E-001 -9.145570E-001  0.000000E+000  9.145570E-001  4.044570E-001  0.000000E+000  0.000000E+000  0.000000E+000  1.000000E+000
  5.200000E+000  1.437944E+000  7.792416E-001  0.000000E+000  4.447433E-001 -8.956581E-001  0.000000E+000  8.956581E-001  4.447433E-001  0.000000E+000  0.000000E+000  0.000000E+000  1.000000E+000
  5.250000E+000  1.452793E+000  6.117619E-001  0.000000E+000  4.875450E-001 -8.730979E-001  0.000000E+000  8.730979E-001  4.875450E-001  0.000000E+000  0.000000E+000  0.000000E+000  1.000000E+000
  5.300000E+000  1.446826E+000  4.423584E-001  0.000000E+000  5.321858E-001 -8.466276E-001  0.000000E+000  8.466276E-001  5.321858E-001  0.000000E+000  0.000000E+000  0.000000E+000  1.000000E+000
  5.350000E+000  1.420007E+000  2.769693E-001  0.000000E+000  5.778239E-001 -8.161615E-001  0.000000E+000  8.161615E-001  5.778239E-001  0.000000E+000  0.000000E+000  0.000000E+000  1.000000E+000
  5.400000E+000  1.374197E+000  1.212625E-001  0.000000E+000  6.234555E-001 -7.818588E-001  0.000000E+000  7.818588E-001  6.234555E-001  0.000000E+000  0.000000E+000  0.000000E+000  1.000000E+000
  5.450000E+000  1.312949E+000 -1.997398E-002  0.000000E+000  6.679481E-001 -7.442079E-001  0.000000E+000  7.442079E-001  6.679481E-001  0.000000E+000  0.000000E+000  0.000000E+000  1.000000E+000
  5.500000E+000  1.241069E+000 -1.433038E-001  0.000000E+000  7.101083E-001 -7.040925E-001  0.000000E+000  7.040925E-001  7.101083E-001  0.000000E+000  0.000000E+000  0.000000E+000  1.000000E+000
  5.550000E+000  1.164035E+000 -2.468870E-001  0.000000E+000  7.487804E-001 -6.628182E-001  0.000000E+000  6.628182E-001  7.487804E-001  0.000000E+000  0.000000E+000  0.000000E+000  1.000000E+000
  5.600000E+000  1.087387E+000 -3.304599E-001  0.000000E+000  7.829577E-001 -6.220750E-001  0.000000E+000  6.220750E-001  7.829577E-001  0.000000E+000  0.000000E+000  0.000000E+000  1.000000E+000
  5.650000E+000  1.016205E+000 -3.950736E-001  0.000000E+000  8.118767E-001 -5.838289E-001  0.000000E+000  5.838289E-001  8.118767E-001  0.000000E+000  0.000000E+000  0.000000E+000  1.000000E+000
  5.700000E+000  9.547462E-001 -4.426614E-001  0.000000E+000  8.350652E-001 -5.501510E-001  0.000000E+000  5.501510E-001  8.350652E-001  0.000000E+000  0.000000E+000  0.000000E+000  1.000000E+000
  5.750000E+000  9.062852E-001 -4.755304E-001  0.000000E+000  8.523249E-001 -5.230126E-001  0.000000E+000  5.230126E-001  8.523249E-001  0.000000E+000  0.000000E+000  0.000000E+000  1.000000E+000
  5.800000E+000  8.731103E-001 -4.958722E-001  0.000000E+000  8.636552E-001 -5.040831E-001  0.000000E+000  5.040831E-001  8.636552E-001  0.000000E+000  0.000000E+000  0.000000E+000  1.000000E+000
  5.850000E+000  8.566271E-001 -5.053610E-001  0.000000E+000  8.691431E-001 -4.945607E-001  0.000000E+000  4.945607E-001  8.691431E-001  0.000000E+000  0.000000E+000  0.000000E+000  1.000000E+000
  5.900000E+000  8.574828E-001 -5.048782E-001  0.000000E+000  8.688605E-001 -4.950571E-001  0.000000E+000  4.950571E-001  8.688605E-001  0.000000E+000  0.000000E+000  0.000000E+000  1.000000E+000
  5.950000E+000  8.756448E-001 -4.943774E-001  0.000000E+000  8.628031E-001 -5.055402E-001  0.000000E+000  5.055402E-001  8.628031E-001  0.000000E+000  0.000000E+000  0.000000E+000  1.000000E+000
  6.000000E+000  9.103960E-001 -4.728908E-001  0.000000E+000  8.508940E-001 -5.253374E-001  0.000000E+000  5.253374E-001  8.508940E-001  0.000000E+000  0.000000E+000  0.000000E+000  1.000000E+000
  6.050000E+000  9.602497E-001 -4.386792E-001  0.000000E+000  8.330498E-001 -5.531980E-001  0.000000E+000  5.531980E-001  8.330498E-001  0.000000E+000  0.000000E+000  0.000000E+000  1.000000E+000
  6.100000E+000  1.022824E+000 -3.895199E-001  0.000000E+000  8.092860E-001 -5.874148E-001  0.000000E+000  5.874148E-001  8.092860E-001  0.000000E+000  0.000000E+000  0.000000E+000  1.000000E+000
  6.150000E+000  1.094747E+000 -3.231200E-001  0.000000E+000  7.798250E-001 -6.259976E-001  0.000000E+000  6.259976E-001  7.798250E-001  0.000000E+000  0.000000E+000  0.000000E+000  1.000000E+000
  6.200000E+000  1.171668E+000 -2.376108E-001  0.000000E+000  7.451681E-001 -6.668766E-001  0.000000E+000  6.668766E-001  7.451681E-001  0.000000E+000  0.000000E+000  0.000000E+000  1.000000E+000
  6.250000E+000  1.248445E+000 -1.320531E-001  0.000000E+000  7.061058E-001 -7.081064E-001  0.000000E+000  7.081064E-001  7.061058E-001  0.000000E+000  0.000000E+000  0.000000E+000  1.000000E+000
  6.300000E+000  1.319518E+000 -6.857252E-003  0.000000E+000  6.636640E-001 -7.480309E-001  0.000000E+000  7.480309E-001  6.636640E-001  0.000000E+000  0.000000E+000  0.000000E+000  1.000000E+000
  6.350000E+000  1.379446E+000  1.359766E-001  0.000000E+000  6.190070E-001 -7.853855E-001  0.000000E+000  7.853855E-001  6.190070E-001  0.000000E+000  0.000000E+000  0.000000E+000  1.000000E+000
  6.400000E+000  1.423524E+000  2.928644E-001  0.000000E+000  5.733263E-001 -8.193271E-001  0.000000E+000  8.193271E-001  5.733263E-001  0.000000E+000  0.000000E+000  0.000000E+000  1.000000E+000
  6.450000E+000  1.448349E+000  4.589079E-001  0.000000E+000  5.277441E-001 -8.494034E-001  0.000000E+000  8.494034E-001  5.277441E-001  0.000000E+000  0.000000E+000  0.000000E+000  1.000000E+000
  6.500000E+000  1.452240E+000  6.283842E-001  0.000000E+000  4.832493E-001 -8.754828E-001  0.000000E+000  8.754828E-001  4.832493E-001  0.000000E+000  0.000000E+000  0.000000E+000  1.000000E+000
  6.550000E+000  1.435420E+000  7.953635E-001  0.000000E+000  4.406672E-001 -8.976705E-001  0.000000E+000  8.976705E-001  4.406672E-001  0.000000E+000  0.000000E+000  0.000000E+000  1.000000E+000
  6.600000E+000  1.399932E+000  9.543312E-001  0.000000E+000  4.006585E-001 -9.162274E-001  0.000000E+000  9.162274E-001  4.006585E-001  0.000000E+000  0.000000E+000  0.000000E+000  1.000000E+000
  6.650000E+000  1.349318E+000  1.100702E+000  0.000000E+000  3.637362E-001 -9.315020E-001  0.000000E+000  9.315020E-001  3.637362E-001  0.000000E+000  0.000000E+000  0.000000E+000  1.000000E+000
  6.700000E+000  1.288142E+000  1.231142E+000  0.000000E+000  3.302906E-001 -9.438793E-001  0.000000E+000  9.438793E-001  3.302906E-001  0.000000E+000  0.000000E+000  0.000000E+000  1.000000E+000
  6.750000E+000  1.221466E+000  1.343663E+000  0.000000E+000  3.006158E-001 -9.537453E-001  0.000000E+000  9.537453E-001  3.006158E-001  0.000000E+000  0.000000E+000  0.000000E+000  1.000000E+000
  6.800000E+000  1.154347E+000  1.437522E+000  0.000000E+000  2.749331E-001 -9.614634E-001  0.000000E+000  9.614634E-001  2.749331E-001  0.000000E+000  0.000000E+000  0.000000E+000  1.000000E+000
  6.850000E+000  1.091454E+000  1.512959E+000  0.000000E+000  2.534086E-001 -9.673593E-001  0.000000E+000  9.673593E-001  2.534086E-001  0.000000E+000  0.000000E+000  0.000000E+000  1.000000E+000
  6.900000E+000  1.036800E+000  1.570868E+000  0.000000E+000  2.361672E-001 -9.717124E-001  0.000000E+000  9.717124E-001  2.361672E-001  0.000000E+000  0.000000E+000  0.000000E+000  1.000000E+000
  6.950000E+000  9.935962E-001  1.612437E+000  0.000000E+000  2.233010E-001 -9.747495E-001  0.000000E+000  9.747495E-001  2.233010E-001  0.000000E+000  0.000000E+000  0.000000E+000  1.000000E+000
  7.000000E+000  9.642086E-001  1.638834E+000  0.000000E+000  2.148750E-001 -9.766416E-001  0.000000E+000  9.766416E-001  2.148750E-001  0.000000E+000  0.000000E+000  0.000000E+000  1.000000E+000
  7.050000E+000  9.501583E-001  1.650956E+000  0.000000E+000  2.109302E-001 -9.775011E-001  0.000000E+000  9.775011E-001  2.109302E-001  0.000000E+000  0.000000E+000  0.000000E+000  1.000000E+000
  7.100000E+000  9.521480E-001  1.649259E+000  0.000000E+000  2.114857E-001 -9.773811E-001  0.000000E+000  9.773811E-001  2.114857E-001  0.000000E+000  0.000000E+000  0.000000E+000  1.000000E+000
  7.150000E+000  9.700790E-001  1.633676E+000  0.000000E+000  2.165387E-001 -9.762740E-001  0.000000E+000  9.762740E-001  2.165387E-001  0.000000E+000  0.000000E+000  0.000000E+000  1.000000E+000
  7.200000E+000  1.003049E+000  1.603633E+000  0.000000E+000  2.260650E-001 -9.741122E-001  0.000000E+000  9.741122E-001  2.260650E-001  0.000000E+000  0.000000E+000  0.000000E+000  1.000000E+000
  7.250000E+000  1.049331E+000  1.558146E+000  0.000000E+000  2.400178E-001 -9.707685E-001  0.000000E+000  9.707685E-001  2.400178E-001  0.000000E+000  0.000000E+000  0.000000E+000  1.000000E+000
  7.300000E+000  1.106349E+000  1.496017E+000  0.000000E+000  2.583257E-001 -9.660579E-001  0.000000E+000  9.660579E-001  2.583257E-001  0.000000E+000  0.000000E+000  0.000000E+000  1.000000E+000
  7.350000E+000  1.170685E+000  1.416098E+000  0.000000E+000  2.808891E-001 -9.597402E-001  0.000000E+000  9.597402E-001  2.808891E-001  0.000000E+000  0.000000E+000  0.000000E+000  1.000000E+000
  7.400000E+000  1.238149E+000  1.317625E+000  0.000000E+000  3.075742E-001 -9.515241E-001  0.000000E+000  9.515241E-001  3.075742E-001  0.000000E+000  0.000000E+000  0.000000E+000  1.000000E+000
  7.450000E+000  1.303947E+000  1.200569E+000  0.000000E+000  3.382023E-001 -9.410734E-001  0.000000E+000  9.410734E-001  3.382023E-001  0.000000E+000  0.000000E+000  0.000000E+000  1.000000E+000
  7.500000E+000  1.362976E+000  1.065962E+000  0.000000E+000  3.725364E-001 -9.280176E-001  0.000000E+000  9.280176E-001  3.725364E-001  0.000000E+000  0.000000E+000  0.000000E+000  1.000000E+000
  7.550000E+000  1.410252E+000  9.161212E-001  0.000000E+000  4.102609E-001 -9.119682E-001  0.000000E+000  9.119682E-001  4.102609E-001  0.000000E+000  0.000000E+000  0.000000E+000  1.000000E+000
  7.600000E+000  1.441412E+000  7.547077E-001  0.000000E+000  4.509575E-001 -8.925454E-001  0.000000E+000  8.925454E-001  4.509575E-001  0.000000E+000  0.000000E+000  0.000000E+000  1.000000E+000
  7.650000E+000  1.453245E+000  5.865740E-001  0.000000E+000  4.940791E-001 -8.694170E-001  0.000000E+000  8.694170E-001  4.940791E-001  0.000000E+000  0.000000E+000  0.000000E+000  1.000000E+000
  7.700000E+000  1.444136E+000  4.173906E-001  0.000000E+000  5.389254E-001 -8.423535E-001  0.000000E+000  8.423535E-001  5.389254E-001  0.000000E+000  0.000000E+000  0.000000E+000  1.000000E+000
  7.750000E+000  1.414333E+000  2.530963E-001  0.000000E+000  5.846296E-001 -8.113003E-001  0.000000E+000  8.113003E-001  5.846296E-001  0.000000E+000  0.000000E+000  0.000000E+000  1.000000E+000
  7.800000E+000  1.365969E+000  9.926480E-002  0.000000E+000  6.301661E-001 -7.764604E-001  0.000000E+000  7.764604E-001  6.301661E-001  0.000000E+000  0.000000E+000  0.000000E+000  1.000000E+000
  7.850000E+000  1.302815E+000 -3.949161E-002  0.000000E+000  6.743879E-001 -7.383772E-001  0.000000E+000  7.383772E-001  6.743879E-001  0.000000E+000  0.000000E+000  0.000000E+000  1.000000E+000
  7.900000E+000  1.229815E+000 -1.599646E-001  0.000000E+000  7.161007E-001 -6.979970E-001  0.000000E+000  6.979970E-001  7.161007E-001  0.000000E+000  0.000000E+000  0.000000E+000  1.000000E+000
  7.950000E+000  1.152493E+000 -2.605558E-001  0.000000E+000  7.541637E-001 -6.566865E-001  0.000000E+000  6.566865E-001  7.541637E-001  0.000000E+000  0.000000E+000  0.000000E+000  1.000000E+000
  8.000000E+000  1.076353E+000 -3.412188E-001  0.000000E+000  7.876013E-001 -6.161852E-001  0.000000E+000  6.161852E-001  7.876013E-001  0.000000E+000  0.000000E+000  0.000000E+000  1.000000E+000
  8.050000E+000  1.006369E+000 -4.031660E-001  0.000000E+000  8.156917E-001 -5.784868E-001  0.000000E+000  5.784868E-001  8.156917E-001  0.000000E+000  0.000000E+000  0.000000E+000  1.000000E+000
  8.100000E+000  9.466586E-001 -4.484189E-001  0.000000E+000  8.380061E-001 -5.456609E-001  0.000000E+000  5.456609E-001  8.380061E-001  0.000000E+000  0.000000E+000  0.000000E+000  1.000000E+000
  8.150000E+000  9.003466E-001 -4.792968E-001  0.000000E+000  8.543815E-001 -5.196463E-001  0.000000E+000  5.196463E-001  8.543815E-001  0.000000E+000  0.000000E+000  0.000000E+000  1.000000E+000
  8.200000E+000  8.695822E-001 -4.979371E-001  0.000000E+000  8.648376E-001 -5.020516E-001  0.000000E+000  5.020516E-001  8.648376E-001  0.000000E+000  0.000000E+000  0.000000E+000  1.000000E+000
  8.250000E+000  8.556509E-001 -5.059104E-001  0.000000E+000  8.694652E-001 -4.939942E-001  0.000000E+000  4.939942E-001  8.694652E-001  0.000000E+000  0.000000E+000  0.000000E+000  1.000000E+000
  8.300000E+000  8.590959E-001 -5.039653E-001  0.000000E+000  8.683270E-001 -4.959921E-001  0.000000E+000  4.959921E-001  8.683270E-001  0.000000E+000  0.000000E+000  0.000000E+000  1.000000E+000
  8.350000E+000  8.797851E-001 -4.919146E-001  0.000000E+000  8.614063E-001 -5.079165E-001  0.000000E+000  5.079165E-001  8.614063E-001  0.000000E+000  0.000000E+000  0.000000E+000  1.000000E+000
  8.400000E+000  9.168942E-001 -4.686632E-001  0.000000E+000  8.486197E-001 -5.290034E-001  0.000000E+000  5.290034E-001  8.486197E-001  0.000000E+000  0.000000E+000  0.000000E+000  1.000000E+000
  8.450000E+000  9.688116E-001 -4.323783E-001  0.000000E+000  8.298912E-001 -5.579252E-001  0.000000E+000  5.579252E-001  8.298912E-001  0.000000E+000  0.000000E+000  0.000000E+000  1.000000E+000
  8.500000E+000  1.033013E+000 -3.807983E-001  0.000000E+000  8.052607E-001 -5.929209E-001  0.000000E+000  5.929209E-001  8.052607E-001  0.000000E+000  0.000000E+000  0.000000E+000  1.000000E+000
  8.550000E+000  1.105976E+000 -3.116606E-001  0.000000E+000  7.749889E-001 -6.319748E-001  0.000000E+000  6.319748E-001  7.749889E-001  0.000000E+000  0.000000E+000  0.000000E+000  1.000000E+000
  8.600000E+000  1.183216E+000 -2.232038E-001  0.000000E+000  7.396210E-001 -6.730236E-001  0.000000E+000  6.730236E-001  7.396210E-001  0.000000E+000  0.000000E+000  0.000000E+000  1.000000E+000
  8.650000E+000  1.259501E+000 -1.146658E-001  0.000000E+000  6.999871E-001 -7.141555E-001  0.000000E+000  7.141555E-001  6.999871E-001  0.000000E+000  0.000000E+000  0.000000E+000  1.000000E+000
  8.700000E+000  1.329251E+000  1.331662E-002  0.000000E+000  6.571407E-001 -7.537680E-001  0.000000E+000  7.537680E-001  6.571407E-001  0.000000E+000  0.000000E+000  0.000000E+000  1.000000E+000
  8.750000E+000  1.387097E+000  1.585011E-001  0.000000E+000  6.122570E-001 -7.906588E-001  0.000000E+000  7.906588E-001  6.122570E-001  0.000000E+000  0.000000E+000  0.000000E+000  1.000000E+000
  8.800000E+000  1.428492E+000  3.170852E-001  0.000000E+000  5.665226E-001 -8.240462E-001  0.000000E+000  8.240462E-001  5.665226E-001  0.000000E+000  0.000000E+000  0.000000E+000  1.000000E+000
  8.850000E+000  1.450267E+000  4.840129E-001  0.000000E+000  5.210433E-001 -8.535303E-001  0.000000E+000  8.535303E-001  5.210433E-001  0.000000E+000  0.000000E+000  0.000000E+000  1.000000E+000
  8.900000E+000  1.451021E+000  6.534899E-001  0.000000E+000  4.767845E-001 -8.790202E-001  0.000000E+000  8.790202E-001  4.767845E-001  0.000000E+000  0.000000E+000  0.000000E+000  1.000000E+000
  8.950000E+000  1.431258E+000  8.196102E-001  0.000000E+000  4.345468E-001 -9.006493E-001  0.000000E+000  9.006493E-001  4.345468E-001  0.000000E+000  0.000000E+000  0.000000E+000  1.000000E+000
  9.000000E+000  1.393268E+000  9.769689E-001  0.000000E+000  3.949674E-001 -9.186951E-001  0.000000E+000  9.186951E-001  3.949674E-001  0.000000E+000  0.000000E+000  0.000000E+000  1.000000E+000
  9.050000E+000  1.340778E+000  1.121151E+000  0.000000E+000  3.585395E-001 -9.335146E-001  0.000000E+000  9.335146E-001  3.585395E-001  0.000000E+000  0.000000E+000  0.000000E+000  1.000000E+000
  9.100000E+000  1.278460E+000  1.249022E+000  0.000000E+000  3.256374E-001 -9.454947E-001  0.000000E+000  9.454947E-001  3.256374E-001  0.000000E+000  0.000000E+000  0.000000E+000  1.000000E+000
  9.150000E+000  1.211403E+000  1.358791E+000  0.000000E+000  2.965433E-001 -9.550194E-001  0.000000E+000  9.550194E-001  2.965433E-001  0.000000E+000  0.000000E+000  0.000000E+000  1.000000E+000
  9.200000E+000  1.144631E+000  1.449878E+000  0.000000E+000  2.714689E-001 -9.624472E-001  0.000000E+000  9.624472E-001  2.714689E-001  0.000000E+000  0.000000E+000  0.000000E+000  1.000000E+000
  9.250000E+000  1.082726E+000  1.522644E+000  0.000000E+000  2.505738E-001 -9.680975E-001  0.000000E+000  9.680975E-001  2.505738E-001  0.000000E+000  0.000000E+000  0.000000E+000  1.000000E+000
  9.300000E+000  1.029590E+000  1.578047E+000  0.000000E+000  2.339772E-001 -9.722421E-001  0.000000E+000  9.722421E-001  2.339772E-001  0.000000E+000  0.000000E+000  0.000000E+000  1.000000E+000
  9.350000E+000  9.883103E-001  1.617292E+000  0.000000E+000  2.217671E-001 -9.750997E-001  0.000000E+000  9.750997E-001  2.217671E-001  0.000000E+000  0.000000E+000  0.000000E+000  1.000000E+000
  9.400000E+000  9.611252E-001  1.641521E+000  0.000000E+000  2.140048E-001 -9.768326E-001  0.000000E+000  9.768326E-001  2.140048E-001  0.000000E+000  0.000000E+000  0.000000E+000  1.000000E+000
  9.450000E+000  9.494329E-001  1.651574E+000  0.000000E+000  2.107279E-001 -9.775447E-001  0.000000E+000  9.775447E-001  2.107279E-001  0.000000E+000  0.000000E+000  0.000000E+000  1.000000E+000
  9.500000E+000  9.538164E-001  1.647830E+000  0.000000E+000  2.119523E-001 -9.772800E-001  0.000000E+000  9.772800E-001  2.119523E-001  0.000000E+000  0.000000E+000  0.000000E+000  1.000000E+000
  9.550000E+000  9.740584E-001  1.630147E+000  0.000000E+000  2.176719E-001 -9.760220E-001  0.000000E+000  9.760220E-001  2.176719E-001  0.000000E+000  0.000000E+000  0.000000E+000  1.000000E+000
  9.600000E+000  1.009136E+000  1.597880E+000  0.000000E+000  2.278594E-001 -9.736941E-001  0.000000E+000  9.736941E-001  2.278594E-001  0.000000E+000  0.000000E+000  0.000000E+000  1.000000E+000
  9.650000E+000  1.057196E+000  1.549999E+000  0.000000E+000  2.424643E-001 -9.701603E-001  0.000000E+000  9.701603E-001  2.424643E-001  0.000000E+000  0.000000E+000  0.000000E+000  1.000000E+000
  9.700000E+000  1.115537E+000  1.485294E+000  0.000000E+000  2.614114E-001 -9.652275E-001  0.000000E+000  9.652275E-001  2.614114E-001  0.000000E+000  0.000000E+000  0.000000E+000  1.000000E+000
  9.750000E+000  1.180621E+000  1.402653E+000  0.000000E+000  2.845966E-001 -9.586474E-001  0.000000E+000  9.586474E-001  2.845966E-001  0.000000E+000  0.000000E+000  0.000000E+000  1.000000E+000
  9.800000E+000  1.248152E+000  1.301398E+000  0.000000E+000  3.118799E-001 -9.501215E-001  0.000000E+000  9.501215E-001  3.118799E-001  0.000000E+000  0.000000E+000  0.000000E+000  1.000000E+000
  9.850000E+000  1.313269E+000  1.181640E+000  0.000000E+000  3.430753E-001 -9.393079E-001  0.000000E+000  9.393079E-001  3.430753E-001  0.000000E+000  0.000000E+000  0.000000E+000  1.000000E+000
  9.900000E+000  1.370858E+000  1.044591E+000  0.000000E+000  3.779353E-001 -9.258320E-001  0.000000E+000  9.258320E-001  3.779353E-001  0.000000E+000  0.000000E+000  0.000000E+000  1.000000E+000
  9.950000E+000  1.415994E+000  8.927678E-001  0.000000E+000  4.161305E-001 -9.093049E-001  0.000000E+000  9.093049E-001  4.161305E-001  0.000000E+000  0.000000E+000  0.000000E+000  1.000000E+000
