% FILE: FixedCamera_FeedForward_Animation.3
%
%       t         P_No_Bo[1]     P_No_Bo[2]     P_No_Bo[3]      N_B[1,1]       N_B[1,2]       N_B[1,3]       N_B[2,1]       N_B[2,2]       N_B[2,3]       N_B[3,1]       N_B[3,2]       N_B[3,3]
%      (s)          (meter)        (meter)        (meter)       (NoUnits)      (NoUnits)      (NoUnits)      (NoUnits)      (NoUnits)      (NoUnits)      (NoUnits)      (NoUnits)      (NoUnits)

  0.000000E+000  5.000000E+000  0.000000E+000  4.390400E+000  1.000000E+000 -0.000000E+000 -0.000000E+000  0.000000E+000  1.000000E+000 -0.000000E+000  0.000000E+000  0.000000E+000  1.000000E+000
  5.000000E-003  5.000000E+000  0.000000E+000  4.390400E+000  9.999980E-001 -1.981255E-003  5.722897E-005  1.981255E-003  9.999980E-001  1.133854E-007 -5.722908E-005  0.000000E+000  1.000000E+000
  1.000000E-002  5.000000E+000  0.000000E+000  4.390400E+000  9.999701E-001 -7.730505E-003  2.204278E-004  7.730504E-003  9.999701E-001  1.704069E-006 -2.204344E-004  0.000000E+000  1.000000E+000
  1.500000E-002  5.000000E+000  0.000000E+000  4.390400E+000  9.998560E-001 -1.696355E-002  4.772868E-004  1.696355E-002  9.998561E-001  8.097642E-006 -4.773554E-004  0.000000E+000  9.999999E-001
  2.000000E-002  5.000000E+000  0.000000E+000  4.390400E+000  9.995672E-001 -2.940545E-002  8.159853E-004  2.940544E-002  9.995676E-001  2.400479E-005 -8.163383E-004  0.000000E+000  9.999997E-001
  2.500000E-002  5.000000E+000  0.000000E+000  4.390400E+000  9.989957E-001 -4.478930E-002  1.225093E-003  4.478926E-002  9.989965E-001  5.492619E-005 -1.226324E-003  0.000000E+000  9.999992E-001
  3.000000E-002  5.000000E+000  0.000000E+000  4.390400E+000  9.980212E-001 -6.285498E-002  1.693479E-003  6.285489E-002  9.980227E-001  1.066545E-004 -1.696835E-003  0.000000E+000  9.999986E-001
  3.500000E-002  5.000000E+000  0.000000E+000  4.390400E+000  9.965180E-001 -8.334809E-002  2.210244E-003  8.334788E-002  9.965205E-001  1.848628E-004 -2.217961E-003  0.000000E+000  9.999975E-001
  4.000000E-002  5.000000E+000  0.000000E+000  4.390400E+000  9.943603E-001 -1.060191E-001  2.764679E-003  1.060187E-001  9.943641E-001  2.947700E-004 -2.780349E-003  0.000000E+000  9.999961E-001
  4.500000E-002  5.000000E+000  0.000000E+000  4.390400E+000  9.914265E-001 -1.306228E-001  3.346265E-003  1.306220E-001  9.914321E-001  4.408757E-004 -3.375183E-003  0.000000E+000  9.999943E-001
  5.000000E-002  5.000000E+000  0.000000E+000  4.390400E+000  9.876037E-001 -1.569182E-001  3.944692E-003  1.569169E-001  9.876116E-001  6.267584E-004 -3.994174E-003  0.000000E+000  9.999920E-001
  5.500000E-002  5.000000E+000  0.000000E+000  4.390400E+000  9.827903E-001 -1.846686E-001  4.549919E-003  1.846667E-001  9.828008E-001  8.549315E-004 -4.629544E-003  0.000000E+000  9.999893E-001
  6.000000E-002  5.000000E+000  0.000000E+000  4.390400E+000  9.768984E-001 -2.136423E-001  5.152243E-003  2.136393E-001  9.769120E-001  1.126752E-003 -5.274010E-003  0.000000E+000  9.999861E-001
  6.500000E-002  5.000000E+000  0.000000E+000  4.390400E+000  9.698556E-001 -2.436128E-001  5.742392E-003  2.436085E-001  9.698726E-001  1.442375E-003 -5.920770E-003  0.000000E+000  9.999825E-001
  7.000000E-002  5.000000E+000  0.000000E+000  4.390400E+000  9.616063E-001 -2.743601E-001  6.311626E-003  2.743542E-001  9.616270E-001  1.800759E-003 -6.563486E-003  0.000000E+000  9.999785E-001
  7.500000E-002  5.000000E+000  0.000000E+000  4.390400E+000  9.521124E-001 -3.056716E-001  6.851837E-003  3.056637E-001  9.521370E-001  2.199696E-003 -7.196273E-003  0.000000E+000  9.999741E-001
  8.000000E-002  5.000000E+000  0.000000E+000  4.390400E+000  9.413530E-001 -3.373432E-001  7.355651E-003  3.373329E-001  9.413817E-001  2.635890E-003 -7.813675E-003  0.000000E+000  9.999695E-001
  8.500000E-002  5.000000E+000  0.000000E+000  4.390400E+000  9.293249E-001 -3.691803E-001  7.816512E-003  3.691672E-001  9.293578E-001  3.105050E-003 -8.410660E-003  0.000000E+000  9.999646E-001
  9.000000E-002  5.000000E+000  0.000000E+000  4.390400E+000  9.160415E-001 -4.009991E-001  8.228761E-003  4.009829E-001  9.160784E-001  3.602012E-003 -8.982594E-003  0.000000E+000  9.999597E-001
  9.500000E-002  5.000000E+000  0.000000E+000  4.390400E+000  9.015319E-001 -4.326275E-001  8.587694E-003  4.326079E-001  9.015728E-001  4.120879E-003 -9.525237E-003  0.000000E+000  9.999546E-001
  1.000000E-001  5.000000E+000  0.000000E+000  4.390400E+000  8.858399E-001 -4.639058E-001  8.889599E-003  4.638825E-001  8.858845E-001  4.655163E-003 -1.003472E-002  0.000000E+000  9.999497E-001
  1.050000E-001  5.000000E+000  0.000000E+000  4.390400E+000  8.690227E-001 -4.946879E-001  9.131776E-003  4.946606E-001  8.690707E-001  5.197942E-003 -1.050752E-002  0.000000E+000  9.999448E-001
  1.100000E-001  5.000000E+000  0.000000E+000  4.390400E+000  8.511492E-001 -5.248412E-001  9.312532E-003  5.248098E-001  8.512002E-001  5.742011E-003 -1.094047E-002  0.000000E+000  9.999402E-001
  1.150000E-001  5.000000E+000  0.000000E+000  4.390400E+000  8.322984E-001 -5.542476E-001  9.431160E-003  5.542120E-001  8.323519E-001  6.280034E-003 -1.133074E-002  0.000000E+000  9.999358E-001
  1.200000E-001  5.000000E+000  0.000000E+000  4.390400E+000  8.125578E-001 -5.828034E-001  9.487894E-003  5.827636E-001  8.126132E-001  6.804685E-003 -1.167578E-002  0.000000E+000  9.999318E-001
  1.250000E-001  5.000000E+000  0.000000E+000  4.390400E+000  7.920217E-001 -6.104192E-001  9.483852E-003  6.103755E-001  7.920785E-001  7.308777E-003 -1.197337E-002  0.000000E+000  9.999283E-001
  1.300000E-001  5.000000E+000  0.000000E+000  4.390400E+000  7.707896E-001 -6.370201E-001  9.420961E-003  6.369725E-001  7.708472E-001  7.785384E-003 -1.222157E-002  0.000000E+000  9.999253E-001
  1.350000E-001  5.000000E+000  0.000000E+000  4.390400E+000  7.489645E-001 -6.625449E-001  9.301873E-003  6.624938E-001  7.490222E-001  8.227938E-003 -1.241869E-002  0.000000E+000  9.999229E-001
  1.400000E-001  5.000000E+000  0.000000E+000  4.390400E+000  7.266512E-001 -6.869459E-001  9.129869E-003  6.868917E-001  7.267086E-001  8.630318E-003 -1.256332E-002  0.000000E+000  9.999211E-001
  1.450000E-001  5.000000E+000  0.000000E+000  4.390400E+000  7.039555E-001 -7.101882E-001  8.908760E-003  7.101313E-001  7.040119E-001  8.986916E-003 -1.265427E-002  0.000000E+000  9.999199E-001
  1.500000E-001  5.000000E+000  0.000000E+000  4.390400E+000  6.809823E-001 -7.322489E-001  8.642785E-003  7.321899E-001  6.810371E-001  9.292694E-003 -1.269062E-002  0.000000E+000  9.999195E-001
  1.550000E-001  5.000000E+000  0.000000E+000  4.390400E+000  6.578346E-001 -7.531163E-001  8.336508E-003  7.530558E-001  6.578875E-001  9.543213E-003 -1.267163E-002  0.000000E+000  9.999197E-001
  1.600000E-001  5.000000E+000  0.000000E+000  4.390400E+000  6.346127E-001 -7.727889E-001  7.994716E-003  7.727276E-001  6.346631E-001  9.734657E-003 -1.259679E-002  0.000000E+000  9.999207E-001
  1.650000E-001  5.000000E+000  0.000000E+000  4.390400E+000  6.114132E-001 -7.912748E-001  7.622321E-003  7.912133E-001  6.114607E-001  9.863841E-003 -1.246576E-002  0.000000E+000  9.999223E-001
  1.700000E-001  5.000000E+000  0.000000E+000  4.390400E+000  5.883280E-001 -8.085901E-001  7.224273E-003  8.085292E-001  5.883723E-001  9.928196E-003 -1.227840E-002  0.000000E+000  9.999246E-001
  1.750000E-001  5.000000E+000  0.000000E+000  4.390400E+000  5.654442E-001 -8.247585E-001  6.805473E-003  8.246988E-001  5.654851E-001  9.925764E-003 -1.203475E-002  0.000000E+000  9.999276E-001
  1.800000E-001  5.000000E+000  0.000000E+000  4.390400E+000  5.428433E-001 -8.398098E-001  6.370700E-003  8.397520E-001  5.428807E-001  9.855160E-003 -1.173499E-002  0.000000E+000  9.999311E-001
  1.850000E-001  5.000000E+000  0.000000E+000  4.390400E+000  5.206010E-001 -8.537795E-001  5.924540E-003  8.537242E-001  5.206347E-001  9.715547E-003 -1.137946E-002  0.000000E+000  9.999353E-001
  1.900000E-001  5.000000E+000  0.000000E+000  4.390400E+000  4.987870E-001 -8.667073E-001  5.471337E-003  8.666552E-001  4.988170E-001  9.506589E-003 -1.096863E-002  0.000000E+000  9.999398E-001
  1.950000E-001  5.000000E+000  0.000000E+000  4.390400E+000  4.774647E-001 -8.786366E-001  5.015139E-003  8.785882E-001  4.774910E-001  9.228414E-003 -1.050311E-002  0.000000E+000  9.999448E-001
  2.000000E-001  5.000000E+000  0.000000E+000  4.390400E+000  4.566913E-001 -8.896135E-001  4.559661E-003  8.895692E-001  4.567141E-001  8.881567E-003 -9.983624E-003  0.000000E+000  9.999502E-001
  2.050000E-001  5.000000E+000  0.000000E+000  4.390400E+000  4.365180E-001 -8.996862E-001  4.108259E-003  8.996463E-001  4.365373E-001  8.466959E-003 -9.411014E-003  0.000000E+000  9.999557E-001
  2.100000E-001  5.000000E+000  0.000000E+000  4.390400E+000  4.169898E-001 -9.089038E-001  3.663904E-003  9.088687E-001  4.170059E-001  7.985824E-003 -8.786215E-003  0.000000E+000  9.999614E-001
  2.150000E-001  5.000000E+000  0.000000E+000  4.390400E+000  3.981460E-001 -9.173164E-001  3.229173E-003  9.172862E-001  3.981591E-001  7.439674E-003 -8.110260E-003  0.000000E+000  9.999671E-001
  2.200000E-001  5.000000E+000  0.000000E+000  4.390400E+000  3.800201E-001 -9.249740E-001  2.806245E-003  9.249488E-001  3.800304E-001  6.830253E-003 -7.384265E-003  0.000000E+000  9.999727E-001
  2.250000E-001  5.000000E+000  0.000000E+000  4.390400E+000  3.626403E-001 -9.319261E-001  2.396896E-003  9.319057E-001  3.626482E-001  6.159496E-003 -6.609425E-003  0.000000E+000  9.999782E-001
  2.300000E-001  5.000000E+000  0.000000E+000  4.390400E+000  3.460298E-001 -9.382214E-001  2.002510E-003  9.382057E-001  3.460356E-001  5.429491E-003 -5.787004E-003  0.000000E+000  9.999833E-001
  2.350000E-001  5.000000E+000  0.000000E+000  4.390400E+000  3.302069E-001 -9.439072E-001  1.624086E-003  9.438957E-001  3.302109E-001  4.642446E-003 -4.918329E-003  0.000000E+000  9.999879E-001
  2.400000E-001  5.000000E+000  0.000000E+000  4.390400E+000  3.151855E-001 -9.490292E-001  1.262260E-003  9.490216E-001  3.151881E-001  3.800656E-003 -4.004783E-003  0.000000E+000  9.999920E-001
  2.450000E-001  5.000000E+000  0.000000E+000  4.390400E+000  3.009754E-001 -9.536315E-001  9.173163E-004  9.536270E-001  3.009768E-001  2.906476E-003 -3.047798E-003  0.000000E+000  9.999954E-001
  2.500000E-001  5.000000E+000  0.000000E+000  4.390400E+000  2.875823E-001 -9.577558E-001  5.892141E-004  9.577537E-001  2.875829E-001  1.962298E-003 -2.048850E-003  0.000000E+000  9.999979E-001
  2.550000E-001  5.000000E+000  0.000000E+000  4.390400E+000  2.750087E-001 -9.614417E-001  2.776078E-004  9.614412E-001  2.750088E-001  9.705279E-004 -1.009451E-003  0.000000E+000  9.999995E-001
  2.600000E-001  5.000000E+000  0.000000E+000  4.390400E+000  2.632539E-001 -9.647266E-001 -1.812631E-005  9.647266E-001  2.632539E-001 -6.642614E-005  6.885489E-005  0.000000E+000  1.000000E+000
  2.650000E-001  5.000000E+000  0.000000E+000  4.390400E+000  2.523140E-001 -9.676454E-001 -2.988652E-004  9.676447E-001  2.523142E-001 -1.146172E-003  1.184496E-003  0.000000E+000  9.999993E-001
  2.700000E-001  5.000000E+000  0.000000E+000  4.390400E+000  2.421830E-001 -9.702304E-001 -5.657122E-004  9.702278E-001  2.421836E-001 -2.266343E-003  2.335882E-003  0.000000E+000  9.999973E-001
  2.750000E-001  5.000000E+000  0.000000E+000  4.390400E+000  2.328520E-001 -9.725118E-001 -8.199706E-004  9.725058E-001  2.328534E-001 -3.424606E-003  3.521403E-003  0.000000E+000  9.999938E-001
  2.800000E-001  5.000000E+000  0.000000E+000  4.390400E+000  2.243103E-001 -9.745172E-001 -1.063117E-003  9.745062E-001  2.243128E-001 -4.618665E-003  4.739439E-003  0.000000E+000  9.999888E-001
  2.850000E-001  5.000000E+000  0.000000E+000  4.390400E+000  2.165455E-001 -9.762717E-001 -1.296776E-003  9.762542E-001  2.165494E-001 -5.846270E-003  5.988364E-003  0.000000E+000  9.999821E-001
  2.900000E-001  5.000000E+000  0.000000E+000  4.390400E+000  2.095433E-001 -9.777982E-001 -1.522696E-003  9.777724E-001  2.095488E-001 -7.105214E-003  7.266544E-003  0.000000E+000  9.999736E-001
  2.950000E-001  5.000000E+000  0.000000E+000  4.390400E+000  2.032881E-001 -9.791174E-001 -1.742720E-003  9.790814E-001  2.032956E-001 -8.393336E-003  8.572349E-003  0.000000E+000  9.999633E-001
  3.000000E-001  5.000000E+000  0.000000E+000  4.390400E+000  1.977631E-001 -9.802479E-001 -1.958771E-003  9.801998E-001  1.977728E-001 -9.708522E-003  9.904150E-003  0.000000E+000  9.999510E-001
  3.050000E-001  5.000000E+000  0.000000E+000  4.390400E+000  1.929503E-001 -9.812061E-001 -2.172822E-003  9.811439E-001  1.929626E-001 -1.104870E-002  1.126033E-002  0.000000E+000  9.999366E-001
  3.100000E-001  5.000000E+000  0.000000E+000  4.390400E+000  1.888311E-001 -9.820067E-001 -2.386878E-003  9.819282E-001  1.888462E-001 -1.241185E-002  1.263927E-002  0.000000E+000  9.999201E-001
  3.150000E-001  5.000000E+000  0.000000E+000  4.390400E+000  1.853859E-001 -9.826624E-001 -2.602959E-003  9.825655E-001  1.854042E-001 -1.379597E-002  1.403938E-002  0.000000E+000  9.999014E-001
  3.200000E-001  5.000000E+000  0.000000E+000  4.390400E+000  1.825945E-001 -9.831843E-001 -2.823078E-003  9.830668E-001  1.826163E-001 -1.519911E-002  1.545907E-002  0.000000E+000  9.998805E-001
  3.250000E-001  5.000000E+000  0.000000E+000  4.390400E+000  1.804363E-001 -9.835819E-001 -3.049227E-003  9.834415E-001  1.804621E-001 -1.661936E-002  1.689678E-002  0.000000E+000  9.998572E-001
  3.300000E-001  5.000000E+000  0.000000E+000  4.390400E+000  1.788902E-001 -9.838636E-001 -3.283360E-003  9.836979E-001  1.789204E-001 -1.805484E-002  1.835096E-002  0.000000E+000  9.998316E-001
  3.350000E-001  5.000000E+000  0.000000E+000  4.390400E+000  1.779350E-001 -9.840359E-001 -3.527382E-003  9.838426E-001  1.779700E-001 -1.950368E-002  1.982009E-002  0.000000E+000  9.998036E-001
  3.400000E-001  5.000000E+000  0.000000E+000  4.390400E+000  1.775491E-001 -9.841047E-001 -3.783130E-003  9.838814E-001  1.775894E-001 -2.096407E-002  2.130268E-002  0.000000E+000  9.997731E-001
  3.450000E-001  5.000000E+000  0.000000E+000  4.390400E+000  1.777107E-001 -9.840744E-001 -4.052370E-003  9.838187E-001  1.777569E-001 -2.243420E-002  2.279725E-002  0.000000E+000  9.997401E-001
  3.500000E-001  5.000000E+000  0.000000E+000  4.390400E+000  1.783983E-001 -9.839488E-001 -4.336780E-003  9.836582E-001  1.784510E-001 -2.391228E-002  2.430236E-002  0.000000E+000  9.997047E-001
  3.550000E-001  5.000000E+000  0.000000E+000  4.390400E+000  1.795900E-001 -9.837306E-001 -4.637947E-003  9.834027E-001  1.796498E-001 -2.539657E-002  2.581659E-002  0.000000E+000  9.996667E-001
  3.600000E-001  5.000000E+000  0.000000E+000  4.390400E+000  1.812642E-001 -9.834219E-001 -4.957355E-003  9.830544E-001  1.813320E-001 -2.688534E-002  2.733856E-002  0.000000E+000  9.996262E-001
  3.650000E-001  5.000000E+000  0.000000E+000  4.390400E+000  1.833994E-001 -9.830242E-001 -5.296382E-003  9.826146E-001  1.834759E-001 -2.837687E-002  2.886691E-002  0.000000E+000  9.995833E-001
  3.700000E-001  5.000000E+000  0.000000E+000  4.390400E+000  1.859742E-001 -9.825383E-001 -5.656291E-003  9.820842E-001  1.860602E-001 -2.986949E-002  3.040033E-002  0.000000E+000  9.995378E-001
  3.750000E-001  5.000000E+000  0.000000E+000  4.390400E+000  1.889675E-001 -9.819648E-001 -6.038231E-003  9.814639E-001  1.890639E-001 -3.136151E-002  3.193751E-002  0.000000E+000  9.994899E-001
  3.800000E-001  5.000000E+000  0.000000E+000  4.390400E+000  1.923583E-001 -9.813036E-001 -6.443231E-003  9.807536E-001  1.924661E-001 -3.285132E-002  3.347722E-002  0.000000E+000  9.994395E-001
  3.850000E-001  5.000000E+000  0.000000E+000  4.390400E+000  1.961259E-001 -9.805546E-001 -6.872198E-003  9.799532E-001  1.962463E-001 -3.433729E-002  3.501823E-002  0.000000E+000  9.993867E-001
  3.900000E-001  5.000000E+000  0.000000E+000  4.390400E+000  2.002502E-001 -9.797174E-001 -7.325915E-003  9.790624E-001  2.003842E-001 -3.581784E-002  3.655935E-002  0.000000E+000  9.993315E-001
  3.950000E-001  5.000000E+000  0.000000E+000  4.390400E+000  2.047110E-001 -9.787913E-001 -7.805045E-003  9.780807E-001  2.048598E-001 -3.729141E-002  3.809945E-002  0.000000E+000  9.992740E-001
  4.000000E-001  5.000000E+000  0.000000E+000  4.390400E+000  2.094889E-001 -9.777757E-001 -8.310124E-003  9.770073E-001  2.096536E-001 -3.875648E-002  3.963740E-002  0.000000E+000  9.992141E-001
  4.050000E-001  5.000000E+000  0.000000E+000  4.390400E+000  2.145645E-001 -9.766698E-001 -8.841572E-003  9.758417E-001  2.147465E-001 -4.021157E-002  4.117213E-002  0.000000E+000  9.991521E-001
  4.100000E-001  5.000000E+000  0.000000E+000  4.390400E+000  2.199190E-001 -9.754729E-001 -9.399686E-003  9.745831E-001  2.201198E-001 -4.165522E-002  4.270260E-002  0.000000E+000  9.990878E-001
  4.150000E-001  5.000000E+000  0.000000E+000  4.390400E+000  2.255341E-001 -9.741841E-001 -9.984647E-003  9.732308E-001  2.257550E-001 -4.308602E-002  4.422780E-002  0.000000E+000  9.990215E-001
  4.200000E-001  5.000000E+000  0.000000E+000  4.390400E+000  2.313918E-001 -9.728029E-001 -1.059652E-002  9.717845E-001  2.316343E-001 -4.450260E-002  4.574678E-002  0.000000E+000  9.989531E-001
  4.250000E-001  5.000000E+000  0.000000E+000  4.390400E+000  2.374747E-001 -9.713287E-001 -1.123527E-002  9.702435E-001  2.377404E-001 -4.590363E-002  4.725859E-002  0.000000E+000  9.988827E-001
  4.300000E-001  5.000000E+000  0.000000E+000  4.390400E+000  2.437658E-001 -9.697611E-001 -1.190075E-002  9.686075E-001  2.440562E-001 -4.728783E-002  4.876235E-002  0.000000E+000  9.988104E-001
  4.350000E-001  5.000000E+000  0.000000E+000  4.390400E+000  2.502486E-001 -9.680997E-001 -1.259270E-002  9.668763E-001  2.505653E-001 -4.865397E-002  5.025719E-002  0.000000E+000  9.987363E-001
  4.400000E-001  5.000000E+000  0.000000E+000  4.390400E+000  2.569071E-001 -9.663444E-001 -1.331079E-002  9.650500E-001  2.572517E-001 -5.000088E-002  5.174229E-002  0.000000E+000  9.986605E-001
  4.450000E-001  5.000000E+000  0.000000E+000  4.390400E+000  2.637258E-001 -9.644953E-001 -1.405457E-002  9.631286E-001  2.641000E-001 -5.132742E-002  5.321687E-002  0.000000E+000  9.985830E-001
  4.500000E-001  5.000000E+000  0.000000E+000  4.390400E+000  2.706897E-001 -9.625525E-001 -1.482353E-002  9.611125E-001  2.710952E-001 -5.263253E-002  5.468017E-002  0.000000E+000  9.985039E-001
  4.550000E-001  5.000000E+000  0.000000E+000  4.390400E+000  2.777843E-001 -9.605165E-001 -1.561706E-002  9.590022E-001  2.782230E-001 -5.391520E-002  5.613147E-002  0.000000E+000  9.984234E-001
  4.600000E-001  5.000000E+000  0.000000E+000  4.390400E+000  2.849958E-001 -9.583879E-001 -1.643449E-002  9.567983E-001  2.854693E-001 -5.517447E-002  5.757009E-002  0.000000E+000  9.983415E-001
  4.650000E-001  5.000000E+000  0.000000E+000  4.390400E+000  2.923107E-001 -9.561674E-001 -1.727507E-002  9.545020E-001  2.928207E-001 -5.640945E-002  5.899537E-002  0.000000E+000  9.982583E-001
  4.700000E-001  5.000000E+000  0.000000E+000  4.390400E+000  2.997162E-001 -9.538560E-001 -1.813799E-002  9.521141E-001  3.002645E-001 -5.761930E-002  6.040670E-002  0.000000E+000  9.981738E-001
  4.750000E-001  5.000000E+000  0.000000E+000  4.390400E+000  3.071999E-001 -9.514549E-001 -1.902239E-002  9.496360E-001  3.077882E-001 -5.880324E-002  6.180350E-002  0.000000E+000  9.980883E-001
  4.800000E-001  5.000000E+000  0.000000E+000  4.390400E+000  3.147499E-001 -9.489654E-001 -1.992736E-002  9.470692E-001  3.153801E-001 -5.996057E-002  6.318520E-002  0.000000E+000  9.980018E-001
  4.850000E-001  5.000000E+000  0.000000E+000  4.390400E+000  3.223550E-001 -9.463892E-001 -2.085192E-002  9.444154E-001  3.230287E-001 -6.109064E-002  6.455129E-002  0.000000E+000  9.979144E-001
  4.900000E-001  5.000000E+000  0.000000E+000  4.390400E+000  3.300045E-001 -9.437277E-001 -2.179509E-002  9.416762E-001  3.307234E-001 -6.219286E-002  6.590128E-002  0.000000E+000  9.978261E-001
  4.950000E-001  5.000000E+000  0.000000E+000  4.390400E+000  3.376879E-001 -9.409830E-001 -2.275584E-002  9.388537E-001  3.384538E-001 -6.326670E-002  6.723469E-002  0.000000E+000  9.977372E-001
  5.000000E-001  5.000000E+000  0.000000E+000  4.390400E+000  3.453957E-001 -9.381570E-001 -2.373308E-002  9.359501E-001  3.462101E-001 -6.431169E-002  6.855110E-002  0.000000E+000  9.976476E-001
  5.050000E-001  5.000000E+000  0.000000E+000  4.390400E+000  3.531185E-001 -9.352518E-001 -2.472575E-002  9.329675E-001  3.539831E-001 -6.532743E-002  6.985010E-002  0.000000E+000  9.975575E-001
  5.100000E-001  5.000000E+000  0.000000E+000  4.390400E+000  3.608475E-001 -9.322697E-001 -2.573274E-002  9.299083E-001  3.617639E-001 -6.631357E-002  7.113131E-002  0.000000E+000  9.974670E-001
  5.150000E-001  5.000000E+000  0.000000E+000  4.390400E+000  3.685746E-001 -9.292131E-001 -2.675293E-002  9.267750E-001  3.695442E-001 -6.726981E-002  7.239439E-002  0.000000E+000  9.973761E-001
  5.200000E-001  5.000000E+000  0.000000E+000  4.390400E+000  3.762919E-001 -9.260845E-001 -2.778519E-002  9.235701E-001  3.773163E-001 -6.819593E-002  7.363900E-002  0.000000E+000  9.972850E-001
  5.250000E-001  5.000000E+000  0.000000E+000  4.390400E+000  3.839920E-001 -9.228863E-001 -2.882840E-002  9.202964E-001  3.850726E-001 -6.909174E-002  7.486485E-002  0.000000E+000  9.971937E-001
  5.300000E-001  5.000000E+000  0.000000E+000  4.390400E+000  3.916682E-001 -9.196212E-001 -2.988143E-002  9.169565E-001  3.928064E-001 -6.995711E-002  7.607166E-002  0.000000E+000  9.971024E-001
  5.350000E-001  5.000000E+000  0.000000E+000  4.390400E+000  3.993139E-001 -9.162920E-001 -3.094315E-002  9.135532E-001  4.005110E-001 -7.079197E-002  7.725918E-002  0.000000E+000  9.970110E-001
  5.400000E-001  5.000000E+000  0.000000E+000  4.390400E+000  4.069231E-001 -9.129013E-001 -3.201244E-002  9.100894E-001  4.081804E-001 -7.159628E-002  7.842719E-002  0.000000E+000  9.969198E-001
  5.450000E-001  5.000000E+000  0.000000E+000  4.390400E+000  4.144904E-001 -9.094520E-001 -3.308820E-002  9.065680E-001  4.158090E-001 -7.237007E-002  7.957547E-002  0.000000E+000  9.968288E-001
  5.500000E-001  5.000000E+000  0.000000E+000  4.390400E+000  4.220105E-001 -9.059468E-001 -3.416933E-002  9.029917E-001  4.233915E-001 -7.311340E-002  8.070385E-002  0.000000E+000  9.967381E-001
  5.550000E-001  5.000000E+000  0.000000E+000  4.390400E+000  4.294785E-001 -9.023887E-001 -3.525475E-002  8.993636E-001  4.309231E-001 -7.382637E-002  8.181216E-002  0.000000E+000  9.966478E-001
  5.600000E-001  5.000000E+000  0.000000E+000  4.390400E+000  4.368902E-001 -8.987804E-001 -3.634341E-002  8.956866E-001  4.383992E-001 -7.450913E-002  8.290026E-002  0.000000E+000  9.965578E-001
  5.650000E-001  5.000000E+000  0.000000E+000  4.390400E+000  4.442414E-001 -8.951247E-001 -3.743427E-002  8.919635E-001  4.458158E-001 -7.516185E-002  8.396803E-002  0.000000E+000  9.964684E-001
  5.700000E-001  5.000000E+000  0.000000E+000  4.390400E+000  4.515285E-001 -8.914246E-001 -3.852633E-002  8.881973E-001  4.531691E-001 -7.578477E-002  8.501535E-002  0.000000E+000  9.963796E-001
  5.750000E-001  5.000000E+000  0.000000E+000  4.390400E+000  4.587480E-001 -8.876827E-001 -3.961859E-002  8.843907E-001  4.604556E-001 -7.637812E-002  8.604214E-002  0.000000E+000  9.962915E-001
  5.800000E-001  5.000000E+000  0.000000E+000  4.390400E+000  4.658971E-001 -8.839019E-001 -4.071010E-002  8.805467E-001  4.676723E-001 -7.694219E-002  8.704834E-002  0.000000E+000  9.962041E-001
  5.850000E-001  5.000000E+000  0.000000E+000  4.390400E+000  4.729728E-001 -8.800849E-001 -4.179992E-002  8.766680E-001  4.748163E-001 -7.747729E-002  8.803388E-002  0.000000E+000  9.961175E-001
  5.900000E-001  5.000000E+000  0.000000E+000  4.390400E+000  4.799729E-001 -8.762344E-001 -4.288717E-002  8.727573E-001  4.818851E-001 -7.798376E-002  8.899874E-002  0.000000E+000  9.960317E-001
  5.950000E-001  5.000000E+000  0.000000E+000  4.390400E+000  4.868951E-001 -8.723530E-001 -4.397096E-002  8.688173E-001  4.888765E-001 -7.846194E-002  8.994288E-002  0.000000E+000  9.959469E-001
  6.000000E-001  5.000000E+000  0.000000E+000  4.390400E+000  4.937375E-001 -8.684433E-001 -4.505047E-002  8.648506E-001  4.957885E-001 -7.891223E-002  9.086630E-002  0.000000E+000  9.958631E-001
  6.050000E-001  5.000000E+000  0.000000E+000  4.390400E+000  5.004985E-001 -8.645078E-001 -4.612489E-002  8.608599E-001  5.026194E-001 -7.933503E-002  9.176901E-002  0.000000E+000  9.957803E-001
  6.100000E-001  5.000000E+000  0.000000E+000  4.390400E+000  5.071767E-001 -8.605490E-001 -4.719344E-002  8.568474E-001  5.093677E-001 -7.973075E-002  9.265103E-002  0.000000E+000  9.956986E-001
  6.150000E-001  5.000000E+000  0.000000E+000  4.390400E+000  5.137710E-001 -8.565692E-001 -4.825540E-002  8.528158E-001  5.160322E-001 -8.009982E-002  9.351238E-002  0.000000E+000  9.956181E-001
  6.200000E-001  5.000000E+000  0.000000E+000  4.390400E+000  5.202803E-001 -8.525708E-001 -4.931005E-002  8.487673E-001  5.226118E-001 -8.044270E-002  9.435311E-002  0.000000E+000  9.955388E-001
  6.250000E-001  5.000000E+000  0.000000E+000  4.390400E+000  5.267040E-001 -8.485559E-001 -5.035672E-002  8.447041E-001  5.291057E-001 -8.075984E-002  9.517327E-002  0.000000E+000  9.954607E-001
  6.300000E-001  5.000000E+000  0.000000E+000  4.390400E+000  5.330413E-001 -8.445268E-001 -5.139478E-002  8.406284E-001  5.355133E-001 -8.105171E-002  9.597293E-002  0.000000E+000  9.953839E-001
  6.350000E-001  5.000000E+000  0.000000E+000  4.390400E+000  5.392920E-001 -8.404855E-001 -5.242362E-002  8.365423E-001  5.418341E-001 -8.131879E-002  9.675217E-002  0.000000E+000  9.953085E-001
  6.400000E-001  5.000000E+000  0.000000E+000  4.390400E+000  5.454559E-001 -8.364340E-001 -5.344267E-002  8.324479E-001  5.480677E-001 -8.156157E-002  9.751106E-002  0.000000E+000  9.952344E-001
  6.450000E-001  5.000000E+000  0.000000E+000  4.390400E+000  5.515327E-001 -8.323741E-001 -5.445138E-002  8.283470E-001  5.542141E-001 -8.178052E-002  9.824971E-002  0.000000E+000  9.951618E-001
  6.500000E-001  5.000000E+000  0.000000E+000  4.390400E+000  5.575226E-001 -8.283078E-001 -5.544924E-002  8.242414E-001  5.602732E-001 -8.197615E-002  9.896822E-002  0.000000E+000  9.950906E-001
  6.550000E-001  5.000000E+000  0.000000E+000  4.390400E+000  5.634259E-001 -8.242368E-001 -5.643579E-002  8.201328E-001  5.662453E-001 -8.214895E-002  9.966669E-002  0.000000E+000  9.950209E-001
  6.600000E-001  5.000000E+000  0.000000E+000  4.390400E+000  5.692427E-001 -8.201627E-001 -5.741056E-002  8.160230E-001  5.721304E-001 -8.229942E-002  1.003452E-001  0.000000E+000  9.949527E-001
  6.650000E-001  5.000000E+000  0.000000E+000  4.390400E+000  5.749735E-001 -8.160870E-001 -5.837315E-002  8.119136E-001  5.779291E-001 -8.242806E-002  1.010040E-001  0.000000E+000  9.948860E-001
  6.700000E-001  5.000000E+000  0.000000E+000  4.390400E+000  5.806190E-001 -8.120113E-001 -5.932316E-002  8.078058E-001  5.836417E-001 -8.253536E-002  1.016431E-001  0.000000E+000  9.948209E-001
  6.750000E-001  5.000000E+000  0.000000E+000  4.390400E+000  5.861796E-001 -8.079370E-001 -6.026023E-002  8.037013E-001  5.892689E-001 -8.262182E-002  1.022627E-001  0.000000E+000  9.947574E-001
  6.800000E-001  5.000000E+000  0.000000E+000  4.390400E+000  5.916562E-001 -8.038653E-001 -6.118402E-002  7.996013E-001  5.948113E-001 -8.268793E-002  1.028629E-001  0.000000E+000  9.946955E-001
  6.850000E-001  5.000000E+000  0.000000E+000  4.390400E+000  5.970494E-001 -7.997976E-001 -6.209423E-002  7.955070E-001  6.002697E-001 -8.273418E-002  1.034439E-001  0.000000E+000  9.946353E-001
  6.900000E-001  5.000000E+000  0.000000E+000  4.390400E+000  6.023603E-001 -7.957351E-001 -6.299058E-002  7.914195E-001  6.056449E-001 -8.276106E-002  1.040058E-001  0.000000E+000  9.945767E-001
  6.950000E-001  5.000000E+000  0.000000E+000  4.390400E+000  6.075896E-001 -7.916787E-001 -6.387280E-002  7.873401E-001  6.109377E-001 -8.276905E-002  1.045488E-001  0.000000E+000  9.945198E-001
  7.000000E-001  5.000000E+000  0.000000E+000  4.390400E+000  6.127385E-001 -7.876295E-001 -6.474066E-002  7.832696E-001  6.161491E-001 -8.275862E-002  1.050730E-001  0.000000E+000  9.944645E-001
  7.050000E-001  5.000000E+000  0.000000E+000  4.390400E+000  6.178078E-001 -7.835885E-001 -6.559394E-002  7.792090E-001  6.212802E-001 -8.273024E-002  1.055787E-001  0.000000E+000  9.944110E-001
  7.100000E-001  5.000000E+000  0.000000E+000  4.390400E+000  6.227988E-001 -7.795565E-001 -6.643246E-002  7.751591E-001  6.263319E-001 -8.268438E-002  1.060659E-001  0.000000E+000  9.943591E-001
  7.150000E-001  5.000000E+000  0.000000E+000  4.390400E+000  6.277125E-001 -7.755344E-001 -6.725605E-002  7.711208E-001  6.313053E-001 -8.262149E-002  1.065349E-001  0.000000E+000  9.943090E-001
  7.200000E-001  5.000000E+000  0.000000E+000  4.390400E+000  6.325500E-001 -7.715230E-001 -6.806454E-002  7.670948E-001  6.362015E-001 -8.254202E-002  1.069858E-001  0.000000E+000  9.942605E-001
  7.250000E-001  5.000000E+000  0.000000E+000  4.390400E+000  6.373126E-001 -7.675228E-001 -6.885782E-002  7.630818E-001  6.410217E-001 -8.244642E-002  1.074189E-001  0.000000E+000  9.942139E-001
  7.300000E-001  5.000000E+000  0.000000E+000  4.390400E+000  6.420015E-001 -7.635345E-001 -6.963576E-002  7.590823E-001  6.457670E-001 -8.233512E-002  1.078342E-001  0.000000E+000  9.941689E-001
  7.350000E-001  5.000000E+000  0.000000E+000  4.390400E+000  6.466178E-001 -7.595588E-001 -7.039827E-002  7.550969E-001  6.504387E-001 -8.220855E-002  1.082320E-001  0.000000E+000  9.941257E-001
  7.400000E-001  5.000000E+000  0.000000E+000  4.390400E+000  6.511628E-001 -7.555960E-001 -7.114526E-002  7.511260E-001  6.550379E-001 -8.206712E-002  1.086124E-001  0.000000E+000  9.940842E-001
  7.450000E-001  5.000000E+000  0.000000E+000  4.390400E+000  6.556378E-001 -7.516468E-001 -7.187667E-002  7.471703E-001  6.595659E-001 -8.191125E-002  1.089757E-001  0.000000E+000  9.940444E-001
  7.500000E-001  5.000000E+000  0.000000E+000  4.390400E+000  6.600439E-001 -7.477114E-001 -7.259245E-002  7.432299E-001  6.640238E-001 -8.174134E-002  1.093221E-001  0.000000E+000  9.940064E-001
  7.550000E-001  5.000000E+000  0.000000E+000  4.390400E+000  6.643825E-001 -7.437903E-001 -7.329255E-002  7.393053E-001  6.684130E-001 -8.155779E-002  1.096516E-001  0.000000E+000  9.939701E-001
  7.600000E-001  5.000000E+000  0.000000E+000  4.390400E+000  6.686549E-001 -7.398838E-001 -7.397696E-002  7.353968E-001  6.727346E-001 -8.136099E-002  1.099645E-001  0.000000E+000  9.939355E-001
  7.650000E-001  5.000000E+000  0.000000E+000  4.390400E+000  6.728621E-001 -7.359923E-001 -7.464565E-002  7.315047E-001  6.769900E-001 -8.115130E-002  1.102611E-001  0.000000E+000  9.939027E-001
  7.700000E-001  5.000000E+000  0.000000E+000  4.390400E+000  6.770056E-001 -7.321158E-001 -7.529862E-002  7.276291E-001  6.811802E-001 -8.092911E-002  1.105414E-001  0.000000E+000  9.938715E-001
  7.750000E-001  5.000000E+000  0.000000E+000  4.390400E+000  6.810865E-001 -7.282547E-001 -7.593588E-002  7.237702E-001  6.853065E-001 -8.069478E-002  1.108057E-001  0.000000E+000  9.938421E-001
  7.800000E-001  5.000000E+000  0.000000E+000  4.390400E+000  6.851061E-001 -7.244092E-001 -7.655745E-002  7.199282E-001  6.893703E-001 -8.044866E-002  1.110542E-001  0.000000E+000  9.938144E-001
  7.850000E-001  5.000000E+000  0.000000E+000  4.390400E+000  6.890655E-001 -7.205793E-001 -7.716335E-002  7.161033E-001  6.933726E-001 -8.019110E-002  1.112870E-001  0.000000E+000  9.937883E-001
  7.900000E-001  5.000000E+000  0.000000E+000  4.390400E+000  6.929661E-001 -7.167652E-001 -7.775361E-002  7.122954E-001  6.973146E-001 -7.992244E-002  1.115044E-001  0.000000E+000  9.937639E-001
  7.950000E-001  5.000000E+000  0.000000E+000  4.390400E+000  6.968090E-001 -7.129670E-001 -7.832829E-002  7.085047E-001  7.011976E-001 -7.964301E-002  1.117064E-001  0.000000E+000  9.937412E-001
  8.000000E-001  5.000000E+000  0.000000E+000  4.390400E+000  7.005953E-001 -7.091847E-001 -7.888742E-002  7.047312E-001  7.050227E-001 -7.935313E-002  1.118935E-001  0.000000E+000  9.937202E-001
  8.050000E-001  5.000000E+000  0.000000E+000  4.390400E+000  7.043262E-001 -7.054185E-001 -7.943107E-002  7.009749E-001  7.087910E-001 -7.905313E-002  1.120656E-001  0.000000E+000  9.937008E-001
  8.100000E-001  5.000000E+000  0.000000E+000  4.390400E+000  7.080029E-001 -7.016683E-001 -7.995930E-002  6.972359E-001  7.125038E-001 -7.874330E-002  1.122230E-001  0.000000E+000  9.936830E-001
  8.150000E-001  5.000000E+000  0.000000E+000  4.390400E+000  7.116265E-001 -6.979340E-001 -8.047217E-002  6.935140E-001  7.161620E-001 -7.842397E-002  1.123659E-001  0.000000E+000  9.936669E-001
  8.200000E-001  5.000000E+000  0.000000E+000  4.390400E+000  7.151981E-001 -6.942158E-001 -8.096976E-002  6.898092E-001  7.197669E-001 -7.809541E-002  1.124944E-001  0.000000E+000  9.936524E-001
  8.250000E-001  5.000000E+000  0.000000E+000  4.390400E+000  7.187187E-001 -6.905136E-001 -8.145215E-002  6.861215E-001  7.233194E-001 -7.775793E-002  1.126088E-001  0.000000E+000  9.936394E-001
  8.300000E-001  5.000000E+000  0.000000E+000  4.390400E+000  7.221894E-001 -6.868273E-001 -8.191943E-002  6.824508E-001  7.268207E-001 -7.741180E-002  1.127093E-001  0.000000E+000  9.936280E-001
  8.350000E-001  5.000000E+000  0.000000E+000  4.390400E+000  7.256113E-001 -6.831568E-001 -8.237166E-002  6.787970E-001  7.302717E-001 -7.705729E-002  1.127959E-001  0.000000E+000  9.936182E-001
  8.400000E-001  5.000000E+000  0.000000E+000  4.390400E+000  7.289853E-001 -6.795021E-001 -8.280896E-002  6.751600E-001  7.336735E-001 -7.669469E-002  1.128690E-001  0.000000E+000  9.936099E-001
  8.450000E-001  5.000000E+000  0.000000E+000  4.390400E+000  7.323124E-001 -6.758632E-001 -8.323141E-002  6.715398E-001  7.370271E-001 -7.632426E-002  1.129286E-001  0.000000E+000  9.936031E-001
  8.500000E-001  5.000000E+000  0.000000E+000  4.390400E+000  7.355937E-001 -6.722399E-001 -8.363910E-002  6.679361E-001  7.403334E-001 -7.594624E-002  1.129749E-001  0.000000E+000  9.935978E-001
  8.550000E-001  5.000000E+000  0.000000E+000  4.390400E+000  7.388300E-001 -6.686321E-001 -8.403215E-002  6.643489E-001  7.435934E-001 -7.556090E-002  1.130082E-001  0.000000E+000  9.935941E-001
  8.600000E-001  5.000000E+000  0.000000E+000  4.390400E+000  7.420223E-001 -6.650397E-001 -8.441064E-002  6.607780E-001  7.468080E-001 -7.516848E-002  1.130286E-001  0.000000E+000  9.935917E-001
  8.650000E-001  5.000000E+000  0.000000E+000  4.390400E+000  7.451714E-001 -6.614627E-001 -8.477468E-002  6.572233E-001  7.499781E-001 -7.476923E-002  1.130362E-001  0.000000E+000  9.935909E-001
  8.700000E-001  5.000000E+000  0.000000E+000  4.390400E+000  7.482783E-001 -6.579008E-001 -8.512438E-002  6.536846E-001  7.531046E-001 -7.436338E-002  1.130313E-001  0.000000E+000  9.935914E-001
  8.750000E-001  5.000000E+000  0.000000E+000  4.390400E+000  7.513437E-001 -6.543541E-001 -8.545985E-002  6.501619E-001  7.561883E-001 -7.395116E-002  1.130140E-001  0.000000E+000  9.935934E-001
  8.800000E-001  5.000000E+000  0.000000E+000  4.390400E+000  7.543685E-001 -6.508223E-001 -8.578119E-002  6.466549E-001  7.592301E-001 -7.353280E-002  1.129844E-001  0.000000E+000  9.935968E-001
  8.850000E-001  5.000000E+000  0.000000E+000  4.390400E+000  7.573536E-001 -6.473054E-001 -8.608851E-002  6.431636E-001  7.622307E-001 -7.310852E-002  1.129429E-001  0.000000E+000  9.936015E-001
  8.900000E-001  5.000000E+000  0.000000E+000  4.390400E+000  7.602996E-001 -6.438033E-001 -8.638193E-002  6.396878E-001  7.651911E-001 -7.267854E-002  1.128894E-001  0.000000E+000  9.936076E-001
  8.950000E-001  5.000000E+000  0.000000E+000  4.390400E+000  7.632074E-001 -6.403157E-001 -8.666155E-002  6.362273E-001  7.681118E-001 -7.224307E-002  1.128241E-001  0.000000E+000  9.936150E-001
  9.000000E-001  5.000000E+000  0.000000E+000  4.390400E+000  7.660777E-001 -6.368427E-001 -8.692749E-002  6.327820E-001  7.709938E-001 -7.180231E-002  1.127473E-001  0.000000E+000  9.936237E-001
  9.050000E-001  5.000000E+000  0.000000E+000  4.390400E+000  7.689111E-001 -6.333840E-001 -8.717986E-002  6.293517E-001  7.738376E-001 -7.135648E-002  1.126591E-001  0.000000E+000  9.936337E-001
  9.100000E-001  5.000000E+000  0.000000E+000  4.390400E+000  7.717085E-001 -6.299396E-001 -8.741878E-002  6.259364E-001  7.766441E-001 -7.090578E-002  1.125596E-001  0.000000E+000  9.936450E-001
  9.150000E-001  5.000000E+000  0.000000E+000  4.390400E+000  7.744704E-001 -6.265094E-001 -8.764435E-002  6.225358E-001  7.794138E-001 -7.045039E-002  1.124490E-001  0.000000E+000  9.936575E-001
  9.200000E-001  5.000000E+000  0.000000E+000  4.390400E+000  7.771975E-001 -6.230932E-001 -8.785669E-002  6.191498E-001  7.821476E-001 -6.999051E-002  1.123275E-001  0.000000E+000  9.936712E-001
  9.250000E-001  5.000000E+000  0.000000E+000  4.390400E+000  7.798905E-001 -6.196910E-001 -8.805591E-002  6.157784E-001  7.848459E-001 -6.952633E-002  1.121952E-001  0.000000E+000  9.936862E-001
  9.300000E-001  5.000000E+000  0.000000E+000  4.390400E+000  7.825499E-001 -6.163026E-001 -8.824213E-002  6.124213E-001  7.875094E-001 -6.905804E-002  1.120522E-001  0.000000E+000  9.937023E-001
  9.350000E-001  5.000000E+000  0.000000E+000  4.390400E+000  7.851764E-001 -6.129279E-001 -8.841546E-002  6.090785E-001  7.901388E-001 -6.858581E-002  1.118986E-001  0.000000E+000  9.937196E-001
  9.400000E-001  5.000000E+000  0.000000E+000  4.390400E+000  7.877706E-001 -6.095669E-001 -8.857602E-002  6.057498E-001  7.927346E-001 -6.810982E-002  1.117348E-001  0.000000E+000  9.937381E-001
  9.450000E-001  5.000000E+000  0.000000E+000  4.390400E+000  7.903329E-001 -6.062194E-001 -8.872392E-002  6.024352E-001  7.952974E-001 -6.763025E-002  1.115607E-001  0.000000E+000  9.937576E-001
  9.500000E-001  5.000000E+000  0.000000E+000  4.390400E+000  7.928639E-001 -6.028854E-001 -8.885927E-002  5.991344E-001  7.978278E-001 -6.714727E-002  1.113765E-001  0.000000E+000  9.937783E-001
  9.550000E-001  5.000000E+000  0.000000E+000  4.390400E+000  7.953642E-001 -5.995647E-001 -8.898218E-002  5.958475E-001  8.003263E-001 -6.666104E-002  1.111824E-001  0.000000E+000  9.938000E-001
  9.600000E-001  5.000000E+000  0.000000E+000  4.390400E+000  7.978343E-001 -5.962574E-001 -8.909276E-002  5.925742E-001  8.027933E-001 -6.617172E-002  1.109785E-001  0.000000E+000  9.938228E-001
  9.650000E-001  5.000000E+000  0.000000E+000  4.390400E+000  8.002747E-001 -5.929632E-001 -8.919114E-002  5.893145E-001  8.052295E-001 -6.567949E-002  1.107649E-001  0.000000E+000  9.938466E-001
  9.700000E-001  5.000000E+000  0.000000E+000  4.390400E+000  8.026858E-001 -5.896822E-001 -8.927742E-002  5.860683E-001  8.076354E-001 -6.518450E-002  1.105417E-001  0.000000E+000  9.938715E-001
  9.750000E-001  5.000000E+000  0.000000E+000  4.390400E+000  8.050680E-001 -5.864143E-001 -8.935170E-002  5.828356E-001  8.100113E-001 -6.468690E-002  1.103092E-001  0.000000E+000  9.938973E-001
  9.800000E-001  5.000000E+000  0.000000E+000  4.390400E+000  8.074220E-001 -5.831594E-001 -8.941411E-002  5.796162E-001  8.123578E-001 -6.418684E-002  1.100674E-001  0.000000E+000  9.939241E-001
  9.850000E-001  5.000000E+000  0.000000E+000  4.390400E+000  8.097480E-001 -5.799174E-001 -8.946475E-002  5.764100E-001  8.146753E-001 -6.368448E-002  1.098165E-001  0.000000E+000  9.939519E-001
  9.900000E-001  5.000000E+000  0.000000E+000  4.390400E+000  8.120465E-001 -5.766884E-001 -8.950373E-002  5.732171E-001  8.169642E-001 -6.317995E-002  1.095565E-001  0.000000E+000  9.939806E-001
  9.950000E-001  5.000000E+000  0.000000E+000  4.390400E+000  8.143180E-001 -5.734722E-001 -8.953116E-002  5.700372E-001  8.192250E-001 -6.267341E-002  1.092876E-001  0.000000E+000  9.940102E-001
