% FILE: FixedCamera_FeedForward_Animation.4
%
%       t         P_No_Eo[1]     P_No_Eo[2]     P_No_Eo[3]      N_E[1,1]       N_E[1,2]       N_E[1,3]       N_E[2,1]       N_E[2,2]       N_E[2,3]       N_E[3,1]       N_E[3,2]       N_E[3,3]
%      (s)          (meter)        (meter)        (meter)       (NoUnits)      (NoUnits)      (NoUnits)      (NoUnits)      (NoUnits)      (NoUnits)      (NoUnits)      (NoUnits)      (NoUnits)

  0.000000E+000  5.000000E+000  0.000000E+000  5.000000E+000 -2.142079E-001 -9.767881E-001  0.000000E+000  9.767881E-001 -2.142079E-001  0.000000E+000  0.000000E+000  0.000000E+000  1.000000E+000
  5.000000E-003  5.000000E+000  0.000000E+000  5.000000E+000 -2.089521E-001 -9.779259E-001  0.000000E+000  9.779259E-001 -2.089521E-001  0.000000E+000  0.000000E+000  0.000000E+000  1.000000E+000
  1.000000E-002  5.000000E+000  0.000000E+000  5.000000E+000 -2.036611E-001 -9.790414E-001  0.000000E+000  9.790414E-001 -2.036611E-001  0.000000E+000  0.000000E+000  0.000000E+000  1.000000E+000
  1.500000E-002  5.000000E+000  0.000000E+000  5.000000E+000 -1.983351E-001 -9.801343E-001  0.000000E+000  9.801343E-001 -1.983351E-001  0.000000E+000  0.000000E+000  0.000000E+000  1.000000E+000
  2.000000E-002  5.000000E+000  0.000000E+000  5.000000E+000 -1.929743E-001 -9.812038E-001  0.000000E+000  9.812038E-001 -1.929743E-001  0.000000E+000  0.000000E+000  0.000000E+000  1.000000E+000
  2.500000E-002  5.000000E+000  0.000000E+000  5.000000E+000 -1.875788E-001 -9.822496E-001  0.000000E+000  9.822496E-001 -1.875788E-001  0.000000E+000  0.000000E+000  0.000000E+000  1.000000E+000
  3.000000E-002  5.000000E+000  0.000000E+000  5.000000E+000 -1.821487E-001 -9.832710E-001  0.000000E+000  9.832710E-001 -1.821487E-001  0.000000E+000  0.000000E+000  0.000000E+000  1.000000E+000
  3.500000E-002  5.000000E+000  0.000000E+000  5.000000E+000 -1.766842E-001 -9.842676E-001  0.000000E+000  9.842676E-001 -1.766842E-001  0.000000E+000  0.000000E+000  0.000000E+000  1.000000E+000
  4.000000E-002  5.000000E+000  0.000000E+000  5.000000E+000 -1.711856E-001 -9.852388E-001  0.000000E+000  9.852388E-001 -1.711856E-001  0.000000E+000  0.000000E+000  0.000000E+000  1.000000E+000
  4.500000E-002  5.000000E+000  0.000000E+000  5.000000E+000 -1.656529E-001 -9.861841E-001  0.000000E+000  9.861841E-001 -1.656529E-001  0.000000E+000  0.000000E+000  0.000000E+000  1.000000E+000
  5.000000E-002  5.000000E+000  0.000000E+000  5.000000E+000 -1.600866E-001 -9.871030E-001  0.000000E+000  9.871030E-001 -1.600866E-001  0.000000E+000  0.000000E+000  0.000000E+000  1.000000E+000
  5.500000E-002  5.000000E+000  0.000000E+000  5.000000E+000 -1.544867E-001 -9.879949E-001  0.000000E+000  9.879949E-001 -1.544867E-001  0.000000E+000  0.000000E+000  0.000000E+000  1.000000E+000
  6.000000E-002  5.000000E+000  0.000000E+000  5.000000E+000 -1.488535E-001 -9.888593E-001  0.000000E+000  9.888593E-001 -1.488535E-001  0.000000E+000  0.000000E+000  0.000000E+000  1.000000E+000
  6.500000E-002  5.000000E+000  0.000000E+000  5.000000E+000 -1.431873E-001 -9.896956E-001  0.000000E+000  9.896956E-001 -1.431873E-001  0.000000E+000  0.000000E+000  0.000000E+000  1.000000E+000
  7.000000E-002  5.000000E+000  0.000000E+000  5.000000E+000 -1.374884E-001 -9.905034E-001  0.000000E+000  9.905034E-001 -1.374884E-001  0.000000E+000  0.000000E+000  0.000000E+000  1.000000E+000
  7.500000E-002  5.000000E+000  0.000000E+000  5.000000E+000 -1.317571E-001 -9.912820E-001  0.000000E+000  9.912820E-001 -1.317571E-001  0.000000E+000  0.000000E+000  0.000000E+000  1.000000E+000
  8.000000E-002  5.000000E+000  0.000000E+000  5.000000E+000 -1.259936E-001 -9.920311E-001  0.000000E+000  9.920311E-001 -1.259936E-001  0.000000E+000  0.000000E+000  0.000000E+000  1.000000E+000
  8.500000E-002  5.000000E+000  0.000000E+000  5.000000E+000 -1.201984E-001 -9.927499E-001  0.000000E+000  9.927499E-001 -1.201984E-001  0.000000E+000  0.000000E+000  0.000000E+000  1.000000E+000
  9.000000E-002  5.000000E+000  0.000000E+000  5.000000E+000 -1.143716E-001 -9.934380E-001  0.000000E+000  9.934380E-001 -1.143716E-001  0.000000E+000  0.000000E+000  0.000000E+000  1.000000E+000
  9.500000E-002  5.000000E+000  0.000000E+000  5.000000E+000 -1.085137E-001 -9.940949E-001  0.000000E+000  9.940949E-001 -1.085137E-001  0.000000E+000  0.000000E+000  0.000000E+000  1.000000E+000
  1.000000E-001  5.000000E+000  0.000000E+000  5.000000E+000 -1.026251E-001 -9.947201E-001  0.000000E+000  9.947201E-001 -1.026251E-001  0.000000E+000  0.000000E+000  0.000000E+000  1.000000E+000
  1.050000E-001  5.000000E+000  0.000000E+000  5.000000E+000 -9.670616E-002 -9.953130E-001  0.000000E+000  9.953130E-001 -9.670616E-002  0.000000E+000  0.000000E+000  0.000000E+000  1.000000E+000
  1.100000E-001  5.000000E+000  0.000000E+000  5.000000E+000 -9.075723E-002 -9.958730E-001  0.000000E+000  9.958730E-001 -9.075723E-002  0.000000E+000  0.000000E+000  0.000000E+000  1.000000E+000
  1.150000E-001  5.000000E+000  0.000000E+000  5.000000E+000 -8.477875E-002 -9.963998E-001  0.000000E+000  9.963998E-001 -8.477875E-002  0.000000E+000  0.000000E+000  0.000000E+000  1.000000E+000
  1.200000E-001  5.000000E+000  0.000000E+000  5.000000E+000 -7.877117E-002 -9.968927E-001  0.000000E+000  9.968927E-001 -7.877117E-002  0.000000E+000  0.000000E+000  0.000000E+000  1.000000E+000
  1.250000E-001  5.000000E+000  0.000000E+000  5.000000E+000 -7.273492E-002 -9.973513E-001  0.000000E+000  9.973513E-001 -7.273492E-002  0.000000E+000  0.000000E+000  0.000000E+000  1.000000E+000
  1.300000E-001  5.000000E+000  0.000000E+000  5.000000E+000 -6.667048E-002 -9.977750E-001  0.000000E+000  9.977750E-001 -6.667048E-002  0.000000E+000  0.000000E+000  0.000000E+000  1.000000E+000
  1.350000E-001  5.000000E+000  0.000000E+000  5.000000E+000 -6.057832E-002 -9.981634E-001  0.000000E+000  9.981634E-001 -6.057832E-002  0.000000E+000  0.000000E+000  0.000000E+000  1.000000E+000
  1.400000E-001  5.000000E+000  0.000000E+000  5.000000E+000 -5.445894E-002 -9.985160E-001  0.000000E+000  9.985160E-001 -5.445894E-002  0.000000E+000  0.000000E+000  0.000000E+000  1.000000E+000
  1.450000E-001  5.000000E+000  0.000000E+000  5.000000E+000 -4.831285E-002 -9.988323E-001  0.000000E+000  9.988323E-001 -4.831285E-002  0.000000E+000  0.000000E+000  0.000000E+000  1.000000E+000
  1.500000E-001  5.000000E+000  0.000000E+000  5.000000E+000 -4.214059E-002 -9.991117E-001  0.000000E+000  9.991117E-001 -4.214059E-002  0.000000E+000  0.000000E+000  0.000000E+000  1.000000E+000
  1.550000E-001  5.000000E+000  0.000000E+000  5.000000E+000 -3.594269E-002 -9.993539E-001  0.000000E+000  9.993539E-001 -3.594269E-002  0.000000E+000  0.000000E+000  0.000000E+000  1.000000E+000
  1.600000E-001  5.000000E+000  0.000000E+000  5.000000E+000 -2.971971E-002 -9.995583E-001  0.000000E+000  9.995583E-001 -2.971971E-002  0.000000E+000  0.000000E+000  0.000000E+000  1.000000E+000
  1.650000E-001  5.000000E+000  0.000000E+000  5.000000E+000 -2.347224E-002 -9.997245E-001  0.000000E+000  9.997245E-001 -2.347224E-002  0.000000E+000  0.000000E+000  0.000000E+000  1.000000E+000
  1.700000E-001  5.000000E+000  0.000000E+000  5.000000E+000 -1.720086E-002 -9.998521E-001  0.000000E+000  9.998521E-001 -1.720086E-002  0.000000E+000  0.000000E+000  0.000000E+000  1.000000E+000
  1.750000E-001  5.000000E+000  0.000000E+000  5.000000E+000 -1.090619E-002 -9.999405E-001  0.000000E+000  9.999405E-001 -1.090619E-002  0.000000E+000  0.000000E+000  0.000000E+000  1.000000E+000
  1.800000E-001  5.000000E+000  0.000000E+000  5.000000E+000 -4.588833E-003 -9.999895E-001  0.000000E+000  9.999895E-001 -4.588833E-003  0.000000E+000  0.000000E+000  0.000000E+000  1.000000E+000
  1.850000E-001  5.000000E+000  0.000000E+000  5.000000E+000  1.750560E-003 -9.999985E-001  0.000000E+000  9.999985E-001  1.750560E-003  0.000000E+000  0.000000E+000  0.000000E+000  1.000000E+000
  1.900000E-001  5.000000E+000  0.000000E+000  5.000000E+000  8.111340E-003 -9.999671E-001  0.000000E+000  9.999671E-001  8.111340E-003  0.000000E+000  0.000000E+000  0.000000E+000  1.000000E+000
  1.950000E-001  5.000000E+000  0.000000E+000  5.000000E+000  1.449284E-002 -9.998950E-001  0.000000E+000  9.998950E-001  1.449284E-002  0.000000E+000  0.000000E+000  0.000000E+000  1.000000E+000
  2.000000E-001  5.000000E+000  0.000000E+000  5.000000E+000  2.089437E-002 -9.997817E-001  0.000000E+000  9.997817E-001  2.089437E-002  0.000000E+000  0.000000E+000  0.000000E+000  1.000000E+000
  2.050000E-001  5.000000E+000  0.000000E+000  5.000000E+000  2.731525E-002 -9.996269E-001  0.000000E+000  9.996269E-001  2.731525E-002  0.000000E+000  0.000000E+000  0.000000E+000  1.000000E+000
  2.100000E-001  5.000000E+000  0.000000E+000  5.000000E+000  3.375475E-002 -9.994301E-001  0.000000E+000  9.994301E-001  3.375475E-002  0.000000E+000  0.000000E+000  0.000000E+000  1.000000E+000
  2.150000E-001  5.000000E+000  0.000000E+000  5.000000E+000  4.021216E-002 -9.991912E-001  0.000000E+000  9.991912E-001  4.021216E-002  0.000000E+000  0.000000E+000  0.000000E+000  1.000000E+000
  2.200000E-001  5.000000E+000  0.000000E+000  5.000000E+000  4.668674E-002 -9.989096E-001  0.000000E+000  9.989096E-001  4.668674E-002  0.000000E+000  0.000000E+000  0.000000E+000  1.000000E+000
  2.250000E-001  5.000000E+000  0.000000E+000  5.000000E+000  5.317773E-002 -9.985851E-001  0.000000E+000  9.985851E-001  5.317773E-002  0.000000E+000  0.000000E+000  0.000000E+000  1.000000E+000
  2.300000E-001  5.000000E+000  0.000000E+000  5.000000E+000  5.968438E-002 -9.982173E-001  0.000000E+000  9.982173E-001  5.968438E-002  0.000000E+000  0.000000E+000  0.000000E+000  1.000000E+000
  2.350000E-001  5.000000E+000  0.000000E+000  5.000000E+000  6.620590E-002 -9.978060E-001  0.000000E+000  9.978060E-001  6.620590E-002  0.000000E+000  0.000000E+000  0.000000E+000  1.000000E+000
  2.400000E-001  5.000000E+000  0.000000E+000  5.000000E+000  7.274150E-002 -9.973508E-001  0.000000E+000  9.973508E-001  7.274150E-002  0.000000E+000  0.000000E+000  0.000000E+000  1.000000E+000
  2.450000E-001  5.000000E+000  0.000000E+000  5.000000E+000  7.929040E-002 -9.968516E-001  0.000000E+000  9.968516E-001  7.929040E-002  0.000000E+000  0.000000E+000  0.000000E+000  1.000000E+000
  2.500000E-001  5.000000E+000  0.000000E+000  5.000000E+000  8.585176E-002 -9.963079E-001  0.000000E+000  9.963079E-001  8.585176E-002  0.000000E+000  0.000000E+000  0.000000E+000  1.000000E+000
  2.550000E-001  5.000000E+000  0.000000E+000  5.000000E+000  9.242478E-002 -9.957197E-001  0.000000E+000  9.957197E-001  9.242478E-002  0.000000E+000  0.000000E+000  0.000000E+000  1.000000E+000
  2.600000E-001  5.000000E+000  0.000000E+000  5.000000E+000  9.900862E-002 -9.950866E-001  0.000000E+000  9.950866E-001  9.900862E-002  0.000000E+000  0.000000E+000  0.000000E+000  1.000000E+000
  2.650000E-001  5.000000E+000  0.000000E+000  5.000000E+000  1.056024E-001 -9.944084E-001  0.000000E+000  9.944084E-001  1.056024E-001  0.000000E+000  0.000000E+000  0.000000E+000  1.000000E+000
  2.700000E-001  5.000000E+000  0.000000E+000  5.000000E+000  1.122054E-001 -9.936850E-001  0.000000E+000  9.936850E-001  1.122054E-001  0.000000E+000  0.000000E+000  0.000000E+000  1.000000E+000
  2.750000E-001  5.000000E+000  0.000000E+000  5.000000E+000  1.188165E-001 -9.929162E-001  0.000000E+000  9.929162E-001  1.188165E-001  0.000000E+000  0.000000E+000  0.000000E+000  1.000000E+000
  2.800000E-001  5.000000E+000  0.000000E+000  5.000000E+000  1.254351E-001 -9.921018E-001  0.000000E+000  9.921018E-001  1.254351E-001  0.000000E+000  0.000000E+000  0.000000E+000  1.000000E+000
  2.850000E-001  5.000000E+000  0.000000E+000  5.000000E+000  1.320602E-001 -9.912417E-001  0.000000E+000  9.912417E-001  1.320602E-001  0.000000E+000  0.000000E+000  0.000000E+000  1.000000E+000
  2.900000E-001  5.000000E+000  0.000000E+000  5.000000E+000  1.386909E-001 -9.903357E-001  0.000000E+000  9.903357E-001  1.386909E-001  0.000000E+000  0.000000E+000  0.000000E+000  1.000000E+000
  2.950000E-001  5.000000E+000  0.000000E+000  5.000000E+000  1.453264E-001 -9.893838E-001  0.000000E+000  9.893838E-001  1.453264E-001  0.000000E+000  0.000000E+000  0.000000E+000  1.000000E+000
  3.000000E-001  5.000000E+000  0.000000E+000  5.000000E+000  1.519657E-001 -9.883858E-001  0.000000E+000  9.883858E-001  1.519657E-001  0.000000E+000  0.000000E+000  0.000000E+000  1.000000E+000
  3.050000E-001  5.000000E+000  0.000000E+000  5.000000E+000  1.586079E-001 -9.873417E-001  0.000000E+000  9.873417E-001  1.586079E-001  0.000000E+000  0.000000E+000  0.000000E+000  1.000000E+000
  3.100000E-001  5.000000E+000  0.000000E+000  5.000000E+000  1.652521E-001 -9.862514E-001  0.000000E+000  9.862514E-001  1.652521E-001  0.000000E+000  0.000000E+000  0.000000E+000  1.000000E+000
  3.150000E-001  5.000000E+000  0.000000E+000  5.000000E+000  1.718974E-001 -9.851149E-001  0.000000E+000  9.851149E-001  1.718974E-001  0.000000E+000  0.000000E+000  0.000000E+000  1.000000E+000
  3.200000E-001  5.000000E+000  0.000000E+000  5.000000E+000  1.785429E-001 -9.839321E-001  0.000000E+000  9.839321E-001  1.785429E-001  0.000000E+000  0.000000E+000  0.000000E+000  1.000000E+000
  3.250000E-001  5.000000E+000  0.000000E+000  5.000000E+000  1.851877E-001 -9.827032E-001  0.000000E+000  9.827032E-001  1.851877E-001  0.000000E+000  0.000000E+000  0.000000E+000  1.000000E+000
  3.300000E-001  5.000000E+000  0.000000E+000  5.000000E+000  1.918307E-001 -9.814280E-001  0.000000E+000  9.814280E-001  1.918307E-001  0.000000E+000  0.000000E+000  0.000000E+000  1.000000E+000
  3.350000E-001  5.000000E+000  0.000000E+000  5.000000E+000  1.984712E-001 -9.801067E-001  0.000000E+000  9.801067E-001  1.984712E-001  0.000000E+000  0.000000E+000  0.000000E+000  1.000000E+000
  3.400000E-001  5.000000E+000  0.000000E+000  5.000000E+000  2.051082E-001 -9.787393E-001  0.000000E+000  9.787393E-001  2.051082E-001  0.000000E+000  0.000000E+000  0.000000E+000  1.000000E+000
  3.450000E-001  5.000000E+000  0.000000E+000  5.000000E+000  2.117407E-001 -9.773259E-001  0.000000E+000  9.773259E-001  2.117407E-001  0.000000E+000  0.000000E+000  0.000000E+000  1.000000E+000
  3.500000E-001  5.000000E+000  0.000000E+000  5.000000E+000  2.183679E-001 -9.758665E-001  0.000000E+000  9.758665E-001  2.183679E-001  0.000000E+000  0.000000E+000  0.000000E+000  1.000000E+000
  3.550000E-001  5.000000E+000  0.000000E+000  5.000000E+000  2.249887E-001 -9.743614E-001  0.000000E+000  9.743614E-001  2.249887E-001  0.000000E+000  0.000000E+000  0.000000E+000  1.000000E+000
  3.600000E-001  5.000000E+000  0.000000E+000  5.000000E+000  2.316023E-001 -9.728106E-001  0.000000E+000  9.728106E-001  2.316023E-001  0.000000E+000  0.000000E+000  0.000000E+000  1.000000E+000
  3.650000E-001  5.000000E+000  0.000000E+000  5.000000E+000  2.382077E-001 -9.712142E-001  0.000000E+000  9.712142E-001  2.382077E-001  0.000000E+000  0.000000E+000  0.000000E+000  1.000000E+000
  3.700000E-001  5.000000E+000  0.000000E+000  5.000000E+000  2.448040E-001 -9.695726E-001  0.000000E+000  9.695726E-001  2.448040E-001  0.000000E+000  0.000000E+000  0.000000E+000  1.000000E+000
  3.750000E-001  5.000000E+000  0.000000E+000  5.000000E+000  2.513903E-001 -9.678858E-001  0.000000E+000  9.678858E-001  2.513903E-001  0.000000E+000  0.000000E+000  0.000000E+000  1.000000E+000
  3.800000E-001  5.000000E+000  0.000000E+000  5.000000E+000  2.579657E-001 -9.661541E-001  0.000000E+000  9.661541E-001  2.579657E-001  0.000000E+000  0.000000E+000  0.000000E+000  1.000000E+000
  3.850000E-001  5.000000E+000  0.000000E+000  5.000000E+000  2.645292E-001 -9.643777E-001  0.000000E+000  9.643777E-001  2.645292E-001  0.000000E+000  0.000000E+000  0.000000E+000  1.000000E+000
  3.900000E-001  5.000000E+000  0.000000E+000  5.000000E+000  2.710799E-001 -9.625568E-001  0.000000E+000  9.625568E-001  2.710799E-001  0.000000E+000  0.000000E+000  0.000000E+000  1.000000E+000
  3.950000E-001  5.000000E+000  0.000000E+000  5.000000E+000  2.776170E-001 -9.606918E-001  0.000000E+000  9.606918E-001  2.776170E-001  0.000000E+000  0.000000E+000  0.000000E+000  1.000000E+000
  4.000000E-001  5.000000E+000  0.000000E+000  5.000000E+000  2.841396E-001 -9.587829E-001  0.000000E+000  9.587829E-001  2.841396E-001  0.000000E+000  0.000000E+000  0.000000E+000  1.000000E+000
  4.050000E-001  5.000000E+000  0.000000E+000  5.000000E+000  2.906466E-001 -9.568305E-001  0.000000E+000  9.568305E-001  2.906466E-001  0.000000E+000  0.000000E+000  0.000000E+000  1.000000E+000
  4.100000E-001  5.000000E+000  0.000000E+000  5.000000E+000  2.971374E-001 -9.548347E-001  0.000000E+000  9.548347E-001  2.971374E-001  0.000000E+000  0.000000E+000  0.000000E+000  1.000000E+000
  4.150000E-001  5.000000E+000  0.000000E+000  5.000000E+000  3.036109E-001 -9.527961E-001  0.000000E+000  9.527961E-001  3.036109E-001  0.000000E+000  0.000000E+000  0.000000E+000  1.000000E+000
  4.200000E-001  5.000000E+000  0.000000E+000  5.000000E+000  3.100664E-001 -9.507149E-001  0.000000E+000  9.507149E-001  3.100664E-001  0.000000E+000  0.000000E+000  0.000000E+000  1.000000E+000
  4.250000E-001  5.000000E+000  0.000000E+000  5.000000E+000  3.165030E-001 -9.485915E-001  0.000000E+000  9.485915E-001  3.165030E-001  0.000000E+000  0.000000E+000  0.000000E+000  1.000000E+000
  4.300000E-001  5.000000E+000  0.000000E+000  5.000000E+000  3.229197E-001 -9.464264E-001  0.000000E+000  9.464264E-001  3.229197E-001  0.000000E+000  0.000000E+000  0.000000E+000  1.000000E+000
  4.350000E-001  5.000000E+000  0.000000E+000  5.000000E+000  3.293158E-001 -9.442198E-001  0.000000E+000  9.442198E-001  3.293158E-001  0.000000E+000  0.000000E+000  0.000000E+000  1.000000E+000
  4.400000E-001  5.000000E+000  0.000000E+000  5.000000E+000  3.356905E-001 -9.419723E-001  0.000000E+000  9.419723E-001  3.356905E-001  0.000000E+000  0.000000E+000  0.000000E+000  1.000000E+000
  4.450000E-001  5.000000E+000  0.000000E+000  5.000000E+000  3.420430E-001 -9.396843E-001  0.000000E+000  9.396843E-001  3.420430E-001  0.000000E+000  0.000000E+000  0.000000E+000  1.000000E+000
  4.500000E-001  5.000000E+000  0.000000E+000  5.000000E+000  3.483723E-001 -9.373562E-001  0.000000E+000  9.373562E-001  3.483723E-001  0.000000E+000  0.000000E+000  0.000000E+000  1.000000E+000
  4.550000E-001  5.000000E+000  0.000000E+000  5.000000E+000  3.546779E-001 -9.349886E-001  0.000000E+000  9.349886E-001  3.546779E-001  0.000000E+000  0.000000E+000  0.000000E+000  1.000000E+000
  4.600000E-001  5.000000E+000  0.000000E+000  5.000000E+000  3.609587E-001 -9.325818E-001  0.000000E+000  9.325818E-001  3.609587E-001  0.000000E+000  0.000000E+000  0.000000E+000  1.000000E+000
  4.650000E-001  5.000000E+000  0.000000E+000  5.000000E+000  3.672142E-001 -9.301364E-001  0.000000E+000  9.301364E-001  3.672142E-001  0.000000E+000  0.000000E+000  0.000000E+000  1.000000E+000
  4.700000E-001  5.000000E+000  0.000000E+000  5.000000E+000  3.734435E-001 -9.276529E-001  0.000000E+000  9.276529E-001  3.734435E-001  0.000000E+000  0.000000E+000  0.000000E+000  1.000000E+000
  4.750000E-001  5.000000E+000  0.000000E+000  5.000000E+000  3.796460E-001 -9.251318E-001  0.000000E+000  9.251318E-001  3.796460E-001  0.000000E+000  0.000000E+000  0.000000E+000  1.000000E+000
  4.800000E-001  5.000000E+000  0.000000E+000  5.000000E+000  3.858208E-001 -9.225737E-001  0.000000E+000  9.225737E-001  3.858208E-001  0.000000E+000  0.000000E+000  0.000000E+000  1.000000E+000
  4.850000E-001  5.000000E+000  0.000000E+000  5.000000E+000  3.919673E-001 -9.199791E-001  0.000000E+000  9.199791E-001  3.919673E-001  0.000000E+000  0.000000E+000  0.000000E+000  1.000000E+000
  4.900000E-001  5.000000E+000  0.000000E+000  5.000000E+000  3.980848E-001 -9.173486E-001  0.000000E+000  9.173486E-001  3.980848E-001  0.000000E+000  0.000000E+000  0.000000E+000  1.000000E+000
  4.950000E-001  5.000000E+000  0.000000E+000  5.000000E+000  4.041726E-001 -9.146827E-001  0.000000E+000  9.146827E-001  4.041726E-001  0.000000E+000  0.000000E+000  0.000000E+000  1.000000E+000
  5.000000E-001  5.000000E+000  0.000000E+000  5.000000E+000  4.102300E-001 -9.119821E-001  0.000000E+000  9.119821E-001  4.102300E-001  0.000000E+000  0.000000E+000  0.000000E+000  1.000000E+000
  5.050000E-001  5.000000E+000  0.000000E+000  5.000000E+000  4.162565E-001 -9.092472E-001  0.000000E+000  9.092472E-001  4.162565E-001  0.000000E+000  0.000000E+000  0.000000E+000  1.000000E+000
  5.100000E-001  5.000000E+000  0.000000E+000  5.000000E+000  4.222513E-001 -9.064788E-001  0.000000E+000  9.064788E-001  4.222513E-001  0.000000E+000  0.000000E+000  0.000000E+000  1.000000E+000
  5.150000E-001  5.000000E+000  0.000000E+000  5.000000E+000  4.282139E-001 -9.036774E-001  0.000000E+000  9.036774E-001  4.282139E-001  0.000000E+000  0.000000E+000  0.000000E+000  1.000000E+000
  5.200000E-001  5.000000E+000  0.000000E+000  5.000000E+000  4.341436E-001 -9.008437E-001  0.000000E+000  9.008437E-001  4.341436E-001  0.000000E+000  0.000000E+000  0.000000E+000  1.000000E+000
  5.250000E-001  5.000000E+000  0.000000E+000  5.000000E+000  4.400399E-001 -8.979782E-001  0.000000E+000  8.979782E-001  4.400399E-001  0.000000E+000  0.000000E+000  0.000000E+000  1.000000E+000
  5.300000E-001  5.000000E+000  0.000000E+000  5.000000E+000  4.459022E-001 -8.950817E-001  0.000000E+000  8.950817E-001  4.459022E-001  0.000000E+000  0.000000E+000  0.000000E+000  1.000000E+000
  5.350000E-001  5.000000E+000  0.000000E+000  5.000000E+000  4.517301E-001 -8.921547E-001  0.000000E+000  8.921547E-001  4.517301E-001  0.000000E+000  0.000000E+000  0.000000E+000  1.000000E+000
  5.400000E-001  5.000000E+000  0.000000E+000  5.000000E+000  4.575228E-001 -8.891979E-001  0.000000E+000  8.891979E-001  4.575228E-001  0.000000E+000  0.000000E+000  0.000000E+000  1.000000E+000
  5.450000E-001  5.000000E+000  0.000000E+000  5.000000E+000  4.632801E-001 -8.862119E-001  0.000000E+000  8.862119E-001  4.632801E-001  0.000000E+000  0.000000E+000  0.000000E+000  1.000000E+000
  5.500000E-001  5.000000E+000  0.000000E+000  5.000000E+000  4.690012E-001 -8.831975E-001  0.000000E+000  8.831975E-001  4.690012E-001  0.000000E+000  0.000000E+000  0.000000E+000  1.000000E+000
  5.550000E-001  5.000000E+000  0.000000E+000  5.000000E+000  4.746859E-001 -8.801553E-001  0.000000E+000  8.801553E-001  4.746859E-001  0.000000E+000  0.000000E+000  0.000000E+000  1.000000E+000
  5.600000E-001  5.000000E+000  0.000000E+000  5.000000E+000  4.803336E-001 -8.770859E-001  0.000000E+000  8.770859E-001  4.803336E-001  0.000000E+000  0.000000E+000  0.000000E+000  1.000000E+000
  5.650000E-001  5.000000E+000  0.000000E+000  5.000000E+000  4.859439E-001 -8.739900E-001  0.000000E+000  8.739900E-001  4.859439E-001  0.000000E+000  0.000000E+000  0.000000E+000  1.000000E+000
  5.700000E-001  5.000000E+000  0.000000E+000  5.000000E+000  4.915163E-001 -8.708684E-001  0.000000E+000  8.708684E-001  4.915163E-001  0.000000E+000  0.000000E+000  0.000000E+000  1.000000E+000
  5.750000E-001  5.000000E+000  0.000000E+000  5.000000E+000  4.970505E-001 -8.677216E-001  0.000000E+000  8.677216E-001  4.970505E-001  0.000000E+000  0.000000E+000  0.000000E+000  1.000000E+000
  5.800000E-001  5.000000E+000  0.000000E+000  5.000000E+000  5.025462E-001 -8.645504E-001  0.000000E+000  8.645504E-001  5.025462E-001  0.000000E+000  0.000000E+000  0.000000E+000  1.000000E+000
  5.850000E-001  5.000000E+000  0.000000E+000  5.000000E+000  5.080028E-001 -8.613554E-001  0.000000E+000  8.613554E-001  5.080028E-001  0.000000E+000  0.000000E+000  0.000000E+000  1.000000E+000
  5.900000E-001  5.000000E+000  0.000000E+000  5.000000E+000  5.134202E-001 -8.581374E-001  0.000000E+000  8.581374E-001  5.134202E-001  0.000000E+000  0.000000E+000  0.000000E+000  1.000000E+000
  5.950000E-001  5.000000E+000  0.000000E+000  5.000000E+000  5.187979E-001 -8.548969E-001  0.000000E+000  8.548969E-001  5.187979E-001  0.000000E+000  0.000000E+000  0.000000E+000  1.000000E+000
  6.000000E-001  5.000000E+000  0.000000E+000  5.000000E+000  5.241356E-001 -8.516348E-001  0.000000E+000  8.516348E-001  5.241356E-001  0.000000E+000  0.000000E+000  0.000000E+000  1.000000E+000
  6.050000E-001  5.000000E+000  0.000000E+000  5.000000E+000  5.294331E-001 -8.483517E-001  0.000000E+000  8.483517E-001  5.294331E-001  0.000000E+000  0.000000E+000  0.000000E+000  1.000000E+000
  6.100000E-001  5.000000E+000  0.000000E+000  5.000000E+000  5.346901E-001 -8.450482E-001  0.000000E+000  8.450482E-001  5.346901E-001  0.000000E+000  0.000000E+000  0.000000E+000  1.000000E+000
  6.150000E-001  5.000000E+000  0.000000E+000  5.000000E+000  5.399063E-001 -8.417251E-001  0.000000E+000  8.417251E-001  5.399063E-001  0.000000E+000  0.000000E+000  0.000000E+000  1.000000E+000
  6.200000E-001  5.000000E+000  0.000000E+000  5.000000E+000  5.450815E-001 -8.383831E-001  0.000000E+000  8.383831E-001  5.450815E-001  0.000000E+000  0.000000E+000  0.000000E+000  1.000000E+000
  6.250000E-001  5.000000E+000  0.000000E+000  5.000000E+000  5.502154E-001 -8.350227E-001  0.000000E+000  8.350227E-001  5.502154E-001  0.000000E+000  0.000000E+000  0.000000E+000  1.000000E+000
  6.300000E-001  5.000000E+000  0.000000E+000  5.000000E+000  5.553080E-001 -8.316448E-001  0.000000E+000  8.316448E-001  5.553080E-001  0.000000E+000  0.000000E+000  0.000000E+000  1.000000E+000
  6.350000E-001  5.000000E+000  0.000000E+000  5.000000E+000  5.603588E-001 -8.282499E-001  0.000000E+000  8.282499E-001  5.603588E-001  0.000000E+000  0.000000E+000  0.000000E+000  1.000000E+000
  6.400000E-001  5.000000E+000  0.000000E+000  5.000000E+000  5.653679E-001 -8.248388E-001  0.000000E+000  8.248388E-001  5.653679E-001  0.000000E+000  0.000000E+000  0.000000E+000  1.000000E+000
  6.450000E-001  5.000000E+000  0.000000E+000  5.000000E+000  5.703351E-001 -8.214121E-001  0.000000E+000  8.214121E-001  5.703351E-001  0.000000E+000  0.000000E+000  0.000000E+000  1.000000E+000
  6.500000E-001  5.000000E+000  0.000000E+000  5.000000E+000  5.752601E-001 -8.179705E-001  0.000000E+000  8.179705E-001  5.752601E-001  0.000000E+000  0.000000E+000  0.000000E+000  1.000000E+000
  6.550000E-001  5.000000E+000  0.000000E+000  5.000000E+000  5.801429E-001 -8.145147E-001  0.000000E+000  8.145147E-001  5.801429E-001  0.000000E+000  0.000000E+000  0.000000E+000  1.000000E+000
  6.600000E-001  5.000000E+000  0.000000E+000  5.000000E+000  5.849834E-001 -8.110452E-001  0.000000E+000  8.110452E-001  5.849834E-001  0.000000E+000  0.000000E+000  0.000000E+000  1.000000E+000
  6.650000E-001  5.000000E+000  0.000000E+000  5.000000E+000  5.897815E-001 -8.075628E-001  0.000000E+000  8.075628E-001  5.897815E-001  0.000000E+000  0.000000E+000  0.000000E+000  1.000000E+000
  6.700000E-001  5.000000E+000  0.000000E+000  5.000000E+000  5.945371E-001 -8.040682E-001  0.000000E+000  8.040682E-001  5.945371E-001  0.000000E+000  0.000000E+000  0.000000E+000  1.000000E+000
  6.750000E-001  5.000000E+000  0.000000E+000  5.000000E+000  5.992502E-001 -8.005618E-001  0.000000E+000  8.005618E-001  5.992502E-001  0.000000E+000  0.000000E+000  0.000000E+000  1.000000E+000
  6.800000E-001  5.000000E+000  0.000000E+000  5.000000E+000  6.039207E-001 -7.970444E-001  0.000000E+000  7.970444E-001  6.039207E-001  0.000000E+000  0.000000E+000  0.000000E+000  1.000000E+000
  6.850000E-001  5.000000E+000  0.000000E+000  5.000000E+000  6.085485E-001 -7.935167E-001  0.000000E+000  7.935167E-001  6.085485E-001  0.000000E+000  0.000000E+000  0.000000E+000  1.000000E+000
  6.900000E-001  5.000000E+000  0.000000E+000  5.000000E+000  6.131337E-001 -7.899792E-001  0.000000E+000  7.899792E-001  6.131337E-001  0.000000E+000  0.000000E+000  0.000000E+000  1.000000E+000
  6.950000E-001  5.000000E+000  0.000000E+000  5.000000E+000  6.176762E-001 -7.864325E-001  0.000000E+000  7.864325E-001  6.176762E-001  0.000000E+000  0.000000E+000  0.000000E+000  1.000000E+000
  7.000000E-001  5.000000E+000  0.000000E+000  5.000000E+000  6.221761E-001 -7.828773E-001  0.000000E+000  7.828773E-001  6.221761E-001  0.000000E+000  0.000000E+000  0.000000E+000  1.000000E+000
  7.050000E-001  5.000000E+000  0.000000E+000  5.000000E+000  6.266334E-001 -7.793142E-001  0.000000E+000  7.793142E-001  6.266334E-001  0.000000E+000  0.000000E+000  0.000000E+000  1.000000E+000
  7.100000E-001  5.000000E+000  0.000000E+000  5.000000E+000  6.310481E-001 -7.757437E-001  0.000000E+000  7.757437E-001  6.310481E-001  0.000000E+000  0.000000E+000  0.000000E+000  1.000000E+000
  7.150000E-001  5.000000E+000  0.000000E+000  5.000000E+000  6.354203E-001 -7.721665E-001  0.000000E+000  7.721665E-001  6.354203E-001  0.000000E+000  0.000000E+000  0.000000E+000  1.000000E+000
  7.200000E-001  5.000000E+000  0.000000E+000  5.000000E+000  6.397500E-001 -7.685831E-001  0.000000E+000  7.685831E-001  6.397500E-001  0.000000E+000  0.000000E+000  0.000000E+000  1.000000E+000
  7.250000E-001  5.000000E+000  0.000000E+000  5.000000E+000  6.440373E-001 -7.649941E-001  0.000000E+000  7.649941E-001  6.440373E-001  0.000000E+000  0.000000E+000  0.000000E+000  1.000000E+000
  7.300000E-001  5.000000E+000  0.000000E+000  5.000000E+000  6.482823E-001 -7.614000E-001  0.000000E+000  7.614000E-001  6.482823E-001  0.000000E+000  0.000000E+000  0.000000E+000  1.000000E+000
  7.350000E-001  5.000000E+000  0.000000E+000  5.000000E+000  6.524851E-001 -7.578015E-001  0.000000E+000  7.578015E-001  6.524851E-001  0.000000E+000  0.000000E+000  0.000000E+000  1.000000E+000
  7.400000E-001  5.000000E+000  0.000000E+000  5.000000E+000  6.566458E-001 -7.541991E-001  0.000000E+000  7.541991E-001  6.566458E-001  0.000000E+000  0.000000E+000  0.000000E+000  1.000000E+000
  7.450000E-001  5.000000E+000  0.000000E+000  5.000000E+000  6.607645E-001 -7.505933E-001  0.000000E+000  7.505933E-001  6.607645E-001  0.000000E+000  0.000000E+000  0.000000E+000  1.000000E+000
  7.500000E-001  5.000000E+000  0.000000E+000  5.000000E+000  6.648413E-001 -7.469846E-001  0.000000E+000  7.469846E-001  6.648413E-001  0.000000E+000  0.000000E+000  0.000000E+000  1.000000E+000
  7.550000E-001  5.000000E+000  0.000000E+000  5.000000E+000  6.688764E-001 -7.433736E-001  0.000000E+000  7.433736E-001  6.688764E-001  0.000000E+000  0.000000E+000  0.000000E+000  1.000000E+000
  7.600000E-001  5.000000E+000  0.000000E+000  5.000000E+000  6.728699E-001 -7.397608E-001  0.000000E+000  7.397608E-001  6.728699E-001  0.000000E+000  0.000000E+000  0.000000E+000  1.000000E+000
  7.650000E-001  5.000000E+000  0.000000E+000  5.000000E+000  6.768220E-001 -7.361467E-001  0.000000E+000  7.361467E-001  6.768220E-001  0.000000E+000  0.000000E+000  0.000000E+000  1.000000E+000
  7.700000E-001  5.000000E+000  0.000000E+000  5.000000E+000  6.807329E-001 -7.325317E-001  0.000000E+000  7.325317E-001  6.807329E-001  0.000000E+000  0.000000E+000  0.000000E+000  1.000000E+000
  7.750000E-001  5.000000E+000  0.000000E+000  5.000000E+000  6.846027E-001 -7.289164E-001  0.000000E+000  7.289164E-001  6.846027E-001  0.000000E+000  0.000000E+000  0.000000E+000  1.000000E+000
  7.800000E-001  5.000000E+000  0.000000E+000  5.000000E+000  6.884316E-001 -7.253013E-001  0.000000E+000  7.253013E-001  6.884316E-001  0.000000E+000  0.000000E+000  0.000000E+000  1.000000E+000
  7.850000E-001  5.000000E+000  0.000000E+000  5.000000E+000  6.922197E-001 -7.216868E-001  0.000000E+000  7.216868E-001  6.922197E-001  0.000000E+000  0.000000E+000  0.000000E+000  1.000000E+000
  7.900000E-001  5.000000E+000  0.000000E+000  5.000000E+000  6.959674E-001 -7.180734E-001  0.000000E+000  7.180734E-001  6.959674E-001  0.000000E+000  0.000000E+000  0.000000E+000  1.000000E+000
  7.950000E-001  5.000000E+000  0.000000E+000  5.000000E+000  6.996748E-001 -7.144615E-001  0.000000E+000  7.144615E-001  6.996748E-001  0.000000E+000  0.000000E+000  0.000000E+000  1.000000E+000
  8.000000E-001  5.000000E+000  0.000000E+000  5.000000E+000  7.033421E-001 -7.108515E-001  0.000000E+000  7.108515E-001  7.033421E-001  0.000000E+000  0.000000E+000  0.000000E+000  1.000000E+000
  8.050000E-001  5.000000E+000  0.000000E+000  5.000000E+000  7.069695E-001 -7.072440E-001  0.000000E+000  7.072440E-001  7.069695E-001  0.000000E+000  0.000000E+000  0.000000E+000  1.000000E+000
  8.100000E-001  5.000000E+000  0.000000E+000  5.000000E+000  7.105573E-001 -7.036393E-001  0.000000E+000  7.036393E-001  7.105573E-001  0.000000E+000  0.000000E+000  0.000000E+000  1.000000E+000
  8.150000E-001  5.000000E+000  0.000000E+000  5.000000E+000  7.141057E-001 -7.000379E-001  0.000000E+000  7.000379E-001  7.141057E-001  0.000000E+000  0.000000E+000  0.000000E+000  1.000000E+000
  8.200000E-001  5.000000E+000  0.000000E+000  5.000000E+000  7.176150E-001 -6.964401E-001  0.000000E+000  6.964401E-001  7.176150E-001  0.000000E+000  0.000000E+000  0.000000E+000  1.000000E+000
  8.250000E-001  5.000000E+000  0.000000E+000  5.000000E+000  7.210853E-001 -6.928463E-001  0.000000E+000  6.928463E-001  7.210853E-001  0.000000E+000  0.000000E+000  0.000000E+000  1.000000E+000
  8.300000E-001  5.000000E+000  0.000000E+000  5.000000E+000  7.245169E-001 -6.892570E-001  0.000000E+000  6.892570E-001  7.245169E-001  0.000000E+000  0.000000E+000  0.000000E+000  1.000000E+000
  8.350000E-001  5.000000E+000  0.000000E+000  5.000000E+000  7.279102E-001 -6.856725E-001  0.000000E+000  6.856725E-001  7.279102E-001  0.000000E+000  0.000000E+000  0.000000E+000  1.000000E+000
  8.400000E-001  5.000000E+000  0.000000E+000  5.000000E+000  7.312653E-001 -6.820931E-001  0.000000E+000  6.820931E-001  7.312653E-001  0.000000E+000  0.000000E+000  0.000000E+000  1.000000E+000
  8.450000E-001  5.000000E+000  0.000000E+000  5.000000E+000  7.345825E-001 -6.785193E-001  0.000000E+000  6.785193E-001  7.345825E-001  0.000000E+000  0.000000E+000  0.000000E+000  1.000000E+000
  8.500000E-001  5.000000E+000  0.000000E+000  5.000000E+000  7.378622E-001 -6.749514E-001  0.000000E+000  6.749514E-001  7.378622E-001  0.000000E+000  0.000000E+000  0.000000E+000  1.000000E+000
  8.550000E-001  5.000000E+000  0.000000E+000  5.000000E+000  7.411044E-001 -6.713898E-001  0.000000E+000  6.713898E-001  7.411044E-001  0.000000E+000  0.000000E+000  0.000000E+000  1.000000E+000
  8.600000E-001  5.000000E+000  0.000000E+000  5.000000E+000  7.443097E-001 -6.678346E-001  0.000000E+000  6.678346E-001  7.443097E-001  0.000000E+000  0.000000E+000  0.000000E+000  1.000000E+000
  8.650000E-001  5.000000E+000  0.000000E+000  5.000000E+000  7.474781E-001 -6.642864E-001  0.000000E+000  6.642864E-001  7.474781E-001  0.000000E+000  0.000000E+000  0.000000E+000  1.000000E+000
  8.700000E-001  5.000000E+000  0.000000E+000  5.000000E+000  7.506101E-001 -6.607454E-001  0.000000E+000  6.607454E-001  7.506101E-001  0.000000E+000  0.000000E+000  0.000000E+000  1.000000E+000
  8.750000E-001  5.000000E+000  0.000000E+000  5.000000E+000  7.537059E-001 -6.572119E-001  0.000000E+000  6.572119E-001  7.537059E-001  0.000000E+000  0.000000E+000  0.000000E+000  1.000000E+000
  8.800000E-001  5.000000E+000  0.000000E+000  5.000000E+000  7.567657E-001 -6.536862E-001  0.000000E+000  6.536862E-001  7.567657E-001  0.000000E+000  0.000000E+000  0.000000E+000  1.000000E+000
  8.850000E-001  5.000000E+000  0.000000E+000  5.000000E+000  7.597900E-001 -6.501686E-001  0.000000E+000  6.501686E-001  7.597900E-001  0.000000E+000  0.000000E+000  0.000000E+000  1.000000E+000
  8.900000E-001  5.000000E+000  0.000000E+000  5.000000E+000  7.627789E-001 -6.466594E-001  0.000000E+000  6.466594E-001  7.627789E-001  0.000000E+000  0.000000E+000  0.000000E+000  1.000000E+000
  8.950000E-001  5.000000E+000  0.000000E+000  5.000000E+000  7.657328E-001 -6.431589E-001  0.000000E+000  6.431589E-001  7.657328E-001  0.000000E+000  0.000000E+000  0.000000E+000  1.000000E+000
  9.000000E-001  5.000000E+000  0.000000E+000  5.000000E+000  7.686520E-001 -6.396672E-001  0.000000E+000  6.396672E-001  7.686520E-001  0.000000E+000  0.000000E+000  0.000000E+000  1.000000E+000
  9.050000E-001  5.000000E+000  0.000000E+000  5.000000E+000  7.715367E-001 -6.361848E-001  0.000000E+000  6.361848E-001  7.715367E-001  0.000000E+000  0.000000E+000  0.000000E+000  1.000000E+000
  9.100000E-001  5.000000E+000  0.000000E+000  5.000000E+000  7.743874E-001 -6.327118E-001  0.000000E+000  6.327118E-001  7.743874E-001  0.000000E+000  0.000000E+000  0.000000E+000  1.000000E+000
  9.150000E-001  5.000000E+000  0.000000E+000  5.000000E+000  7.772042E-001 -6.292484E-001  0.000000E+000  6.292484E-001  7.772042E-001  0.000000E+000  0.000000E+000  0.000000E+000  1.000000E+000
  9.200000E-001  5.000000E+000  0.000000E+000  5.000000E+000  7.799876E-001 -6.257950E-001  0.000000E+000  6.257950E-001  7.799876E-001  0.000000E+000  0.000000E+000  0.000000E+000  1.000000E+000
  9.250000E-001  5.000000E+000  0.000000E+000  5.000000E+000  7.827377E-001 -6.223517E-001  0.000000E+000  6.223517E-001  7.827377E-001  0.000000E+000  0.000000E+000  0.000000E+000  1.000000E+000
  9.300000E-001  5.000000E+000  0.000000E+000  5.000000E+000  7.854550E-001 -6.189187E-001  0.000000E+000  6.189187E-001  7.854550E-001  0.000000E+000  0.000000E+000  0.000000E+000  1.000000E+000
  9.350000E-001  5.000000E+000  0.000000E+000  5.000000E+000  7.881397E-001 -6.154963E-001  0.000000E+000  6.154963E-001  7.881397E-001  0.000000E+000  0.000000E+000  0.000000E+000  1.000000E+000
  9.400000E-001  5.000000E+000  0.000000E+000  5.000000E+000  7.907922E-001 -6.120847E-001  0.000000E+000  6.120847E-001  7.907922E-001  0.000000E+000  0.000000E+000  0.000000E+000  1.000000E+000
  9.450000E-001  5.000000E+000  0.000000E+000  5.000000E+000  7.934127E-001 -6.086841E-001  0.000000E+000  6.086841E-001  7.934127E-001  0.000000E+000  0.000000E+000  0.000000E+000  1.000000E+000
  9.500000E-001  5.000000E+000  0.000000E+000  5.000000E+000  7.960016E-001 -6.052946E-001  0.000000E+000  6.052946E-001  7.960016E-001  0.000000E+000  0.000000E+000  0.000000E+000  1.000000E+000
  9.550000E-001  5.000000E+000  0.000000E+000  5.000000E+000  7.985591E-001 -6.019164E-001  0.000000E+000  6.019164E-001  7.985591E-001  0.000000E+000  0.000000E+000  0.000000E+000  1.000000E+000
  9.600000E-001  5.000000E+000  0.000000E+000  5.000000E+000  8.010856E-001 -5.985497E-001  0.000000E+000  5.985497E-001  8.010856E-001  0.000000E+000  0.000000E+000  0.000000E+000  1.000000E+000
  9.650000E-001  5.000000E+000  0.000000E+000  5.000000E+000  8.035815E-001 -5.951948E-001  0.000000E+000  5.951948E-001  8.035815E-001  0.000000E+000  0.000000E+000  0.000000E+000  1.000000E+000
  9.700000E-001  5.000000E+000  0.000000E+000  5.000000E+000  8.060469E-001 -5.918517E-001  0.000000E+000  5.918517E-001  8.060469E-001  0.000000E+000  0.000000E+000  0.000000E+000  1.000000E+000
  9.750000E-001  5.000000E+000  0.000000E+000  5.000000E+000  8.084823E-001 -5.885205E-001  0.000000E+000  5.885205E-001  8.084823E-001  0.000000E+000  0.000000E+000  0.000000E+000  1.000000E+000
  9.800000E-001  5.000000E+000  0.000000E+000  5.000000E+000  8.108879E-001 -5.852016E-001  0.000000E+000  5.852016E-001  8.108879E-001  0.000000E+000  0.000000E+000  0.000000E+000  1.000000E+000
  9.850000E-001  5.000000E+000  0.000000E+000  5.000000E+000  8.132640E-001 -5.818949E-001  0.000000E+000  5.818949E-001  8.132640E-001  0.000000E+000  0.000000E+000  0.000000E+000  1.000000E+000
  9.900000E-001  5.000000E+000  0.000000E+000  5.000000E+000  8.156110E-001 -5.786007E-001  0.000000E+000  5.786007E-001  8.156110E-001  0.000000E+000  0.000000E+000  0.000000E+000  1.000000E+000
  9.950000E-001  5.000000E+000  0.000000E+000  5.000000E+000  8.179291E-001 -5.753190E-001  0.000000E+000  5.753190E-001  8.179291E-001  0.000000E+000  0.000000E+000  0.000000E+000  1.000000E+000
