% FILE: FixedCamera_FeedForward_Animation.5
%
%       t         P_No_Fo[1]     P_No_Fo[2]     P_No_Fo[3]      N_F[1,1]       N_F[1,2]       N_F[1,3]       N_F[2,1]       N_F[2,2]       N_F[2,3]       N_F[3,1]       N_F[3,2]       N_F[3,3]
%      (s)          (meter)        (meter)        (meter)       (NoUnits)      (NoUnits)      (NoUnits)      (NoUnits)      (NoUnits)      (NoUnits)      (NoUnits)      (NoUnits)      (NoUnits)

  0.000000E+000  5.000000E+000  0.000000E+000  4.390400E+000 -2.130934E-001 -9.767881E-001 -2.182258E-002  9.717060E-001 -2.142079E-001  9.951097E-002 -1.018757E-001  0.000000E+000  9.947971E-001
  5.000000E-003  5.000000E+000  0.000000E+000  4.390400E+000 -2.079049E-001 -9.779259E-001 -2.089310E-002  9.730250E-001 -2.089521E-001  9.778270E-002 -9.998989E-002  0.000000E+000  9.949885E-001
  1.000000E-002  5.000000E+000  0.000000E+000  4.390400E+000 -2.026788E-001 -9.790414E-001 -1.997917E-002  9.743191E-001 -2.036611E-001  9.604405E-002 -9.810009E-002  0.000000E+000  9.951766E-001
  1.500000E-002  5.000000E+000  0.000000E+000  4.390400E+000 -1.974151E-001 -9.801343E-001 -1.908112E-002  9.755878E-001 -1.983351E-001  9.429522E-002 -9.620643E-002  0.000000E+000  9.953614E-001
  2.000000E-002  5.000000E+000  0.000000E+000  4.390400E+000 -1.921142E-001 -9.812038E-001 -1.819922E-002  9.768306E-001 -1.929743E-001  9.253640E-002 -9.430905E-002  0.000000E+000  9.955430E-001
  2.500000E-002  5.000000E+000  0.000000E+000  4.390400E+000 -1.867762E-001 -9.822496E-001 -1.733380E-002  9.780467E-001 -1.875788E-001  9.076781E-002 -9.240809E-002  0.000000E+000  9.957212E-001
  3.000000E-002  5.000000E+000  0.000000E+000  4.390400E+000 -1.814012E-001 -9.832710E-001 -1.648513E-002  9.792358E-001 -1.821487E-001  8.898966E-002 -9.050370E-002  0.000000E+000  9.958961E-001
  3.500000E-002  5.000000E+000  0.000000E+000  4.390400E+000 -1.759894E-001 -9.842676E-001 -1.565352E-002  9.803971E-001 -1.766842E-001  8.720219E-002 -8.859602E-002  0.000000E+000  9.960676E-001
  4.000000E-002  5.000000E+000  0.000000E+000  4.390400E+000 -1.705412E-001 -9.852388E-001 -1.483926E-002  9.815301E-001 -1.711856E-001  8.540564E-002 -8.668522E-002  0.000000E+000  9.962358E-001
  4.500000E-002  5.000000E+000  0.000000E+000  4.390400E+000 -1.650567E-001 -9.861841E-001 -1.404264E-002  9.826343E-001 -1.656529E-001  8.360026E-002 -8.477145E-002  0.000000E+000  9.964004E-001
  5.000000E-002  5.000000E+000  0.000000E+000  4.390400E+000 -1.595361E-001 -9.871030E-001 -1.326395E-002  9.837089E-001 -1.600866E-001  8.178629E-002 -8.285487E-002  0.000000E+000  9.965616E-001
  5.500000E-002  5.000000E+000  0.000000E+000  4.390400E+000 -1.539799E-001 -9.879949E-001 -1.250348E-002  9.847536E-001 -1.544867E-001  7.996401E-002 -8.093565E-002  0.000000E+000  9.967193E-001
  6.000000E-002  5.000000E+000  0.000000E+000  4.390400E+000 -1.483881E-001 -9.888593E-001 -1.176151E-002  9.857676E-001 -1.488535E-001  7.813369E-002 -7.901397E-002  0.000000E+000  9.968735E-001
  6.500000E-002  5.000000E+000  0.000000E+000  4.390400E+000 -1.427612E-001 -9.896956E-001 -1.103831E-002  9.867504E-001 -1.431873E-001  7.629562E-002 -7.708999E-002  0.000000E+000  9.970241E-001
  7.000000E-002  5.000000E+000  0.000000E+000  4.390400E+000 -1.370995E-001 -9.905034E-001 -1.033417E-002  9.877014E-001 -1.374884E-001  7.445009E-002 -7.516389E-002  0.000000E+000  9.971712E-001
  7.500000E-002  5.000000E+000  0.000000E+000  4.390400E+000 -1.314033E-001 -9.912820E-001 -9.649346E-003  9.886201E-001 -1.317571E-001  7.259740E-002 -7.323587E-002  0.000000E+000  9.973146E-001
  8.000000E-002  5.000000E+000  0.000000E+000  4.390400E+000 -1.256729E-001 -9.920311E-001 -8.984115E-003  9.895058E-001 -1.259936E-001  7.073787E-002 -7.130610E-002  0.000000E+000  9.974545E-001
  8.500000E-002  5.000000E+000  0.000000E+000  4.390400E+000 -1.199088E-001 -9.927499E-001 -8.338735E-003  9.903580E-001 -1.201984E-001  6.887182E-002 -6.937479E-002  0.000000E+000  9.975907E-001
  9.000000E-002  5.000000E+000  0.000000E+000  4.390400E+000 -1.141112E-001 -9.934380E-001 -7.713464E-003  9.911762E-001 -1.143716E-001  6.699957E-002 -6.744212E-002  0.000000E+000  9.977232E-001
  9.500000E-002  5.000000E+000  0.000000E+000  4.390400E+000 -1.082807E-001 -9.940949E-001 -7.108551E-003  9.919597E-001 -1.085137E-001  6.512147E-002 -6.550830E-002  0.000000E+000  9.978520E-001
  1.000000E-001  5.000000E+000  0.000000E+000  4.390400E+000 -1.024175E-001 -9.947201E-001 -6.524243E-003  9.927079E-001 -1.026251E-001  6.323788E-002 -6.357354E-002  0.000000E+000  9.979772E-001
  1.050000E-001  5.000000E+000  0.000000E+000  4.390400E+000 -9.652228E-002 -9.953130E-001 -5.960777E-003  9.934205E-001 -9.670616E-002  6.134913E-002 -6.163803E-002  0.000000E+000  9.980986E-001
  1.100000E-001  5.000000E+000  0.000000E+000  4.390400E+000 -9.059534E-002 -9.958730E-001 -5.418388E-003  9.940967E-001 -9.075723E-002  5.945561E-002 -5.970200E-002  0.000000E+000  9.982162E-001
  1.150000E-001  5.000000E+000  0.000000E+000  4.390400E+000 -8.463719E-002 -9.963998E-001 -4.897300E-003  9.947360E-001 -8.477875E-002  5.755769E-002 -5.776566E-002  0.000000E+000  9.983302E-001
  1.200000E-001  5.000000E+000  0.000000E+000  4.390400E+000 -7.864831E-002 -9.968927E-001 -4.397733E-003  9.953379E-001 -7.877117E-002  5.565575E-002 -5.582923E-002  0.000000E+000  9.984403E-001
  1.250000E-001  5.000000E+000  0.000000E+000  4.390400E+000 -7.262922E-002 -9.973513E-001 -3.919898E-003  9.959019E-001 -7.273492E-002  5.375018E-002 -5.389293E-002  0.000000E+000  9.985467E-001
  1.300000E-001  5.000000E+000  0.000000E+000  4.390400E+000 -6.658043E-002 -9.977750E-001 -3.463998E-003  9.964274E-001 -6.667048E-002  5.184139E-002 -5.195700E-002  0.000000E+000  9.986493E-001
  1.350000E-001  5.000000E+000  0.000000E+000  4.390400E+000 -6.050249E-002 -9.981634E-001 -3.030228E-003  9.969139E-001 -6.057832E-002  4.992979E-002 -5.002166E-002  0.000000E+000  9.987481E-001
  1.400000E-001  5.000000E+000  0.000000E+000  4.390400E+000 -5.439594E-002 -9.985160E-001 -2.618775E-003  9.973609E-001 -5.445894E-002  4.801579E-002 -4.808715E-002  0.000000E+000  9.988431E-001
  1.450000E-001  5.000000E+000  0.000000E+000  4.390400E+000 -4.826137E-002 -9.988323E-001 -2.229817E-003  9.977678E-001 -4.831285E-002  4.609981E-002 -4.615371E-002  0.000000E+000  9.989343E-001
  1.500000E-001  5.000000E+000  0.000000E+000  4.390400E+000 -4.209936E-002 -9.991117E-001 -1.863523E-003  9.981343E-001 -4.214059E-002  4.418229E-002 -4.422158E-002  0.000000E+000  9.990217E-001
  1.550000E-001  5.000000E+000  0.000000E+000  4.390400E+000 -3.591053E-002 -9.993539E-001 -1.520052E-003  9.984598E-001 -3.594269E-002  4.226368E-002 -4.229100E-002  0.000000E+000  9.991053E-001
  1.600000E-001  5.000000E+000  0.000000E+000  4.390400E+000 -2.969550E-002 -9.995583E-001 -1.199554E-003  9.987437E-001 -2.971971E-002  4.034441E-002 -4.036224E-002  0.000000E+000  9.991851E-001
  1.650000E-001  5.000000E+000  0.000000E+000  4.390400E+000 -2.345490E-002 -9.997245E-001 -9.021680E-004  9.989858E-001 -2.347224E-002  3.842494E-002 -3.843553E-002  0.000000E+000  9.992611E-001
  1.700000E-001  5.000000E+000  0.000000E+000  4.390400E+000 -1.718940E-002 -9.998521E-001 -6.280230E-004  9.991854E-001 -1.720086E-002  3.650573E-002 -3.651113E-002  0.000000E+000  9.993332E-001
  1.750000E-001  5.000000E+000  0.000000E+000  4.390400E+000 -1.089966E-002 -9.999405E-001 -3.772374E-004  9.993422E-001 -1.090619E-002  3.458724E-002 -3.458930E-002  0.000000E+000  9.994016E-001
  1.800000E-001  5.000000E+000  0.000000E+000  4.390400E+000 -4.586383E-003 -9.999895E-001 -1.499186E-004  9.994557E-001 -4.588833E-003  3.266996E-002 -3.267030E-002  0.000000E+000  9.994662E-001
  1.850000E-001  5.000000E+000  0.000000E+000  4.390400E+000  1.749732E-003 -9.999985E-001  5.383744E-005  9.995254E-001  1.750560E-003  3.075435E-002 -3.075440E-002  0.000000E+000  9.995270E-001
  1.900000E-001  5.000000E+000  0.000000E+000  4.390400E+000  8.107965E-003 -9.999671E-001  2.339461E-004  9.995511E-001  8.111340E-003  2.884091E-002 -2.884186E-002  0.000000E+000  9.995840E-001
  1.950000E-001  5.000000E+000  0.000000E+000  4.390400E+000  1.448758E-002 -9.998950E-001  3.903348E-004  9.995323E-001  1.449284E-002  2.693011E-002 -2.693294E-002  0.000000E+000  9.996372E-001
  2.000000E-001  5.000000E+000  0.000000E+000  4.390400E+000  2.088783E-002 -9.997817E-001  5.229428E-004  9.994685E-001  2.089437E-002  2.502246E-002 -2.502793E-002  0.000000E+000  9.996868E-001
  2.050000E-001  5.000000E+000  0.000000E+000  4.390400E+000  2.730794E-002 -9.996269E-001  6.317219E-004  9.993595E-001  2.731525E-002  2.311845E-002 -2.312708E-002  0.000000E+000  9.997325E-001
  2.100000E-001  5.000000E+000  0.000000E+000  4.390400E+000  3.374714E-002 -9.994301E-001  7.166363E-004  9.992049E-001  3.375475E-002  2.121858E-002 -2.123068E-002  0.000000E+000  9.997746E-001
  2.150000E-001  5.000000E+000  0.000000E+000  4.390400E+000  4.020464E-002 -9.991912E-001  7.776630E-004  9.990043E-001  4.021216E-002  1.932336E-002 -1.933900E-002  0.000000E+000  9.998130E-001
  2.200000E-001  5.000000E+000  0.000000E+000  4.390400E+000  4.667963E-002 -9.989096E-001  8.147919E-004  9.987574E-001  4.668674E-002  1.743329E-002 -1.745232E-002  0.000000E+000  9.998477E-001
  2.250000E-001  5.000000E+000  0.000000E+000  4.390400E+000  5.317128E-002 -9.985851E-001  8.280260E-004  9.984640E-001  5.317773E-002  1.554888E-002 -1.557092E-002  0.000000E+000  9.998788E-001
  2.300000E-001  5.000000E+000  0.000000E+000  4.390400E+000  5.967878E-002 -9.982173E-001  8.173819E-004  9.981237E-001  5.968438E-002  1.367066E-002 -1.369507E-002  0.000000E+000  9.999062E-001
  2.350000E-001  5.000000E+000  0.000000E+000  4.390400E+000  6.620127E-002 -9.978060E-001  7.828893E-004  9.977362E-001  6.620590E-002  1.179912E-002 -1.182507E-002  0.000000E+000  9.999301E-001
  2.400000E-001  5.000000E+000  0.000000E+000  4.390400E+000  7.273789E-002 -9.973508E-001  7.245917E-004  9.973013E-001  7.274150E-002  9.934798E-003 -9.961187E-003  0.000000E+000  9.999504E-001
  2.450000E-001  5.000000E+000  0.000000E+000  4.390400E+000  7.928779E-002 -9.968516E-001  6.425465E-004  9.968188E-001  7.929040E-002  8.078198E-003 -8.103712E-003  0.000000E+000  9.999672E-001
  2.500000E-001  5.000000E+000  0.000000E+000  4.390400E+000  8.585008E-002 -9.963079E-001  5.368247E-004  9.962884E-001  8.585176E-002  6.229840E-003 -6.252926E-003  0.000000E+000  9.999805E-001
  2.550000E-001  5.000000E+000  0.000000E+000  4.390400E+000  9.242388E-002 -9.957197E-001  4.075113E-004  9.957100E-001  9.242478E-002  4.390241E-003 -4.409113E-003  0.000000E+000  9.999903E-001
  2.600000E-001  5.000000E+000  0.000000E+000  4.390400E+000  9.900829E-002 -9.950866E-001  2.547055E-004  9.950833E-001  9.900862E-002  2.559919E-003 -2.572559E-003  0.000000E+000  9.999967E-001
  2.650000E-001  5.000000E+000  0.000000E+000  4.390400E+000  1.056024E-001 -9.944084E-001  7.852029E-005  9.944082E-001  1.056024E-001  7.393887E-004 -7.435463E-004  0.000000E+000  9.999997E-001
  2.700000E-001  5.000000E+000  0.000000E+000  4.390400E+000  1.122053E-001 -9.936850E-001 -1.209170E-004  9.936845E-001  1.122054E-001 -1.070835E-003  1.077640E-003  0.000000E+000  9.999994E-001
  2.750000E-001  5.000000E+000  0.000000E+000  4.390400E+000  1.188161E-001 -9.929162E-001 -3.434650E-004  9.929121E-001  1.188165E-001 -2.870240E-003  2.890717E-003  0.000000E+000  9.999958E-001
  2.800000E-001  5.000000E+000  0.000000E+000  4.390400E+000  1.254337E-001 -9.921018E-001 -5.889683E-004  9.920909E-001  1.254351E-001 -4.658316E-003  4.695401E-003  0.000000E+000  9.999890E-001
  2.850000E-001  5.000000E+000  0.000000E+000  4.390400E+000  1.320574E-001 -9.912417E-001 -8.572571E-004  9.912208E-001  1.320602E-001 -6.434557E-003  6.491411E-003  0.000000E+000  9.999789E-001
  2.900000E-001  5.000000E+000  0.000000E+000  4.390400E+000  1.386862E-001 -9.903357E-001 -1.148148E-003  9.903018E-001  1.386909E-001 -8.198459E-003  8.278464E-003  0.000000E+000  9.999657E-001
  2.950000E-001  5.000000E+000  0.000000E+000  4.390400E+000  1.453190E-001 -9.893838E-001 -1.461443E-003  9.893337E-001  1.453264E-001 -9.949522E-003  1.005628E-002  0.000000E+000  9.999494E-001
  3.000000E-001  5.000000E+000  0.000000E+000  4.390400E+000  1.519550E-001 -9.883858E-001 -1.796931E-003  9.883167E-001  1.519657E-001 -1.168725E-002  1.182459E-002  0.000000E+000  9.999301E-001
  3.050000E-001  5.000000E+000  0.000000E+000  4.390400E+000  1.585932E-001 -9.873417E-001 -2.154386E-003  9.872506E-001  1.586079E-001 -1.341116E-002  1.358310E-002  0.000000E+000  9.999077E-001
  3.100000E-001  5.000000E+000  0.000000E+000  4.390400E+000  1.652327E-001 -9.862514E-001 -2.533569E-003  9.861354E-001  1.652521E-001 -1.512076E-002  1.533154E-002  0.000000E+000  9.998825E-001
  3.150000E-001  5.000000E+000  0.000000E+000  4.390400E+000  1.718724E-001 -9.851149E-001 -2.934228E-003  9.849713E-001  1.718974E-001 -1.681557E-002  1.706965E-002  0.000000E+000  9.998543E-001
  3.200000E-001  5.000000E+000  0.000000E+000  4.390400E+000  1.785114E-001 -9.839321E-001 -3.356097E-003  9.837583E-001  1.785429E-001 -1.849512E-002  1.879715E-002  0.000000E+000  9.998233E-001
  3.250000E-001  5.000000E+000  0.000000E+000  4.390400E+000  1.851487E-001 -9.827032E-001 -3.798896E-003  9.824964E-001  1.851877E-001 -2.015894E-002  2.051376E-002  0.000000E+000  9.997896E-001
  3.300000E-001  5.000000E+000  0.000000E+000  4.390400E+000  1.917834E-001 -9.814280E-001 -4.262333E-003  9.811857E-001  1.918307E-001 -2.180658E-002  2.221924E-002  0.000000E+000  9.997531E-001
  3.350000E-001  5.000000E+000  0.000000E+000  4.390400E+000  1.984145E-001 -9.801067E-001 -4.746103E-003  9.798264E-001  1.984712E-001 -2.343759E-002  2.391330E-002  0.000000E+000  9.997140E-001
  3.400000E-001  5.000000E+000  0.000000E+000  4.390400E+000  2.050410E-001 -9.787393E-001 -5.249888E-003  9.784186E-001  2.051082E-001 -2.505152E-002  2.559570E-002  0.000000E+000  9.996724E-001
  3.450000E-001  5.000000E+000  0.000000E+000  4.390400E+000  2.116620E-001 -9.773259E-001 -5.773359E-003  9.769625E-001  2.117407E-001 -2.664794E-002  2.726617E-002  0.000000E+000  9.996282E-001
  3.500000E-001  5.000000E+000  0.000000E+000  4.390400E+000  2.182765E-001 -9.758665E-001 -6.316174E-003  9.754582E-001  2.183679E-001 -2.822642E-002  2.892447E-002  0.000000E+000  9.995816E-001
  3.550000E-001  5.000000E+000  0.000000E+000  4.390400E+000  2.248835E-001 -9.743614E-001 -6.877980E-003  9.739060E-001  2.249887E-001 -2.978655E-002  3.057034E-002  0.000000E+000  9.995326E-001
  3.600000E-001  5.000000E+000  0.000000E+000  4.390400E+000  2.314821E-001 -9.728106E-001 -7.458411E-003  9.723060E-001  2.316023E-001 -3.132793E-002  3.220353E-002  0.000000E+000  9.994813E-001
  3.650000E-001  5.000000E+000  0.000000E+000  4.390400E+000  2.380714E-001 -9.712142E-001 -8.057091E-003  9.706585E-001  2.382077E-001 -3.285016E-002  3.382381E-002  0.000000E+000  9.994278E-001
  3.700000E-001  5.000000E+000  0.000000E+000  4.390400E+000  2.446503E-001 -9.695726E-001 -8.673633E-003  9.689638E-001  2.448040E-001 -3.435286E-002  3.543093E-002  0.000000E+000  9.993721E-001
  3.750000E-001  5.000000E+000  0.000000E+000  4.390400E+000  2.512179E-001 -9.678858E-001 -9.307642E-003  9.672222E-001  2.513903E-001 -3.583565E-002  3.702467E-002  0.000000E+000  9.993144E-001
  3.800000E-001  5.000000E+000  0.000000E+000  4.390400E+000  2.577734E-001 -9.661541E-001 -9.958708E-003  9.654339E-001  2.579657E-001 -3.729817E-002  3.860478E-002  0.000000E+000  9.992546E-001
  3.850000E-001  5.000000E+000  0.000000E+000  4.390400E+000  2.643156E-001 -9.643777E-001 -1.062642E-002  9.635993E-001  2.645292E-001 -3.874007E-002  4.017106E-002  0.000000E+000  9.991928E-001
  3.900000E-001  5.000000E+000  0.000000E+000  4.390400E+000  2.708439E-001 -9.625568E-001 -1.131034E-002  9.617187E-001  2.710799E-001 -4.016102E-002  4.172327E-002  0.000000E+000  9.991292E-001
  3.950000E-001  5.000000E+000  0.000000E+000  4.390400E+000  2.773571E-001 -9.606918E-001 -1.201005E-002  9.597924E-001  2.776170E-001 -4.156068E-002  4.326120E-002  0.000000E+000  9.990638E-001
  4.000000E-001  5.000000E+000  0.000000E+000  4.390400E+000  2.838545E-001 -9.587829E-001 -1.272509E-002  9.578210E-001  2.841396E-001 -4.293875E-002  4.478464E-002  0.000000E+000  9.989967E-001
  4.050000E-001  5.000000E+000  0.000000E+000  4.390400E+000  2.903350E-001 -9.568305E-001 -1.345502E-002  9.558046E-001  2.906466E-001 -4.429493E-002  4.629339E-002  0.000000E+000  9.989279E-001
  4.100000E-001  5.000000E+000  0.000000E+000  4.390400E+000  2.967979E-001 -9.548347E-001 -1.419938E-002  9.537439E-001  2.971374E-001 -4.562892E-002  4.778724E-002  0.000000E+000  9.988575E-001
  4.150000E-001  5.000000E+000  0.000000E+000  4.390400E+000  3.032423E-001 -9.527961E-001 -1.495770E-002  9.516391E-001  3.036109E-001 -4.694046E-002  4.926601E-002  0.000000E+000  9.987857E-001
  4.200000E-001  5.000000E+000  0.000000E+000  4.390400E+000  3.096672E-001 -9.507149E-001 -1.572951E-002  9.494908E-001  3.100664E-001 -4.822929E-002  5.072949E-002  0.000000E+000  9.987124E-001
  4.250000E-001  5.000000E+000  0.000000E+000  4.390400E+000  3.160718E-001 -9.485915E-001 -1.651434E-002  9.472994E-001  3.165030E-001 -4.949515E-002  5.217752E-002  0.000000E+000  9.986378E-001
  4.300000E-001  5.000000E+000  0.000000E+000  4.390400E+000  3.224553E-001 -9.464264E-001 -1.731169E-002  9.450654E-001  3.229197E-001 -5.073782E-002  5.360990E-002  0.000000E+000  9.985620E-001
  4.350000E-001  5.000000E+000  0.000000E+000  4.390400E+000  3.288169E-001 -9.442198E-001 -1.812109E-002  9.427892E-001  3.293158E-001 -5.195708E-002  5.502647E-002  0.000000E+000  9.984849E-001
  4.400000E-001  5.000000E+000  0.000000E+000  4.390400E+000  3.351557E-001 -9.419723E-001 -1.894203E-002  9.404715E-001  3.356905E-001 -5.315273E-002  5.642706E-002  0.000000E+000  9.984067E-001
  4.450000E-001  5.000000E+000  0.000000E+000  4.390400E+000  3.414709E-001 -9.396843E-001 -1.977402E-002  9.381127E-001  3.420430E-001 -5.432457E-002  5.781151E-002  0.000000E+000  9.983275E-001
  4.500000E-001  5.000000E+000  0.000000E+000  4.390400E+000  3.477618E-001 -9.373562E-001 -2.061656E-002  9.357134E-001  3.483723E-001 -5.547243E-002  5.917967E-002  0.000000E+000  9.982473E-001
  4.550000E-001  5.000000E+000  0.000000E+000  4.390400E+000  3.540275E-001 -9.349886E-001 -2.146914E-002  9.332741E-001  3.546779E-001 -5.659615E-002  6.053139E-002  0.000000E+000  9.981663E-001
  4.600000E-001  5.000000E+000  0.000000E+000  4.390400E+000  3.602673E-001 -9.325818E-001 -2.233126E-002  9.307954E-001  3.609587E-001 -5.769559E-002  6.186652E-002  0.000000E+000  9.980844E-001
  4.650000E-001  5.000000E+000  0.000000E+000  4.390400E+000  3.664805E-001 -9.301364E-001 -2.320241E-002  9.282778E-001  3.672142E-001 -5.877060E-002  6.318493E-002  0.000000E+000  9.980018E-001
  4.700000E-001  5.000000E+000  0.000000E+000  4.390400E+000  3.726663E-001 -9.276529E-001 -2.408206E-002  9.257221E-001  3.734435E-001 -5.982108E-002  6.448649E-002  0.000000E+000  9.979186E-001
  4.750000E-001  5.000000E+000  0.000000E+000  4.390400E+000  3.788240E-001 -9.251318E-001 -2.496973E-002  9.231287E-001  3.796460E-001 -6.084692E-002  6.577108E-002  0.000000E+000  9.978347E-001
  4.800000E-001  5.000000E+000  0.000000E+000  4.390400E+000  3.849529E-001 -9.225737E-001 -2.586488E-002  9.204983E-001  3.858208E-001 -6.184803E-002  6.703858E-002  0.000000E+000  9.977504E-001
  4.850000E-001  5.000000E+000  0.000000E+000  4.390400E+000  3.910523E-001 -9.199791E-001 -2.676701E-002  9.178315E-001  3.919673E-001 -6.282434E-002  6.828888E-002  0.000000E+000  9.976656E-001
  4.900000E-001  5.000000E+000  0.000000E+000  4.390400E+000  3.971216E-001 -9.173486E-001 -2.767560E-002  9.151290E-001  3.980848E-001 -6.377579E-002  6.952187E-002  0.000000E+000  9.975804E-001
  4.950000E-001  5.000000E+000  0.000000E+000  4.390400E+000  4.031601E-001 -9.146827E-001 -2.859014E-002  9.123914E-001  4.041726E-001 -6.470233E-002  7.073745E-002  0.000000E+000  9.974950E-001
  5.000000E-001  5.000000E+000  0.000000E+000  4.390400E+000  4.091672E-001 -9.119821E-001 -2.951012E-002  9.096194E-001  4.102300E-001 -6.560393E-002  7.193554E-002  0.000000E+000  9.974093E-001
  5.050000E-001  5.000000E+000  0.000000E+000  4.390400E+000  4.151423E-001 -9.092472E-001 -3.043503E-002  9.068136E-001  4.162565E-001 -6.648057E-002  7.311605E-002  0.000000E+000  9.973234E-001
  5.100000E-001  5.000000E+000  0.000000E+000  4.390400E+000  4.210848E-001 -9.064788E-001 -3.136436E-002  9.039747E-001  4.222513E-001 -6.733225E-002  7.427890E-002  0.000000E+000  9.972375E-001
  5.150000E-001  5.000000E+000  0.000000E+000  4.390400E+000  4.269941E-001 -9.036774E-001 -3.229761E-002  9.011033E-001  4.282139E-001 -6.815898E-002  7.542402E-002  0.000000E+000  9.971516E-001
  5.200000E-001  5.000000E+000  0.000000E+000  4.390400E+000  4.328697E-001 -9.008437E-001 -3.323427E-002  8.982003E-001  4.341436E-001 -6.896078E-002  7.655133E-002  0.000000E+000  9.970656E-001
  5.250000E-001  5.000000E+000  0.000000E+000  4.390400E+000  4.387109E-001 -8.979782E-001 -3.417385E-002  8.952662E-001  4.400399E-001 -6.973770E-002  7.766079E-002  0.000000E+000  9.969798E-001
  5.300000E-001  5.000000E+000  0.000000E+000  4.390400E+000  4.445174E-001 -8.950817E-001 -3.511584E-002  8.923017E-001  4.459022E-001 -7.048976E-002  7.875233E-002  0.000000E+000  9.968942E-001
  5.350000E-001  5.000000E+000  0.000000E+000  4.390400E+000  4.502885E-001 -8.921547E-001 -3.605976E-002  8.893076E-001  4.517301E-001 -7.121705E-002  7.982591E-002  0.000000E+000  9.968088E-001
  5.400000E-001  5.000000E+000  0.000000E+000  4.390400E+000  4.560239E-001 -8.891979E-001 -3.700512E-002  8.862846E-001  4.575228E-001 -7.191964E-002  8.088148E-002  0.000000E+000  9.967237E-001
  5.450000E-001  5.000000E+000  0.000000E+000  4.390400E+000  4.617230E-001 -8.862119E-001 -3.795144E-002  8.832334E-001  4.632801E-001 -7.259761E-002  8.191901E-002  0.000000E+000  9.966390E-001
  5.500000E-001  5.000000E+000  0.000000E+000  4.390400E+000  4.673854E-001 -8.831975E-001 -3.889825E-002  8.801546E-001  4.690012E-001 -7.325105E-002  8.293847E-002  0.000000E+000  9.965547E-001
  5.550000E-001  5.000000E+000  0.000000E+000  4.390400E+000  4.730106E-001 -8.801553E-001 -3.984506E-002  8.770491E-001  4.746859E-001 -7.388010E-002  8.393984E-002  0.000000E+000  9.964708E-001
  5.600000E-001  5.000000E+000  0.000000E+000  4.390400E+000  4.785984E-001 -8.770859E-001 -4.079142E-002  8.739174E-001  4.803336E-001 -7.448485E-002  8.492310E-002  0.000000E+000  9.963875E-001
  5.650000E-001  5.000000E+000  0.000000E+000  4.390400E+000  4.841482E-001 -8.739900E-001 -4.173686E-002  8.707604E-001  4.859439E-001 -7.506546E-002  8.588823E-002  0.000000E+000  9.963048E-001
  5.700000E-001  5.000000E+000  0.000000E+000  4.390400E+000  4.896597E-001 -8.708684E-001 -4.268093E-002  8.675788E-001  4.915163E-001 -7.562206E-002  8.683523E-002  0.000000E+000  9.962227E-001
  5.750000E-001  5.000000E+000  0.000000E+000  4.390400E+000  4.951326E-001 -8.677216E-001 -4.362319E-002  8.643733E-001  4.970505E-001 -7.615481E-002  8.776410E-002  0.000000E+000  9.961413E-001
  5.800000E-001  5.000000E+000  0.000000E+000  4.390400E+000  5.005664E-001 -8.645504E-001 -4.456320E-002  8.611446E-001  5.025462E-001 -7.666387E-002  8.867485E-002  0.000000E+000  9.960606E-001
  5.850000E-001  5.000000E+000  0.000000E+000  4.390400E+000  5.059610E-001 -8.613554E-001 -4.550053E-002  8.578934E-001  5.080028E-001 -7.714942E-002  8.956747E-002  0.000000E+000  9.959808E-001
  5.900000E-001  5.000000E+000  0.000000E+000  4.390400E+000  5.113160E-001 -8.581374E-001 -4.643474E-002  8.546205E-001  5.134202E-001 -7.761165E-002  9.044199E-002  0.000000E+000  9.959017E-001
  5.950000E-001  5.000000E+000  0.000000E+000  4.390400E+000  5.166311E-001 -8.548969E-001 -4.736543E-002  8.513265E-001  5.187979E-001 -7.805075E-002  9.129843E-002  0.000000E+000  9.958236E-001
  6.000000E-001  5.000000E+000  0.000000E+000  4.390400E+000  5.219061E-001 -8.516348E-001 -4.829219E-002  8.480123E-001  5.241356E-001 -7.846693E-002  9.213682E-002  0.000000E+000  9.957464E-001
  6.050000E-001  5.000000E+000  0.000000E+000  4.390400E+000  5.271407E-001 -8.483517E-001 -4.921461E-002  8.446784E-001  5.294331E-001 -7.886038E-002  9.295718E-002  0.000000E+000  9.956701E-001
  6.100000E-001  5.000000E+000  0.000000E+000  4.390400E+000  5.323347E-001 -8.450482E-001 -5.013230E-002  8.413257E-001  5.346901E-001 -7.923135E-002  9.375955E-002  0.000000E+000  9.955949E-001
  6.150000E-001  5.000000E+000  0.000000E+000  4.390400E+000  5.374879E-001 -8.417251E-001 -5.104489E-002  8.379548E-001  5.399063E-001 -7.958004E-002  9.454398E-002  0.000000E+000  9.955207E-001
  6.200000E-001  5.000000E+000  0.000000E+000  4.390400E+000  5.426000E-001 -8.383831E-001 -5.195199E-002  8.345664E-001  5.450815E-001 -7.990671E-002  9.531050E-002  0.000000E+000  9.954476E-001
  6.250000E-001  5.000000E+000  0.000000E+000  4.390400E+000  5.476710E-001 -8.350227E-001 -5.285323E-002  8.311613E-001  5.502154E-001 -8.021159E-002  9.605916E-002  0.000000E+000  9.953756E-001
  6.300000E-001  5.000000E+000  0.000000E+000  4.390400E+000  5.527007E-001 -8.316448E-001 -5.374827E-002  8.277401E-001  5.553080E-001 -8.049493E-002  9.679003E-002  0.000000E+000  9.953048E-001
  6.350000E-001  5.000000E+000  0.000000E+000  4.390400E+000  5.576889E-001 -8.282499E-001 -5.463676E-002  8.243035E-001  5.603588E-001 -8.075698E-002  9.750316E-002  0.000000E+000  9.952352E-001
  6.400000E-001  5.000000E+000  0.000000E+000  4.390400E+000  5.626354E-001 -8.248388E-001 -5.551834E-002  8.208523E-001  5.653679E-001 -8.099802E-002  9.819861E-002  0.000000E+000  9.951668E-001
  6.450000E-001  5.000000E+000  0.000000E+000  4.390400E+000  5.675403E-001 -8.214121E-001 -5.639270E-002  8.173870E-001  5.703351E-001 -8.121831E-002  9.887644E-002  0.000000E+000  9.950997E-001
  6.500000E-001  5.000000E+000  0.000000E+000  4.390400E+000  5.724033E-001 -8.179705E-001 -5.725952E-002  8.139084E-001  5.752601E-001 -8.141812E-002  9.953674E-002  0.000000E+000  9.950339E-001
  6.550000E-001  5.000000E+000  0.000000E+000  4.390400E+000  5.772245E-001 -8.145147E-001 -5.811847E-002  8.104172E-001  5.801429E-001 -8.159773E-002  1.001796E-001  0.000000E+000  9.949694E-001
  6.600000E-001  5.000000E+000  0.000000E+000  4.390400E+000  5.820037E-001 -8.110452E-001 -5.896927E-002  8.069139E-001  5.849834E-001 -8.175743E-002  1.008050E-001  0.000000E+000  9.949062E-001
  6.650000E-001  5.000000E+000  0.000000E+000  4.390400E+000  5.867409E-001 -8.075628E-001 -5.981161E-002  8.033994E-001  5.897815E-001 -8.189750E-002  1.014132E-001  0.000000E+000  9.948444E-001
  6.700000E-001  5.000000E+000  0.000000E+000  4.390400E+000  5.914360E-001 -8.040682E-001 -6.064521E-002  7.998741E-001  5.945371E-001 -8.201823E-002  1.020041E-001  0.000000E+000  9.947840E-001
  6.750000E-001  5.000000E+000  0.000000E+000  4.390400E+000  5.960891E-001 -8.005618E-001 -6.146981E-002  7.963388E-001  5.992502E-001 -8.211993E-002  1.025779E-001  0.000000E+000  9.947250E-001
  6.800000E-001  5.000000E+000  0.000000E+000  4.390400E+000  6.007002E-001 -7.970444E-001 -6.228513E-002  7.927941E-001  6.039207E-001 -8.220288E-002  1.031346E-001  0.000000E+000  9.946674E-001
  6.850000E-001  5.000000E+000  0.000000E+000  4.390400E+000  6.052692E-001 -7.935167E-001 -6.309093E-002  7.892407E-001  6.085485E-001 -8.226740E-002  1.036744E-001  0.000000E+000  9.946113E-001
  6.900000E-001  5.000000E+000  0.000000E+000  4.390400E+000  6.097962E-001 -7.899792E-001 -6.388694E-002  7.856790E-001  6.131337E-001 -8.231378E-002  1.041974E-001  0.000000E+000  9.945566E-001
  6.950000E-001  5.000000E+000  0.000000E+000  4.390400E+000  6.142811E-001 -7.864325E-001 -6.467295E-002  7.821099E-001  6.176762E-001 -8.234235E-002  1.047036E-001  0.000000E+000  9.945035E-001
  7.000000E-001  5.000000E+000  0.000000E+000  4.390400E+000  6.187242E-001 -7.828773E-001 -6.544872E-002  7.785337E-001  6.221761E-001 -8.235339E-002  1.051932E-001  0.000000E+000  9.944518E-001
  7.050000E-001  5.000000E+000  0.000000E+000  4.390400E+000  6.231253E-001 -7.793142E-001 -6.621403E-002  7.749513E-001  6.266334E-001 -8.234723E-002  1.056663E-001  0.000000E+000  9.944016E-001
  7.100000E-001  5.000000E+000  0.000000E+000  4.390400E+000  6.274846E-001 -7.757437E-001 -6.696867E-002  7.713631E-001  6.310481E-001 -8.232419E-002  1.061229E-001  0.000000E+000  9.943530E-001
  7.150000E-001  5.000000E+000  0.000000E+000  4.390400E+000  6.318022E-001 -7.721665E-001 -6.771245E-002  7.677697E-001  6.354203E-001 -8.228457E-002  1.065633E-001  0.000000E+000  9.943059E-001
  7.200000E-001  5.000000E+000  0.000000E+000  4.390400E+000  6.360781E-001 -7.685831E-001 -6.844518E-002  7.641717E-001  6.397500E-001 -8.222869E-002  1.069874E-001  0.000000E+000  9.942604E-001
  7.250000E-001  5.000000E+000  0.000000E+000  4.390400E+000  6.403125E-001 -7.649941E-001 -6.916667E-002  7.605696E-001  6.440373E-001 -8.215687E-002  1.073954E-001  0.000000E+000  9.942164E-001
  7.300000E-001  5.000000E+000  0.000000E+000  4.390400E+000  6.445054E-001 -7.614000E-001 -6.987674E-002  7.569641E-001  6.482823E-001 -8.206942E-002  1.077875E-001  0.000000E+000  9.941740E-001
  7.350000E-001  5.000000E+000  0.000000E+000  4.390400E+000  6.486570E-001 -7.578015E-001 -7.057525E-002  7.533556E-001  6.524851E-001 -8.196667E-002  1.081638E-001  0.000000E+000  9.941331E-001
  7.400000E-001  5.000000E+000  0.000000E+000  4.390400E+000  6.527675E-001 -7.541991E-001 -7.126202E-002  7.497447E-001  6.566458E-001 -8.184892E-002  1.085243E-001  0.000000E+000  9.940938E-001
  7.450000E-001  5.000000E+000  0.000000E+000  4.390400E+000  6.568370E-001 -7.505933E-001 -7.193692E-002  7.461318E-001  6.607645E-001 -8.171651E-002  1.088692E-001  0.000000E+000  9.940561E-001
  7.500000E-001  5.000000E+000  0.000000E+000  4.390400E+000  6.608655E-001 -7.469846E-001 -7.259980E-002  7.425176E-001  6.648413E-001 -8.156974E-002  1.091987E-001  0.000000E+000  9.940199E-001
  7.550000E-001  5.000000E+000  0.000000E+000  4.390400E+000  6.648534E-001 -7.433736E-001 -7.325053E-002  7.389025E-001  6.688764E-001 -8.140892E-002  1.095128E-001  0.000000E+000  9.939854E-001
  7.600000E-001  5.000000E+000  0.000000E+000  4.390400E+000  6.688007E-001 -7.397608E-001 -7.388899E-002  7.352870E-001  6.728699E-001 -8.123439E-002  1.098117E-001  0.000000E+000  9.939524E-001
  7.650000E-001  5.000000E+000  0.000000E+000  4.390400E+000  6.727077E-001 -7.361467E-001 -7.451507E-002  7.316716E-001  6.768220E-001 -8.104645E-002  1.100955E-001  0.000000E+000  9.939210E-001
  7.700000E-001  5.000000E+000  0.000000E+000  4.390400E+000  6.765744E-001 -7.325317E-001 -7.512866E-002  7.280568E-001  6.807329E-001 -8.084541E-002  1.103644E-001  0.000000E+000  9.938912E-001
  7.750000E-001  5.000000E+000  0.000000E+000  4.390400E+000  6.804012E-001 -7.289164E-001 -7.572966E-002  7.244430E-001  6.846027E-001 -8.063158E-002  1.106184E-001  0.000000E+000  9.938630E-001
  7.800000E-001  5.000000E+000  0.000000E+000  4.390400E+000  6.841883E-001 -7.253013E-001 -7.631798E-002  7.208308E-001  6.884316E-001 -8.040528E-002  1.108578E-001  0.000000E+000  9.938363E-001
  7.850000E-001  5.000000E+000  0.000000E+000  4.390400E+000  6.879357E-001 -7.216868E-001 -7.689353E-002  7.172204E-001  6.922197E-001 -8.016681E-002  1.110826E-001  0.000000E+000  9.938112E-001
  7.900000E-001  5.000000E+000  0.000000E+000  4.390400E+000  6.916438E-001 -7.180734E-001 -7.745625E-002  7.136124E-001  6.959674E-001 -7.991648E-002  1.112929E-001  0.000000E+000  9.937876E-001
  7.950000E-001  5.000000E+000  0.000000E+000  4.390400E+000  6.953128E-001 -7.144615E-001 -7.800605E-002  7.100073E-001  6.996748E-001 -7.965460E-002  1.114890E-001  0.000000E+000  9.937657E-001
  8.000000E-001  5.000000E+000  0.000000E+000  4.390400E+000  6.989428E-001 -7.108515E-001 -7.854287E-002  7.064053E-001  7.033421E-001 -7.938146E-002  1.116709E-001  0.000000E+000  9.937452E-001
  8.050000E-001  5.000000E+000  0.000000E+000  4.390400E+000  7.025342E-001 -7.072440E-001 -7.906667E-002  7.028070E-001  7.069695E-001 -7.909737E-002  1.118389E-001  0.000000E+000  9.937264E-001
  8.100000E-001  5.000000E+000  0.000000E+000  4.390400E+000  7.060872E-001 -7.036393E-001 -7.957738E-002  6.992127E-001  7.105573E-001 -7.880262E-002  1.119929E-001  0.000000E+000  9.937090E-001
  8.150000E-001  5.000000E+000  0.000000E+000  4.390400E+000  7.096020E-001 -7.000379E-001 -8.007498E-002  6.956229E-001  7.141057E-001 -7.849751E-002  1.121332E-001  0.000000E+000  9.936932E-001
  8.200000E-001  5.000000E+000  0.000000E+000  4.390400E+000  7.130788E-001 -6.964401E-001 -8.055941E-002  6.920378E-001  7.176150E-001 -7.818232E-002  1.122599E-001  0.000000E+000  9.936789E-001
  8.250000E-001  5.000000E+000  0.000000E+000  4.390400E+000  7.165180E-001 -6.928463E-001 -8.103065E-002  6.884579E-001  7.210853E-001 -7.785735E-002  1.123732E-001  0.000000E+000  9.936661E-001
  8.300000E-001  5.000000E+000  0.000000E+000  4.390400E+000  7.199197E-001 -6.892570E-001 -8.148868E-002  6.848835E-001  7.245169E-001 -7.752288E-002  1.124731E-001  0.000000E+000  9.936548E-001
  8.350000E-001  5.000000E+000  0.000000E+000  4.390400E+000  7.232843E-001 -6.856725E-001 -8.193347E-002  6.813150E-001  7.279102E-001 -7.717920E-002  1.125599E-001  0.000000E+000  9.936449E-001
  8.400000E-001  5.000000E+000  0.000000E+000  4.390400E+000  7.266120E-001 -6.820931E-001 -8.236501E-002  6.777527E-001  7.312653E-001 -7.682658E-002  1.126336E-001  0.000000E+000  9.936366E-001
  8.450000E-001  5.000000E+000  0.000000E+000  4.390400E+000  7.299030E-001 -6.785193E-001 -8.278330E-002  6.741970E-001  7.345825E-001 -7.646529E-002  1.126943E-001  0.000000E+000  9.936297E-001
  8.500000E-001  5.000000E+000  0.000000E+000  4.390400E+000  7.331577E-001 -6.749514E-001 -8.318833E-002  6.706481E-001  7.378622E-001 -7.609562E-002  1.127424E-001  0.000000E+000  9.936243E-001
  8.550000E-001  5.000000E+000  0.000000E+000  4.390400E+000  7.363764E-001 -6.713898E-001 -8.358010E-002  6.671064E-001  7.411044E-001 -7.571784E-002  1.127778E-001  0.000000E+000  9.936202E-001
  8.600000E-001  5.000000E+000  0.000000E+000  4.390400E+000  7.395592E-001 -6.678346E-001 -8.395863E-002  6.635723E-001  7.443097E-001 -7.533219E-002  1.128007E-001  0.000000E+000  9.936176E-001
  8.650000E-001  5.000000E+000  0.000000E+000  4.390400E+000  7.427066E-001 -6.642864E-001 -8.432392E-002  6.600459E-001  7.474781E-001 -7.493896E-002  1.128112E-001  0.000000E+000  9.936164E-001
  8.700000E-001  5.000000E+000  0.000000E+000  4.390400E+000  7.458187E-001 -6.607454E-001 -8.467599E-002  6.565276E-001  7.506101E-001 -7.453840E-002  1.128096E-001  0.000000E+000  9.936166E-001
  8.750000E-001  5.000000E+000  0.000000E+000  4.390400E+000  7.488959E-001 -6.572119E-001 -8.501487E-002  6.530177E-001  7.537059E-001 -7.413075E-002  1.127958E-001  0.000000E+000  9.936182E-001
  8.800000E-001  5.000000E+000  0.000000E+000  4.390400E+000  7.519384E-001 -6.536862E-001 -8.534057E-002  6.495164E-001  7.567657E-001 -7.371628E-002  1.127701E-001  0.000000E+000  9.936211E-001
  8.850000E-001  5.000000E+000  0.000000E+000  4.390400E+000  7.549466E-001 -6.501686E-001 -8.565314E-002  6.460240E-001  7.597900E-001 -7.329523E-002  1.127327E-001  0.000000E+000  9.936254E-001
  8.900000E-001  5.000000E+000  0.000000E+000  4.390400E+000  7.579207E-001 -6.466594E-001 -8.595260E-002  6.425408E-001  7.627789E-001 -7.286785E-002  1.126835E-001  0.000000E+000  9.936309E-001
  8.950000E-001  5.000000E+000  0.000000E+000  4.390400E+000  7.608610E-001 -6.431589E-001 -8.623899E-002  6.390670E-001  7.657328E-001 -7.243436E-002  1.126228E-001  0.000000E+000  9.936378E-001
  9.000000E-001  5.000000E+000  0.000000E+000  4.390400E+000  7.637679E-001 -6.396672E-001 -8.651235E-002  6.356028E-001  7.686520E-001 -7.199502E-002  1.125507E-001  0.000000E+000  9.936460E-001
  9.050000E-001  5.000000E+000  0.000000E+000  4.390400E+000  7.666417E-001 -6.361848E-001 -8.677273E-002  6.321484E-001  7.715367E-001 -7.155005E-002  1.124674E-001  0.000000E+000  9.936554E-001
  9.100000E-001  5.000000E+000  0.000000E+000  4.390400E+000  7.694825E-001 -6.327118E-001 -8.702018E-002  6.287042E-001  7.743874E-001 -7.109967E-002  1.123729E-001  0.000000E+000  9.936661E-001
  9.150000E-001  5.000000E+000  0.000000E+000  4.390400E+000  7.722908E-001 -6.292484E-001 -8.725475E-002  6.252703E-001  7.772042E-001 -7.064412E-002  1.122675E-001  0.000000E+000  9.936780E-001
  9.200000E-001  5.000000E+000  0.000000E+000  4.390400E+000  7.750668E-001 -6.257950E-001 -8.747649E-002  6.218469E-001  7.799876E-001 -7.018362E-002  1.121511E-001  0.000000E+000  9.936912E-001
  9.250000E-001  5.000000E+000  0.000000E+000  4.390400E+000  7.778108E-001 -6.223517E-001 -8.768547E-002  6.184343E-001  7.827377E-001 -6.971837E-002  1.120241E-001  0.000000E+000  9.937055E-001
  9.300000E-001  5.000000E+000  0.000000E+000  4.390400E+000  7.805232E-001 -6.189187E-001 -8.788175E-002  6.150325E-001  7.854550E-001 -6.924860E-002  1.118864E-001  0.000000E+000  9.937210E-001
  9.350000E-001  5.000000E+000  0.000000E+000  4.390400E+000  7.832041E-001 -6.154963E-001 -8.806539E-002  6.116419E-001  7.881397E-001 -6.877451E-002  1.117383E-001  0.000000E+000  9.937377E-001
  9.400000E-001  5.000000E+000  0.000000E+000  4.390400E+000  7.858541E-001 -6.120847E-001 -8.823645E-002  6.082625E-001  7.907922E-001 -6.829630E-002  1.115798E-001  0.000000E+000  9.937555E-001
  9.450000E-001  5.000000E+000  0.000000E+000  4.390400E+000  7.884732E-001 -6.086841E-001 -8.839501E-002  6.048946E-001  7.934127E-001 -6.781418E-002  1.114111E-001  0.000000E+000  9.937744E-001
  9.500000E-001  5.000000E+000  0.000000E+000  4.390400E+000  7.910619E-001 -6.052946E-001 -8.854113E-002  6.015384E-001  7.960016E-001 -6.732834E-002  1.112324E-001  0.000000E+000  9.937944E-001
  9.550000E-001  5.000000E+000  0.000000E+000  4.390400E+000  7.936204E-001 -6.019164E-001 -8.867490E-002  5.981939E-001  7.985591E-001 -6.683898E-002  1.110436E-001  0.000000E+000  9.938155E-001
  9.600000E-001  5.000000E+000  0.000000E+000  4.390400E+000  7.961491E-001 -5.985497E-001 -8.879639E-002  5.948613E-001  8.010856E-001 -6.634629E-002  1.108451E-001  0.000000E+000  9.938377E-001
  9.650000E-001  5.000000E+000  0.000000E+000  4.390400E+000  7.986482E-001 -5.951948E-001 -8.890568E-002  5.915408E-001  8.035815E-001 -6.585044E-002  1.106368E-001  0.000000E+000  9.938609E-001
  9.700000E-001  5.000000E+000  0.000000E+000  4.390400E+000  8.011180E-001 -5.918517E-001 -8.900284E-002  5.882326E-001  8.060469E-001 -6.535163E-002  1.104189E-001  0.000000E+000  9.938851E-001
  9.750000E-001  5.000000E+000  0.000000E+000  4.390400E+000  8.035589E-001 -5.885205E-001 -8.908797E-002  5.849367E-001  8.084823E-001 -6.485003E-002  1.101916E-001  0.000000E+000  9.939104E-001
  9.800000E-001  5.000000E+000  0.000000E+000  4.390400E+000  8.059711E-001 -5.852016E-001 -8.916114E-002  5.816532E-001  8.108879E-001 -6.434581E-002  1.099550E-001  0.000000E+000  9.939366E-001
  9.850000E-001  5.000000E+000  0.000000E+000  4.390400E+000  8.083549E-001 -5.818949E-001 -8.922244E-002  5.783824E-001  8.132640E-001 -6.383915E-002  1.097091E-001  0.000000E+000  9.939637E-001
  9.900000E-001  5.000000E+000  0.000000E+000  4.390400E+000  8.107107E-001 -5.786007E-001 -8.927195E-002  5.751243E-001  8.156110E-001 -6.333020E-002  1.094541E-001  0.000000E+000  9.939919E-001
  9.950000E-001  5.000000E+000  0.000000E+000  4.390400E+000  8.130386E-001 -5.753190E-001 -8.930977E-002  5.718791E-001  8.179291E-001 -6.281914E-002  1.091901E-001  0.000000E+000  9.940209E-001
