% FILE: FixedCamera_FeedForward_Animation.2
%
%       t         P_No_Ao[1]     P_No_Ao[2]     P_No_Ao[3]      N_A[1,1]       N_A[1,2]       N_A[1,3]       N_A[2,1]       N_A[2,2]       N_A[2,3]       N_A[3,1]       N_A[3,2]       N_A[3,3]
%      (s)          (meter)        (meter)        (meter)       (NoUnits)      (NoUnits)      (NoUnits)      (NoUnits)      (NoUnits)      (NoUnits)      (NoUnits)      (NoUnits)      (NoUnits)

  0.000000E+000  5.000000E+000  0.000000E+000  5.000000E+000  1.000000E+000 -0.000000E+000  0.000000E+000  0.000000E+000  1.000000E+000  0.000000E+000  0.000000E+000  0.000000E+000  1.000000E+000
  5.000000E-003  5.000000E+000  0.000000E+000  5.000000E+000  9.999980E-001 -1.981255E-003  0.000000E+000  1.981255E-003  9.999980E-001  0.000000E+000  0.000000E+000  0.000000E+000  1.000000E+000
  1.000000E-002  5.000000E+000  0.000000E+000  5.000000E+000  9.999701E-001 -7.730505E-003  0.000000E+000  7.730505E-003  9.999701E-001  0.000000E+000  0.000000E+000  0.000000E+000  1.000000E+000
  1.500000E-002  5.000000E+000  0.000000E+000  5.000000E+000  9.998561E-001 -1.696355E-002  0.000000E+000  1.696355E-002  9.998561E-001  0.000000E+000  0.000000E+000  0.000000E+000  1.000000E+000
  2.000000E-002  5.000000E+000  0.000000E+000  5.000000E+000  9.995676E-001 -2.940545E-002  0.000000E+000  2.940545E-002  9.995676E-001  0.000000E+000  0.000000E+000  0.000000E+000  1.000000E+000
  2.500000E-002  5.000000E+000  0.000000E+000  5.000000E+000  9.989965E-001 -4.478930E-002  0.000000E+000  4.478930E-002  9.989965E-001  0.000000E+000  0.000000E+000  0.000000E+000  1.000000E+000
  3.000000E-002  5.000000E+000  0.000000E+000  5.000000E+000  9.980227E-001 -6.285498E-002  0.000000E+000  6.285498E-002  9.980227E-001  0.000000E+000  0.000000E+000  0.000000E+000  1.000000E+000
  3.500000E-002  5.000000E+000  0.000000E+000  5.000000E+000  9.965205E-001 -8.334809E-002  0.000000E+000  8.334809E-002  9.965205E-001  0.000000E+000  0.000000E+000  0.000000E+000  1.000000E+000
  4.000000E-002  5.000000E+000  0.000000E+000  5.000000E+000  9.943641E-001 -1.060191E-001  0.000000E+000  1.060191E-001  9.943641E-001  0.000000E+000  0.000000E+000  0.000000E+000  1.000000E+000
  4.500000E-002  5.000000E+000  0.000000E+000  5.000000E+000  9.914321E-001 -1.306228E-001  0.000000E+000  1.306228E-001  9.914321E-001  0.000000E+000  0.000000E+000  0.000000E+000  1.000000E+000
  5.000000E-002  5.000000E+000  0.000000E+000  5.000000E+000  9.876116E-001 -1.569182E-001  0.000000E+000  1.569182E-001  9.876116E-001  0.000000E+000  0.000000E+000  0.000000E+000  1.000000E+000
  5.500000E-002  5.000000E+000  0.000000E+000  5.000000E+000  9.828008E-001 -1.846686E-001  0.000000E+000  1.846686E-001  9.828008E-001  0.000000E+000  0.000000E+000  0.000000E+000  1.000000E+000
  6.000000E-002  5.000000E+000  0.000000E+000  5.000000E+000  9.769120E-001 -2.136423E-001  0.000000E+000  2.136423E-001  9.769120E-001  0.000000E+000  0.000000E+000  0.000000E+000  1.000000E+000
  6.500000E-002  5.000000E+000  0.000000E+000  5.000000E+000  9.698726E-001 -2.436128E-001  0.000000E+000  2.436128E-001  9.698726E-001  0.000000E+000  0.000000E+000  0.000000E+000  1.000000E+000
  7.000000E-002  5.000000E+000  0.000000E+000  5.000000E+000  9.616270E-001 -2.743601E-001  0.000000E+000  2.743601E-001  9.616270E-001  0.000000E+000  0.000000E+000  0.000000E+000  1.000000E+000
  7.500000E-002  5.000000E+000  0.000000E+000  5.000000E+000  9.521370E-001 -3.056716E-001  0.000000E+000  3.056716E-001  9.521370E-001  0.000000E+000  0.000000E+000  0.000000E+000  1.000000E+000
  8.000000E-002  5.000000E+000  0.000000E+000  5.000000E+000  9.413817E-001 -3.373432E-001  0.000000E+000  3.373432E-001  9.413817E-001  0.000000E+000  0.000000E+000  0.000000E+000  1.000000E+000
  8.500000E-002  5.000000E+000  0.000000E+000  5.000000E+000  9.293578E-001 -3.691803E-001  0.000000E+000  3.691803E-001  9.293578E-001  0.000000E+000  0.000000E+000  0.000000E+000  1.000000E+000
  9.000000E-002  5.000000E+000  0.000000E+000  5.000000E+000  9.160784E-001 -4.009991E-001  0.000000E+000  4.009991E-001  9.160784E-001  0.000000E+000  0.000000E+000  0.000000E+000  1.000000E+000
  9.500000E-002  5.000000E+000  0.000000E+000  5.000000E+000  9.015728E-001 -4.326275E-001  0.000000E+000  4.326275E-001  9.015728E-001  0.000000E+000  0.000000E+000  0.000000E+000  1.000000E+000
  1.000000E-001  5.000000E+000  0.000000E+000  5.000000E+000  8.858845E-001 -4.639058E-001  0.000000E+000  4.639058E-001  8.858845E-001  0.000000E+000  0.000000E+000  0.000000E+000  1.000000E+000
  1.050000E-001  5.000000E+000  0.000000E+000  5.000000E+000  8.690707E-001 -4.946879E-001  0.000000E+000  4.946879E-001  8.690707E-001  0.000000E+000  0.000000E+000  0.000000E+000  1.000000E+000
  1.100000E-001  5.000000E+000  0.000000E+000  5.000000E+000  8.512002E-001 -5.248412E-001  0.000000E+000  5.248412E-001  8.512002E-001  0.000000E+000  0.000000E+000  0.000000E+000  1.000000E+000
  1.150000E-001  5.000000E+000  0.000000E+000  5.000000E+000  8.323519E-001 -5.542476E-001  0.000000E+000  5.542476E-001  8.323519E-001  0.000000E+000  0.000000E+000  0.000000E+000  1.000000E+000
  1.200000E-001  5.000000E+000  0.000000E+000  5.000000E+000  8.126132E-001 -5.828034E-001  0.000000E+000  5.828034E-001  8.126132E-001  0.000000E+000  0.000000E+000  0.000000E+000  1.000000E+000
  1.250000E-001  5.000000E+000  0.000000E+000  5.000000E+000  7.920785E-001 -6.104192E-001  0.000000E+000  6.104192E-001  7.920785E-001  0.000000E+000  0.000000E+000  0.000000E+000  1.000000E+000
  1.300000E-001  5.000000E+000  0.000000E+000  5.000000E+000  7.708472E-001 -6.370201E-001  0.000000E+000  6.370201E-001  7.708472E-001  0.000000E+000  0.000000E+000  0.000000E+000  1.000000E+000
  1.350000E-001  5.000000E+000  0.000000E+000  5.000000E+000  7.490222E-001 -6.625449E-001  0.000000E+000  6.625449E-001  7.490222E-001  0.000000E+000  0.000000E+000  0.000000E+000  1.000000E+000
  1.400000E-001  5.000000E+000  0.000000E+000  5.000000E+000  7.267086E-001 -6.869459E-001  0.000000E+000  6.869459E-001  7.267086E-001  0.000000E+000  0.000000E+000  0.000000E+000  1.000000E+000
  1.450000E-001  5.000000E+000  0.000000E+000  5.000000E+000  7.040119E-001 -7.101882E-001  0.000000E+000  7.101882E-001  7.040119E-001  0.000000E+000  0.000000E+000  0.000000E+000  1.000000E+000
  1.500000E-001  5.000000E+000  0.000000E+000  5.000000E+000  6.810371E-001 -7.322489E-001  0.000000E+000  7.322489E-001  6.810371E-001  0.000000E+000  0.000000E+000  0.000000E+000  1.000000E+000
  1.550000E-001  5.000000E+000  0.000000E+000  5.000000E+000  6.578875E-001 -7.531163E-001  0.000000E+000  7.531163E-001  6.578875E-001  0.000000E+000  0.000000E+000  0.000000E+000  1.000000E+000
  1.600000E-001  5.000000E+000  0.000000E+000  5.000000E+000  6.346631E-001 -7.727889E-001  0.000000E+000  7.727889E-001  6.346631E-001  0.000000E+000  0.000000E+000  0.000000E+000  1.000000E+000
  1.650000E-001  5.000000E+000  0.000000E+000  5.000000E+000  6.114607E-001 -7.912748E-001  0.000000E+000  7.912748E-001  6.114607E-001  0.000000E+000  0.000000E+000  0.000000E+000  1.000000E+000
  1.700000E-001  5.000000E+000  0.000000E+000  5.000000E+000  5.883723E-001 -8.085901E-001  0.000000E+000  8.085901E-001  5.883723E-001  0.000000E+000  0.000000E+000  0.000000E+000  1.000000E+000
  1.750000E-001  5.000000E+000  0.000000E+000  5.000000E+000  5.654851E-001 -8.247585E-001  0.000000E+000  8.247585E-001  5.654851E-001  0.000000E+000  0.000000E+000  0.000000E+000  1.000000E+000
  1.800000E-001  5.000000E+000  0.000000E+000  5.000000E+000  5.428807E-001 -8.398098E-001  0.000000E+000  8.398098E-001  5.428807E-001  0.000000E+000  0.000000E+000  0.000000E+000  1.000000E+000
  1.850000E-001  5.000000E+000  0.000000E+000  5.000000E+000  5.206347E-001 -8.537795E-001  0.000000E+000  8.537795E-001  5.206347E-001  0.000000E+000  0.000000E+000  0.000000E+000  1.000000E+000
  1.900000E-001  5.000000E+000  0.000000E+000  5.000000E+000  4.988170E-001 -8.667073E-001  0.000000E+000  8.667073E-001  4.988170E-001  0.000000E+000  0.000000E+000  0.000000E+000  1.000000E+000
  1.950000E-001  5.000000E+000  0.000000E+000  5.000000E+000  4.774910E-001 -8.786366E-001  0.000000E+000  8.786366E-001  4.774910E-001  0.000000E+000  0.000000E+000  0.000000E+000  1.000000E+000
  2.000000E-001  5.000000E+000  0.000000E+000  5.000000E+000  4.567141E-001 -8.896135E-001  0.000000E+000  8.896135E-001  4.567141E-001  0.000000E+000  0.000000E+000  0.000000E+000  1.000000E+000
  2.050000E-001  5.000000E+000  0.000000E+000  5.000000E+000  4.365373E-001 -8.996862E-001  0.000000E+000  8.996862E-001  4.365373E-001  0.000000E+000  0.000000E+000  0.000000E+000  1.000000E+000
  2.100000E-001  5.000000E+000  0.000000E+000  5.000000E+000  4.170059E-001 -9.089038E-001  0.000000E+000  9.089038E-001  4.170059E-001  0.000000E+000  0.000000E+000  0.000000E+000  1.000000E+000
  2.150000E-001  5.000000E+000  0.000000E+000  5.000000E+000  3.981591E-001 -9.173164E-001  0.000000E+000  9.173164E-001  3.981591E-001  0.000000E+000  0.000000E+000  0.000000E+000  1.000000E+000
  2.200000E-001  5.000000E+000  0.000000E+000  5.000000E+000  3.800304E-001 -9.249740E-001  0.000000E+000  9.249740E-001  3.800304E-001  0.000000E+000  0.000000E+000  0.000000E+000  1.000000E+000
  2.250000E-001  5.000000E+000  0.000000E+000  5.000000E+000  3.626482E-001 -9.319261E-001  0.000000E+000  9.319261E-001  3.626482E-001  0.000000E+000  0.000000E+000  0.000000E+000  1.000000E+000
  2.300000E-001  5.000000E+000  0.000000E+000  5.000000E+000  3.460356E-001 -9.382214E-001  0.000000E+000  9.382214E-001  3.460356E-001  0.000000E+000  0.000000E+000  0.000000E+000  1.000000E+000
  2.350000E-001  5.000000E+000  0.000000E+000  5.000000E+000  3.302109E-001 -9.439072E-001  0.000000E+000  9.439072E-001  3.302109E-001  0.000000E+000  0.000000E+000  0.000000E+000  1.000000E+000
  2.400000E-001  5.000000E+000  0.000000E+000  5.000000E+000  3.151881E-001 -9.490292E-001  0.000000E+000  9.490292E-001  3.151881E-001  0.000000E+000  0.000000E+000  0.000000E+000  1.000000E+000
  2.450000E-001  5.000000E+000  0.000000E+000  5.000000E+000  3.009768E-001 -9.536315E-001  0.000000E+000  9.536315E-001  3.009768E-001  0.000000E+000  0.000000E+000  0.000000E+000  1.000000E+000
  2.500000E-001  5.000000E+000  0.000000E+000  5.000000E+000  2.875829E-001 -9.577558E-001  0.000000E+000  9.577558E-001  2.875829E-001  0.000000E+000  0.000000E+000  0.000000E+000  1.000000E+000
  2.550000E-001  5.000000E+000  0.000000E+000  5.000000E+000  2.750088E-001 -9.614417E-001  0.000000E+000  9.614417E-001  2.750088E-001  0.000000E+000  0.000000E+000  0.000000E+000  1.000000E+000
  2.600000E-001  5.000000E+000  0.000000E+000  5.000000E+000  2.632539E-001 -9.647266E-001  0.000000E+000  9.647266E-001  2.632539E-001  0.000000E+000  0.000000E+000  0.000000E+000  1.000000E+000
  2.650000E-001  5.000000E+000  0.000000E+000  5.000000E+000  2.523142E-001 -9.676454E-001  0.000000E+000  9.676454E-001  2.523142E-001  0.000000E+000  0.000000E+000  0.000000E+000  1.000000E+000
  2.700000E-001  5.000000E+000  0.000000E+000  5.000000E+000  2.421836E-001 -9.702304E-001  0.000000E+000  9.702304E-001  2.421836E-001  0.000000E+000  0.000000E+000  0.000000E+000  1.000000E+000
  2.750000E-001  5.000000E+000  0.000000E+000  5.000000E+000  2.328534E-001 -9.725118E-001  0.000000E+000  9.725118E-001  2.328534E-001  0.000000E+000  0.000000E+000  0.000000E+000  1.000000E+000
  2.800000E-001  5.000000E+000  0.000000E+000  5.000000E+000  2.243128E-001 -9.745172E-001  0.000000E+000  9.745172E-001  2.243128E-001  0.000000E+000  0.000000E+000  0.000000E+000  1.000000E+000
  2.850000E-001  5.000000E+000  0.000000E+000  5.000000E+000  2.165494E-001 -9.762717E-001  0.000000E+000  9.762717E-001  2.165494E-001  0.000000E+000  0.000000E+000  0.000000E+000  1.000000E+000
  2.900000E-001  5.000000E+000  0.000000E+000  5.000000E+000  2.095488E-001 -9.777982E-001  0.000000E+000  9.777982E-001  2.095488E-001  0.000000E+000  0.000000E+000  0.000000E+000  1.000000E+000
  2.950000E-001  5.000000E+000  0.000000E+000  5.000000E+000  2.032956E-001 -9.791174E-001  0.000000E+000  9.791174E-001  2.032956E-001  0.000000E+000  0.000000E+000  0.000000E+000  1.000000E+000
  3.000000E-001  5.000000E+000  0.000000E+000  5.000000E+000  1.977728E-001 -9.802479E-001  0.000000E+000  9.802479E-001  1.977728E-001  0.000000E+000  0.000000E+000  0.000000E+000  1.000000E+000
  3.050000E-001  5.000000E+000  0.000000E+000  5.000000E+000  1.929626E-001 -9.812061E-001  0.000000E+000  9.812061E-001  1.929626E-001  0.000000E+000  0.000000E+000  0.000000E+000  1.000000E+000
  3.100000E-001  5.000000E+000  0.000000E+000  5.000000E+000  1.888462E-001 -9.820067E-001  0.000000E+000  9.820067E-001  1.888462E-001  0.000000E+000  0.000000E+000  0.000000E+000  1.000000E+000
  3.150000E-001  5.000000E+000  0.000000E+000  5.000000E+000  1.854042E-001 -9.826624E-001  0.000000E+000  9.826624E-001  1.854042E-001  0.000000E+000  0.000000E+000  0.000000E+000  1.000000E+000
  3.200000E-001  5.000000E+000  0.000000E+000  5.000000E+000  1.826163E-001 -9.831843E-001  0.000000E+000  9.831843E-001  1.826163E-001  0.000000E+000  0.000000E+000  0.000000E+000  1.000000E+000
  3.250000E-001  5.000000E+000  0.000000E+000  5.000000E+000  1.804621E-001 -9.835819E-001  0.000000E+000  9.835819E-001  1.804621E-001  0.000000E+000  0.000000E+000  0.000000E+000  1.000000E+000
  3.300000E-001  5.000000E+000  0.000000E+000  5.000000E+000  1.789204E-001 -9.838636E-001  0.000000E+000  9.838636E-001  1.789204E-001  0.000000E+000  0.000000E+000  0.000000E+000  1.000000E+000
  3.350000E-001  5.000000E+000  0.000000E+000  5.000000E+000  1.779700E-001 -9.840359E-001  0.000000E+000  9.840359E-001  1.779700E-001  0.000000E+000  0.000000E+000  0.000000E+000  1.000000E+000
  3.400000E-001  5.000000E+000  0.000000E+000  5.000000E+000  1.775894E-001 -9.841047E-001  0.000000E+000  9.841047E-001  1.775894E-001  0.000000E+000  0.000000E+000  0.000000E+000  1.000000E+000
  3.450000E-001  5.000000E+000  0.000000E+000  5.000000E+000  1.777569E-001 -9.840744E-001  0.000000E+000  9.840744E-001  1.777569E-001  0.000000E+000  0.000000E+000  0.000000E+000  1.000000E+000
  3.500000E-001  5.000000E+000  0.000000E+000  5.000000E+000  1.784510E-001 -9.839488E-001  0.000000E+000  9.839488E-001  1.784510E-001  0.000000E+000  0.000000E+000  0.000000E+000  1.000000E+000
  3.550000E-001  5.000000E+000  0.000000E+000  5.000000E+000  1.796498E-001 -9.837306E-001  0.000000E+000  9.837306E-001  1.796498E-001  0.000000E+000  0.000000E+000  0.000000E+000  1.000000E+000
  3.600000E-001  5.000000E+000  0.000000E+000  5.000000E+000  1.813320E-001 -9.834219E-001  0.000000E+000  9.834219E-001  1.813320E-001  0.000000E+000  0.000000E+000  0.000000E+000  1.000000E+000
  3.650000E-001  5.000000E+000  0.000000E+000  5.000000E+000  1.834759E-001 -9.830242E-001  0.000000E+000  9.830242E-001  1.834759E-001  0.000000E+000  0.000000E+000  0.000000E+000  1.000000E+000
  3.700000E-001  5.000000E+000  0.000000E+000  5.000000E+000  1.860602E-001 -9.825383E-001  0.000000E+000  9.825383E-001  1.860602E-001  0.000000E+000  0.000000E+000  0.000000E+000  1.000000E+000
  3.750000E-001  5.000000E+000  0.000000E+000  5.000000E+000  1.890639E-001 -9.819648E-001  0.000000E+000  9.819648E-001  1.890639E-001  0.000000E+000  0.000000E+000  0.000000E+000  1.000000E+000
  3.800000E-001  5.000000E+000  0.000000E+000  5.000000E+000  1.924661E-001 -9.813036E-001  0.000000E+000  9.813036E-001  1.924661E-001  0.000000E+000  0.000000E+000  0.000000E+000  1.000000E+000
  3.850000E-001  5.000000E+000  0.000000E+000  5.000000E+000  1.962463E-001 -9.805546E-001  0.000000E+000  9.805546E-001  1.962463E-001  0.000000E+000  0.000000E+000  0.000000E+000  1.000000E+000
  3.900000E-001  5.000000E+000  0.000000E+000  5.000000E+000  2.003842E-001 -9.797174E-001  0.000000E+000  9.797174E-001  2.003842E-001  0.000000E+000  0.000000E+000  0.000000E+000  1.000000E+000
  3.950000E-001  5.000000E+000  0.000000E+000  5.000000E+000  2.048598E-001 -9.787913E-001  0.000000E+000  9.787913E-001  2.048598E-001  0.000000E+000  0.000000E+000  0.000000E+000  1.000000E+000
  4.000000E-001  5.000000E+000  0.000000E+000  5.000000E+000  2.096536E-001 -9.777757E-001  0.000000E+000  9.777757E-001  2.096536E-001  0.000000E+000  0.000000E+000  0.000000E+000  1.000000E+000
  4.050000E-001  5.000000E+000  0.000000E+000  5.000000E+000  2.147465E-001 -9.766698E-001  0.000000E+000  9.766698E-001  2.147465E-001  0.000000E+000  0.000000E+000  0.000000E+000  1.000000E+000
  4.100000E-001  5.000000E+000  0.000000E+000  5.000000E+000  2.201198E-001 -9.754729E-001  0.000000E+000  9.754729E-001  2.201198E-001  0.000000E+000  0.000000E+000  0.000000E+000  1.000000E+000
  4.150000E-001  5.000000E+000  0.000000E+000  5.000000E+000  2.257550E-001 -9.741841E-001  0.000000E+000  9.741841E-001  2.257550E-001  0.000000E+000  0.000000E+000  0.000000E+000  1.000000E+000
  4.200000E-001  5.000000E+000  0.000000E+000  5.000000E+000  2.316343E-001 -9.728029E-001  0.000000E+000  9.728029E-001  2.316343E-001  0.000000E+000  0.000000E+000  0.000000E+000  1.000000E+000
  4.250000E-001  5.000000E+000  0.000000E+000  5.000000E+000  2.377404E-001 -9.713287E-001  0.000000E+000  9.713287E-001  2.377404E-001  0.000000E+000  0.000000E+000  0.000000E+000  1.000000E+000
  4.300000E-001  5.000000E+000  0.000000E+000  5.000000E+000  2.440562E-001 -9.697611E-001  0.000000E+000  9.697611E-001  2.440562E-001  0.000000E+000  0.000000E+000  0.000000E+000  1.000000E+000
  4.350000E-001  5.000000E+000  0.000000E+000  5.000000E+000  2.505653E-001 -9.680997E-001  0.000000E+000  9.680997E-001  2.505653E-001  0.000000E+000  0.000000E+000  0.000000E+000  1.000000E+000
  4.400000E-001  5.000000E+000  0.000000E+000  5.000000E+000  2.572517E-001 -9.663444E-001  0.000000E+000  9.663444E-001  2.572517E-001  0.000000E+000  0.000000E+000  0.000000E+000  1.000000E+000
  4.450000E-001  5.000000E+000  0.000000E+000  5.000000E+000  2.641000E-001 -9.644953E-001  0.000000E+000  9.644953E-001  2.641000E-001  0.000000E+000  0.000000E+000  0.000000E+000  1.000000E+000
  4.500000E-001  5.000000E+000  0.000000E+000  5.000000E+000  2.710952E-001 -9.625525E-001  0.000000E+000  9.625525E-001  2.710952E-001  0.000000E+000  0.000000E+000  0.000000E+000  1.000000E+000
  4.550000E-001  5.000000E+000  0.000000E+000  5.000000E+000  2.782230E-001 -9.605165E-001  0.000000E+000  9.605165E-001  2.782230E-001  0.000000E+000  0.000000E+000  0.000000E+000  1.000000E+000
  4.600000E-001  5.000000E+000  0.000000E+000  5.000000E+000  2.854693E-001 -9.583879E-001  0.000000E+000  9.583879E-001  2.854693E-001  0.000000E+000  0.000000E+000  0.000000E+000  1.000000E+000
  4.650000E-001  5.000000E+000  0.000000E+000  5.000000E+000  2.928207E-001 -9.561674E-001  0.000000E+000  9.561674E-001  2.928207E-001  0.000000E+000  0.000000E+000  0.000000E+000  1.000000E+000
  4.700000E-001  5.000000E+000  0.000000E+000  5.000000E+000  3.002645E-001 -9.538560E-001  0.000000E+000  9.538560E-001  3.002645E-001  0.000000E+000  0.000000E+000  0.000000E+000  1.000000E+000
  4.750000E-001  5.000000E+000  0.000000E+000  5.000000E+000  3.077882E-001 -9.514549E-001  0.000000E+000  9.514549E-001  3.077882E-001  0.000000E+000  0.000000E+000  0.000000E+000  1.000000E+000
  4.800000E-001  5.000000E+000  0.000000E+000  5.000000E+000  3.153801E-001 -9.489654E-001  0.000000E+000  9.489654E-001  3.153801E-001  0.000000E+000  0.000000E+000  0.000000E+000  1.000000E+000
  4.850000E-001  5.000000E+000  0.000000E+000  5.000000E+000  3.230287E-001 -9.463892E-001  0.000000E+000  9.463892E-001  3.230287E-001  0.000000E+000  0.000000E+000  0.000000E+000  1.000000E+000
  4.900000E-001  5.000000E+000  0.000000E+000  5.000000E+000  3.307234E-001 -9.437277E-001  0.000000E+000  9.437277E-001  3.307234E-001  0.000000E+000  0.000000E+000  0.000000E+000  1.000000E+000
  4.950000E-001  5.000000E+000  0.000000E+000  5.000000E+000  3.384538E-001 -9.409830E-001  0.000000E+000  9.409830E-001  3.384538E-001  0.000000E+000  0.000000E+000  0.000000E+000  1.000000E+000
  5.000000E-001  5.000000E+000  0.000000E+000  5.000000E+000  3.462101E-001 -9.381570E-001  0.000000E+000  9.381570E-001  3.462101E-001  0.000000E+000  0.000000E+000  0.000000E+000  1.000000E+000
  5.050000E-001  5.000000E+000  0.000000E+000  5.000000E+000  3.539831E-001 -9.352518E-001  0.000000E+000  9.352518E-001  3.539831E-001  0.000000E+000  0.000000E+000  0.000000E+000  1.000000E+000
  5.100000E-001  5.000000E+000  0.000000E+000  5.000000E+000  3.617639E-001 -9.322697E-001  0.000000E+000  9.322697E-001  3.617639E-001  0.000000E+000  0.000000E+000  0.000000E+000  1.000000E+000
  5.150000E-001  5.000000E+000  0.000000E+000  5.000000E+000  3.695442E-001 -9.292131E-001  0.000000E+000  9.292131E-001  3.695442E-001  0.000000E+000  0.000000E+000  0.000000E+000  1.000000E+000
  5.200000E-001  5.000000E+000  0.000000E+000  5.000000E+000  3.773163E-001 -9.260845E-001  0.000000E+000  9.260845E-001  3.773163E-001  0.000000E+000  0.000000E+000  0.000000E+000  1.000000E+000
  5.250000E-001  5.000000E+000  0.000000E+000  5.000000E+000  3.850726E-001 -9.228863E-001  0.000000E+000  9.228863E-001  3.850726E-001  0.000000E+000  0.000000E+000  0.000000E+000  1.000000E+000
  5.300000E-001  5.000000E+000  0.000000E+000  5.000000E+000  3.928064E-001 -9.196212E-001  0.000000E+000  9.196212E-001  3.928064E-001  0.000000E+000  0.000000E+000  0.000000E+000  1.000000E+000
  5.350000E-001  5.000000E+000  0.000000E+000  5.000000E+000  4.005110E-001 -9.162920E-001  0.000000E+000  9.162920E-001  4.005110E-001  0.000000E+000  0.000000E+000  0.000000E+000  1.000000E+000
  5.400000E-001  5.000000E+000  0.000000E+000  5.000000E+000  4.081804E-001 -9.129013E-001  0.000000E+000  9.129013E-001  4.081804E-001  0.000000E+000  0.000000E+000  0.000000E+000  1.000000E+000
  5.450000E-001  5.000000E+000  0.000000E+000  5.000000E+000  4.158090E-001 -9.094520E-001  0.000000E+000  9.094520E-001  4.158090E-001  0.000000E+000  0.000000E+000  0.000000E+000  1.000000E+000
  5.500000E-001  5.000000E+000  0.000000E+000  5.000000E+000  4.233915E-001 -9.059468E-001  0.000000E+000  9.059468E-001  4.233915E-001  0.000000E+000  0.000000E+000  0.000000E+000  1.000000E+000
  5.550000E-001  5.000000E+000  0.000000E+000  5.000000E+000  4.309231E-001 -9.023887E-001  0.000000E+000  9.023887E-001  4.309231E-001  0.000000E+000  0.000000E+000  0.000000E+000  1.000000E+000
  5.600000E-001  5.000000E+000  0.000000E+000  5.000000E+000  4.383992E-001 -8.987804E-001  0.000000E+000  8.987804E-001  4.383992E-001  0.000000E+000  0.000000E+000  0.000000E+000  1.000000E+000
  5.650000E-001  5.000000E+000  0.000000E+000  5.000000E+000  4.458158E-001 -8.951247E-001  0.000000E+000  8.951247E-001  4.458158E-001  0.000000E+000  0.000000E+000  0.000000E+000  1.000000E+000
  5.700000E-001  5.000000E+000  0.000000E+000  5.000000E+000  4.531691E-001 -8.914246E-001  0.000000E+000  8.914246E-001  4.531691E-001  0.000000E+000  0.000000E+000  0.000000E+000  1.000000E+000
  5.750000E-001  5.000000E+000  0.000000E+000  5.000000E+000  4.604556E-001 -8.876827E-001  0.000000E+000  8.876827E-001  4.604556E-001  0.000000E+000  0.000000E+000  0.000000E+000  1.000000E+000
  5.800000E-001  5.000000E+000  0.000000E+000  5.000000E+000  4.676723E-001 -8.839019E-001  0.000000E+000  8.839019E-001  4.676723E-001  0.000000E+000  0.000000E+000  0.000000E+000  1.000000E+000
  5.850000E-001  5.000000E+000  0.000000E+000  5.000000E+000  4.748163E-001 -8.800849E-001  0.000000E+000  8.800849E-001  4.748163E-001  0.000000E+000  0.000000E+000  0.000000E+000  1.000000E+000
  5.900000E-001  5.000000E+000  0.000000E+000  5.000000E+000  4.818851E-001 -8.762344E-001  0.000000E+000  8.762344E-001  4.818851E-001  0.000000E+000  0.000000E+000  0.000000E+000  1.000000E+000
  5.950000E-001  5.000000E+000  0.000000E+000  5.000000E+000  4.888765E-001 -8.723530E-001  0.000000E+000  8.723530E-001  4.888765E-001  0.000000E+000  0.000000E+000  0.000000E+000  1.000000E+000
  6.000000E-001  5.000000E+000  0.000000E+000  5.000000E+000  4.957885E-001 -8.684433E-001  0.000000E+000  8.684433E-001  4.957885E-001  0.000000E+000  0.000000E+000  0.000000E+000  1.000000E+000
  6.050000E-001  5.000000E+000  0.000000E+000  5.000000E+000  5.026194E-001 -8.645078E-001  0.000000E+000  8.645078E-001  5.026194E-001  0.000000E+000  0.000000E+000  0.000000E+000  1.000000E+000
  6.100000E-001  5.000000E+000  0.000000E+000  5.000000E+000  5.093677E-001 -8.605490E-001  0.000000E+000  8.605490E-001  5.093677E-001  0.000000E+000  0.000000E+000  0.000000E+000  1.000000E+000
  6.150000E-001  5.000000E+000  0.000000E+000  5.000000E+000  5.160322E-001 -8.565692E-001  0.000000E+000  8.565692E-001  5.160322E-001  0.000000E+000  0.000000E+000  0.000000E+000  1.000000E+000
  6.200000E-001  5.000000E+000  0.000000E+000  5.000000E+000  5.226118E-001 -8.525708E-001  0.000000E+000  8.525708E-001  5.226118E-001  0.000000E+000  0.000000E+000  0.000000E+000  1.000000E+000
  6.250000E-001  5.000000E+000  0.000000E+000  5.000000E+000  5.291057E-001 -8.485559E-001  0.000000E+000  8.485559E-001  5.291057E-001  0.000000E+000  0.000000E+000  0.000000E+000  1.000000E+000
  6.300000E-001  5.000000E+000  0.000000E+000  5.000000E+000  5.355133E-001 -8.445268E-001  0.000000E+000  8.445268E-001  5.355133E-001  0.000000E+000  0.000000E+000  0.000000E+000  1.000000E+000
  6.350000E-001  5.000000E+000  0.000000E+000  5.000000E+000  5.418341E-001 -8.404855E-001  0.000000E+000  8.404855E-001  5.418341E-001  0.000000E+000  0.000000E+000  0.000000E+000  1.000000E+000
  6.400000E-001  5.000000E+000  0.000000E+000  5.000000E+000  5.480677E-001 -8.364340E-001  0.000000E+000  8.364340E-001  5.480677E-001  0.000000E+000  0.000000E+000  0.000000E+000  1.000000E+000
  6.450000E-001  5.000000E+000  0.000000E+000  5.000000E+000  5.542141E-001 -8.323741E-001  0.000000E+000  8.323741E-001  5.542141E-001  0.000000E+000  0.000000E+000  0.000000E+000  1.000000E+000
  6.500000E-001  5.000000E+000  0.000000E+000  5.000000E+000  5.602732E-001 -8.283078E-001  0.000000E+000  8.283078E-001  5.602732E-001  0.000000E+000  0.000000E+000  0.000000E+000  1.000000E+000
  6.550000E-001  5.000000E+000  0.000000E+000  5.000000E+000  5.662453E-001 -8.242368E-001  0.000000E+000  8.242368E-001  5.662453E-001  0.000000E+000  0.000000E+000  0.000000E+000  1.000000E+000
  6.600000E-001  5.000000E+000  0.000000E+000  5.000000E+000  5.721304E-001 -8.201627E-001  0.000000E+000  8.201627E-001  5.721304E-001  0.000000E+000  0.000000E+000  0.000000E+000  1.000000E+000
  6.650000E-001  5.000000E+000  0.000000E+000  5.000000E+000  5.779291E-001 -8.160870E-001  0.000000E+000  8.160870E-001  5.779291E-001  0.000000E+000  0.000000E+000  0.000000E+000  1.000000E+000
  6.700000E-001  5.000000E+000  0.000000E+000  5.000000E+000  5.836417E-001 -8.120113E-001  0.000000E+000  8.120113E-001  5.836417E-001  0.000000E+000  0.000000E+000  0.000000E+000  1.000000E+000
  6.750000E-001  5.000000E+000  0.000000E+000  5.000000E+000  5.892689E-001 -8.079370E-001  0.000000E+000  8.079370E-001  5.892689E-001  0.000000E+000  0.000000E+000  0.000000E+000  1.000000E+000
  6.800000E-001  5.000000E+000  0.000000E+000  5.000000E+000  5.948113E-001 -8.038653E-001  0.000000E+000  8.038653E-001  5.948113E-001  0.000000E+000  0.000000E+000  0.000000E+000  1.000000E+000
  6.850000E-001  5.000000E+000  0.000000E+000  5.000000E+000  6.002697E-001 -7.997976E-001  0.000000E+000  7.997976E-001  6.002697E-001  0.000000E+000  0.000000E+000  0.000000E+000  1.000000E+000
  6.900000E-001  5.000000E+000  0.000000E+000  5.000000E+000  6.056449E-001 -7.957351E-001  0.000000E+000  7.957351E-001  6.056449E-001  0.000000E+000  0.000000E+000  0.000000E+000  1.000000E+000
  6.950000E-001  5.000000E+000  0.000000E+000  5.000000E+000  6.109377E-001 -7.916787E-001  0.000000E+000  7.916787E-001  6.109377E-001  0.000000E+000  0.000000E+000  0.000000E+000  1.000000E+000
  7.000000E-001  5.000000E+000  0.000000E+000  5.000000E+000  6.161491E-001 -7.876295E-001  0.000000E+000  7.876295E-001  6.161491E-001  0.000000E+000  0.000000E+000  0.000000E+000  1.000000E+000
  7.050000E-001  5.000000E+000  0.000000E+000  5.000000E+000  6.212802E-001 -7.835885E-001  0.000000E+000  7.835885E-001  6.212802E-001  0.000000E+000  0.000000E+000  0.000000E+000  1.000000E+000
  7.100000E-001  5.000000E+000  0.000000E+000  5.000000E+000  6.263319E-001 -7.795565E-001  0.000000E+000  7.795565E-001  6.263319E-001  0.000000E+000  0.000000E+000  0.000000E+000  1.000000E+000
  7.150000E-001  5.000000E+000  0.000000E+000  5.000000E+000  6.313053E-001 -7.755344E-001  0.000000E+000  7.755344E-001  6.313053E-001  0.000000E+000  0.000000E+000  0.000000E+000  1.000000E+000
  7.200000E-001  5.000000E+000  0.000000E+000  5.000000E+000  6.362015E-001 -7.715230E-001  0.000000E+000  7.715230E-001  6.362015E-001  0.000000E+000  0.000000E+000  0.000000E+000  1.000000E+000
  7.250000E-001  5.000000E+000  0.000000E+000  5.000000E+000  6.410217E-001 -7.675228E-001  0.000000E+000  7.675228E-001  6.410217E-001  0.000000E+000  0.000000E+000  0.000000E+000  1.000000E+000
  7.300000E-001  5.000000E+000  0.000000E+000  5.000000E+000  6.457670E-001 -7.635345E-001  0.000000E+000  7.635345E-001  6.457670E-001  0.000000E+000  0.000000E+000  0.000000E+000  1.000000E+000
  7.350000E-001  5.000000E+000  0.000000E+000  5.000000E+000  6.504387E-001 -7.595588E-001  0.000000E+000  7.595588E-001  6.504387E-001  0.000000E+000  0.000000E+000  0.000000E+000  1.000000E+000
  7.400000E-001  5.000000E+000  0.000000E+000  5.000000E+000  6.550379E-001 -7.555960E-001  0.000000E+000  7.555960E-001  6.550379E-001  0.000000E+000  0.000000E+000  0.000000E+000  1.000000E+000
  7.450000E-001  5.000000E+000  0.000000E+000  5.000000E+000  6.595659E-001 -7.516468E-001  0.000000E+000  7.516468E-001  6.595659E-001  0.000000E+000  0.000000E+000  0.000000E+000  1.000000E+000
  7.500000E-001  5.000000E+000  0.000000E+000  5.000000E+000  6.640238E-001 -7.477114E-001  0.000000E+000  7.477114E-001  6.640238E-001  0.000000E+000  0.000000E+000  0.000000E+000  1.000000E+000
  7.550000E-001  5.000000E+000  0.000000E+000  5.000000E+000  6.684130E-001 -7.437903E-001  0.000000E+000  7.437903E-001  6.684130E-001  0.000000E+000  0.000000E+000  0.000000E+000  1.000000E+000
  7.600000E-001  5.000000E+000  0.000000E+000  5.000000E+000  6.727346E-001 -7.398838E-001  0.000000E+000  7.398838E-001  6.727346E-001  0.000000E+000  0.000000E+000  0.000000E+000  1.000000E+000
  7.650000E-001  5.000000E+000  0.000000E+000  5.000000E+000  6.769900E-001 -7.359923E-001  0.000000E+000  7.359923E-001  6.769900E-001  0.000000E+000  0.000000E+000  0.000000E+000  1.000000E+000
  7.700000E-001  5.000000E+000  0.000000E+000  5.000000E+000  6.811802E-001 -7.321158E-001  0.000000E+000  7.321158E-001  6.811802E-001  0.000000E+000  0.000000E+000  0.000000E+000  1.000000E+000
  7.750000E-001  5.000000E+000  0.000000E+000  5.000000E+000  6.853065E-001 -7.282547E-001  0.000000E+000  7.282547E-001  6.853065E-001  0.000000E+000  0.000000E+000  0.000000E+000  1.000000E+000
  7.800000E-001  5.000000E+000  0.000000E+000  5.000000E+000  6.893703E-001 -7.244092E-001  0.000000E+000  7.244092E-001  6.893703E-001  0.000000E+000  0.000000E+000  0.000000E+000  1.000000E+000
  7.850000E-001  5.000000E+000  0.000000E+000  5.000000E+000  6.933726E-001 -7.205793E-001  0.000000E+000  7.205793E-001  6.933726E-001  0.000000E+000  0.000000E+000  0.000000E+000  1.000000E+000
  7.900000E-001  5.000000E+000  0.000000E+000  5.000000E+000  6.973146E-001 -7.167652E-001  0.000000E+000  7.167652E-001  6.973146E-001  0.000000E+000  0.000000E+000  0.000000E+000  1.000000E+000
  7.950000E-001  5.000000E+000  0.000000E+000  5.000000E+000  7.011976E-001 -7.129670E-001  0.000000E+000  7.129670E-001  7.011976E-001  0.000000E+000  0.000000E+000  0.000000E+000  1.000000E+000
  8.000000E-001  5.000000E+000  0.000000E+000  5.000000E+000  7.050227E-001 -7.091847E-001  0.000000E+000  7.091847E-001  7.050227E-001  0.000000E+000  0.000000E+000  0.000000E+000  1.000000E+000
  8.050000E-001  5.000000E+000  0.000000E+000  5.000000E+000  7.087910E-001 -7.054185E-001  0.000000E+000  7.054185E-001  7.087910E-001  0.000000E+000  0.000000E+000  0.000000E+000  1.000000E+000
  8.100000E-001  5.000000E+000  0.000000E+000  5.000000E+000  7.125038E-001 -7.016683E-001  0.000000E+000  7.016683E-001  7.125038E-001  0.000000E+000  0.000000E+000  0.000000E+000  1.000000E+000
  8.150000E-001  5.000000E+000  0.000000E+000  5.000000E+000  7.161620E-001 -6.979340E-001  0.000000E+000  6.979340E-001  7.161620E-001  0.000000E+000  0.000000E+000  0.000000E+000  1.000000E+000
  8.200000E-001  5.000000E+000  0.000000E+000  5.000000E+000  7.197669E-001 -6.942158E-001  0.000000E+000  6.942158E-001  7.197669E-001  0.000000E+000  0.000000E+000  0.000000E+000  1.000000E+000
  8.250000E-001  5.000000E+000  0.000000E+000  5.000000E+000  7.233194E-001 -6.905136E-001  0.000000E+000  6.905136E-001  7.233194E-001  0.000000E+000  0.000000E+000  0.000000E+000  1.000000E+000
  8.300000E-001  5.000000E+000  0.000000E+000  5.000000E+000  7.268207E-001 -6.868273E-001  0.000000E+000  6.868273E-001  7.268207E-001  0.000000E+000  0.000000E+000  0.000000E+000  1.000000E+000
  8.350000E-001  5.000000E+000  0.000000E+000  5.000000E+000  7.302717E-001 -6.831568E-001  0.000000E+000  6.831568E-001  7.302717E-001  0.000000E+000  0.000000E+000  0.000000E+000  1.000000E+000
  8.400000E-001  5.000000E+000  0.000000E+000  5.000000E+000  7.336735E-001 -6.795021E-001  0.000000E+000  6.795021E-001  7.336735E-001  0.000000E+000  0.000000E+000  0.000000E+000  1.000000E+000
  8.450000E-001  5.000000E+000  0.000000E+000  5.000000E+000  7.370271E-001 -6.758632E-001  0.000000E+000  6.758632E-001  7.370271E-001  0.000000E+000  0.000000E+000  0.000000E+000  1.000000E+000
  8.500000E-001  5.000000E+000  0.000000E+000  5.000000E+000  7.403334E-001 -6.722399E-001  0.000000E+000  6.722399E-001  7.403334E-001  0.000000E+000  0.000000E+000  0.000000E+000  1.000000E+000
  8.550000E-001  5.000000E+000  0.000000E+000  5.000000E+000  7.435934E-001 -6.686321E-001  0.000000E+000  6.686321E-001  7.435934E-001  0.000000E+000  0.000000E+000  0.000000E+000  1.000000E+000
  8.600000E-001  5.000000E+000  0.000000E+000  5.000000E+000  7.468080E-001 -6.650397E-001  0.000000E+000  6.650397E-001  7.468080E-001  0.000000E+000  0.000000E+000  0.000000E+000  1.000000E+000
  8.650000E-001  5.000000E+000  0.000000E+000  5.000000E+000  7.499781E-001 -6.614627E-001  0.000000E+000  6.614627E-001  7.499781E-001  0.000000E+000  0.000000E+000  0.000000E+000  1.000000E+000
  8.700000E-001  5.000000E+000  0.000000E+000  5.000000E+000  7.531046E-001 -6.579008E-001  0.000000E+000  6.579008E-001  7.531046E-001  0.000000E+000  0.000000E+000  0.000000E+000  1.000000E+000
  8.750000E-001  5.000000E+000  0.000000E+000  5.000000E+000  7.561883E-001 -6.543541E-001  0.000000E+000  6.543541E-001  7.561883E-001  0.000000E+000  0.000000E+000  0.000000E+000  1.000000E+000
  8.800000E-001  5.000000E+000  0.000000E+000  5.000000E+000  7.592301E-001 -6.508223E-001  0.000000E+000  6.508223E-001  7.592301E-001  0.000000E+000  0.000000E+000  0.000000E+000  1.000000E+000
  8.850000E-001  5.000000E+000  0.000000E+000  5.000000E+000  7.622307E-001 -6.473054E-001  0.000000E+000  6.473054E-001  7.622307E-001  0.000000E+000  0.000000E+000  0.000000E+000  1.000000E+000
  8.900000E-001  5.000000E+000  0.000000E+000  5.000000E+000  7.651911E-001 -6.438033E-001  0.000000E+000  6.438033E-001  7.651911E-001  0.000000E+000  0.000000E+000  0.000000E+000  1.000000E+000
  8.950000E-001  5.000000E+000  0.000000E+000  5.000000E+000  7.681118E-001 -6.403157E-001  0.000000E+000  6.403157E-001  7.681118E-001  0.000000E+000  0.000000E+000  0.000000E+000  1.000000E+000
  9.000000E-001  5.000000E+000  0.000000E+000  5.000000E+000  7.709938E-001 -6.368427E-001  0.000000E+000  6.368427E-001  7.709938E-001  0.000000E+000  0.000000E+000  0.000000E+000  1.000000E+000
  9.050000E-001  5.000000E+000  0.000000E+000  5.000000E+000  7.738376E-001 -6.333840E-001  0.000000E+000  6.333840E-001  7.738376E-001  0.000000E+000  0.000000E+000  0.000000E+000  1.000000E+000
  9.100000E-001  5.000000E+000  0.000000E+000  5.000000E+000  7.766441E-001 -6.299396E-001  0.000000E+000  6.299396E-001  7.766441E-001  0.000000E+000  0.000000E+000  0.000000E+000  1.000000E+000
  9.150000E-001  5.000000E+000  0.000000E+000  5.000000E+000  7.794138E-001 -6.265094E-001  0.000000E+000  6.265094E-001  7.794138E-001  0.000000E+000  0.000000E+000  0.000000E+000  1.000000E+000
  9.200000E-001  5.000000E+000  0.000000E+000  5.000000E+000  7.821476E-001 -6.230932E-001  0.000000E+000  6.230932E-001  7.821476E-001  0.000000E+000  0.000000E+000  0.000000E+000  1.000000E+000
  9.250000E-001  5.000000E+000  0.000000E+000  5.000000E+000  7.848459E-001 -6.196910E-001  0.000000E+000  6.196910E-001  7.848459E-001  0.000000E+000  0.000000E+000  0.000000E+000  1.000000E+000
  9.300000E-001  5.000000E+000  0.000000E+000  5.000000E+000  7.875094E-001 -6.163026E-001  0.000000E+000  6.163026E-001  7.875094E-001  0.000000E+000  0.000000E+000  0.000000E+000  1.000000E+000
  9.350000E-001  5.000000E+000  0.000000E+000  5.000000E+000  7.901388E-001 -6.129279E-001  0.000000E+000  6.129279E-001  7.901388E-001  0.000000E+000  0.000000E+000  0.000000E+000  1.000000E+000
  9.400000E-001  5.000000E+000  0.000000E+000  5.000000E+000  7.927346E-001 -6.095669E-001  0.000000E+000  6.095669E-001  7.927346E-001  0.000000E+000  0.000000E+000  0.000000E+000  1.000000E+000
  9.450000E-001  5.000000E+000  0.000000E+000  5.000000E+000  7.952974E-001 -6.062194E-001  0.000000E+000  6.062194E-001  7.952974E-001  0.000000E+000  0.000000E+000  0.000000E+000  1.000000E+000
  9.500000E-001  5.000000E+000  0.000000E+000  5.000000E+000  7.978278E-001 -6.028854E-001  0.000000E+000  6.028854E-001  7.978278E-001  0.000000E+000  0.000000E+000  0.000000E+000  1.000000E+000
  9.550000E-001  5.000000E+000  0.000000E+000  5.000000E+000  8.003263E-001 -5.995647E-001  0.000000E+000  5.995647E-001  8.003263E-001  0.000000E+000  0.000000E+000  0.000000E+000  1.000000E+000
  9.600000E-001  5.000000E+000  0.000000E+000  5.000000E+000  8.027933E-001 -5.962574E-001  0.000000E+000  5.962574E-001  8.027933E-001  0.000000E+000  0.000000E+000  0.000000E+000  1.000000E+000
  9.650000E-001  5.000000E+000  0.000000E+000  5.000000E+000  8.052295E-001 -5.929632E-001  0.000000E+000  5.929632E-001  8.052295E-001  0.000000E+000  0.000000E+000  0.000000E+000  1.000000E+000
  9.700000E-001  5.000000E+000  0.000000E+000  5.000000E+000  8.076354E-001 -5.896822E-001  0.000000E+000  5.896822E-001  8.076354E-001  0.000000E+000  0.000000E+000  0.000000E+000  1.000000E+000
  9.750000E-001  5.000000E+000  0.000000E+000  5.000000E+000  8.100113E-001 -5.864143E-001  0.000000E+000  5.864143E-001  8.100113E-001  0.000000E+000  0.000000E+000  0.000000E+000  1.000000E+000
  9.800000E-001  5.000000E+000  0.000000E+000  5.000000E+000  8.123578E-001 -5.831594E-001  0.000000E+000  5.831594E-001  8.123578E-001  0.000000E+000  0.000000E+000  0.000000E+000  1.000000E+000
  9.850000E-001  5.000000E+000  0.000000E+000  5.000000E+000  8.146753E-001 -5.799174E-001  0.000000E+000  5.799174E-001  8.146753E-001  0.000000E+000  0.000000E+000  0.000000E+000  1.000000E+000
  9.900000E-001  5.000000E+000  0.000000E+000  5.000000E+000  8.169642E-001 -5.766884E-001  0.000000E+000  5.766884E-001  8.169642E-001  0.000000E+000  0.000000E+000  0.000000E+000  1.000000E+000
  9.950000E-001  5.000000E+000  0.000000E+000  5.000000E+000  8.192250E-001 -5.734722E-001  0.000000E+000  5.734722E-001  8.192250E-001  0.000000E+000  0.000000E+000  0.000000E+000  1.000000E+000
