% FILE: robot_arm.6
%
%       t         P_No_Eo[1]     P_No_Eo[2]     P_No_Eo[3]      N_E[1,1]       N_E[1,2]       N_E[1,3]       N_E[2,1]       N_E[2,2]       N_E[2,3]       N_E[3,1]       N_E[3,2]       N_E[3,3]
%   (second)        (meter)        (meter)        (meter)       (NoUnits)      (NoUnits)      (NoUnits)      (NoUnits)      (NoUnits)      (NoUnits)      (NoUnits)      (NoUnits)      (NoUnits)

  0.000000E+000  1.949494E+000  4.000000E-001  0.000000E+000  1.000000E+000  0.000000E+000  0.000000E+000  0.000000E+000  1.000000E+000  0.000000E+000  0.000000E+000  0.000000E+000  1.000000E+000
  5.000000E-002  1.945690E+000  4.000000E-001 -1.361442E-003  9.999548E-001 -9.508789E-003 -1.540615E-005  9.508786E-003  9.999490E-001  3.403552E-003 -1.695829E-005 -3.403545E-003  9.999942E-001
  1.000000E-001  1.937209E+000  4.000000E-001 -5.402044E-003  9.995284E-001 -3.070631E-002 -1.894751E-004  3.070607E-002  9.994372E-001  1.350286E-002 -2.252545E-004 -1.350231E-002  9.999088E-001
  1.500000E-001  1.926402E+000  4.000000E-001 -1.206048E-002  9.983343E-001 -5.768947E-002 -7.702631E-004  5.768646E-002  9.978799E-001  3.013285E-002 -9.697178E-004 -3.012709E-002  9.995456E-001
  2.000000E-001  1.914248E+000  4.000000E-001 -2.127875E-002  9.961213E-001 -8.796684E-002 -2.024309E-003  8.794994E-002  9.947077E-001  5.311732E-002 -2.658967E-003 -5.308934E-002  9.985862E-001
  2.500000E-001  1.901204E+000  4.000000E-001 -3.299990E-002  9.927260E-001 -1.203214E-001 -4.219524E-003  1.202593E-001  9.893292E-001  8.225256E-002 -5.722243E-003 -8.216169E-002  9.966026E-001
  3.000000E-001  1.887519E+000  4.000000E-001 -4.716688E-002  9.880356E-001 -1.540378E-001 -7.620755E-003  1.538622E-001  9.811061E-001  1.172916E-001 -1.059058E-002 -1.170609E-001  9.930683E-001
  3.500000E-001  1.873339E+000  4.000000E-001 -6.372203E-002  9.819708E-001 -1.886200E-001 -1.248672E-002  1.882038E-001  9.693492E-001  1.579284E-001 -1.768445E-002 -1.574311E-001  9.873716E-001
  4.000000E-001  1.858758E+000  4.000000E-001 -8.260662E-002  9.744770E-001 -2.236763E-001 -1.906770E-002  2.228087E-001  9.533256E-001  2.037805E-001 -2.740314E-002 -2.028279E-001  9.788309E-001
  4.500000E-001  1.843834E+000  4.000000E-001 -1.037606E-001  9.655184E-001 -2.588670E-001 -2.760392E-002  2.572255E-001  9.322713E-001  2.543725E-001 -4.011430E-002 -2.527017E-001  9.667123E-001
  5.000000E-001  1.828601E+000  4.000000E-001 -1.271221E-001  9.550748E-001 -2.938763E-001 -3.832464E-002  2.909983E-001  9.054092E-001  3.091184E-001 -5.614309E-002 -3.063836E-001  9.502511E-001
  5.500000E-001  1.813074E+000  4.000000E-001 -1.526275E-001  9.431384E-001 -3.283948E-001 -5.144738E-002  3.236515E-001  8.719724E-001  3.673063E-001 -7.576079E-002 -3.630717E-001  9.286761E-001
  6.000000E-001  1.797249E+000  4.000000E-001 -1.802105E-001  9.297127E-001 -3.621070E-001 -6.717718E-002  3.546816E-001  8.312305E-001  4.280851E-001 -9.917291E-002 -4.218227E-001  9.012382E-001
  6.500000E-001  1.781113E+000  4.000000E-001 -2.098023E-001  9.148120E-001 -3.946816E-001 -8.570518E-002  3.835556E-001  7.825216E-001  4.904539E-001 -1.265070E-001 -4.815458E-001  8.672425E-001
  7.000000E-001  1.764637E+000  4.000000E-001 -2.413308E-001  8.984621E-001 -4.257614E-001 -1.072062E-001  4.097133E-001  7.252871E-001  5.532573E-001 -1.578003E-001 -5.410045E-001  8.260830E-001
  7.500000E-001  1.747782E+000  4.000000E-001 -2.747207E-001  8.807014E-001 -4.549556E-001 -1.318348E-001  4.325740E-001  6.591097E-001  6.151863E-001 -1.929888E-001 -5.988237E-001  7.772808E-001
  8.000000E-001  1.730499E+000  4.000000E-001 -3.098927E-001  8.615849E-001 -4.818313E-001 -1.597189E-001  4.515478E-001  5.837533E-001  6.747864E-001 -2.318968E-001 -6.535065E-001  7.205228E-001
  8.500000E-001  1.712732E+000  4.000000E-001 -3.467633E-001  8.411871E-001 -5.059069E-001 -1.909514E-001  4.660502E-001  4.992029E-001  7.304750E-001 -2.742289E-001 -7.034591E-001  6.557011E-001
  9.000000E-001  1.694416E+000  4.000000E-001 -3.852447E-001  8.196081E-001 -5.266471E-001 -2.255781E-001  4.755212E-001  4.057028E-001  7.805670E-001 -3.195657E-001 -7.470262E-001  5.829491E-001
  9.500000E-001  1.675479E+000  4.000000E-001 -4.252442E-001  7.969790E-001 -5.434598E-001 -2.635830E-001  4.794467E-001  3.037905E-001  8.233117E-001 -3.673628E-001 -7.825361E-001  5.026746E-001
  1.000000E+000  1.655843E+000  4.000000E-001 -4.666638E-001  7.734689E-001 -5.556977E-001 -3.048702E-001  4.773828E-001  1.943246E-001  8.569385E-001 -4.169549E-001 -8.083551E-001  4.155846E-001
  1.050000E+000  1.635427E+000  4.000000E-001 -5.094005E-001  7.492915E-001 -5.626644E-001 -3.492434E-001  4.689822E-001  7.850288E-002  8.797119E-001 -4.675660E-001 -8.229496E-001  3.227011E-001
  1.100000E+000  1.614145E+000  4.000000E-001 -5.533456E-001  7.247108E-001 -5.636266E-001 -3.963829E-001  4.540194E-001 -4.213088E-002  8.899952E-001 -5.183249E-001 -8.249546E-001  2.253647E-001
  1.150000E+000  1.591909E+000  4.000000E-001 -5.983850E-001  7.000460E-001 -5.578331E-001 -4.458226E-001  4.324167E-001 -1.656937E-001  8.863190E-001 -5.682881E-001 -8.132452E-001  1.252231E-001
  1.200000E+000  1.568629E+000  4.000000E-001 -6.443988E-001  6.756742E-001 -5.445426E-001 -4.969283E-001  4.042664E-001 -2.899865E-001  8.674540E-001 -6.164682E-001 -7.870077E-001  2.420390E-002
  1.250000E+000  1.544217E+000  4.000000E-001 -6.912615E-001  6.520290E-001 -5.230590E-001 -5.488784E-001  3.698494E-001 -4.125333E-001  8.324828E-001 -6.618683E-001 -7.458053E-001 -7.553056E-002
  1.300000E+000  1.518582E+000  4.000000E-001 -7.388422E-001  6.295962E-001 -4.927745E-001 -6.006513E-001  3.296480E-001 -5.306376E-001  7.808687E-001 -7.035203E-001 -6.896355E-001 -1.716453E-001
  1.350000E+000  1.491639E+000  4.000000E-001 -7.870045E-001  6.089039E-001 -4.532195E-001 -6.510209E-001  2.843516E-001 -6.414554E-001  7.125161E-001 -7.405270E-001 -6.189726E-001 -2.617110E-001
  1.400000E+000  1.463304E+000  4.000000E-001 -8.356071E-001  5.905072E-001 -4.041175E-001 -6.985630E-001  2.348544E-001 -7.420821E-001  6.278196E-001 -7.721040E-001 -5.347926E-001 -3.432961E-001
  1.450000E+000  1.433498E+000  4.000000E-001 -8.845040E-001  5.749681E-001 -3.454411E-001 -7.416752E-001  1.822440E-001 -8.296519E-001  5.276977E-001 -7.976207E-001 -4.385752E-001 -4.140688E-001
  1.500000E+000  1.402147E+000  4.000000E-001 -9.335449E-001  5.628289E-001 -2.774668E-001 -7.786115E-001  1.277806E-001 -9.014439E-001  4.136073E-001 -8.166369E-001 -3.322816E-001 -4.719038E-001
  1.550000E+000  1.369184E+000  4.000000E-001 -9.825760E-001  5.545823E-001 -2.008233E-001 -8.075324E-001  7.286712E-002 -9.549935E-001  2.875375E-001 -8.289324E-001 -2.183057E-001 -5.149890E-001
  1.600000E+000  1.334549E+000  4.000000E-001 -1.031440E+000  5.506368E-001 -1.165301E-001 -8.265711E-001  1.901081E-002 -9.882006E-001  1.519810E-001 -8.345284E-001 -9.940013E-002 -5.419243E-001
  1.650000E+000  1.298190E+000  4.000000E-001 -1.079978E+000  5.512818E-001 -2.601965E-002 -8.339133E-001 -3.222238E-002 -9.994319E-001  9.882627E-003 -8.336967E-001  2.142256E-002 -5.518070E-001
  1.700000E+000  1.260065E+000  4.000000E-001 -1.128029E+000  5.566516E-001  6.885791E-002 -8.278874E-001 -7.925907E-002 -9.876110E-001 -1.354345E-001 -8.269564E-001  1.410074E-001 -5.442977E-001
  1.750000E+000  1.220139E+000  4.000000E-001 -1.175432E+000  5.666939E-001  1.658540E-001 -8.070629E-001 -1.205733E-001 -9.522916E-001 -2.803618E-001 -8.150583E-001  2.561896E-001 -5.196603E-001
  1.800000E+000  1.178391E+000  4.000000E-001 -1.222023E+000  5.811423E-001  2.623649E-001 -7.703495E-001 -1.547429E-001 -8.937096E-001 -4.211149E-001 -7.989545E-001  3.639338E-001 -4.787734E-001
  1.850000E+000  1.134808E+000  4.000000E-001 -1.267645E+000  5.994977E-001  3.555002E-001 -7.170928E-001 -1.805040E-001 -8.128110E-001 -5.538560E-001 -7.797569E-001  4.614736E-001 -4.231091E-001
  1.900000E+000  1.089388E+000  4.000000E-001 -1.312136E+000  6.210195E-001  4.421761E-001 -6.471593E-001 -1.968031E-001 -7.112540E-001 -6.748232E-001 -7.586853E-001  5.464412E-001 -3.546810E-001
  1.950000E+000  1.042140E+000  4.000000E-001 -1.355343E+000  6.447286E-001  5.192304E-001 -5.610034E-001 -2.028419E-001 -5.913830E-001 -7.804622E-001 -7.370076E-001  6.169813E-001 -2.759599E-001
  2.000000E+000  9.930859E-001  4.000000E-001 -1.397114E+000  6.694242E-001  5.835535E-001 -4.597136E-001 -1.981155E-001 -4.561771E-001 -8.675556E-001 -7.159759E-001  6.718391E-001 -1.897650E-001
  2.050000E+000  9.422568E-001  4.000000E-001 -1.437301E+000  6.937134E-001  6.322318E-001 -3.450285E-001 -1.824401E-001 -3.091723E-001 -9.333424E-001 -6.967620E-001  7.104192E-001 -9.913253E-002
  2.100000E+000  8.896952E-001  4.000000E-001 -1.475764E+000  7.160544E-001  6.626941E-001 -2.193232E-001 -1.559697E-001 -1.543617E-001 -9.756259E-001 -6.803967E-001  7.328090E-001 -7.171153E-003
  2.150000E+000  8.354541E-001  4.000000E-001 -1.512369E+000  7.348110E-001  6.728535E-001 -8.556196E-002 -1.192018E-001  3.922954E-003 -9.928623E-001 -6.677153E-001  7.397653E-001  8.308800E-002
  2.200000E+000  7.795966E-001  4.000000E-001 -1.546989E+000  7.483177E-001  6.612372E-001  5.278247E-002 -7.297024E-002  1.611449E-001 -9.842295E-001 -6.593148E-001  7.326648E-001  1.688382E-001
  2.250000E+000  7.221952E-001  4.000000E-001 -1.579506E+000  7.549498E-001  6.270950E-001  1.918400E-001 -1.842634E-002  3.127053E-001 -9.496715E-001 -6.555236E-001  7.134194E-001  2.476319E-001
  2.300000E+000  6.633310E-001  4.000000E-001 -1.609808E+000  7.531987E-001  5.704804E-001  3.274811E-001  4.299119E-002  4.540913E-001 -8.899173E-001 -6.563867E-001  6.843634E-001  3.174953E-001
  2.350000E+000  6.030936E-001  4.000000E-001 -1.637796E+000  7.417445E-001  4.922976E-001  4.554757E-001  1.095970E-001  5.810233E-001 -8.064741E-001 -6.616672E-001  6.481165E-001  3.770165E-001
  2.400000E+000  5.415795E-001  4.000000E-001 -1.663378E+000  7.195262E-001  3.943102E-001  5.716656E-001  1.795090E-001  6.895969E-001 -7.015929E-001 -6.708640E-001  6.074336E-001  4.254008E-001
  2.450000E+000  4.788919E-001  4.000000E-001 -1.686472E+000  6.858014E-001  2.791101E-001  6.721413E-001  2.507054E-001  7.764144E-001 -5.782106E-001 -6.832446E-001  5.650471E-001  4.624916E-001
  2.500000E+000  4.151396E-001  4.000000E-001 -1.707006E+000  6.401953E-001  1.500466E-001  7.534162E-001  3.210877E-001  8.387011E-001 -4.398672E-001 -6.978916E-001  5.235136E-001  4.887544E-001
  2.550000E+000  3.504361E-001  4.000000E-001 -1.724919E+000  5.827345E-001  1.111620E-002  8.125866E-001  3.885470E-001  8.744034E-001 -2.906026E-001 -7.137589E-001  4.850722E-001  5.052258E-001
  2.600000E+000  2.848989E-001  4.000000E-001 -1.740159E+000  5.138634E-001 -1.331790E-001  8.474714E-001  4.510319E-001  8.822638E-001 -1.348361E-001 -7.297360E-001  4.515240E-001  5.134310E-001
  2.650000E+000  2.186486E-001  4.000000E-001 -1.752682E+000  4.344425E-001 -2.780021E-001  8.567232E-001  5.066153E-001  8.618715E-001  2.276914E-002 -7.447151E-001  4.241372E-001  5.152737E-001
  2.700000E+000  1.518082E-001  4.000000E-001 -1.762454E+000  3.457279E-001 -4.183704E-001  8.399038E-001  5.535585E-001  8.136856E-001  1.774505E-001 -7.576577E-001  4.035863E-001  5.129063E-001
  2.750000E+000  8.450247E-002  4.000000E-001 -1.769451E+000  2.493324E-001 -5.493557E-001  7.975222E-001  5.903692E-001  7.390309E-001  3.244958E-001 -7.676572E-001  3.899252E-001  5.085870E-001
  2.800000E+000  1.685707E-002  4.000000E-001 -1.773656E+000  1.471701E-001 -6.662856E-001  7.310297E-001  6.158533E-001  6.400642E-001  4.593937E-001 -7.739933E-001  3.825980E-001  5.045325E-001
  2.850000E+000 -5.100178E-002  4.000000E-001 -1.775061E+000  4.138689E-002 -7.649368E-001  6.427743E-001  6.291566E-001  5.197142E-001  5.779784E-001 -7.761759E-001  3.804850E-001  5.027744E-001
  2.900000E+000 -1.189479E-001  4.000000E-001 -1.773665E+000 -6.572033E-002 -8.417099E-001  5.359153E-001  6.297964E-001  3.815945E-001  6.765664E-001 -7.739750E-001  3.819817E-001  5.050274E-001
  2.950000E+000 -1.868558E-001  4.000000E-001 -1.769475E+000 -1.717917E-001 -8.937795E-001  4.143016E-001  6.176804E-001  2.298937E-001  7.520770E-001 -7.674363E-001  3.851066E-001  5.125763E-001
  3.000000E+000 -2.546006E-001  4.000000E-001 -1.762502E+000 -2.744960E-001 -9.192105E-001  2.823190E-001  5.931139E-001  6.924495E-002  8.021353E-001 -7.568804E-001  3.876303E-001  5.261890E-001
  3.050000E+000 -3.220590E-001  4.000000E-001 -1.752768E+000 -3.716209E-001 -9.170362E-001  1.447153E-001  5.567923E-001 -9.541980E-002  8.251529E-001 -7.428864E-001  3.872204E-001  5.460587E-001
  3.100000E+000 -3.891093E-001  4.000000E-001 -1.740297E+000 -4.611584E-001 -8.872947E-001  6.408337E-003  5.097825E-001 -2.590269E-001  8.203822E-001 -7.262608E-001  3.815930E-001  5.717797E-001
  3.150000E+000 -4.556315E-001  4.000000E-001 -1.725122E+000 -5.413816E-001 -8.310210E-001 -1.277111E-001  4.534893E-001 -4.165237E-001  7.879438E-001 -7.079926E-001  3.686626E-001  6.023574E-001
  3.200000E+000 -5.215079E-001  4.000000E-001 -1.707278E+000 -6.109079E-001 -7.501969E-001 -2.529746E-001  3.896126E-001 -5.630412E-001  7.288255E-001 -6.891978E-001  3.466831E-001  6.362525E-001
  3.250000E+000 -5.866232E-001  4.000000E-001 -1.686808E+000 -6.687481E-001 -6.476601E-001 -3.651196E-001  3.200929E-001 -6.940514E-001  6.448513E-001 -6.710562E-001  3.143709E-001  6.714570E-001
  3.300000E+000 -6.508647E-001  4.000000E-001 -1.663759E+000 -7.143373E-001 -5.269775E-001 -4.604528E-001  2.470494E-001 -8.055131E-001  5.386234E-001 -6.547433E-001  2.710042E-001  7.055976E-001
  3.350000E+000 -7.141227E-001  4.000000E-001 -1.638182E+000 -7.475471E-001 -3.922894E-001 -5.359873E-001  1.727116E-001 -8.940021E-001  4.134381E-001 -6.413611E-001  2.164932E-001  7.360615E-001
  3.400000E+000 -7.762903E-001  4.000000E-001 -1.610135E+000 -7.686789E-001 -2.481312E-001 -5.895453E-001  9.934732E-002 -9.568198E-001  2.731777E-001 -6.318725E-001  1.514162E-001  7.601383E-001
  3.450000E+000 -8.372641E-001  4.000000E-001 -1.579677E+000 -7.784393E-001 -9.924221E-002 -6.198252E-001  2.919018E-002 -9.920780E-001  1.221848E-001 -6.270409E-001  7.702064E-002  7.751694E-001
  3.500000E+000 -8.969439E-001  4.000000E-001 -1.546873E+000 -7.778979E-001  4.962989E-002 -6.264278E-001 -3.563253E-002 -9.987561E-001 -3.487982E-002 -6.273797E-001 -4.811733E-003  7.786987E-001
  3.550000E+000 -9.552334E-001  4.000000E-001 -1.511794E+000 -7.684310E-001  1.939198E-001 -6.098434E-001 -9.316722E-002 -9.767283E-001 -1.931880E-001 -6.331143E-001 -9.163424E-002  7.686153E-001
  3.600000E+000 -1.012040E+000  4.000000E-001 -1.474510E+000 -7.516535E-001  3.294219E-001 -5.714002E-001 -1.416954E-001 -9.267622E-001 -3.478997E-001 -6.441579E-001 -1.805353E-001  7.432817E-001
  3.650000E+000 -1.067275E+000  4.000000E-001 -1.435098E+000 -7.293429E-001  4.524458E-001 -5.131781E-001 -1.797867E-001 -8.504863E-001 -4.943175E-001 -6.601028E-001 -2.682644E-001  7.016399E-001
  3.700000E+000 -1.120854E+000  4.000000E-001 -1.393639E+000 -7.033582E-001  5.599443E-001 -4.378923E-001 -2.063416E-001 -7.503307E-001 -6.280343E-001 -6.802282E-001 -3.513777E-001  6.432910E-001
  3.750000E+000 -1.172697E+000  4.000000E-001 -1.350214E+000 -6.755593E-001  6.496080E-001 -3.487535E-001 -2.206232E-001 -6.294410E-001 -7.450701E-001 -7.035233E-001 -4.263960E-001  5.685433E-001
  3.800000E+000 -1.222728E+000  4.000000E-001 -1.304910E+000 -6.477293E-001  7.199237E-001 -2.493121E-001 -2.222760E-001 -4.915709E-001 -8.419925E-001 -7.287250E-001 -4.899672E-001  4.784267E-001
  3.850000E+000 -1.270876E+000  4.000000E-001 -1.257815E+000 -6.215030E-001  7.701954E-001 -1.432935E-001 -2.113323E-001 -3.409562E-001 -9.160172E-001 -7.543691E-001 -5.390249E-001  3.746725E-001
  3.900000E+000 -1.317076E+000  4.000000E-001 -1.209021E+000 -5.983063E-001  8.005273E-001 -3.443349E-002 -1.882058E-001 -1.821749E-001 -9.650859E-001 -7.788505E-001 -5.709364E-001  2.596603E-001
  3.950000E+000 -1.361265E+000  4.000000E-001 -1.158621E+000 -5.793070E-001  8.117726E-001  7.367874E-002 -1.536731E-001 -1.999975E-002 -9.879193E-001 -8.004923E-001 -5.836310E-001  1.363336E-001
  4.000000E+000 -1.403387E+000  4.000000E-001 -1.106710E+000 -5.653806E-001  8.054514E-001  1.777439E-001 -1.088432E-001  1.407533E-001 -9.840435E-001 -8.176172E-001 -5.757053E-001  8.088759E-003
  4.050000E+000 -1.443391E+000  4.000000E-001 -1.053386E+000 -5.570901E-001  7.836417E-001  2.748750E-001 -5.511817E-002  2.953740E-001 -9.537904E-001 -8.286209E-001 -5.464978E-001 -1.213570E-001
  4.100000E+000 -1.481230E+000  4.000000E-001 -9.987482E-001 -5.546821E-001  7.488529E-001  3.626941E-001  5.855893E-003  4.394004E-001 -8.982722E-001 -8.320417E-001 -4.961317E-001 -2.481127E-001
  4.150000E+000 -1.516864E+000  4.000000E-001 -9.428957E-001 -5.580970E-001  7.038851E-001  4.394014E-001  7.224337E-002  5.687496E-001 -8.193319E-001 -8.266248E-001 -4.255228E-001 -3.682685E-001
  4.200000E+000 -1.550255E+000  4.000000E-001 -8.859300E-001 -5.669929E-001  6.516839E-001  5.038127E-001  1.420788E-001  6.798338E-001 -7.194718E-001 -8.113771E-001 -3.363542E-001 -4.780514E-001
  4.250000E+000 -1.581374E+000  4.000000E-001 -8.279529E-001 -5.807812E-001  5.951975E-001  5.553676E-001  2.133288E-001  7.696564E-001 -6.017639E-001 -7.856106E-001 -2.310172E-001 -5.739747E-001
  4.300000E+000 -1.610194E+000  4.000000E-001 -7.690666E-001 -5.986718E-001  5.372418E-001  5.941072E-001  2.839544E-001  8.358886E-001 -4.697448E-001 -7.489740E-001 -1.125236E-001 -6.529750E-001
  4.350000E+000 -1.636696E+000  4.000000E-001 -7.093734E-001 -6.197245E-001  4.803800E-001  6.206260E-001  3.519712E-001  8.769216E-001 -3.272994E-001 -7.014684E-001  1.560702E-002 -7.125297E-001
  4.400000E+000 -1.660862E+000  4.000000E-001 -6.489758E-001 -6.429046E-001  4.268224E-001  6.360002E-001  4.155068E-001  8.918960E-001 -1.785376E-001 -6.434499E-001  1.494798E-001 -7.507517E-001
  4.450000E+000 -1.682684E+000  4.000000E-001 -5.879757E-001 -6.671399E-001  3.783479E-001  6.416987E-001  4.728525E-001  8.807071E-001 -2.766861E-002 -5.756170E-001  2.849700E-001 -7.664576E-001
  4.500000E+000 -1.702154E+000  4.000000E-001 -5.264743E-001 -6.913750E-001  3.362522E-001  6.394803E-001  5.225079E-001  8.439872E-001  1.211239E-001 -4.989851E-001  4.178756E-001 -7.592061E-001
  4.550000E+000 -1.719274E+000  4.000000E-001 -4.645722E-001 -7.146225E-001  3.013215E-001  6.312844E-001  5.632185E-001  7.830669E-001  2.638015E-001 -4.148488E-001  5.440695E-001 -7.293071E-001
  4.600000E+000 -1.734046E+000  4.000000E-001 -4.023688E-001 -7.360073E-001  2.738329E-001  6.191193E-001  5.940040E-001  6.999159E-001  3.965816E-001 -3.247344E-001  6.596463E-001 -6.778011E-001
  4.650000E+000 -1.746479E+000  4.000000E-001 -3.399620E-001 -7.548026E-001  2.535784E-001  6.049553E-001  6.141779E-001  5.970689E-001  5.160370E-001 -2.303442E-001  7.610563E-001 -6.064115E-001
  4.700000E+000 -1.756586E+000  4.000000E-001 -2.774485E-001 -7.704572E-001  2.399119E-001  5.906251E-001  6.233574E-001  4.775365E-001  6.191805E-001 -1.334963E-001  8.452226E-001 -5.174722E-001
  4.750000E+000 -1.764386E+000  4.000000E-001 -2.149229E-001 -7.826122E-001  2.318132E-001  5.777376E-001  6.214642E-001  3.447061E-001  7.035339E-001 -3.606120E-002  9.096375E-001 -4.138348E-001
  4.800000E+000 -1.769899E+000  4.000000E-001 -1.524780E-001 -7.911079E-001  2.279677E-001  5.676082E-001  6.087168E-001  2.022367E-001  7.671793E-001  6.010090E-002  9.524343E-001 -2.987589E-001
  4.850000E+000 -1.773151E+000  4.000000E-001 -9.020444E-002 -7.959806E-001  2.268542E-001  5.612059E-001  5.856145E-001  5.394980E-002  8.087924E-001  1.532010E-001  9.724333E-001 -1.757921E-001
  4.900000E+000 -1.774172E+000  4.000000E-001 -2.819056E-002 -7.974504E-001  2.268389E-001  5.591216E-001  5.529136E-001 -9.627968E-002  8.276574E-001  2.415769E-001  9.691617E-001 -4.864400E-002
  4.950000E+000 -1.772994E+000  4.000000E-001  3.347782E-002 -7.959006E-001  2.262688E-001  5.615555E-001  5.115987E-001 -2.446286E-001  8.236648E-001  3.237422E-001  9.428464E-001  7.894123E-002
  5.000000E+000 -1.769656E+000  4.000000E-001  9.471748E-002 -7.918508E-001  2.235621E-001  5.683241E-001  4.628478E-001 -3.874250E-001  7.972915E-001  3.984271E-001  8.943835E-001  2.033075E-001
  5.050000E+000 -1.764195E+000  4.000000E-001  1.554480E-001 -7.859249E-001  2.172895E-001  5.788845E-001  4.079946E-001 -5.212385E-001  7.495671E-001  4.646100E-001  8.252852E-001  3.210014E-001
  5.100000E+000 -1.756657E+000  4.000000E-001  2.155917E-001 -7.788157E-001  2.062455E-001  5.923756E-001  3.484874E-001 -6.429604E-001  6.820252E-001  5.215387E-001  7.376074E-001  4.288737E-001
  5.150000E+000 -1.747086E+000  4.000000E-001  2.750741E-001 -7.712481E-001  1.895051E-001  6.076711E-001  2.858480E-001 -7.498703E-001  5.966451E-001  5.687418E-001  6.338630E-001  5.241664E-001
  5.200000E+000 -1.735531E+000  4.000000E-001  3.338238E-001 -7.639426E-001  1.664661E-001  6.234426E-001  2.216299E-001 -8.396899E-001  4.957833E-001  6.060296E-001  5.169235E-001  6.045810E-001
  5.250000E+000 -1.722043E+000  4.000000E-001  3.917723E-001 -7.575804E-001  1.368739E-001  6.382299E-001  1.573780E-001 -9.106221E-001  3.820988E-001  6.334856E-001  3.899140E-001  6.683286E-001
  5.300000E+000 -1.706677E+000  4.000000E-001  4.488546E-001 -7.527719E-001  1.008309E-001  6.505134E-001  9.459065E-002 -9.613757E-001  2.584752E-001  6.514500E-001  2.561053E-001  7.141589E-001
  5.350000E+000 -1.689487E+000  4.000000E-001  5.050089E-001 -7.500293E-001  5.878904E-002  6.587867E-001  3.468481E-002 -9.911753E-001  1.279395E-001  6.604946E-001  1.188083E-001  7.413714E-001
  5.400000E+000 -1.670532E+000  4.000000E-001  5.601768E-001 -7.497449E-001  1.152801E-002  6.616265E-001 -2.103471E-002 -9.997582E-001 -6.416677E-003  6.613925E-001 -1.872799E-002  7.498061E-001
  5.450000E+000 -1.649869E+000  4.000000E-001  6.143033E-001 -7.521753E-001 -3.987969E-002  6.577552E-001 -7.140169E-002 -9.873578E-001 -1.415148E-001  6.550833E-001 -1.534088E-001  7.398186E-001
  5.500000E+000 -1.627561E+000  4.000000E-001  6.673366E-001 -7.574310E-001 -9.411455E-002  6.460965E-001 -1.154099E-001 -9.546760E-001 -2.743614E-001  6.426343E-001 -2.823758E-001  7.122395E-001
  5.550000E+000 -1.603669E+000  4.000000E-001  7.192287E-001 -7.654735E-001 -1.496643E-001  6.258202E-001 -1.522294E-001 -9.028456E-001 -4.021144E-001  6.252012E-001 -4.030762E-001  6.683211E-001
  5.600000E+000 -1.578257E+000  4.000000E-001  7.699346E-001 -7.761175E-001 -2.048837E-001  5.963760E-001 -1.812176E-001 -8.333835E-001 -5.221418E-001  6.039883E-001 -5.133172E-001  6.096750E-001
  5.650000E+000 -1.551388E+000  4.000000E-001  8.194131E-001 -7.890391E-001 -2.580581E-001  5.575153E-001 -2.019248E-001 -7.481386E-001 -6.320720E-001  5.802100E-001 -6.113057E-001  5.382023E-001
  5.700000E+000 -1.523128E+000  4.000000E-001  8.676261E-001 -8.037892E-001 -3.074665E-001  5.093007E-001 -2.140956E-001 -6.492337E-001 -7.298347E-001  5.550549E-001 -6.956723E-001  4.560199E-001
  5.750000E+000 -1.493542E+000  4.000000E-001  9.145390E-001 -8.198107E-001 -3.514433E-001  4.521040E-001 -2.176648E-001 -5.390052E-001 -8.136925E-001  5.296531E-001 -7.654809E-001  3.653854E-001
  5.800000E+000 -1.462696E+000  4.000000E-001  9.601205E-001 -8.364590E-001 -3.884360E-001  3.865926E-001 -2.127494E-001 -4.199408E-001 -8.822627E-001  5.050486E-001 -8.202239E-001  2.686237E-001
  5.850000E+000 -1.430656E+000  4.000000E-001  1.004343E+000 -8.530252E-001 -4.170566E-001  3.137066E-001 -1.996373E-001 -2.946182E-001 -9.345294E-001  4.821753E-001 -8.598046E-001  1.680567E-001
  5.900000E+000 -1.397489E+000  4.000000E-001  1.047181E+000 -8.687606E-001 -4.361254E-001  2.346267E-001 -1.787718E-001 -1.656450E-001 -9.698466E-001  4.618395E-001 -8.845091E-001  6.593892E-002
  5.950000E+000 -1.363261E+000  4.000000E-001  1.088613E+000 -8.829014E-001 -4.447066E-001  1.507356E-001 -1.507349E-001 -3.560239E-002 -9.879329E-001  4.447068E-001 -8.949684E-001 -3.559941E-002
  6.000000E+000 -1.328037E+000  4.000000E-001  1.128622E+000 -8.946932E-001 -4.421339E-001  6.357429E-002 -1.162274E-001  9.300785E-002 -9.888583E-001  4.312948E-001 -8.921139E-001 -1.346016E-001
  6.050000E+000 -1.291885E+000  4.000000E-001  1.167191E+000 -9.034143E-001 -4.280272E-001 -2.520552E-002 -7.604836E-002  2.178103E-001 -9.730238E-001  4.219707E-001 -8.771268E-001 -2.293237E-001
  6.100000E+000 -1.254868E+000  4.000000E-001  1.204308E+000 -9.083966E-001 -4.022993E-001 -1.138900E-001 -3.107346E-002  3.365975E-001 -9.411358E-001  4.169534E-001 -8.513856E-001 -3.182648E-001
  6.150000E+000 -1.217052E+000  4.000000E-001  1.239965E+000 -9.090445E-001 -3.651532E-001 -2.007518E-001  1.776655E-002  4.473648E-001 -8.941751E-001  4.163202E-001 -8.164116E-001 -4.001870E-001
  6.200000E+000 -1.178501E+000  4.000000E-001  1.274153E+000 -9.048506E-001 -3.170709E-001 -2.840976E-001  6.950737E-002  5.483393E-001 -8.333623E-001  4.200169E-001 -7.738153E-001 -4.741263E-001
  6.250000E+000 -1.139277E+000  4.000000E-001  1.306869E+000 -8.954081E-001 -2.587950E-001 -3.623113E-001  1.231718E-001  6.380006E-001 -7.601210E-001  4.278703E-001 -7.252451E-001 -5.393947E-001
  6.300000E+000 -1.099443E+000  4.000000E-001  1.338113E+000 -8.804198E-001 -1.913027E-001 -4.338943E-001  1.777894E-001  7.150965E-001 -6.760384E-001  4.396042E-001 -6.723394E-001 -5.955736E-001
  6.350000E+000 -1.059060E+000  4.000000E-001  1.367884E+000 -8.597034E-001 -1.157756E-001 -4.974998E-001  2.324140E-001  7.786510E-001 -5.828262E-001  4.548558E-001 -6.166836E-001 -6.425010E-001
  6.400000E+000 -1.018187E+000  4.000000E-001  1.396187E+000 -8.331937E-001 -3.356460E-002 -5.519616E-001  2.861406E-001  8.279662E-001 -4.822815E-001  4.731932E-001 -5.597726E-001 -6.802521E-001
  6.450000E+000 -9.768846E-001  4.000000E-001  1.423028E+000 -8.009413E-001  5.384796E-002 -5.963166E-001  3.381191E-001  8.626196E-001 -3.762484E-001  4.941342E-001 -5.029789E-001 -7.091147E-001
  6.500000E+000 -9.352088E-001  4.000000E-001  1.448416E+000 -7.631081E-001  1.448872E-001 -6.298204E-001  3.875666E-001  8.824546E-001 -2.665822E-001  5.171635E-001 -4.475283E-001 -7.295617E-001
  6.550000E+000 -8.932161E-001  4.000000E-001  1.472359E+000 -7.199611E-001  2.379252E-001 -6.519567E-001  4.337775E-001  8.875677E-001 -1.551150E-001  5.417500E-001 -3.944809E-001 -7.422208E-001
  6.600000E+000 -8.509611E-001  4.000000E-001  1.494872E+000 -6.718624E-001  3.313197E-001 -6.624411E-001  4.761310E-001  8.782916E-001 -4.362545E-002  5.673624E-001 -3.447190E-001 -7.478427E-001
  6.650000E+000 -8.084970E-001  4.000000E-001  1.515968E+000 -6.192587E-001  4.234508E-001 -6.612171E-001  5.140969E-001  8.551745E-001  6.618911E-002  5.934838E-001 -2.989415E-001 -7.472690E-001
  6.700000E+000 -7.658754E-001  4.000000E-001  1.535663E+000 -5.626684E-001  5.127552E-001 -6.484492E-001  5.472387E-001  8.189578E-001  1.727366E-001  6.196241E-001 -2.576631E-001 -7.414012E-001
  6.750000E+000 -7.231462E-001  4.000000E-001  1.553976E+000 -5.026687E-001  5.977565E-001 -6.245089E-001  5.752154E-001  7.705513E-001  2.745505E-001  6.453304E-001 -2.212192E-001 -7.311708E-001
  6.800000E+000 -6.803578E-001  4.000000E-001  1.570926E+000 -4.398812E-001  6.770922E-001 -5.899582E-001  5.977810E-001  7.110074E-001  3.703058E-001  6.701958E-001 -1.897753E-001 -7.175116E-001
  6.850000E+000 -6.375569E-001  4.000000E-001  1.586533E+000 -3.749576E-001  7.495362E-001 -5.455293E-001  6.147823E-001  6.414950E-001  4.588321E-001  6.938656E-001 -1.633392E-001 -7.013350E-001
  6.900000E+000 -5.947884E-001  4.000000E-001  1.600821E+000 -3.085663E-001  8.140165E-001 -4.921016E-001  6.261555E-001  5.632729E-001  5.391223E-001  7.160419E-001 -1.417772E-001 -6.835080E-001
  6.950000E+000 -5.520957E-001  4.000000E-001  1.613812E+000 -2.413784E-001  8.696285E-001 -4.306771E-001  6.319215E-001  4.776645E-001  6.103375E-001  7.364860E-001 -1.248318E-001 -6.648349E-001
  7.000000E+000 -5.095202E-001  4.000000E-001  1.625533E+000 -1.740556E-001  9.156438E-001 -3.623550E-001  6.321797E-001  3.860321E-001  6.718095E-001  7.550189E-001 -1.121412E-001 -6.460425E-001
  7.050000E+000 -4.671018E-001  4.000000E-001  1.636008E+000 -1.072383E-001  9.515145E-001 -2.883055E-001  6.271014E-001  2.897544E-001  7.230396E-001  7.715204E-001 -1.032592E-001 -6.277689E-001
  7.100000E+000 -4.248784E-001  4.000000E-001  1.645265E+000 -4.153556E-002  9.768736E-001 -2.097446E-001  6.169224E-001  1.902037E-001  7.636945E-001  7.859272E-001 -9.767565E-002 -6.105555E-001
  7.150000E+000 -3.828863E-001  4.000000E-001  1.653331E+000  2.248378E-002  9.915310E-001 -1.279092E-001  6.019352E-001  8.872646E-002  7.936004E-001  7.982283E-001 -9.483622E-002 -5.948425E-001
  7.200000E+000 -3.411601E-001  4.000000E-001  1.660236E+000  8.429869E-002  9.954671E-001 -4.403414E-002  5.824807E-001 -1.337493E-002  8.127345E-001  8.084615E-001 -9.416149E-002 -5.809679E-001
  7.250000E+000 -2.997324E-001  4.000000E-001  1.666008E+000  1.434418E-001  9.888228E-001  4.066977E-002  5.589400E-001 -1.148577E-001  8.212148E-001  8.167072E-001 -9.506454E-002 -5.691680E-001
  7.300000E+000 -2.586343E-001  4.000000E-001  1.670677E+000  1.995037E-001  9.718871E-001  1.250346E-001  5.317260E-001 -2.145525E-001  8.192891E-001  8.230830E-001 -9.696705E-002 -5.595817E-001
  7.350000E+000 -2.178951E-001  4.000000E-001  1.674275E+000  2.521363E-001  9.450836E-001  2.079525E-001  5.012760E-001 -3.113740E-001  8.073218E-001  8.277377E-001 -9.931349E-002 -5.522565E-001
  7.400000E+000 -1.775423E-001  4.000000E-001  1.676832E+000  3.010540E-001  9.089541E-001  2.883903E-001  4.680433E-001 -4.043307E-001  7.857813E-001  8.308441E-001 -1.015834E-001 -5.471552E-001
  7.450000E+000 -1.376018E-001  4.000000E-001  1.678379E+000  3.460342E-001  8.641425E-001  3.654013E-001  4.324901E-001 -4.925308E-001  7.552256E-001  8.325939E-001 -1.033014E-001 -5.441656E-001
  7.500000E+000 -9.809775E-002  4.000000E-001  1.678949E+000  3.869165E-001  8.113777E-001  4.381345E-001  3.950811E-001 -5.751876E-001  7.162891E-001  8.331906E-001 -1.040454E-001 -5.431096E-001
  7.550000E+000 -5.905282E-002  4.000000E-001  1.678572E+000  4.236007E-001  7.514562E-001  5.058419E-001  3.562766E-001 -6.516220E-001  6.696684E-001  8.328442E-001 -1.034524E-001 -5.437538E-001
  7.600000E+000 -2.048794E-002  4.000000E-001  1.677281E+000  4.560438E-001  6.852253E-001  5.678823E-001  3.165273E-001 -7.212630E-001  6.161088E-001  8.317659E-001 -1.012223E-001 -5.458201E-001
  7.650000E+000  1.757751E-002  4.000000E-001  1.675108E+000  4.842568E-001  6.135664E-001  6.237240E-001  2.762694E-001 -7.836478E-001  5.563913E-001  8.301630E-001 -9.712043E-002 -5.489964E-001
  7.700000E+000  5.512569E-002  4.000000E-001  1.672086E+000  5.083001E-001  5.373796E-001  6.729444E-001  2.359196E-001 -8.384189E-001  4.913203E-001  8.282349E-001 -9.097735E-002 -5.529468E-001
  7.750000E+000  9.214027E-002  4.000000E-001  1.668245E+000  5.282790E-001  4.575691E-001  7.152285E-001  1.958722E-001 -8.853210E-001  4.217118E-001  8.261691E-001 -8.268813E-002 -5.573216E-001
  7.800000E+000  1.286064E-001  4.000000E-001  1.663619E+000  5.443390E-001  3.750297E-001  7.503651E-001  1.564954E-001 -9.241961E-001  3.483829E-001  8.241385E-001 -7.220970E-002 -5.617664E-001
  7.850000E+000  1.645106E-001  4.000000E-001  1.658238E+000  5.566600E-001  2.906349E-001  7.782422E-001  1.181293E-001 -9.549787E-001  2.721418E-001  8.222987E-001 -5.955724E-002 -5.659310E-001
  7.900000E+000  1.998408E-001  4.000000E-001  1.652135E+000  5.654515E-001  2.052264E-001  7.988409E-001  8.108375E-002 -9.776887E-001  1.937790E-001  8.207862E-001 -4.479964E-002 -5.694761E-001
  7.950000E+000  2.345865E-001  4.000000E-001  1.645341E+000  5.709471E-001  1.196050E-001  8.122278E-001  4.563723E-002 -9.924251E-001  1.140598E-001  8.197174E-001 -2.805430E-002 -5.720807E-001
  8.000000E+000  2.687381E-001  4.000000E-001  1.637886E+000  5.733994E-001  3.452287E-002  8.185483E-001  1.203615E-002 -9.993589E-001  3.371728E-002  8.191876E-001 -9.481295E-003 -5.734473E-001
  8.050000E+000  3.022875E-001  4.000000E-001  1.629802E+000  5.730751E-001 -4.932237E-002  8.180173E-001 -1.950548E-002 -9.987254E-001 -4.655329E-002  8.192707E-001  1.072271E-002 -5.733067E-001
  8.100000E+000  3.352278E-001  4.000000E-001  1.621118E+000  5.702501E-001 -1.312924E-001  8.109113E-001 -4.880590E-002 -9.908163E-001 -1.260990E-001  8.200200E-001  3.233072E-002 -5.714210E-001
  8.150000E+000  3.675533E-001  4.000000E-001  1.611864E+000  5.652055E-001 -2.108116E-001  7.975595E-001 -7.571497E-002 -9.759730E-001 -2.043132E-001  8.214682E-001  5.509177E-002 -5.675870E-001
  8.200000E+000  3.992594E-001  4.000000E-001  1.602071E+000  5.582233E-001 -2.873690E-001  7.783353E-001 -1.001133E-001 -9.545782E-001 -2.806382E-001  8.236286E-001  7.873705E-002 -5.616372E-001
  8.250000E+000  4.303425E-001  4.000000E-001  1.591765E+000  5.495825E-001 -3.605194E-001  7.536477E-001 -1.219112E-001 -9.270489E-001 -3.545673E-001  8.264967E-001  1.029859E-001 -5.534412E-001
  8.300000E+000  4.608000E-001  4.000000E-001  1.580976E+000  5.395567E-001 -4.298827E-001  7.239333E-001 -1.410469E-001 -8.938297E-001 -4.256458E-001  8.300508E-001  1.275515E-001 -5.429054E-001
  8.350000E+000  4.906305E-001  4.000000E-001  1.569732E+000  5.284103E-001 -4.951437E-001  6.896486E-001 -1.574852E-001 -8.553855E-001 -4.934715E-001  8.342547E-001  1.521459E-001 -5.299723E-001
  8.400000E+000  5.198334E-001  4.000000E-001  1.558059E+000  5.163968E-001 -5.560495E-001  6.512628E-001 -1.712158E-001 -8.121957E-001 -5.576946E-001  8.390587E-001  1.764852E-001 -5.146198E-001
  8.450000E+000  5.484090E-001  4.000000E-001  1.545984E+000  5.037567E-001 -6.124072E-001  6.092509E-001 -1.822511E-001 -7.647483E-001 -6.180167E-001  8.444014E-001  2.002934E-001 -4.968589E-001
  8.500000E+000  5.763584E-001  4.000000E-001  1.533533E+000  4.907153E-001 -6.640809E-001  5.640878E-001 -1.906243E-001 -7.135341E-001 -6.741895E-001  8.502123E-001  2.233063E-001 -4.767321E-001
  8.550000E+000  6.036837E-001  4.000000E-001  1.520731E+000  4.774824E-001 -7.109877E-001  5.162432E-001 -1.963875E-001 -6.590423E-001 -7.260132E-001  8.564126E-001  2.452748E-001 -4.543102E-001
  8.600000E+000  6.303875E-001  4.000000E-001  1.507603E+000  4.642506E-001 -7.530944E-001  4.661762E-001 -1.996095E-001 -6.017558E-001 -7.733344E-001  8.629180E-001  2.659678E-001 -4.296903E-001
  8.650000E+000  6.564732E-001  4.000000E-001  1.494173E+000  4.511953E-001 -7.904128E-001  4.143312E-001 -2.003741E-001 -5.421472E-001 -8.160433E-001  8.696396E-001  2.851736E-001 -4.029925E-001
  8.700000E+000  6.819450E-001  4.000000E-001  1.480463E+000  4.384739E-001 -8.229958E-001  3.611350E-001 -1.987778E-001 -4.806757E-001 -8.540716E-001  8.764862E-001  3.027025E-001 -3.743570E-001
  8.750000E+000  7.068077E-001  4.000000E-001  1.466498E+000  4.262263E-001 -8.509326E-001  3.069932E-001 -1.949278E-001 -4.177838E-001 -8.873894E-001  8.833653E-001  3.183872E-001 -3.439409E-001
  8.800000E+000  7.310665E-001  4.000000E-001  1.452298E+000  4.145749E-001 -8.743446E-001  2.522879E-001 -1.889406E-001 -3.538950E-001 -9.160020E-001  8.901849E-001  3.320840E-001 -3.119152E-001
  8.850000E+000  7.547273E-001  4.000000E-001  1.437884E+000  4.036246E-001 -8.933811E-001  1.973763E-001 -1.809399E-001 -2.894119E-001 -9.399476E-001  8.968544E-001  3.436728E-001 -2.784621E-001
  8.900000E+000  7.777966E-001  4.000000E-001  1.423278E+000  3.934644E-001 -9.082148E-001  1.425890E-001 -1.710549E-001 -2.247142E-001 -9.592934E-001  9.032862E-001  3.530572E-001 -2.437716E-001
  8.950000E+000  8.002812E-001  4.000000E-001  1.408499E+000  3.841668E-001 -9.190383E-001  8.822959E-002 -1.594191E-001 -1.601575E-001 -9.741330E-001  9.093962E-001  3.601641E-001 -2.080394E-001
  9.000000E+000  8.221884E-001  4.000000E-001  1.393566E+000  3.757900E-001 -9.260597E-001  3.457359E-002 -1.461683E-001 -9.607282E-002 -9.845836E-001  9.151048E-001  3.649431E-001 -1.714638E-001
  9.050000E+000  8.435260E-001  4.000000E-001  1.378497E+000  3.683777E-001 -9.294994E-001 -1.813099E-002 -1.314398E-001 -3.276563E-002 -9.907825E-001  9.203377E-001  3.673653E-001 -1.342434E-001
  9.100000E+000  8.643018E-001  4.000000E-001  1.363311E+000  3.619606E-001 -9.295867E-001 -6.966367E-002 -1.153712E-001  2.948425E-002 -9.928848E-001  9.250265E-001  3.674224E-001 -9.657537E-002
  9.150000E+000  8.845245E-001  4.000000E-001  1.348025E+000  3.565577E-001 -9.265566E-001 -1.198308E-001 -9.809866E-002  9.042265E-002 -9.910602E-001  9.291088E-001  3.651254E-001 -5.865306E-002
  9.200000E+000  9.042026E-001  4.000000E-001  1.332654E+000  3.521767E-001 -9.206471E-001 -1.684648E-001 -7.975678E-002  1.498208E-001 -9.854910E-001  9.325290E-001  3.605032E-001 -2.066445E-002
  9.250000E+000  9.233450E-001  4.000000E-001  1.317214E+000  3.488156E-001 -9.120968E-001 -2.154232E-001 -6.047720E-002  2.074749E-001 -9.763691E-001  9.352380E-001  3.536010E-001  1.720942E-002
  9.300000E+000  9.419611E-001  4.000000E-001  1.301721E+000  3.464634E-001 -9.011423E-001 -2.605873E-001 -4.038807E-002  2.632054E-001 -9.638940E-001  9.371937E-001  3.444786E-001  5.479565E-002
  9.350000E+000  9.600602E-001  4.000000E-001  1.286189E+000  3.451013E-001 -8.880167E-001 -3.038609E-001 -1.961335E-002  3.168564E-001 -9.482707E-001  9.383605E-001  3.332092E-001  9.193060E-002
  9.400000E+000  9.776518E-001  4.000000E-001  1.270631E+000  3.447039E-001 -8.729476E-001 -3.451691E-001  1.727669E-003  3.682945E-001 -9.297076E-001  9.387099E-001  3.198775E-001  1.284607E-001
  9.450000E+000  9.947457E-001  4.000000E-001  1.255061E+000  3.452398E-001 -8.561558E-001 -3.844564E-001  2.352086E-002  4.174080E-001 -9.084148E-001  9.382197E-001  3.045782E-001  1.642434E-001
  9.500000E+000  1.011352E+000  4.000000E-001  1.239492E+000  3.466725E-001 -8.378540E-001 -4.216858E-001  4.565758E-002  4.641054E-001 -8.846025E-001  9.368744E-001  2.874142E-001  1.991470E-001
  9.550000E+000  1.027480E+000  4.000000E-001  1.223934E+000  3.489617E-001 -8.182458E-001 -4.568365E-001  6.803494E-002  5.083148E-001 -8.584797E-001  9.346641E-001  2.684957E-001  2.330517E-001
  9.600000E+000  1.043140E+000  4.000000E-001  1.208400E+000  3.520637E-001 -7.975250E-001 -4.899030E-001  9.055597E-002  5.499823E-001 -8.302524E-001  9.315851E-001  2.479381E-001  2.658495E-001
  9.650000E+000  1.058342E+000  4.000000E-001  1.192900E+000  3.559322E-001 -7.758751E-001 -5.208935E-001  1.131298E-001  5.890710E-001 -8.001231E-001  9.276389E-001  2.258610E-001  2.974439E-001
  9.700000E+000  1.073097E+000  4.000000E-001  1.177444E+000  3.605190E-001 -7.534687E-001 -5.498282E-001  1.356718E-001  6.255594E-001 -7.682894E-001  9.228322E-001  2.023868E-001  3.277505E-001
  9.750000E+000  1.087414E+000  4.000000E-001  1.162043E+000  3.657750E-001 -7.304671E-001 -5.767378E-001  1.581032E-001  6.594406E-001 -7.349432E-001  9.171761E-001  1.776397E-001  3.566960E-001
  9.800000E+000  1.101304E+000  4.000000E-001  1.146704E+000  3.716499E-001 -7.070207E-001 -6.016627E-001  1.803515E-001  6.907208E-001 -7.002700E-001  9.106864E-001  1.517445E-001  3.842186E-001
  9.850000E+000  1.114776E+000  4.000000E-001  1.131436E+000  3.780937E-001 -6.832687E-001 -6.246512E-001  2.023504E-001  7.194182E-001 -6.644484E-001  9.033823E-001  1.248253E-001  4.102672E-001
  9.900000E+000  1.127841E+000  4.000000E-001  1.116249E+000  3.850563E-001 -6.593388E-001 -6.457584E-001  2.240392E-001  7.455617E-001 -6.276497E-001  8.952866E-001  9.700526E-002  4.348010E-001
  9.950000E+000  1.140509E+000  4.000000E-001  1.101148E+000  3.924885E-001 -6.353484E-001 -6.650453E-001  2.453630E-001  7.691900E-001 -5.900371E-001  8.864253E-001  6.840523E-002  4.577892E-001
