% FILE: robot_arm.2
%
%       t         P_No_Ao[1]     P_No_Ao[2]     P_No_Ao[3]      N_A[1,1]       N_A[1,2]       N_A[1,3]       N_A[2,1]       N_A[2,2]       N_A[2,3]       N_A[3,1]       N_A[3,2]       N_A[3,3]
%   (second)        (meter)        (meter)        (meter)       (NoUnits)      (NoUnits)      (NoUnits)      (NoUnits)      (NoUnits)      (NoUnits)      (NoUnits)      (NoUnits)      (NoUnits)

  0.000000E+000  0.000000E+000  6.000000E-001  0.000000E+000  1.000000E+000  0.000000E+000  0.000000E+000  0.000000E+000  1.000000E+000  0.000000E+000  0.000000E+000  0.000000E+000  1.000000E+000
  5.000000E-002  0.000000E+000  6.000000E-001  0.000000E+000  9.999998E-001  0.000000E+000  6.997219E-004  0.000000E+000  1.000000E+000  0.000000E+000 -6.997219E-004  0.000000E+000  9.999998E-001
  1.000000E-001  0.000000E+000  6.000000E-001  0.000000E+000  9.999961E-001  0.000000E+000  2.788560E-003  0.000000E+000  1.000000E+000  0.000000E+000 -2.788560E-003  0.000000E+000  9.999961E-001
  1.500000E-001  0.000000E+000  6.000000E-001  0.000000E+000  9.999804E-001  0.000000E+000  6.260502E-003  0.000000E+000  1.000000E+000  0.000000E+000 -6.260502E-003  0.000000E+000  9.999804E-001
  2.000000E-001  0.000000E+000  6.000000E-001  0.000000E+000  9.999382E-001  0.000000E+000  1.111530E-002  0.000000E+000  1.000000E+000  0.000000E+000 -1.111530E-002  0.000000E+000  9.999382E-001
  2.500000E-001  0.000000E+000  6.000000E-001  0.000000E+000  9.998494E-001  0.000000E+000  1.735475E-002  0.000000E+000  1.000000E+000  0.000000E+000 -1.735475E-002  0.000000E+000  9.998494E-001
  3.000000E-001  0.000000E+000  6.000000E-001  0.000000E+000  9.996879E-001  0.000000E+000  2.498103E-002  0.000000E+000  1.000000E+000  0.000000E+000 -2.498103E-002  0.000000E+000  9.996879E-001
  3.500000E-001  0.000000E+000  6.000000E-001  0.000000E+000  9.994220E-001  0.000000E+000  3.399556E-002  0.000000E+000  1.000000E+000  0.000000E+000 -3.399556E-002  0.000000E+000  9.994220E-001
  4.000000E-001  0.000000E+000  6.000000E-001  0.000000E+000  9.990139E-001  0.000000E+000  4.439802E-002  0.000000E+000  1.000000E+000  0.000000E+000 -4.439802E-002  0.000000E+000  9.990139E-001
  4.500000E-001  0.000000E+000  6.000000E-001  0.000000E+000  9.984203E-001  0.000000E+000  5.618547E-002  0.000000E+000  1.000000E+000  0.000000E+000 -5.618547E-002  0.000000E+000  9.984203E-001
  5.000000E-001  0.000000E+000  6.000000E-001  0.000000E+000  9.975923E-001  0.000000E+000  6.935141E-002  0.000000E+000  1.000000E+000  0.000000E+000 -6.935141E-002  0.000000E+000  9.975923E-001
  5.500000E-001  0.000000E+000  6.000000E-001  0.000000E+000  9.964754E-001  0.000000E+000  8.388493E-002  0.000000E+000  1.000000E+000  0.000000E+000 -8.388493E-002  0.000000E+000  9.964754E-001
  6.000000E-001  0.000000E+000  6.000000E-001  0.000000E+000  9.950105E-001  0.000000E+000  9.976987E-002  0.000000E+000  1.000000E+000  0.000000E+000 -9.976987E-002  0.000000E+000  9.950105E-001
  6.500000E-001  0.000000E+000  6.000000E-001  0.000000E+000  9.931338E-001  0.000000E+000  1.169840E-001  0.000000E+000  1.000000E+000  0.000000E+000 -1.169840E-001  0.000000E+000  9.931338E-001
  7.000000E-001  0.000000E+000  6.000000E-001  0.000000E+000  9.907776E-001  0.000000E+000  1.354982E-001  0.000000E+000  1.000000E+000  0.000000E+000 -1.354982E-001  0.000000E+000  9.907776E-001
  7.500000E-001  0.000000E+000  6.000000E-001  0.000000E+000  9.878711E-001  0.000000E+000  1.552761E-001  0.000000E+000  1.000000E+000  0.000000E+000 -1.552761E-001  0.000000E+000  9.878711E-001
  8.000000E-001  0.000000E+000  6.000000E-001  0.000000E+000  9.843413E-001  0.000000E+000  1.762729E-001  0.000000E+000  1.000000E+000  0.000000E+000 -1.762729E-001  0.000000E+000  9.843413E-001
  8.500000E-001  0.000000E+000  6.000000E-001  0.000000E+000  9.801139E-001  0.000000E+000  1.984359E-001  0.000000E+000  1.000000E+000  0.000000E+000 -1.984359E-001  0.000000E+000  9.801139E-001
  9.000000E-001  0.000000E+000  6.000000E-001  0.000000E+000  9.751142E-001  0.000000E+000  2.217033E-001  0.000000E+000  1.000000E+000  0.000000E+000 -2.217033E-001  0.000000E+000  9.751142E-001
  9.500000E-001  0.000000E+000  6.000000E-001  0.000000E+000  9.692686E-001  0.000000E+000  2.460048E-001  0.000000E+000  1.000000E+000  0.000000E+000 -2.460048E-001  0.000000E+000  9.692686E-001
  1.000000E+000  0.000000E+000  6.000000E-001  0.000000E+000  9.625057E-001  0.000000E+000  2.712616E-001  0.000000E+000  1.000000E+000  0.000000E+000 -2.712616E-001  0.000000E+000  9.625057E-001
  1.050000E+000  0.000000E+000  6.000000E-001  0.000000E+000  9.547572E-001  0.000000E+000  2.973864E-001  0.000000E+000  1.000000E+000  0.000000E+000 -2.973864E-001  0.000000E+000  9.547572E-001
  1.100000E+000  0.000000E+000  6.000000E-001  0.000000E+000  9.459595E-001  0.000000E+000  3.242848E-001  0.000000E+000  1.000000E+000  0.000000E+000 -3.242848E-001  0.000000E+000  9.459595E-001
  1.150000E+000  0.000000E+000  6.000000E-001  0.000000E+000  9.360545E-001  0.000000E+000  3.518550E-001  0.000000E+000  1.000000E+000  0.000000E+000 -3.518550E-001  0.000000E+000  9.360545E-001
  1.200000E+000  0.000000E+000  6.000000E-001  0.000000E+000  9.249907E-001  0.000000E+000  3.799897E-001  0.000000E+000  1.000000E+000  0.000000E+000 -3.799897E-001  0.000000E+000  9.249907E-001
  1.250000E+000  0.000000E+000  6.000000E-001  0.000000E+000  9.127240E-001  0.000000E+000  4.085767E-001  0.000000E+000  1.000000E+000  0.000000E+000 -4.085767E-001  0.000000E+000  9.127240E-001
  1.300000E+000  0.000000E+000  6.000000E-001  0.000000E+000  8.992182E-001  0.000000E+000  4.375005E-001  0.000000E+000  1.000000E+000  0.000000E+000 -4.375005E-001  0.000000E+000  8.992182E-001
  1.350000E+000  0.000000E+000  6.000000E-001  0.000000E+000  8.844458E-001  0.000000E+000  4.666430E-001  0.000000E+000  1.000000E+000  0.000000E+000 -4.666430E-001  0.000000E+000  8.844458E-001
  1.400000E+000  0.000000E+000  6.000000E-001  0.000000E+000  8.683879E-001  0.000000E+000  4.958855E-001  0.000000E+000  1.000000E+000  0.000000E+000 -4.958855E-001  0.000000E+000  8.683879E-001
  1.450000E+000  0.000000E+000  6.000000E-001  0.000000E+000  8.510346E-001  0.000000E+000  5.251096E-001  0.000000E+000  1.000000E+000  0.000000E+000 -5.251096E-001  0.000000E+000  8.510346E-001
  1.500000E+000  0.000000E+000  6.000000E-001  0.000000E+000  8.323843E-001  0.000000E+000  5.541988E-001  0.000000E+000  1.000000E+000  0.000000E+000 -5.541988E-001  0.000000E+000  8.323843E-001
  1.550000E+000  0.000000E+000  6.000000E-001  0.000000E+000  8.124440E-001  0.000000E+000  5.830393E-001  0.000000E+000  1.000000E+000  0.000000E+000 -5.830393E-001  0.000000E+000  8.124440E-001
  1.600000E+000  0.000000E+000  6.000000E-001  0.000000E+000  7.912282E-001  0.000000E+000  6.115210E-001  0.000000E+000  1.000000E+000  0.000000E+000 -6.115210E-001  0.000000E+000  7.912282E-001
  1.650000E+000  0.000000E+000  6.000000E-001  0.000000E+000  7.687588E-001  0.000000E+000  6.395388E-001  0.000000E+000  1.000000E+000  0.000000E+000 -6.395388E-001  0.000000E+000  7.687588E-001
  1.700000E+000  0.000000E+000  6.000000E-001  0.000000E+000  7.450641E-001  0.000000E+000  6.669929E-001  0.000000E+000  1.000000E+000  0.000000E+000 -6.669929E-001  0.000000E+000  7.450641E-001
  1.750000E+000  0.000000E+000  6.000000E-001  0.000000E+000  7.201779E-001  0.000000E+000  6.937895E-001  0.000000E+000  1.000000E+000  0.000000E+000 -6.937895E-001  0.000000E+000  7.201779E-001
  1.800000E+000  0.000000E+000  6.000000E-001  0.000000E+000  6.941391E-001  0.000000E+000  7.198409E-001  0.000000E+000  1.000000E+000  0.000000E+000 -7.198409E-001  0.000000E+000  6.941391E-001
  1.850000E+000  0.000000E+000  6.000000E-001  0.000000E+000  6.669906E-001  0.000000E+000  7.450662E-001  0.000000E+000  1.000000E+000  0.000000E+000 -7.450662E-001  0.000000E+000  6.669906E-001
  1.900000E+000  0.000000E+000  6.000000E-001  0.000000E+000  6.387786E-001  0.000000E+000  7.693906E-001  0.000000E+000  1.000000E+000  0.000000E+000 -7.693906E-001  0.000000E+000  6.387786E-001
  1.950000E+000  0.000000E+000  6.000000E-001  0.000000E+000  6.095522E-001  0.000000E+000  7.927460E-001  0.000000E+000  1.000000E+000  0.000000E+000 -7.927460E-001  0.000000E+000  6.095522E-001
  2.000000E+000  0.000000E+000  6.000000E-001  0.000000E+000  5.793622E-001  0.000000E+000  8.150702E-001  0.000000E+000  1.000000E+000  0.000000E+000 -8.150702E-001  0.000000E+000  5.793622E-001
  2.050000E+000  0.000000E+000  6.000000E-001  0.000000E+000  5.482611E-001  0.000000E+000  8.363072E-001  0.000000E+000  1.000000E+000  0.000000E+000 -8.363072E-001  0.000000E+000  5.482611E-001
  2.100000E+000  0.000000E+000  6.000000E-001  0.000000E+000  5.163024E-001  0.000000E+000  8.564064E-001  0.000000E+000  1.000000E+000  0.000000E+000 -8.564064E-001  0.000000E+000  5.163024E-001
  2.150000E+000  0.000000E+000  6.000000E-001  0.000000E+000  4.835403E-001  0.000000E+000  8.753221E-001  0.000000E+000  1.000000E+000  0.000000E+000 -8.753221E-001  0.000000E+000  4.835403E-001
  2.200000E+000  0.000000E+000  6.000000E-001  0.000000E+000  4.500293E-001  0.000000E+000  8.930138E-001  0.000000E+000  1.000000E+000  0.000000E+000 -8.930138E-001  0.000000E+000  4.500293E-001
  2.250000E+000  0.000000E+000  6.000000E-001  0.000000E+000  4.158243E-001  0.000000E+000  9.094450E-001  0.000000E+000  1.000000E+000  0.000000E+000 -9.094450E-001  0.000000E+000  4.158243E-001
  2.300000E+000  0.000000E+000  6.000000E-001  0.000000E+000  3.809801E-001  0.000000E+000  9.245833E-001  0.000000E+000  1.000000E+000  0.000000E+000 -9.245833E-001  0.000000E+000  3.809801E-001
  2.350000E+000  0.000000E+000  6.000000E-001  0.000000E+000  3.455515E-001  0.000000E+000  9.383998E-001  0.000000E+000  1.000000E+000  0.000000E+000 -9.383998E-001  0.000000E+000  3.455515E-001
  2.400000E+000  0.000000E+000  6.000000E-001  0.000000E+000  3.095936E-001  0.000000E+000  9.508690E-001  0.000000E+000  1.000000E+000  0.000000E+000 -9.508690E-001  0.000000E+000  3.095936E-001
  2.450000E+000  0.000000E+000  6.000000E-001  0.000000E+000  2.731613E-001  0.000000E+000  9.619682E-001  0.000000E+000  1.000000E+000  0.000000E+000 -9.619682E-001  0.000000E+000  2.731613E-001
  2.500000E+000  0.000000E+000  6.000000E-001  0.000000E+000  2.363096E-001  0.000000E+000  9.716778E-001  0.000000E+000  1.000000E+000  0.000000E+000 -9.716778E-001  0.000000E+000  2.363096E-001
  2.550000E+000  0.000000E+000  6.000000E-001  0.000000E+000  1.990937E-001  0.000000E+000  9.799805E-001  0.000000E+000  1.000000E+000  0.000000E+000 -9.799805E-001  0.000000E+000  1.990937E-001
  2.600000E+000  0.000000E+000  6.000000E-001  0.000000E+000  1.615690E-001  0.000000E+000  9.868614E-001  0.000000E+000  1.000000E+000  0.000000E+000 -9.868614E-001  0.000000E+000  1.615690E-001
  2.650000E+000  0.000000E+000  6.000000E-001  0.000000E+000  1.237913E-001  0.000000E+000  9.923083E-001  0.000000E+000  1.000000E+000  0.000000E+000 -9.923083E-001  0.000000E+000  1.237913E-001
  2.700000E+000  0.000000E+000  6.000000E-001  0.000000E+000  8.581682E-002  0.000000E+000  9.963109E-001  0.000000E+000  1.000000E+000  0.000000E+000 -9.963109E-001  0.000000E+000  8.581682E-002
  2.750000E+000  0.000000E+000  6.000000E-001  0.000000E+000  4.770196E-002  0.000000E+000  9.988616E-001  0.000000E+000  1.000000E+000  0.000000E+000 -9.988616E-001  0.000000E+000  4.770196E-002
  2.800000E+000  0.000000E+000  6.000000E-001  0.000000E+000  9.503706E-003  0.000000E+000  9.999548E-001  0.000000E+000  1.000000E+000  0.000000E+000 -9.999548E-001  0.000000E+000  9.503706E-003
  2.850000E+000  0.000000E+000  6.000000E-001  0.000000E+000 -2.872055E-002  0.000000E+000  9.995875E-001  0.000000E+000  1.000000E+000  0.000000E+000 -9.995875E-001  0.000000E+000 -2.872055E-002
  2.900000E+000  0.000000E+000  6.000000E-001  0.000000E+000 -6.691304E-002  0.000000E+000  9.977588E-001  0.000000E+000  1.000000E+000  0.000000E+000 -9.977588E-001  0.000000E+000 -6.691304E-002
  2.950000E+000  0.000000E+000  6.000000E-001  0.000000E+000 -1.050157E-001  0.000000E+000  9.944706E-001  0.000000E+000  1.000000E+000  0.000000E+000 -9.944706E-001  0.000000E+000 -1.050157E-001
  3.000000E+000  0.000000E+000  6.000000E-001  0.000000E+000 -1.429701E-001  0.000000E+000  9.897270E-001  0.000000E+000  1.000000E+000  0.000000E+000 -9.897270E-001  0.000000E+000 -1.429701E-001
  3.050000E+000  0.000000E+000  6.000000E-001  0.000000E+000 -1.807178E-001  0.000000E+000  9.835350E-001  0.000000E+000  1.000000E+000  0.000000E+000 -9.835350E-001  0.000000E+000 -1.807178E-001
  3.100000E+000  0.000000E+000  6.000000E-001  0.000000E+000 -2.182002E-001  0.000000E+000  9.759040E-001  0.000000E+000  1.000000E+000  0.000000E+000 -9.759040E-001  0.000000E+000 -2.182002E-001
  3.150000E+000  0.000000E+000  6.000000E-001  0.000000E+000 -2.553591E-001  0.000000E+000  9.668463E-001  0.000000E+000  1.000000E+000  0.000000E+000 -9.668463E-001  0.000000E+000 -2.553591E-001
  3.200000E+000  0.000000E+000  6.000000E-001  0.000000E+000 -2.921364E-001  0.000000E+000  9.563767E-001  0.000000E+000  1.000000E+000  0.000000E+000 -9.563767E-001  0.000000E+000 -2.921364E-001
  3.250000E+000  0.000000E+000  6.000000E-001  0.000000E+000 -3.284744E-001  0.000000E+000  9.445129E-001  0.000000E+000  1.000000E+000  0.000000E+000 -9.445129E-001  0.000000E+000 -3.284744E-001
  3.300000E+000  0.000000E+000  6.000000E-001  0.000000E+000 -3.643162E-001  0.000000E+000  9.312753E-001  0.000000E+000  1.000000E+000  0.000000E+000 -9.312753E-001  0.000000E+000 -3.643162E-001
  3.350000E+000  0.000000E+000  6.000000E-001  0.000000E+000 -3.996058E-001  0.000000E+000  9.166871E-001  0.000000E+000  1.000000E+000  0.000000E+000 -9.166871E-001  0.000000E+000 -3.996058E-001
  3.400000E+000  0.000000E+000  6.000000E-001  0.000000E+000 -4.342880E-001  0.000000E+000  9.007741E-001  0.000000E+000  1.000000E+000  0.000000E+000 -9.007741E-001  0.000000E+000 -4.342880E-001
  3.450000E+000  0.000000E+000  6.000000E-001  0.000000E+000 -4.683091E-001  0.000000E+000  8.835647E-001  0.000000E+000  1.000000E+000  0.000000E+000 -8.835647E-001  0.000000E+000 -4.683091E-001
  3.500000E+000  0.000000E+000  6.000000E-001  0.000000E+000 -5.016165E-001  0.000000E+000  8.650901E-001  0.000000E+000  1.000000E+000  0.000000E+000 -8.650901E-001  0.000000E+000 -5.016165E-001
  3.550000E+000  0.000000E+000  6.000000E-001  0.000000E+000 -5.341594E-001  0.000000E+000  8.453838E-001  0.000000E+000  1.000000E+000  0.000000E+000 -8.453838E-001  0.000000E+000 -5.341594E-001
  3.600000E+000  0.000000E+000  6.000000E-001  0.000000E+000 -5.658886E-001  0.000000E+000  8.244817E-001  0.000000E+000  1.000000E+000  0.000000E+000 -8.244817E-001  0.000000E+000 -5.658886E-001
  3.650000E+000  0.000000E+000  6.000000E-001  0.000000E+000 -5.967569E-001  0.000000E+000  8.024220E-001  0.000000E+000  1.000000E+000  0.000000E+000 -8.024220E-001  0.000000E+000 -5.967569E-001
  3.700000E+000  0.000000E+000  6.000000E-001  0.000000E+000 -6.267191E-001  0.000000E+000  7.792452E-001  0.000000E+000  1.000000E+000  0.000000E+000 -7.792452E-001  0.000000E+000 -6.267191E-001
  3.750000E+000  0.000000E+000  6.000000E-001  0.000000E+000 -6.557321E-001  0.000000E+000  7.549937E-001  0.000000E+000  1.000000E+000  0.000000E+000 -7.549937E-001  0.000000E+000 -6.557321E-001
  3.800000E+000  0.000000E+000  6.000000E-001  0.000000E+000 -6.837550E-001  0.000000E+000  7.297116E-001  0.000000E+000  1.000000E+000  0.000000E+000 -7.297116E-001  0.000000E+000 -6.837550E-001
  3.850000E+000  0.000000E+000  6.000000E-001  0.000000E+000 -7.107496E-001  0.000000E+000  7.034451E-001  0.000000E+000  1.000000E+000  0.000000E+000 -7.034451E-001  0.000000E+000 -7.107496E-001
  3.900000E+000  0.000000E+000  6.000000E-001  0.000000E+000 -7.366799E-001  0.000000E+000  6.762417E-001  0.000000E+000  1.000000E+000  0.000000E+000 -6.762417E-001  0.000000E+000 -7.366799E-001
  3.950000E+000  0.000000E+000  6.000000E-001  0.000000E+000 -7.615124E-001  0.000000E+000  6.481503E-001  0.000000E+000  1.000000E+000  0.000000E+000 -6.481503E-001  0.000000E+000 -7.615124E-001
  4.000000E+000  0.000000E+000  6.000000E-001  0.000000E+000 -7.852165E-001  0.000000E+000  6.192213E-001  0.000000E+000  1.000000E+000  0.000000E+000 -6.192213E-001  0.000000E+000 -7.852165E-001
  4.050000E+000  0.000000E+000  6.000000E-001  0.000000E+000 -8.077640E-001  0.000000E+000  5.895060E-001  0.000000E+000  1.000000E+000  0.000000E+000 -5.895060E-001  0.000000E+000 -8.077640E-001
  4.100000E+000  0.000000E+000  6.000000E-001  0.000000E+000 -8.291295E-001  0.000000E+000  5.590566E-001  0.000000E+000  1.000000E+000  0.000000E+000 -5.590566E-001  0.000000E+000 -8.291295E-001
  4.150000E+000  0.000000E+000  6.000000E-001  0.000000E+000 -8.492902E-001  0.000000E+000  5.279262E-001  0.000000E+000  1.000000E+000  0.000000E+000 -5.279262E-001  0.000000E+000 -8.492902E-001
  4.200000E+000  0.000000E+000  6.000000E-001  0.000000E+000 -8.682263E-001  0.000000E+000  4.961684E-001  0.000000E+000  1.000000E+000  0.000000E+000 -4.961684E-001  0.000000E+000 -8.682263E-001
  4.250000E+000  0.000000E+000  6.000000E-001  0.000000E+000 -8.859204E-001  0.000000E+000  4.638373E-001  0.000000E+000  1.000000E+000  0.000000E+000 -4.638373E-001  0.000000E+000 -8.859204E-001
  4.300000E+000  0.000000E+000  6.000000E-001  0.000000E+000 -9.023580E-001  0.000000E+000  4.309873E-001  0.000000E+000  1.000000E+000  0.000000E+000 -4.309873E-001  0.000000E+000 -9.023580E-001
  4.350000E+000  0.000000E+000  6.000000E-001  0.000000E+000 -9.175273E-001  0.000000E+000  3.976729E-001  0.000000E+000  1.000000E+000  0.000000E+000 -3.976729E-001  0.000000E+000 -9.175273E-001
  4.400000E+000  0.000000E+000  6.000000E-001  0.000000E+000 -9.314190E-001  0.000000E+000  3.639486E-001  0.000000E+000  1.000000E+000  0.000000E+000 -3.639486E-001  0.000000E+000 -9.314190E-001
  4.450000E+000  0.000000E+000  6.000000E-001  0.000000E+000 -9.440268E-001  0.000000E+000  3.298688E-001  0.000000E+000  1.000000E+000  0.000000E+000 -3.298688E-001  0.000000E+000 -9.440268E-001
  4.500000E+000  0.000000E+000  6.000000E-001  0.000000E+000 -9.553466E-001  0.000000E+000  2.954876E-001  0.000000E+000  1.000000E+000  0.000000E+000 -2.954876E-001  0.000000E+000 -9.553466E-001
  4.550000E+000  0.000000E+000  6.000000E-001  0.000000E+000 -9.653770E-001  0.000000E+000  2.608586E-001  0.000000E+000  1.000000E+000  0.000000E+000 -2.608586E-001  0.000000E+000 -9.653770E-001
  4.600000E+000  0.000000E+000  6.000000E-001  0.000000E+000 -9.741192E-001  0.000000E+000  2.260351E-001  0.000000E+000  1.000000E+000  0.000000E+000 -2.260351E-001  0.000000E+000 -9.741192E-001
  4.650000E+000  0.000000E+000  6.000000E-001  0.000000E+000 -9.815765E-001  0.000000E+000  1.910695E-001  0.000000E+000  1.000000E+000  0.000000E+000 -1.910695E-001  0.000000E+000 -9.815765E-001
  4.700000E+000  0.000000E+000  6.000000E-001  0.000000E+000 -9.877549E-001  0.000000E+000  1.560135E-001  0.000000E+000  1.000000E+000  0.000000E+000 -1.560135E-001  0.000000E+000 -9.877549E-001
  4.750000E+000  0.000000E+000  6.000000E-001  0.000000E+000 -9.926625E-001  0.000000E+000  1.209179E-001  0.000000E+000  1.000000E+000  0.000000E+000 -1.209179E-001  0.000000E+000 -9.926625E-001
  4.800000E+000  0.000000E+000  6.000000E-001  0.000000E+000 -9.963096E-001  0.000000E+000  8.583275E-002  0.000000E+000  1.000000E+000  0.000000E+000 -8.583275E-002  0.000000E+000 -9.963096E-001
  4.850000E+000  0.000000E+000  6.000000E-001  0.000000E+000 -9.987085E-001  0.000000E+000  5.080670E-002  0.000000E+000  1.000000E+000  0.000000E+000 -5.080670E-002  0.000000E+000 -9.987085E-001
  4.900000E+000  0.000000E+000  6.000000E-001  0.000000E+000 -9.998738E-001  0.000000E+000  1.588742E-002  0.000000E+000  1.000000E+000  0.000000E+000 -1.588742E-002  0.000000E+000 -9.998738E-001
  4.950000E+000  0.000000E+000  6.000000E-001  0.000000E+000 -9.998218E-001  0.000000E+000 -1.887871E-002  0.000000E+000  1.000000E+000  0.000000E+000  1.887871E-002  0.000000E+000 -9.998218E-001
  5.000000E+000  0.000000E+000  6.000000E-001  0.000000E+000 -9.985707E-001  0.000000E+000 -5.344661E-002  0.000000E+000  1.000000E+000  0.000000E+000  5.344661E-002  0.000000E+000 -9.985707E-001
  5.050000E+000  0.000000E+000  6.000000E-001  0.000000E+000 -9.961405E-001  0.000000E+000 -8.777260E-002  0.000000E+000  1.000000E+000  0.000000E+000  8.777260E-002  0.000000E+000 -9.961405E-001
  5.100000E+000  0.000000E+000  6.000000E-001  0.000000E+000 -9.925529E-001  0.000000E+000 -1.218145E-001  0.000000E+000  1.000000E+000  0.000000E+000  1.218145E-001  0.000000E+000 -9.925529E-001
  5.150000E+000  0.000000E+000  6.000000E-001  0.000000E+000 -9.878309E-001  0.000000E+000 -1.555314E-001  0.000000E+000  1.000000E+000  0.000000E+000  1.555314E-001  0.000000E+000 -9.878309E-001
  5.200000E+000  0.000000E+000  6.000000E-001  0.000000E+000 -9.819993E-001  0.000000E+000 -1.888844E-001  0.000000E+000  1.000000E+000  0.000000E+000  1.888844E-001  0.000000E+000 -9.819993E-001
  5.250000E+000  0.000000E+000  6.000000E-001  0.000000E+000 -9.750840E-001  0.000000E+000 -2.218358E-001  0.000000E+000  1.000000E+000  0.000000E+000  2.218358E-001  0.000000E+000 -9.750840E-001
  5.300000E+000  0.000000E+000  6.000000E-001  0.000000E+000 -9.671123E-001  0.000000E+000 -2.543497E-001  0.000000E+000  1.000000E+000  0.000000E+000  2.543497E-001  0.000000E+000 -9.671123E-001
  5.350000E+000  0.000000E+000  6.000000E-001  0.000000E+000 -9.581126E-001  0.000000E+000 -2.863918E-001  0.000000E+000  1.000000E+000  0.000000E+000  2.863918E-001  0.000000E+000 -9.581126E-001
  5.400000E+000  0.000000E+000  6.000000E-001  0.000000E+000 -9.481143E-001  0.000000E+000 -3.179297E-001  0.000000E+000  1.000000E+000  0.000000E+000  3.179297E-001  0.000000E+000 -9.481143E-001
  5.450000E+000  0.000000E+000  6.000000E-001  0.000000E+000 -9.371479E-001  0.000000E+000 -3.489325E-001  0.000000E+000  1.000000E+000  0.000000E+000  3.489325E-001  0.000000E+000 -9.371479E-001
  5.500000E+000  0.000000E+000  6.000000E-001  0.000000E+000 -9.252446E-001  0.000000E+000 -3.793710E-001  0.000000E+000  1.000000E+000  0.000000E+000  3.793710E-001  0.000000E+000 -9.252446E-001
  5.550000E+000  0.000000E+000  6.000000E-001  0.000000E+000 -9.124366E-001  0.000000E+000 -4.092181E-001  0.000000E+000  1.000000E+000  0.000000E+000  4.092181E-001  0.000000E+000 -9.124366E-001
  5.600000E+000  0.000000E+000  6.000000E-001  0.000000E+000 -8.987565E-001  0.000000E+000 -4.384481E-001  0.000000E+000  1.000000E+000  0.000000E+000  4.384481E-001  0.000000E+000 -8.987565E-001
  5.650000E+000  0.000000E+000  6.000000E-001  0.000000E+000 -8.842377E-001  0.000000E+000 -4.670372E-001  0.000000E+000  1.000000E+000  0.000000E+000  4.670372E-001  0.000000E+000 -8.842377E-001
  5.700000E+000  0.000000E+000  6.000000E-001  0.000000E+000 -8.689139E-001  0.000000E+000 -4.949633E-001  0.000000E+000  1.000000E+000  0.000000E+000  4.949633E-001  0.000000E+000 -8.689139E-001
  5.750000E+000  0.000000E+000  6.000000E-001  0.000000E+000 -8.528194E-001  0.000000E+000 -5.222060E-001  0.000000E+000  1.000000E+000  0.000000E+000  5.222060E-001  0.000000E+000 -8.528194E-001
  5.800000E+000  0.000000E+000  6.000000E-001  0.000000E+000 -8.359885E-001  0.000000E+000 -5.487469E-001  0.000000E+000  1.000000E+000  0.000000E+000  5.487469E-001  0.000000E+000 -8.359885E-001
  5.850000E+000  0.000000E+000  6.000000E-001  0.000000E+000 -8.184562E-001  0.000000E+000 -5.745689E-001  0.000000E+000  1.000000E+000  0.000000E+000  5.745689E-001  0.000000E+000 -8.184562E-001
  5.900000E+000  0.000000E+000  6.000000E-001  0.000000E+000 -8.002572E-001  0.000000E+000 -5.996570E-001  0.000000E+000  1.000000E+000  0.000000E+000  5.996570E-001  0.000000E+000 -8.002572E-001
  5.950000E+000  0.000000E+000  6.000000E-001  0.000000E+000 -7.814264E-001  0.000000E+000 -6.239975E-001  0.000000E+000  1.000000E+000  0.000000E+000  6.239975E-001  0.000000E+000 -7.814264E-001
  6.000000E+000  0.000000E+000  6.000000E-001  0.000000E+000 -7.619988E-001  0.000000E+000 -6.475785E-001  0.000000E+000  1.000000E+000  0.000000E+000  6.475785E-001  0.000000E+000 -7.619988E-001
  6.050000E+000  0.000000E+000  6.000000E-001  0.000000E+000 -7.420091E-001  0.000000E+000 -6.703898E-001  0.000000E+000  1.000000E+000  0.000000E+000  6.703898E-001  0.000000E+000 -7.420091E-001
  6.100000E+000  0.000000E+000  6.000000E-001  0.000000E+000 -7.214922E-001  0.000000E+000 -6.924226E-001  0.000000E+000  1.000000E+000  0.000000E+000  6.924226E-001  0.000000E+000 -7.214922E-001
  6.150000E+000  0.000000E+000  6.000000E-001  0.000000E+000 -7.004824E-001  0.000000E+000 -7.136697E-001  0.000000E+000  1.000000E+000  0.000000E+000  7.136697E-001  0.000000E+000 -7.004824E-001
  6.200000E+000  0.000000E+000  6.000000E-001  0.000000E+000 -6.790139E-001  0.000000E+000 -7.341254E-001  0.000000E+000  1.000000E+000  0.000000E+000  7.341254E-001  0.000000E+000 -6.790139E-001
  6.250000E+000  0.000000E+000  6.000000E-001  0.000000E+000 -6.571205E-001  0.000000E+000 -7.537855E-001  0.000000E+000  1.000000E+000  0.000000E+000  7.537855E-001  0.000000E+000 -6.571205E-001
  6.300000E+000  0.000000E+000  6.000000E-001  0.000000E+000 -6.348356E-001  0.000000E+000 -7.726472E-001  0.000000E+000  1.000000E+000  0.000000E+000  7.726472E-001  0.000000E+000 -6.348356E-001
  6.350000E+000  0.000000E+000  6.000000E-001  0.000000E+000 -6.121923E-001  0.000000E+000 -7.907089E-001  0.000000E+000  1.000000E+000  0.000000E+000  7.907089E-001  0.000000E+000 -6.121923E-001
  6.400000E+000  0.000000E+000  6.000000E-001  0.000000E+000 -5.892228E-001  0.000000E+000 -8.079706E-001  0.000000E+000  1.000000E+000  0.000000E+000  8.079706E-001  0.000000E+000 -5.892228E-001
  6.450000E+000  0.000000E+000  6.000000E-001  0.000000E+000 -5.659593E-001  0.000000E+000 -8.244332E-001  0.000000E+000  1.000000E+000  0.000000E+000  8.244332E-001  0.000000E+000 -5.659593E-001
  6.500000E+000  0.000000E+000  6.000000E-001  0.000000E+000 -5.424328E-001  0.000000E+000 -8.400992E-001  0.000000E+000  1.000000E+000  0.000000E+000  8.400992E-001  0.000000E+000 -5.424328E-001
  6.550000E+000  0.000000E+000  6.000000E-001  0.000000E+000 -5.186742E-001  0.000000E+000 -8.549720E-001  0.000000E+000  1.000000E+000  0.000000E+000  8.549720E-001  0.000000E+000 -5.186742E-001
  6.600000E+000  0.000000E+000  6.000000E-001  0.000000E+000 -4.947133E-001  0.000000E+000 -8.690562E-001  0.000000E+000  1.000000E+000  0.000000E+000  8.690562E-001  0.000000E+000 -4.947133E-001
  6.650000E+000  0.000000E+000  6.000000E-001  0.000000E+000 -4.705796E-001  0.000000E+000 -8.823576E-001  0.000000E+000  1.000000E+000  0.000000E+000  8.823576E-001  0.000000E+000 -4.705796E-001
  6.700000E+000  0.000000E+000  6.000000E-001  0.000000E+000 -4.463014E-001  0.000000E+000 -8.948827E-001  0.000000E+000  1.000000E+000  0.000000E+000  8.948827E-001  0.000000E+000 -4.463014E-001
  6.750000E+000  0.000000E+000  6.000000E-001  0.000000E+000 -4.219066E-001  0.000000E+000 -9.066393E-001  0.000000E+000  1.000000E+000  0.000000E+000  9.066393E-001  0.000000E+000 -4.219066E-001
  6.800000E+000  0.000000E+000  6.000000E-001  0.000000E+000 -3.974222E-001  0.000000E+000 -9.176359E-001  0.000000E+000  1.000000E+000  0.000000E+000  9.176359E-001  0.000000E+000 -3.974222E-001
  6.850000E+000  0.000000E+000  6.000000E-001  0.000000E+000 -3.728743E-001  0.000000E+000 -9.278819E-001  0.000000E+000  1.000000E+000  0.000000E+000  9.278819E-001  0.000000E+000 -3.728743E-001
  6.900000E+000  0.000000E+000  6.000000E-001  0.000000E+000 -3.482883E-001  0.000000E+000 -9.373875E-001  0.000000E+000  1.000000E+000  0.000000E+000  9.373875E-001  0.000000E+000 -3.482883E-001
  6.950000E+000  0.000000E+000  6.000000E-001  0.000000E+000 -3.236887E-001  0.000000E+000 -9.461636E-001  0.000000E+000  1.000000E+000  0.000000E+000  9.461636E-001  0.000000E+000 -3.236887E-001
  7.000000E+000  0.000000E+000  6.000000E-001  0.000000E+000 -2.990991E-001  0.000000E+000 -9.542221E-001  0.000000E+000  1.000000E+000  0.000000E+000  9.542221E-001  0.000000E+000 -2.990991E-001
  7.050000E+000  0.000000E+000  6.000000E-001  0.000000E+000 -2.745423E-001  0.000000E+000 -9.615750E-001  0.000000E+000  1.000000E+000  0.000000E+000  9.615750E-001  0.000000E+000 -2.745423E-001
  7.100000E+000  0.000000E+000  6.000000E-001  0.000000E+000 -2.500402E-001  0.000000E+000 -9.682355E-001  0.000000E+000  1.000000E+000  0.000000E+000  9.682355E-001  0.000000E+000 -2.500402E-001
  7.150000E+000  0.000000E+000  6.000000E-001  0.000000E+000 -2.256138E-001  0.000000E+000 -9.742168E-001  0.000000E+000  1.000000E+000  0.000000E+000  9.742168E-001  0.000000E+000 -2.256138E-001
  7.200000E+000  0.000000E+000  6.000000E-001  0.000000E+000 -2.012832E-001  0.000000E+000 -9.795331E-001  0.000000E+000  1.000000E+000  0.000000E+000  9.795331E-001  0.000000E+000 -2.012832E-001
  7.250000E+000  0.000000E+000  6.000000E-001  0.000000E+000 -1.770678E-001  0.000000E+000 -9.841987E-001  0.000000E+000  1.000000E+000  0.000000E+000  9.841987E-001  0.000000E+000 -1.770678E-001
  7.300000E+000  0.000000E+000  6.000000E-001  0.000000E+000 -1.529857E-001  0.000000E+000 -9.882284E-001  0.000000E+000  1.000000E+000  0.000000E+000  9.882284E-001  0.000000E+000 -1.529857E-001
  7.350000E+000  0.000000E+000  6.000000E-001  0.000000E+000 -1.290546E-001  0.000000E+000 -9.916375E-001  0.000000E+000  1.000000E+000  0.000000E+000  9.916375E-001  0.000000E+000 -1.290546E-001
  7.400000E+000  0.000000E+000  6.000000E-001  0.000000E+000 -1.052910E-001  0.000000E+000 -9.944414E-001  0.000000E+000  1.000000E+000  0.000000E+000  9.944414E-001  0.000000E+000 -1.052910E-001
  7.450000E+000  0.000000E+000  6.000000E-001  0.000000E+000 -8.171075E-002  0.000000E+000 -9.966561E-001  0.000000E+000  1.000000E+000  0.000000E+000  9.966561E-001  0.000000E+000 -8.171075E-002
  7.500000E+000  0.000000E+000  6.000000E-001  0.000000E+000 -5.832860E-002  0.000000E+000 -9.982974E-001  0.000000E+000  1.000000E+000  0.000000E+000  9.982974E-001  0.000000E+000 -5.832860E-002
  7.550000E+000  0.000000E+000  6.000000E-001  0.000000E+000 -3.515864E-002  0.000000E+000 -9.993817E-001  0.000000E+000  1.000000E+000  0.000000E+000  9.993817E-001  0.000000E+000 -3.515864E-002
  7.600000E+000  0.000000E+000  6.000000E-001  0.000000E+000 -1.221406E-002  0.000000E+000 -9.999254E-001  0.000000E+000  1.000000E+000  0.000000E+000  9.999254E-001  0.000000E+000 -1.221406E-002
  7.650000E+000  0.000000E+000  6.000000E-001  0.000000E+000  1.049278E-002  0.000000E+000 -9.999449E-001  0.000000E+000  1.000000E+000  0.000000E+000  9.999449E-001  0.000000E+000  1.049278E-002
  7.700000E+000  0.000000E+000  6.000000E-001  0.000000E+000  3.295032E-002  0.000000E+000 -9.994570E-001  0.000000E+000  1.000000E+000  0.000000E+000  9.994570E-001  0.000000E+000  3.295032E-002
  7.750000E+000  0.000000E+000  6.000000E-001  0.000000E+000  5.514780E-002  0.000000E+000 -9.984782E-001  0.000000E+000  1.000000E+000  0.000000E+000  9.984782E-001  0.000000E+000  5.514780E-002
  7.800000E+000  0.000000E+000  6.000000E-001  0.000000E+000  7.707523E-002  0.000000E+000 -9.970253E-001  0.000000E+000  1.000000E+000  0.000000E+000  9.970253E-001  0.000000E+000  7.707523E-002
  7.850000E+000  0.000000E+000  6.000000E-001  0.000000E+000  9.872340E-002  0.000000E+000 -9.951149E-001  0.000000E+000  1.000000E+000  0.000000E+000  9.951149E-001  0.000000E+000  9.872340E-002
  7.900000E+000  0.000000E+000  6.000000E-001  0.000000E+000  1.200838E-001  0.000000E+000 -9.927638E-001  0.000000E+000  1.000000E+000  0.000000E+000  9.927638E-001  0.000000E+000  1.200838E-001
  7.950000E+000  0.000000E+000  6.000000E-001  0.000000E+000  1.411488E-001  0.000000E+000 -9.899884E-001  0.000000E+000  1.000000E+000  0.000000E+000  9.899884E-001  0.000000E+000  1.411488E-001
  8.000000E+000  0.000000E+000  6.000000E-001  0.000000E+000  1.619112E-001  0.000000E+000 -9.868053E-001  0.000000E+000  1.000000E+000  0.000000E+000  9.868053E-001  0.000000E+000  1.619112E-001
  8.050000E+000  0.000000E+000  6.000000E-001  0.000000E+000  1.823647E-001  0.000000E+000 -9.832309E-001  0.000000E+000  1.000000E+000  0.000000E+000  9.832309E-001  0.000000E+000  1.823647E-001
  8.100000E+000  0.000000E+000  6.000000E-001  0.000000E+000  2.025037E-001  0.000000E+000 -9.792815E-001  0.000000E+000  1.000000E+000  0.000000E+000  9.792815E-001  0.000000E+000  2.025037E-001
  8.150000E+000  0.000000E+000  6.000000E-001  0.000000E+000  2.223230E-001  0.000000E+000 -9.749731E-001  0.000000E+000  1.000000E+000  0.000000E+000  9.749731E-001  0.000000E+000  2.223230E-001
  8.200000E+000  0.000000E+000  6.000000E-001  0.000000E+000  2.418183E-001  0.000000E+000 -9.703215E-001  0.000000E+000  1.000000E+000  0.000000E+000  9.703215E-001  0.000000E+000  2.418183E-001
  8.250000E+000  0.000000E+000  6.000000E-001  0.000000E+000  2.609857E-001  0.000000E+000 -9.653427E-001  0.000000E+000  1.000000E+000  0.000000E+000  9.653427E-001  0.000000E+000  2.609857E-001
  8.300000E+000  0.000000E+000  6.000000E-001  0.000000E+000  2.798220E-001  0.000000E+000 -9.600519E-001  0.000000E+000  1.000000E+000  0.000000E+000  9.600519E-001  0.000000E+000  2.798220E-001
  8.350000E+000  0.000000E+000  6.000000E-001  0.000000E+000  2.983245E-001  0.000000E+000 -9.544645E-001  0.000000E+000  1.000000E+000  0.000000E+000  9.544645E-001  0.000000E+000  2.983245E-001
  8.400000E+000  0.000000E+000  6.000000E-001  0.000000E+000  3.164911E-001  0.000000E+000 -9.485955E-001  0.000000E+000  1.000000E+000  0.000000E+000  9.485955E-001  0.000000E+000  3.164911E-001
  8.450000E+000  0.000000E+000  6.000000E-001  0.000000E+000  3.343201E-001  0.000000E+000 -9.424596E-001  0.000000E+000  1.000000E+000  0.000000E+000  9.424596E-001  0.000000E+000  3.343201E-001
  8.500000E+000  0.000000E+000  6.000000E-001  0.000000E+000  3.518103E-001  0.000000E+000 -9.360713E-001  0.000000E+000  1.000000E+000  0.000000E+000  9.360713E-001  0.000000E+000  3.518103E-001
  8.550000E+000  0.000000E+000  6.000000E-001  0.000000E+000  3.689612E-001  0.000000E+000 -9.294448E-001  0.000000E+000  1.000000E+000  0.000000E+000  9.294448E-001  0.000000E+000  3.689612E-001
  8.600000E+000  0.000000E+000  6.000000E-001  0.000000E+000  3.857725E-001  0.000000E+000 -9.225940E-001  0.000000E+000  1.000000E+000  0.000000E+000  9.225940E-001  0.000000E+000  3.857725E-001
  8.650000E+000  0.000000E+000  6.000000E-001  0.000000E+000  4.022443E-001  0.000000E+000 -9.155324E-001  0.000000E+000  1.000000E+000  0.000000E+000  9.155324E-001  0.000000E+000  4.022443E-001
  8.700000E+000  0.000000E+000  6.000000E-001  0.000000E+000  4.183774E-001  0.000000E+000 -9.082733E-001  0.000000E+000  1.000000E+000  0.000000E+000  9.082733E-001  0.000000E+000  4.183774E-001
  8.750000E+000  0.000000E+000  6.000000E-001  0.000000E+000  4.341727E-001  0.000000E+000 -9.008297E-001  0.000000E+000  1.000000E+000  0.000000E+000  9.008297E-001  0.000000E+000  4.341727E-001
  8.800000E+000  0.000000E+000  6.000000E-001  0.000000E+000  4.496316E-001  0.000000E+000 -8.932141E-001  0.000000E+000  1.000000E+000  0.000000E+000  8.932141E-001  0.000000E+000  4.496316E-001
  8.850000E+000  0.000000E+000  6.000000E-001  0.000000E+000  4.647557E-001  0.000000E+000 -8.854389E-001  0.000000E+000  1.000000E+000  0.000000E+000  8.854389E-001  0.000000E+000  4.647557E-001
  8.900000E+000  0.000000E+000  6.000000E-001  0.000000E+000  4.795472E-001  0.000000E+000 -8.775161E-001  0.000000E+000  1.000000E+000  0.000000E+000  8.775161E-001  0.000000E+000  4.795472E-001
  8.950000E+000  0.000000E+000  6.000000E-001  0.000000E+000  4.940084E-001  0.000000E+000 -8.694572E-001  0.000000E+000  1.000000E+000  0.000000E+000  8.694572E-001  0.000000E+000  4.940084E-001
  9.000000E+000  0.000000E+000  6.000000E-001  0.000000E+000  5.081418E-001  0.000000E+000 -8.612734E-001  0.000000E+000  1.000000E+000  0.000000E+000  8.612734E-001  0.000000E+000  5.081418E-001
  9.050000E+000  0.000000E+000  6.000000E-001  0.000000E+000  5.219504E-001  0.000000E+000 -8.529759E-001  0.000000E+000  1.000000E+000  0.000000E+000  8.529759E-001  0.000000E+000  5.219504E-001
  9.100000E+000  0.000000E+000  6.000000E-001  0.000000E+000  5.354373E-001  0.000000E+000 -8.445750E-001  0.000000E+000  1.000000E+000  0.000000E+000  8.445750E-001  0.000000E+000  5.354373E-001
  9.150000E+000  0.000000E+000  6.000000E-001  0.000000E+000  5.486059E-001  0.000000E+000 -8.360811E-001  0.000000E+000  1.000000E+000  0.000000E+000  8.360811E-001  0.000000E+000  5.486059E-001
  9.200000E+000  0.000000E+000  6.000000E-001  0.000000E+000  5.614597E-001  0.000000E+000 -8.275041E-001  0.000000E+000  1.000000E+000  0.000000E+000  8.275041E-001  0.000000E+000  5.614597E-001
  9.250000E+000  0.000000E+000  6.000000E-001  0.000000E+000  5.740026E-001  0.000000E+000 -8.188535E-001  0.000000E+000  1.000000E+000  0.000000E+000  8.188535E-001  0.000000E+000  5.740026E-001
  9.300000E+000  0.000000E+000  6.000000E-001  0.000000E+000  5.862385E-001  0.000000E+000 -8.101385E-001  0.000000E+000  1.000000E+000  0.000000E+000  8.101385E-001  0.000000E+000  5.862385E-001
  9.350000E+000  0.000000E+000  6.000000E-001  0.000000E+000  5.981716E-001  0.000000E+000 -8.013680E-001  0.000000E+000  1.000000E+000  0.000000E+000  8.013680E-001  0.000000E+000  5.981716E-001
  9.400000E+000  0.000000E+000  6.000000E-001  0.000000E+000  6.098061E-001  0.000000E+000 -7.925507E-001  0.000000E+000  1.000000E+000  0.000000E+000  7.925507E-001  0.000000E+000  6.098061E-001
  9.450000E+000  0.000000E+000  6.000000E-001  0.000000E+000  6.211464E-001  0.000000E+000 -7.836945E-001  0.000000E+000  1.000000E+000  0.000000E+000  7.836945E-001  0.000000E+000  6.211464E-001
  9.500000E+000  0.000000E+000  6.000000E-001  0.000000E+000  6.321971E-001  0.000000E+000 -7.748076E-001  0.000000E+000  1.000000E+000  0.000000E+000  7.748076E-001  0.000000E+000  6.321971E-001
  9.550000E+000  0.000000E+000  6.000000E-001  0.000000E+000  6.429628E-001  0.000000E+000 -7.658974E-001  0.000000E+000  1.000000E+000  0.000000E+000  7.658974E-001  0.000000E+000  6.429628E-001
  9.600000E+000  0.000000E+000  6.000000E-001  0.000000E+000  6.534483E-001  0.000000E+000 -7.569712E-001  0.000000E+000  1.000000E+000  0.000000E+000  7.569712E-001  0.000000E+000  6.534483E-001
  9.650000E+000  0.000000E+000  6.000000E-001  0.000000E+000  6.636583E-001  0.000000E+000 -7.480359E-001  0.000000E+000  1.000000E+000  0.000000E+000  7.480359E-001  0.000000E+000  6.636583E-001
  9.700000E+000  0.000000E+000  6.000000E-001  0.000000E+000  6.735978E-001  0.000000E+000 -7.390981E-001  0.000000E+000  1.000000E+000  0.000000E+000  7.390981E-001  0.000000E+000  6.735978E-001
  9.750000E+000  0.000000E+000  6.000000E-001  0.000000E+000  6.832717E-001  0.000000E+000 -7.301642E-001  0.000000E+000  1.000000E+000  0.000000E+000  7.301642E-001  0.000000E+000  6.832717E-001
  9.800000E+000  0.000000E+000  6.000000E-001  0.000000E+000  6.926850E-001  0.000000E+000 -7.212402E-001  0.000000E+000  1.000000E+000  0.000000E+000  7.212402E-001  0.000000E+000  6.926850E-001
  9.850000E+000  0.000000E+000  6.000000E-001  0.000000E+000  7.018428E-001  0.000000E+000 -7.123319E-001  0.000000E+000  1.000000E+000  0.000000E+000  7.123319E-001  0.000000E+000  7.018428E-001
  9.900000E+000  0.000000E+000  6.000000E-001  0.000000E+000  7.107501E-001  0.000000E+000 -7.034446E-001  0.000000E+000  1.000000E+000  0.000000E+000  7.034446E-001  0.000000E+000  7.107501E-001
  9.950000E+000  0.000000E+000  6.000000E-001  0.000000E+000  7.194120E-001  0.000000E+000 -6.945836E-001  0.000000E+000  1.000000E+000  0.000000E+000  6.945836E-001  0.000000E+000  7.194120E-001
