% FILE: robot_arm.3
%
%       t         P_No_Bo[1]     P_No_Bo[2]     P_No_Bo[3]      N_B[1,1]       N_B[1,2]       N_B[1,3]       N_B[2,1]       N_B[2,2]       N_B[2,3]       N_B[3,1]       N_B[3,2]       N_B[3,3]
%   (second)        (meter)        (meter)        (meter)       (NoUnits)      (NoUnits)      (NoUnits)      (NoUnits)      (NoUnits)      (NoUnits)      (NoUnits)      (NoUnits)      (NoUnits)

  0.000000E+000  3.758770E-001  7.368081E-001  0.000000E+000  9.396926E-001 -3.420201E-001  0.000000E+000  3.420201E-001  9.396926E-001  0.000000E+000  0.000000E+000  0.000000E+000  1.000000E+000
  5.000000E-002  3.742596E-001  7.411725E-001 -2.618777E-004  9.356491E-001 -3.529311E-001  6.997219E-004  3.529312E-001  9.356493E-001  0.000000E+000 -6.546943E-004  2.469537E-004  9.999998E-001
  1.000000E-001  3.707135E-001  7.502346E-001 -1.033761E-003  9.267838E-001 -3.755849E-001  2.788560E-003  3.755864E-001  9.267874E-001  0.000000E+000 -2.584402E-003  1.047345E-003  9.999961E-001
  1.500000E-001  3.662914E-001  7.607026E-001 -2.293213E-003  9.157286E-001 -4.017486E-001  6.260502E-003  4.017565E-001  9.157465E-001  0.000000E+000 -5.733033E-003  2.515197E-003  9.999804E-001
  2.000000E-001  3.614182E-001  7.713497E-001 -4.017520E-003  9.035456E-001 -4.283478E-001  1.111530E-002  4.283743E-001  9.036014E-001  0.000000E+000 -1.004380E-002  4.761508E-003  9.999382E-001
  2.500000E-001  3.562836E-001  7.817245E-001 -6.184143E-003  8.907089E-001 -4.542427E-001  1.735475E-002  4.543112E-001  8.908431E-001  0.000000E+000 -1.546036E-002  7.884456E-003  9.998494E-001
  3.000000E-001  3.509863E-001  7.916551E-001 -8.770737E-003  8.774658E-001 -4.789881E-001  2.498103E-002  4.791377E-001  8.777398E-001  0.000000E+000 -2.192684E-002  1.196935E-002  9.996879E-001
  3.500000E-001  3.455863E-001  8.010768E-001 -1.175519E-002  8.639659E-001 -5.024015E-001  3.399556E-002  5.026921E-001  8.644655E-001  0.000000E+000 -2.938799E-002  1.708930E-002  9.994220E-001
  4.000000E-001  3.401243E-001  8.099691E-001 -1.511575E-002  8.503106E-001 -5.244050E-001  4.439802E-002  5.249226E-001  8.511499E-001  0.000000E+000 -3.778937E-002  2.330553E-002  9.990139E-001
  4.500000E-001  3.346302E-001  8.183300E-001 -1.883110E-002  8.365755E-001 -5.449629E-001  5.618547E-002  5.458251E-001  8.378991E-001  0.000000E+000 -4.707776E-002  3.066744E-002  9.984203E-001
  5.000000E-001  3.291279E-001  8.261666E-001 -2.288057E-002  8.228197E-001 -5.640551E-001  6.935141E-002  5.654164E-001  8.248056E-001  0.000000E+000 -5.720143E-002  3.921242E-002  9.975923E-001
  5.500000E-001  3.236364E-001  8.334892E-001 -2.724424E-002  8.090911E-001 -5.816656E-001  8.388493E-002  5.837230E-001  8.119529E-001  0.000000E+000 -6.811061E-002  4.896556E-002  9.964754E-001
  6.000000E-001  3.181718E-001  8.403100E-001 -3.190314E-002  7.954295E-001 -5.977774E-001  9.976987E-002  6.007750E-001  7.994182E-001  0.000000E+000 -7.975785E-002  5.993924E-002  9.950105E-001
  6.500000E-001  3.127471E-001  8.466417E-001 -3.683935E-002  7.818677E-001 -6.123705E-001  1.169840E-001  6.166042E-001  7.872733E-001  0.000000E+000 -9.209837E-002  7.213282E-002  9.931338E-001
  7.000000E-001  3.073731E-001  8.524970E-001 -4.203618E-002  7.684327E-001 -6.254209E-001  1.354982E-001  6.312425E-001  7.755855E-001  0.000000E+000 -1.050905E-001  8.553224E-002  9.907776E-001
  7.500000E-001  3.020584E-001  8.578887E-001 -4.747829E-002  7.551459E-001 -6.369019E-001  1.552761E-001  6.447217E-001  7.644174E-001  0.000000E+000 -1.186957E-001  1.001098E-001  9.878711E-001
  8.000000E-001  2.968092E-001  8.628292E-001 -5.315171E-002  7.420230E-001 -6.467841E-001  1.762729E-001  6.570730E-001  7.538269E-001  0.000000E+000 -1.328793E-001  1.158242E-001  9.843413E-001
  8.500000E-001  2.916298E-001  8.673311E-001 -5.904397E-002  7.290744E-001 -6.550372E-001  1.984359E-001  6.683277E-001  7.438670E-001  0.000000E+000 -1.476099E-001  1.326202E-001  9.801139E-001
  9.000000E-001  2.865218E-001  8.714066E-001 -6.514398E-002  7.163044E-001 -6.616310E-001  2.217033E-001  6.785165E-001  7.345852E-001  0.000000E+000 -1.628600E-001  1.504293E-001  9.751142E-001
  9.500000E-001  2.814846E-001  8.750681E-001 -7.144207E-002  7.037114E-001 -6.665373E-001  2.460048E-001  6.876703E-001  7.260231E-001  0.000000E+000 -1.786052E-001  1.691702E-001  9.692686E-001
  1.000000E+000  2.765148E-001  8.783281E-001 -7.792976E-002  6.912870E-001 -6.697309E-001  2.712616E-001  6.958202E-001  7.182161E-001  0.000000E+000 -1.948244E-001  1.887493E-001  9.625057E-001
  1.050000E+000  2.716065E-001  8.811989E-001 -8.459962E-002  6.790163E-001 -6.711916E-001  2.973864E-001  7.029972E-001  7.111926E-001  0.000000E+000 -2.114990E-001  2.090618E-001  9.547572E-001
  1.100000E+000  2.667508E-001  8.836932E-001 -9.144494E-002  6.668770E-001 -6.709058E-001  3.242848E-001  7.092331E-001  7.049741E-001  0.000000E+000 -2.286123E-001  2.299935E-001  9.459595E-001
  1.150000E+000  2.619359E-001  8.858239E-001 -9.845948E-002  6.548397E-001 -6.688670E-001  3.518550E-001  7.145598E-001  6.995743E-001  0.000000E+000 -2.461487E-001  2.514214E-001  9.360545E-001
  1.200000E+000  2.571472E-001  8.876041E-001 -1.056370E-001  6.428680E-001 -6.650778E-001  3.799897E-001  7.190103E-001  6.949994E-001  0.000000E+000 -2.640926E-001  2.732165E-001  9.249907E-001
  1.250000E+000  2.523673E-001  8.890472E-001 -1.129711E-001  6.309183E-001 -6.595507E-001  4.085767E-001  7.226179E-001  6.912477E-001  0.000000E+000 -2.824277E-001  2.952449E-001  9.127240E-001
  1.300000E+000  2.475761E-001  8.901669E-001 -1.204543E-001  6.189404E-001 -6.523084E-001  4.375005E-001  7.254172E-001  6.883094E-001  0.000000E+000 -3.011357E-001  3.173704E-001  8.992182E-001
  1.350000E+000  2.427512E-001  8.909774E-001 -1.280781E-001  6.068780E-001 -6.433844E-001  4.666430E-001  7.274435E-001  6.861676E-001  0.000000E+000 -3.201953E-001  3.394564E-001  8.844458E-001
  1.400000E+000  2.378680E-001  8.914934E-001 -1.358325E-001  5.946699E-001 -6.328233E-001  4.958855E-001  7.287334E-001  6.847975E-001  0.000000E+000 -3.395811E-001  3.613683E-001  8.683879E-001
  1.450000E+000  2.329002E-001  8.917298E-001 -1.437053E-001  5.822505E-001 -6.206804E-001  5.251096E-001  7.293245E-001  6.841679E-001  0.000000E+000 -3.592631E-001  3.829753E-001  8.510346E-001
  1.500000E+000  2.278205E-001  8.917024E-001 -1.516822E-001  5.695514E-001 -6.070213E-001  5.541988E-001  7.292561E-001  6.842409E-001  0.000000E+000 -3.792055E-001  4.041529E-001  8.323843E-001
  1.550000E+000  2.226009E-001  8.914274E-001 -1.597465E-001  5.565022E-001 -5.919210E-001  5.830393E-001  7.285684E-001  6.849730E-001  0.000000E+000 -3.993662E-001  4.247840E-001  8.124440E-001
  1.600000E+000  2.172130E-001  8.909214E-001 -1.678786E-001  5.430325E-001 -5.754631E-001  6.115210E-001  7.273035E-001  6.863159E-001  0.000000E+000 -4.196966E-001  4.447614E-001  7.912282E-001
  1.650000E+000  2.116292E-001  8.902019E-001 -1.760566E-001  5.290731E-001 -5.577381E-001  6.395388E-001  7.255047E-001  6.882172E-001  0.000000E+000 -4.401416E-001  4.639884E-001  7.687588E-001
  1.700000E+000  2.058228E-001  8.892867E-001 -1.842558E-001  5.145570E-001 -5.388428E-001  6.669929E-001  7.232167E-001  6.906212E-001  0.000000E+000 -4.606394E-001  4.823804E-001  7.450641E-001
  1.750000E+000  1.997687E-001  8.881943E-001 -1.924488E-001  4.994216E-001 -5.188778E-001  6.937895E-001  7.204857E-001  6.934698E-001  0.000000E+000 -4.811221E-001  4.998653E-001  7.201779E-001
  1.800000E+000  1.934438E-001  8.869435E-001 -2.006064E-001  4.836094E-001 -4.979468E-001  7.198409E-001  7.173588E-001  6.967039E-001  0.000000E+000 -5.015160E-001  5.163842E-001  6.941391E-001
  1.850000E+000  1.868276E-001  8.855538E-001 -2.086970E-001  4.670691E-001 -4.761543E-001  7.450662E-001  7.138845E-001  7.002634E-001  0.000000E+000 -5.217426E-001  5.318912E-001  6.669906E-001
  1.900000E+000  1.799028E-001  8.840447E-001 -2.166878E-001  4.497570E-001 -4.536042E-001  7.693906E-001  7.101117E-001  7.040890E-001  0.000000E+000 -5.417195E-001  5.463533E-001  6.387786E-001
  1.950000E+000  1.726550E-001  8.824359E-001 -2.245445E-001  4.316376E-001 -4.303985E-001  7.927460E-001  7.060896E-001  7.081225E-001  0.000000E+000 -5.613612E-001  5.597497E-001  6.095522E-001
  2.000000E+000  1.650736E-001  8.807470E-001 -2.322322E-001  4.126840E-001 -4.066355E-001  8.150702E-001  7.018676E-001  7.123075E-001  0.000000E+000 -5.805806E-001  5.720714E-001  5.793622E-001
  2.050000E+000  1.571515E-001  8.789977E-001 -2.397159E-001  3.928786E-001 -3.824089E-001  8.363072E-001  6.974942E-001  7.165904E-001  0.000000E+000 -5.992898E-001  5.833195E-001  5.482611E-001
  2.100000E+000  1.488853E-001  8.772069E-001 -2.469605E-001  3.722132E-001 -3.578065E-001  8.564064E-001  6.930173E-001  7.209210E-001  0.000000E+000 -6.174013E-001  5.935044E-001  5.163024E-001
  2.150000E+000  1.402755E-001  8.753931E-001 -2.539319E-001  3.506888E-001 -3.329092E-001  8.753221E-001  6.884828E-001  7.252526E-001  0.000000E+000 -6.348297E-001  6.026443E-001  4.835403E-001
  2.200000E+000  1.313263E-001  8.735740E-001 -2.605968E-001  3.283157E-001 -3.077908E-001  8.930138E-001  6.839350E-001  7.295430E-001  0.000000E+000 -6.514919E-001  6.107634E-001  4.500293E-001
  2.250000E+000  1.220451E-001  8.717660E-001 -2.669236E-001  3.051128E-001 -2.825173E-001  9.094450E-001  6.794150E-001  7.337542E-001  0.000000E+000 -6.673091E-001  6.178906E-001  4.158243E-001
  2.300000E+000  1.124429E-001  8.699845E-001 -2.728827E-001  2.811073E-001 -2.571468E-001  9.245833E-001  6.749613E-001  7.378531E-001  0.000000E+000 -6.822067E-001  6.240579E-001  3.809801E-001
  2.350000E+000  1.025336E-001  8.682434E-001 -2.784463E-001  2.563341E-001 -2.317298E-001  9.383998E-001  6.706084E-001  7.418115E-001  0.000000E+000 -6.961158E-001  6.292988E-001  3.455515E-001
  2.400000E+000  9.233392E-002  8.665549E-001 -2.835894E-001  2.308348E-001 -2.063093E-001  9.508690E-001  6.663873E-001  7.456058E-001  0.000000E+000 -7.089734E-001  6.336470E-001  3.095936E-001
  2.450000E+000  8.186285E-002  8.649298E-001 -2.882892E-001  2.046571E-001 -1.809214E-001  9.619682E-001  6.623245E-001  7.492171E-001  0.000000E+000 -7.207231E-001  6.371351E-001  2.731613E-001
  2.500000E+000  7.114159E-002  8.633769E-001 -2.925260E-001  1.778540E-001 -1.555962E-001  9.716778E-001  6.584423E-001  7.526312E-001  0.000000E+000 -7.313151E-001  6.397938E-001  2.363096E-001
  2.550000E+000  6.019303E-002  8.619034E-001 -2.962826E-001  1.504826E-001 -1.303583E-001  9.799805E-001  6.547586E-001  7.558381E-001  0.000000E+000 -7.407066E-001  6.416506E-001  1.990937E-001
  2.600000E+000  4.904146E-002  8.605148E-001 -2.995446E-001  1.226036E-001 -1.052278E-001  9.868614E-001  6.512870E-001  7.588315E-001  0.000000E+000 -7.488616E-001  6.427300E-001  1.615690E-001
  2.650000E+000  3.771224E-002  8.592147E-001 -3.023004E-001  9.428060E-002 -8.022135E-002  9.923083E-001  6.480368E-001  7.616090E-001  0.000000E+000 -7.557509E-001  6.430523E-001  1.237913E-001
  2.700000E+000  2.623149E-002  8.580055E-001 -3.045408E-001  6.557873E-002 -5.535302E-002  9.963109E-001  6.450137E-001  7.641710E-001  0.000000E+000 -7.613520E-001  6.426342E-001  8.581682E-002
  2.750000E+000  1.462582E-002  8.568878E-001 -3.062593E-001  3.656455E-002 -3.063512E-002  9.988616E-001  6.422194E-001  7.665209E-001  0.000000E+000 -7.656483E-001  6.414883E-001  4.770196E-002
  2.800000E+000  2.922063E-003  8.558611E-001 -3.074517E-001  7.305156E-003 -6.079072E-003  9.999548E-001  6.396528E-001  7.686640E-001  0.000000E+000 -7.686293E-001  6.396239E-001  9.503706E-003
  2.850000E+000 -8.852911E-003  8.549239E-001 -3.081159E-001 -2.213228E-002  1.830389E-002  9.995875E-001  6.373098E-001  7.706077E-001  0.000000E+000 -7.702898E-001  6.370469E-001 -2.872055E-002
  2.900000E+000 -2.067240E-002  8.540737E-001 -3.082519E-001 -5.168100E-002  4.250211E-002  9.977588E-001  6.351842E-001  7.723607E-001  0.000000E+000 -7.706296E-001  6.337607E-001 -6.691304E-002
  2.950000E+000 -3.251002E-002  8.533072E-001 -3.078613E-001 -8.127506E-002  6.650305E-002  9.944706E-001  6.332679E-001  7.739327E-001  0.000000E+000 -7.696533E-001  6.297663E-001 -1.050157E-001
  3.000000E+000 -4.433983E-002  8.526205E-001 -3.069477E-001 -1.108496E-001  9.029293E-002  9.897270E-001  6.315512E-001  7.753341E-001  0.000000E+000 -7.673692E-001  6.250633E-001 -1.429701E-001
  3.050000E+000 -5.613642E-002  8.520095E-001 -3.055158E-001 -1.403411E-001  1.138565E-001  9.835350E-001  6.300238E-001  7.765758E-001  0.000000E+000 -7.637895E-001  6.196504E-001 -1.807178E-001
  3.100000E+000 -6.787500E-002  8.514698E-001 -3.035720E-001 -1.696875E-001  1.371769E-001  9.759040E-001  6.286744E-001  7.776686E-001  0.000000E+000 -7.589299E-001  6.135259E-001 -2.182002E-001
  3.150000E+000 -7.953143E-002  8.509967E-001 -3.011236E-001 -1.988286E-001  1.602357E-001  9.668463E-001  6.274917E-001  7.786233E-001  0.000000E+000 -7.528090E-001  6.066880E-001 -2.553591E-001
  3.200000E+000 -9.108230E-002  8.505857E-001 -2.981792E-001 -2.277058E-001  1.830130E-001  9.563767E-001  6.264643E-001  7.794501E-001  0.000000E+000 -7.454479E-001  5.991358E-001 -2.921364E-001
  3.250000E+000 -1.025049E-001  8.502324E-001 -2.947482E-001 -2.562623E-001  2.054874E-001  9.445129E-001  6.255810E-001  7.801592E-001  0.000000E+000 -7.368704E-001  5.908693E-001 -3.284744E-001
  3.300000E+000 -1.137774E-001  8.499325E-001 -2.908410E-001 -2.844435E-001  2.276361E-001  9.312753E-001  6.248312E-001  7.807599E-001  0.000000E+000 -7.271024E-001  5.818898E-001 -3.643162E-001
  3.350000E+000 -1.248786E-001  8.496818E-001 -2.864687E-001 -3.121964E-001  2.494358E-001  9.166871E-001  6.242046E-001  7.812609E-001  0.000000E+000 -7.161718E-001  5.722003E-001 -3.996058E-001
  3.400000E+000 -1.357880E-001  8.494767E-001 -2.816433E-001 -3.394701E-001  2.708619E-001  9.007741E-001  6.236918E-001  7.816704E-001  0.000000E+000 -7.041084E-001  5.618054E-001 -4.342880E-001
  3.450000E+000 -1.464862E-001  8.493136E-001 -2.763775E-001 -3.662156E-001  2.918896E-001  8.835647E-001  6.232841E-001  7.819955E-001  0.000000E+000 -6.909436E-001  5.507118E-001 -4.683091E-001
  3.500000E+000 -1.569544E-001  8.491894E-001 -2.706843E-001 -3.923860E-001  3.124938E-001  8.650901E-001  6.229734E-001  7.822430E-001  0.000000E+000 -6.767107E-001  5.389282E-001 -5.016165E-001
  3.550000E+000 -1.671745E-001  8.491011E-001 -2.645776E-001 -4.179363E-001  3.326492E-001  8.453838E-001  6.227527E-001  7.824187E-001  0.000000E+000 -6.614441E-001  5.264650E-001 -5.341594E-001
  3.600000E+000 -1.771295E-001  8.490462E-001 -2.580720E-001 -4.428237E-001  3.523310E-001  8.244817E-001  6.226155E-001  7.825279E-001  0.000000E+000 -6.451799E-001  5.133351E-001 -5.658886E-001
  3.650000E+000 -1.868029E-001  8.490224E-001 -2.511822E-001 -4.670072E-001  3.715147E-001  8.024220E-001  6.225561E-001  7.825752E-001  0.000000E+000 -6.279556E-001  4.995527E-001 -5.967569E-001
  3.700000E+000 -1.961792E-001  8.490278E-001 -2.439239E-001 -4.904481E-001  3.901762E-001  7.792452E-001  6.225695E-001  7.825645E-001  0.000000E+000 -6.098097E-001  4.851344E-001 -6.267191E-001
  3.750000E+000 -2.052439E-001  8.490606E-001 -2.363128E-001 -5.131099E-001  4.082926E-001  7.549937E-001  6.226515E-001  7.824993E-001  0.000000E+000 -5.907820E-001  4.700979E-001 -6.557321E-001
  3.800000E+000 -2.139832E-001  8.491193E-001 -2.283654E-001 -5.349580E-001  4.258414E-001  7.297116E-001  6.227982E-001  7.823825E-001  0.000000E+000 -5.709136E-001  4.544631E-001 -6.837550E-001
  3.850000E+000 -2.223841E-001  8.492026E-001 -2.200986E-001 -5.559602E-001  4.428017E-001  7.034451E-001  6.230065E-001  7.822166E-001  0.000000E+000 -5.502464E-001  4.382509E-001 -7.107496E-001
  3.900000E+000 -2.304346E-001  8.493095E-001 -2.115294E-001 -5.760864E-001  4.591532E-001  6.762417E-001  6.232737E-001  7.820038E-001  0.000000E+000 -5.288235E-001  4.214836E-001 -7.366799E-001
  3.950000E+000 -2.381236E-001  8.494389E-001 -2.026755E-001 -5.953091E-001  4.748771E-001  6.481503E-001  6.235974E-001  7.817457E-001  0.000000E+000 -5.066887E-001  4.041848E-001 -7.615124E-001
  4.000000E+000 -2.454410E-001  8.495902E-001 -1.935547E-001 -6.136026E-001  4.899559E-001  6.192213E-001  6.239756E-001  7.814438E-001  0.000000E+000 -4.838867E-001  3.863790E-001 -7.852165E-001
  4.050000E+000 -2.523776E-001  8.497627E-001 -1.841851E-001 -6.309440E-001  5.043733E-001  5.895060E-001  6.244067E-001  7.810994E-001  0.000000E+000 -4.604628E-001  3.680915E-001 -8.077640E-001
  4.100000E+000 -2.589250E-001  8.499557E-001 -1.745852E-001 -6.473125E-001  5.181142E-001  5.590566E-001  6.248893E-001  7.807134E-001  0.000000E+000 -4.364630E-001  3.493485E-001 -8.291295E-001
  4.150000E+000 -2.650759E-001  8.501689E-001 -1.647735E-001 -6.626898E-001  5.311650E-001  5.279262E-001  6.254222E-001  7.802865E-001  0.000000E+000 -4.119337E-001  3.301768E-001 -8.492902E-001
  4.200000E+000 -2.708240E-001  8.504017E-001 -1.547687E-001 -6.770599E-001  5.435134E-001  4.961684E-001  6.260043E-001  7.798196E-001  0.000000E+000 -3.869219E-001  3.106036E-001 -8.682263E-001
  4.250000E+000 -2.761637E-001  8.506539E-001 -1.445898E-001 -6.904094E-001  5.551485E-001  4.638373E-001  6.266347E-001  7.793131E-001  0.000000E+000 -3.614745E-001  2.906566E-001 -8.859204E-001
  4.300000E+000 -2.810908E-001  8.509251E-001 -1.342556E-001 -7.027271E-001  5.660606E-001  4.309873E-001  6.273127E-001  7.787675E-001  0.000000E+000 -3.356389E-001  2.703638E-001 -9.023580E-001
  4.350000E+000 -2.856017E-001  8.512150E-001 -1.237849E-001 -7.140042E-001  5.762414E-001  3.976729E-001  6.280374E-001  7.781831E-001  0.000000E+000 -3.094623E-001  2.497535E-001 -9.175273E-001
  4.400000E+000 -2.896938E-001  8.515233E-001 -1.131968E-001 -7.242346E-001  5.856840E-001  3.639486E-001  6.288082E-001  7.775604E-001  0.000000E+000 -2.829920E-001  2.288539E-001 -9.314190E-001
  4.450000E+000 -2.933656E-001  8.518498E-001 -1.025100E-001 -7.334141E-001  5.943824E-001  3.298688E-001  6.296245E-001  7.768996E-001  0.000000E+000 -2.562749E-001  2.076935E-001 -9.440268E-001
  4.500000E+000 -2.966164E-001  8.521942E-001 -9.174310E-002 -7.415410E-001  6.023321E-001  2.954876E-001  6.304855E-001  7.762010E-001  0.000000E+000 -2.293578E-001  1.863006E-001 -9.553466E-001
  4.550000E+000 -2.994464E-001  8.525562E-001 -8.091469E-002 -7.486161E-001  6.095300E-001  2.608586E-001  6.313906E-001  7.754650E-001  0.000000E+000 -2.022867E-001  1.647037E-001 -9.653770E-001
  4.600000E+000 -3.018568E-001  8.529357E-001 -7.004300E-002 -7.546420E-001  6.159737E-001  2.260351E-001  6.323392E-001  7.746917E-001  0.000000E+000 -1.751075E-001  1.429308E-001 -9.741192E-001
  4.650000E+000 -3.038495E-001  8.533322E-001 -5.914604E-002 -7.596238E-001  6.216624E-001  1.910695E-001  6.333305E-001  7.738814E-001  0.000000E+000 -1.478651E-001  1.210101E-001 -9.815765E-001
  4.700000E+000 -3.054275E-001  8.537456E-001 -4.824152E-002 -7.635687E-001  6.265961E-001  1.560135E-001  6.343639E-001  7.730345E-001  0.000000E+000 -1.206038E-001  9.896931E-002 -9.877549E-001
  4.750000E+000 -3.065943E-001  8.541755E-001 -3.734678E-002 -7.664857E-001  6.307762E-001  1.209179E-001  6.354387E-001  7.721513E-001  0.000000E+000 -9.336694E-002  7.683593E-002 -9.926625E-001
  4.800000E+000 -3.073544E-001  8.546216E-001 -2.647879E-002 -7.683859E-001  6.342049E-001  8.583275E-002  6.365541E-001  7.712321E-001  0.000000E+000 -6.619697E-002  5.463718E-002 -9.963096E-001
  4.850000E+000 -3.077129E-001  8.550837E-001 -1.565410E-002 -7.692824E-001  6.368857E-001  5.080670E-002  6.377093E-001  7.702772E-001  0.000000E+000 -3.913524E-002  3.239990E-002 -9.987085E-001
  4.900000E+000 -3.076759E-001  8.555614E-001 -4.888792E-003 -7.691898E-001  6.388228E-001  1.588742E-002  6.389034E-001  7.692869E-001  0.000000E+000 -1.222198E-002  1.015052E-002 -9.998738E-001
  4.950000E+000 -3.072499E-001  8.560543E-001  5.801517E-003 -7.681248E-001  6.400217E-001 -1.887871E-002  6.401358E-001  7.682618E-001  0.000000E+000  1.450379E-002 -1.208494E-002 -9.998218E-001
  5.000000E+000 -3.064422E-001  8.565622E-001  1.640174E-002 -7.661055E-001  6.404887E-001 -5.344661E-002  6.414055E-001  7.672021E-001  0.000000E+000  4.100435E-002 -3.428095E-002 -9.985707E-001
  5.050000E+000 -3.052606E-001  8.570846E-001  2.689732E-002 -7.631514E-001  6.402311E-001 -8.777260E-002  6.427116E-001  7.661082E-001  0.000000E+000  6.724331E-002 -5.641247E-002 -9.961405E-001
  5.100000E+000 -3.037135E-001  8.576213E-001  3.727428E-002 -7.592838E-001  6.392569E-001 -1.218145E-001  6.440532E-001  7.649807E-001  0.000000E+000  9.318570E-002 -7.845499E-002 -9.925529E-001
  5.150000E+000 -3.018100E-001  8.581718E-001  4.751920E-002 -7.545249E-001  6.375752E-001 -1.555314E-001  6.454295E-001  7.638199E-001  0.000000E+000  1.187980E-001 -1.003846E-001 -9.878309E-001
  5.200000E+000 -2.995594E-001  8.587358E-001  5.761928E-002 -7.488985E-001  6.351959E-001 -1.888844E-001  6.468394E-001  7.626262E-001  0.000000E+000  1.440482E-001 -1.221779E-001 -9.819993E-001
  5.250000E+000 -2.969717E-001  8.593128E-001  6.756234E-002 -7.424293E-001  6.321295E-001 -2.218358E-001  6.482820E-001  7.614003E-001  0.000000E+000  1.689058E-001 -1.438122E-001 -9.750840E-001
  5.300000E+000 -2.940573E-001  8.599026E-001  7.733680E-002 -7.351432E-001  6.283874E-001 -2.543497E-001  6.497564E-001  7.601425E-001  0.000000E+000  1.933420E-001 -1.652653E-001 -9.671123E-001
  5.350000E+000 -2.908268E-001  8.605046E-001  8.693175E-002 -7.270669E-001  6.239819E-001 -2.863918E-001  6.512616E-001  7.588533E-001  0.000000E+000  2.173294E-001 -1.865160E-001 -9.581126E-001
  5.400000E+000 -2.872912E-001  8.611186E-001  9.633692E-002 -7.182281E-001  6.189258E-001 -3.179297E-001  6.527966E-001  7.575332E-001  0.000000E+000  2.408423E-001 -2.075434E-001 -9.481143E-001
  5.450000E+000 -2.834620E-001  8.617442E-001  1.055427E-001 -7.086551E-001  6.132325E-001 -3.489325E-001  6.543604E-001  7.561828E-001  0.000000E+000  2.638567E-001 -2.283276E-001 -9.371479E-001
  5.500000E+000 -2.793508E-001  8.623808E-001  1.145401E-001 -6.983770E-001  6.069161E-001 -3.793710E-001  6.559521E-001  7.548025E-001  0.000000E+000  2.863502E-001 -2.488492E-001 -9.252446E-001
  5.550000E+000 -2.749693E-001  8.630282E-001  1.233208E-001 -6.874233E-001  5.999915E-001 -4.092181E-001  6.575706E-001  7.533929E-001  0.000000E+000  3.083020E-001 -2.690898E-001 -9.124366E-001
  5.600000E+000 -2.703296E-001  8.636860E-001  1.318772E-001 -6.758240E-001  5.924738E-001 -4.384481E-001  6.592150E-001  7.519545E-001  0.000000E+000  3.296930E-001 -2.890315E-001 -8.987565E-001
  5.650000E+000 -2.654439E-001  8.643537E-001  1.402023E-001 -6.636096E-001  5.843788E-001 -4.670372E-001  6.608842E-001  7.504878E-001  0.000000E+000  3.505057E-001 -3.086575E-001 -8.842377E-001
  5.700000E+000 -2.603243E-001  8.650310E-001  1.482897E-001 -6.508108E-001  5.757227E-001 -4.949633E-001  6.625774E-001  7.489934E-001  0.000000E+000  3.707242E-001 -3.279515E-001 -8.689139E-001
  5.750000E+000 -2.549834E-001  8.657174E-001  1.561337E-001 -6.374584E-001  5.665224E-001 -5.222060E-001  6.642935E-001  7.474718E-001  0.000000E+000  3.903343E-001 -3.468981E-001 -8.528194E-001
  5.800000E+000 -2.494334E-001  8.664126E-001  1.637293E-001 -6.235836E-001  5.567948E-001 -5.487469E-001  6.660316E-001  7.459236E-001  0.000000E+000  4.093232E-001 -3.654827E-001 -8.359885E-001
  5.850000E+000 -2.436869E-001  8.671162E-001  1.710720E-001 -6.092172E-001  5.465573E-001 -5.745689E-001  6.677906E-001  7.443492E-001  0.000000E+000  4.276799E-001 -3.836917E-001 -8.184562E-001
  5.900000E+000 -2.377562E-001  8.678278E-001  1.781579E-001 -5.943904E-001  5.358279E-001 -5.996570E-001  6.695696E-001  7.427493E-001  0.000000E+000  4.453948E-001 -4.015121E-001 -8.002572E-001
  5.950000E+000 -2.316537E-001  8.685471E-001  1.849839E-001 -5.791342E-001  5.246244E-001 -6.239975E-001  6.713677E-001  7.411244E-001  0.000000E+000  4.624598E-001 -4.189317E-001 -7.814264E-001
  6.000000E+000 -2.253917E-001  8.692735E-001  1.915473E-001 -5.634791E-001  5.129653E-001 -6.475785E-001  6.731839E-001  7.394751E-001  0.000000E+000  4.788682E-001 -4.359394E-001 -7.619988E-001
  6.050000E+000 -2.189823E-001  8.700069E-001  1.978460E-001 -5.474558E-001  5.008689E-001 -6.703898E-001  6.750172E-001  7.378020E-001  0.000000E+000  4.946149E-001 -4.525246E-001 -7.420091E-001
  6.100000E+000 -2.124378E-001  8.707467E-001  2.038784E-001 -5.310945E-001  4.883541E-001 -6.924226E-001  6.768667E-001  7.361056E-001  0.000000E+000  5.096961E-001 -4.686778E-001 -7.214922E-001
  6.150000E+000 -2.057699E-001  8.714926E-001  2.096437E-001 -5.144248E-001  4.754395E-001 -7.136697E-001  6.787315E-001  7.343865E-001  0.000000E+000  5.241094E-001 -4.843901E-001 -7.004824E-001
  6.200000E+000 -1.989905E-001  8.722443E-001  2.151414E-001 -4.974763E-001  4.621441E-001 -7.341254E-001  6.806107E-001  7.326453E-001  0.000000E+000  5.378535E-001 -4.996536E-001 -6.790139E-001
  6.250000E+000 -1.921112E-001  8.730013E-001  2.203715E-001 -4.802779E-001  4.484869E-001 -7.537855E-001  6.825032E-001  7.308826E-001  0.000000E+000  5.509287E-001 -5.144611E-001 -6.571205E-001
  6.300000E+000 -1.851432E-001  8.737633E-001  2.253345E-001 -4.628580E-001  4.344868E-001 -7.726472E-001  6.844083E-001  7.290990E-001  0.000000E+000  5.633363E-001 -5.288062E-001 -6.348356E-001
  6.350000E+000 -1.780978E-001  8.745300E-001  2.300315E-001 -4.452444E-001  4.201628E-001 -7.907089E-001  6.863250E-001  7.272950E-001  0.000000E+000  5.750787E-001 -5.426833E-001 -6.121923E-001
  6.400000E+000 -1.709857E-001  8.753009E-001  2.344638E-001 -4.274643E-001  4.055340E-001 -8.079706E-001  6.882523E-001  7.254714E-001  0.000000E+000  5.861595E-001 -5.560876E-001 -5.892228E-001
  6.450000E+000 -1.638177E-001  8.760758E-001  2.386334E-001 -4.095443E-001  3.906192E-001 -8.244332E-001  6.901895E-001  7.236286E-001  0.000000E+000  5.965835E-001 -5.690152E-001 -5.659593E-001
  6.500000E+000 -1.566041E-001  8.768543E-001  2.425425E-001 -3.915104E-001  3.754371E-001 -8.400992E-001  6.921356E-001  7.217675E-001  0.000000E+000  6.063563E-001 -5.814626E-001 -5.424328E-001
  6.550000E+000 -1.493550E-001  8.776359E-001  2.461938E-001 -3.733876E-001  3.600065E-001 -8.549720E-001  6.940898E-001  7.198885E-001  0.000000E+000  6.154845E-001 -5.934273E-001 -5.186742E-001
  6.600000E+000 -1.420801E-001  8.784204E-001  2.495903E-001 -3.552003E-001  3.443458E-001 -8.690562E-001  6.960511E-001  7.179922E-001  0.000000E+000  6.239756E-001 -6.049075E-001 -4.947133E-001
  6.650000E+000 -1.347889E-001  8.792075E-001  2.527353E-001 -3.369724E-001  3.284733E-001 -8.823576E-001  6.980187E-001  7.160795E-001  0.000000E+000  6.318382E-001 -6.159021E-001 -4.705796E-001
  6.700000E+000 -1.274906E-001  8.799967E-001  2.556325E-001 -3.187265E-001  3.124073E-001 -8.948827E-001  6.999918E-001  7.141509E-001  0.000000E+000  6.390813E-001 -6.264106E-001 -4.463014E-001
  6.750000E+000 -1.201939E-001  8.807878E-001  2.582859E-001 -3.004848E-001  2.961656E-001 -9.066393E-001  7.019695E-001  7.122070E-001  0.000000E+000  6.457148E-001 -6.364332E-001 -4.219066E-001
  6.800000E+000 -1.129074E-001  8.815804E-001  2.606998E-001 -2.822685E-001  2.797657E-001 -9.176359E-001  7.039510E-001  7.102485E-001  0.000000E+000  6.517495E-001 -6.459707E-001 -3.974222E-001
  6.850000E+000 -1.056392E-001  8.823742E-001  2.628787E-001 -2.640980E-001  2.632252E-001 -9.278819E-001  7.059354E-001  7.082762E-001  0.000000E+000  6.571967E-001 -6.550247E-001 -3.728743E-001
  6.900000E+000 -9.839712E-002  8.831688E-001  2.648272E-001 -2.459928E-001  2.465609E-001 -9.373875E-001  7.079219E-001  7.062907E-001  0.000000E+000  6.620680E-001 -6.635971E-001 -3.482883E-001
  6.950000E+000 -9.118863E-002  8.839639E-001  2.665504E-001 -2.279716E-001  2.297898E-001 -9.461636E-001  7.099098E-001  7.042926E-001  0.000000E+000  6.663761E-001 -6.716908E-001 -3.236887E-001
  7.000000E+000 -8.402086E-002  8.847592E-001  2.680535E-001 -2.100522E-001  2.129281E-001 -9.542221E-001  7.118981E-001  7.022828E-001  0.000000E+000  6.701337E-001 -6.793089E-001 -2.990991E-001
  7.050000E+000 -7.690060E-002  8.855544E-001  2.693417E-001 -1.922515E-001  1.959919E-001 -9.615750E-001  7.138861E-001  7.002618E-001  0.000000E+000  6.733543E-001 -6.864551E-001 -2.745423E-001
  7.100000E+000 -6.983427E-002  8.863492E-001  2.704206E-001 -1.745857E-001  1.789970E-001 -9.682355E-001  7.158731E-001  6.982305E-001  0.000000E+000  6.760515E-001 -6.931337E-001 -2.500402E-001
  7.150000E+000 -6.282798E-002  8.871433E-001  2.712958E-001 -1.570699E-001  1.619587E-001 -9.742168E-001  7.178581E-001  6.961894E-001  0.000000E+000  6.782394E-001 -6.993495E-001 -2.256138E-001
  7.200000E+000 -5.588745E-002  8.879362E-001  2.719730E-001 -1.397186E-001  1.448918E-001 -9.795331E-001  7.198406E-001  6.941394E-001  0.000000E+000  6.799325E-001 -7.051076E-001 -2.012832E-001
  7.250000E+000 -4.901811E-002  8.887278E-001  2.724582E-001 -1.225453E-001  1.278110E-001 -9.841987E-001  7.218196E-001  6.920812E-001  0.000000E+000  6.811454E-001 -7.104139E-001 -1.770678E-001
  7.300000E+000 -4.222501E-002  8.895178E-001  2.727572E-001 -1.055625E-001  1.107302E-001 -9.882284E-001  7.237945E-001  6.900156E-001  0.000000E+000  6.818930E-001 -7.152743E-001 -1.529857E-001
  7.350000E+000 -3.551290E-002  8.903058E-001  2.728761E-001 -8.878224E-002  9.366327E-002 -9.916375E-001  7.257646E-001  6.879432E-001  0.000000E+000  6.821902E-001 -7.196953E-001 -1.290546E-001
  7.400000E+000 -2.888617E-002  8.910916E-001  2.728210E-001 -7.221542E-002  7.662334E-002 -9.944414E-001  7.277290E-001  6.858648E-001  0.000000E+000  6.820524E-001 -7.236839E-001 -1.052910E-001
  7.450000E+000 -2.234891E-002  8.918748E-001  2.725979E-001 -5.587227E-002  5.962328E-002 -9.966561E-001  7.296871E-001  6.837812E-001  0.000000E+000  6.814947E-001 -7.272471E-001 -8.171075E-002
  7.500000E+000 -1.590488E-002  8.926553E-001  2.722130E-001 -3.976221E-002  4.267543E-002 -9.982974E-001  7.316382E-001  6.816932E-001  0.000000E+000  6.805325E-001 -7.303925E-001 -5.832860E-002
  7.550000E+000 -9.557545E-003  8.934326E-001  2.716725E-001 -2.389386E-002  2.579173E-002 -9.993817E-001  7.335815E-001  6.796014E-001  0.000000E+000  6.791813E-001 -7.331280E-001 -3.515864E-002
  7.600000E+000 -3.310043E-003  8.942066E-001  2.709825E-001 -8.275107E-003  8.983642E-003 -9.999254E-001  7.355165E-001  6.775068E-001  0.000000E+000  6.774563E-001 -7.354616E-001 -1.221406E-002
  7.650000E+000  2.834772E-003  8.949770E-001  2.701491E-001  7.086929E-003 -7.737822E-003 -9.999449E-001  7.374424E-001  6.754100E-001  0.000000E+000  6.753728E-001 -7.374018E-001  1.049278E-002
  7.700000E+000  8.874336E-003  8.957434E-001  2.691785E-001  2.218584E-002 -2.436210E-002 -9.994570E-001  7.393586E-001  6.733118E-001  0.000000E+000  6.729462E-001 -7.389571E-001  3.295032E-002
  7.750000E+000  1.480637E-002  8.965058E-001  2.680767E-001  3.701592E-002 -4.087910E-002 -9.984782E-001  7.412644E-001  6.712131E-001  0.000000E+000  6.701916E-001 -7.401364E-001  5.514780E-002
  7.800000E+000  2.062886E-002  8.972637E-001  2.668496E-001  5.157216E-002 -5.727917E-002 -9.970253E-001  7.431593E-001  6.691145E-001  0.000000E+000  6.671241E-001 -7.409486E-001  7.707523E-002
  7.850000E+000  2.634007E-002  8.980170E-001  2.655034E-001  6.585018E-002 -7.355313E-002 -9.951149E-001  7.450425E-001  6.670170E-001  0.000000E+000  6.637585E-001 -7.414029E-001  9.872340E-002
  7.900000E+000  3.193851E-002  8.987654E-001  2.640438E-001  7.984628E-002 -8.969225E-002 -9.927638E-001  7.469136E-001  6.649211E-001  0.000000E+000  6.601096E-001 -7.415087E-001  1.200838E-001
  7.950000E+000  3.742294E-002  8.995087E-001  2.624768E-001  9.355735E-002 -1.056882E-001 -9.899884E-001  7.487718E-001  6.628279E-001  0.000000E+000  6.561919E-001 -7.412754E-001  1.411488E-001
  8.000000E+000  4.279235E-002  9.002467E-001  2.608079E-001  1.069809E-001 -1.215333E-001 -9.868053E-001  7.506167E-001  6.607379E-001  0.000000E+000  6.520197E-001 -7.407126E-001  1.619112E-001
  8.050000E+000  4.804596E-002  9.009791E-001  2.590428E-001  1.201149E-001 -1.372199E-001 -9.832309E-001  7.524477E-001  6.586520E-001  0.000000E+000  6.476071E-001 -7.398298E-001  1.823647E-001
  8.100000E+000  5.318323E-002  9.017057E-001  2.571871E-001  1.329581E-001 -1.527413E-001 -9.792815E-001  7.542642E-001  6.565710E-001  0.000000E+000  6.429679E-001 -7.386370E-001  2.025037E-001
  8.150000E+000  5.820379E-002  9.024263E-001  2.552463E-001  1.455095E-001 -1.680908E-001 -9.749731E-001  7.560657E-001  6.544957E-001  0.000000E+000  6.381157E-001 -7.371437E-001  2.223230E-001
  8.200000E+000  6.310750E-002  9.031407E-001  2.532255E-001  1.577687E-001 -1.832624E-001 -9.703215E-001  7.578518E-001  6.524268E-001  0.000000E+000  6.330637E-001 -7.353599E-001  2.418183E-001
  8.250000E+000  6.789439E-002  9.038487E-001  2.511300E-001  1.697360E-001 -1.982505E-001 -9.653427E-001  7.596218E-001  6.503650E-001  0.000000E+000  6.278251E-001 -7.332954E-001  2.609857E-001
  8.300000E+000  7.256470E-002  9.045502E-001  2.489650E-001  1.814118E-001 -2.130496E-001 -9.600519E-001  7.613754E-001  6.483112E-001  0.000000E+000  6.224124E-001 -7.309599E-001  2.798220E-001
  8.350000E+000  7.711881E-002  9.052448E-001  2.467352E-001  1.927970E-001 -2.276551E-001 -9.544645E-001  7.631121E-001  6.462661E-001  0.000000E+000  6.168381E-001 -7.283634E-001  2.983245E-001
  8.400000E+000  8.155728E-002  9.059326E-001  2.444456E-001  2.038932E-001 -2.420623E-001 -9.485955E-001  7.648314E-001  6.442305E-001  0.000000E+000  6.111141E-001 -7.255156E-001  3.164911E-001
  8.450000E+000  8.588080E-002  9.066132E-001  2.421009E-001  2.147020E-001 -2.562673E-001 -9.424596E-001  7.665329E-001  6.422050E-001  0.000000E+000  6.052523E-001 -7.224263E-001  3.343201E-001
  8.500000E+000  9.009024E-002  9.072865E-001  2.397056E-001  2.252256E-001 -2.702664E-001 -9.360713E-001  7.682163E-001  6.401904E-001  0.000000E+000  5.992639E-001 -7.191052E-001  3.518103E-001
  8.550000E+000  9.418656E-002  9.079524E-001  2.372640E-001  2.354664E-001 -2.840562E-001 -9.294448E-001  7.698810E-001  6.381875E-001  0.000000E+000  5.931600E-001 -7.155619E-001  3.689612E-001
  8.600000E+000  9.817089E-002  9.086107E-001  2.347806E-001  2.454272E-001 -2.976338E-001 -9.225940E-001  7.715268E-001  6.361969E-001  0.000000E+000  5.869514E-001 -7.118059E-001  3.857725E-001
  8.650000E+000  1.020444E-001  9.092613E-001  2.322593E-001  2.551111E-001 -3.109965E-001 -9.155324E-001  7.731532E-001  6.342193E-001  0.000000E+000  5.806483E-001 -7.078468E-001  4.022443E-001
  8.700000E+000  1.058086E-001  9.099040E-001  2.297043E-001  2.645214E-001 -3.241421E-001 -9.082733E-001  7.747600E-001  6.322554E-001  0.000000E+000  5.742607E-001 -7.036938E-001  4.183774E-001
  8.750000E+000  1.094647E-001  9.105387E-001  2.271193E-001  2.736617E-001 -3.370686E-001 -9.008297E-001  7.763468E-001  6.303060E-001  0.000000E+000  5.677983E-001 -6.993562E-001  4.341727E-001
  8.800000E+000  1.130143E-001  9.111653E-001  2.245081E-001  2.825357E-001 -3.497744E-001 -8.932141E-001  7.779133E-001  6.283716E-001  0.000000E+000  5.612704E-001 -6.948432E-001  4.496316E-001
  8.850000E+000  1.164590E-001  9.117837E-001  2.218743E-001  2.911476E-001 -3.622582E-001 -8.854389E-001  7.794593E-001  6.264529E-001  0.000000E+000  5.546858E-001 -6.901636E-001  4.647557E-001
  8.900000E+000  1.198006E-001  9.123938E-001  2.192212E-001  2.995014E-001 -3.745189E-001 -8.775161E-001  7.809844E-001  6.245505E-001  0.000000E+000  5.480531E-001 -6.853264E-001  4.795472E-001
  8.950000E+000  1.230407E-001  9.129954E-001  2.165522E-001  3.076017E-001 -3.865559E-001 -8.694572E-001  7.824885E-001  6.226650E-001  0.000000E+000  5.413806E-001 -6.803402E-001  4.940084E-001
  9.000000E+000  1.261812E-001  9.135885E-001  2.138704E-001  3.154530E-001 -3.983686E-001 -8.612734E-001  7.839713E-001  6.207971E-001  0.000000E+000  5.346761E-001 -6.752136E-001  5.081418E-001
  9.050000E+000  1.292239E-001  9.141730E-001  2.111788E-001  3.230598E-001 -4.099568E-001 -8.529759E-001  7.854325E-001  6.189473E-001  0.000000E+000  5.279471E-001 -6.699550E-001  5.219504E-001
  9.100000E+000  1.321708E-001  9.147488E-001  2.084804E-001  3.304270E-001 -4.213206E-001 -8.445750E-001  7.868720E-001  6.171162E-001  0.000000E+000  5.212009E-001 -6.645724E-001  5.354373E-001
  9.150000E+000  1.350238E-001  9.153159E-001  2.057777E-001  3.375595E-001 -4.324603E-001 -8.360811E-001  7.882897E-001  6.153043E-001  0.000000E+000  5.144443E-001 -6.590741E-001  5.486059E-001
  9.200000E+000  1.377849E-001  9.158741E-001  2.030735E-001  3.444623E-001 -4.433765E-001 -8.275041E-001  7.896853E-001  6.135121E-001  0.000000E+000  5.076838E-001 -6.534678E-001  5.614597E-001
  9.250000E+000  1.404562E-001  9.164235E-001  2.003702E-001  3.511405E-001 -4.540698E-001 -8.188535E-001  7.910587E-001  6.117402E-001  0.000000E+000  5.009256E-001 -6.477612E-001  5.740026E-001
  9.300000E+000  1.430396E-001  9.169640E-001  1.976702E-001  3.575991E-001 -4.645412E-001 -8.101385E-001  7.924099E-001  6.099890E-001  0.000000E+000  4.941756E-001 -6.419618E-001  5.862385E-001
  9.350000E+000  1.455373E-001  9.174955E-001  1.949757E-001  3.638432E-001 -4.747919E-001 -8.013680E-001  7.937386E-001  6.082590E-001  0.000000E+000  4.874393E-001 -6.360768E-001  5.981716E-001
  9.400000E+000  1.479513E-001  9.180180E-001  1.922888E-001  3.698782E-001 -4.848232E-001 -7.925507E-001  7.950449E-001  6.065506E-001  0.000000E+000  4.807221E-001 -6.301134E-001  6.098061E-001
  9.450000E+000  1.502837E-001  9.185314E-001  1.896115E-001  3.757092E-001 -4.946367E-001 -7.836945E-001  7.963286E-001  6.048642E-001  0.000000E+000  4.740288E-001 -6.240784E-001  6.211464E-001
  9.500000E+000  1.525366E-001  9.190359E-001  1.869457E-001  3.813415E-001 -5.042339E-001 -7.748076E-001  7.975897E-001  6.032003E-001  0.000000E+000  4.673642E-001 -6.179786E-001  6.321971E-001
  9.550000E+000  1.547121E-001  9.195313E-001  1.842931E-001  3.867802E-001 -5.136168E-001 -7.658974E-001  7.988282E-001  6.015592E-001  0.000000E+000  4.607327E-001 -6.118205E-001  6.429628E-001
  9.600000E+000  1.568122E-001  9.200176E-001  1.816553E-001  3.920306E-001 -5.227874E-001 -7.569712E-001  8.000440E-001  5.999413E-001  0.000000E+000  4.541383E-001 -6.056103E-001  6.534483E-001
  9.650000E+000  1.588391E-001  9.204949E-001  1.790340E-001  3.970978E-001 -5.317477E-001 -7.480359E-001  8.012372E-001  5.983468E-001  0.000000E+000  4.475849E-001 -5.993542E-001  6.636583E-001
  9.700000E+000  1.607948E-001  9.209631E-001  1.764305E-001  4.019871E-001 -5.405001E-001 -7.390981E-001  8.024078E-001  5.967762E-001  0.000000E+000  4.410761E-001 -5.930581E-001  6.735978E-001
  9.750000E+000  1.626814E-001  9.214223E-001  1.738461E-001  4.067035E-001 -5.490469E-001 -7.301642E-001  8.035557E-001  5.952296E-001  0.000000E+000  4.346153E-001 -5.867276E-001  6.832717E-001
  9.800000E+000  1.645009E-001  9.218724E-001  1.712822E-001  4.112522E-001 -5.573905E-001 -7.212402E-001  8.046811E-001  5.937073E-001  0.000000E+000  4.282056E-001 -5.803684E-001  6.926850E-001
  9.850000E+000  1.662552E-001  9.223136E-001  1.687399E-001  4.156380E-001 -5.655337E-001 -7.123319E-001  8.057840E-001  5.922096E-001  0.000000E+000  4.218497E-001 -5.739856E-001  7.018428E-001
  9.900000E+000  1.679464E-001  9.227458E-001  1.662202E-001  4.198661E-001 -5.734790E-001 -7.034446E-001  8.068645E-001  5.907366E-001  0.000000E+000  4.155505E-001 -5.675844E-001  7.107501E-001
  9.950000E+000  1.695765E-001  9.231690E-001  1.637241E-001  4.239413E-001 -5.812292E-001 -6.945836E-001  8.079226E-001  5.892886E-001  0.000000E+000  4.093102E-001 -5.611698E-001  7.194120E-001
