% FILE: robot_arm.4
%
%       t         P_No_Co[1]     P_No_Co[2]     P_No_Co[3]      N_C[1,1]       N_C[1,2]       N_C[1,3]       N_C[2,1]       N_C[2,2]       N_C[2,3]       N_C[3,1]       N_C[3,2]       N_C[3,3]
%   (second)        (meter)        (meter)        (meter)       (NoUnits)      (NoUnits)      (NoUnits)      (NoUnits)      (NoUnits)      (NoUnits)      (NoUnits)      (NoUnits)      (NoUnits)

  0.000000E+000  1.350624E+000  8.368081E-001  0.000000E+000  9.981165E-001  6.134676E-002  0.000000E+000 -6.134676E-002  9.981165E-001  0.000000E+000  0.000000E+000  0.000000E+000  1.000000E+000
  5.000000E-002  1.347105E+000  8.411725E-001 -9.425989E-004  9.976426E-001  6.862076E-002  6.997219E-004 -6.862078E-002  9.976428E-001  0.000000E+000 -6.980725E-004 -4.801546E-005  9.999998E-001
  1.000000E-001  1.339318E+000  8.502346E-001 -3.734783E-003  9.964851E-001  8.372394E-002  2.788560E-003 -8.372426E-002  9.964890E-001  0.000000E+000 -2.778769E-003 -2.334701E-004  9.999961E-001
  1.500000E-001  1.329493E+000  8.607026E-001 -8.323455E-003  9.948496E-001  1.011690E-001  6.260502E-003 -1.011710E-001  9.948691E-001  0.000000E+000 -6.228380E-003 -6.333811E-004  9.999804E-001
  2.000000E-001  1.318542E+000  8.713497E-001 -1.465690E-002  9.928430E-001  1.189088E-001  1.111530E-002 -1.189162E-001  9.929043E-001  0.000000E+000 -1.103643E-002 -1.321789E-003  9.999382E-001
  2.500000E-001  1.306886E+000  8.817245E-001 -2.268409E-002  9.905311E-001  1.361869E-001  1.735475E-002 -1.362074E-001  9.906803E-001  0.000000E+000 -1.719301E-002 -2.363846E-003  9.998494E-001
  3.000000E-001  1.294746E+000  8.916551E-001 -3.235418E-002  9.879551E-001  1.527108E-001  2.498103E-002 -1.527584E-001  9.882636E-001  0.000000E+000 -2.468784E-002 -3.816063E-003  9.996879E-001
  3.500000E-001  1.282256E+000  9.010768E-001 -4.361621E-002  9.851385E-001  1.683640E-001  3.399556E-002 -1.684614E-001  9.857083E-001  0.000000E+000 -3.350970E-002 -5.726939E-003  9.994220E-001
  4.000000E-001  1.269503E+000  9.099691E-001 -5.641906E-002  9.820910E-001  1.831010E-001  4.439802E-002 -1.832818E-001  9.830604E-001  0.000000E+000 -4.364594E-002 -8.137347E-003  9.990139E-001
  4.500000E-001  1.256547E+000  9.183300E-001 -7.071139E-002  9.788113E-001  1.969052E-001  5.618547E-002 -1.972167E-001  9.803599E-001  0.000000E+000 -5.508198E-002 -1.108071E-002  9.984203E-001
  5.000000E-001  1.243428E+000  9.261666E-001 -8.644164E-002  9.752878E-001  2.097713E-001  6.935141E-002 -2.102776E-001  9.776417E-001  0.000000E+000 -6.780083E-002 -1.458305E-002  9.975923E-001
  5.500000E-001  1.230173E+000  9.334892E-001 -1.035580E-001  9.715006E-001  2.216978E-001  8.388493E-002 -2.224820E-001  9.749368E-001  0.000000E+000 -8.178251E-002 -1.866288E-002  9.964754E-001
  6.000000E-001  1.216797E+000  9.403100E-001 -1.220084E-001  9.674216E-001  2.326832E-001  9.976987E-002 -2.338500E-001  9.722727E-001  0.000000E+000 -9.700352E-002 -2.333118E-002  9.950105E-001
  6.500000E-001  1.203304E+000  9.466417E-001 -1.417405E-001  9.630158E-001  2.427247E-001  1.169840E-001 -2.444028E-001  9.696738E-001  0.000000E+000 -1.134363E-001 -2.859121E-002  9.931338E-001
  7.000000E-001  1.189692E+000  9.524970E-001 -1.627016E-001  9.582422E-001  2.518177E-001  1.354982E-001 -2.541617E-001  9.671617E-001  0.000000E+000 -1.310487E-001 -3.443846E-002  9.907776E-001
  7.500000E-001  1.175949E+000  9.578887E-001 -1.848386E-001  9.530541E-001  2.599561E-001  1.552761E-001 -2.631478E-001  9.647555E-001  0.000000E+000 -1.498034E-001 -4.086055E-002  9.878711E-001
  8.000000E-001  1.162059E+000  9.628292E-001 -2.080981E-001  9.474007E-001  2.671325E-001  1.762729E-001 -2.713820E-001  9.624717E-001  0.000000E+000 -1.696577E-001 -4.783730E-002  9.843413E-001
  8.500000E-001  1.147996E+000  9.673311E-001 -2.324256E-001  9.412273E-001  2.733392E-001  1.984359E-001 -2.788851E-001  9.603245E-001  0.000000E+000 -1.905628E-001 -5.534081E-002  9.801139E-001
  9.000000E-001  1.133730E+000  9.714066E-001 -2.577664E-001  9.344770E-001  2.785683E-001  2.217033E-001 -2.856776E-001  9.583258E-001  0.000000E+000 -2.124640E-001 -6.333568E-002  9.751142E-001
  9.500000E-001  1.119224E+000  9.750681E-001 -2.840642E-001  9.270913E-001  2.828134E-001  2.460048E-001 -2.917802E-001  9.564854E-001  0.000000E+000 -2.353000E-001 -7.177934E-002  9.692686E-001
  1.000000E+000  1.104436E+000  9.783281E-001 -3.112617E-001  9.190111E-001  2.860696E-001  2.712616E-001 -2.972134E-001  9.548111E-001  0.000000E+000 -2.590035E-001 -8.062258E-002  9.625057E-001
  1.050000E+000  1.089320E+000  9.811989E-001 -3.392998E-001  9.101782E-001  2.883349E-001  2.973864E-001 -3.019981E-001  9.533085E-001  0.000000E+000 -2.835010E-001 -8.981015E-002  9.547572E-001
  1.100000E+000  1.073823E+000  9.836932E-001 -3.681177E-001  9.005360E-001  2.896106E-001  3.242848E-001 -3.061554E-001  9.519816E-001  0.000000E+000 -3.087131E-001 -9.928152E-002  9.459595E-001
  1.150000E+000  1.057890E+000  9.858239E-001 -3.976520E-001  8.900308E-001  2.899022E-001  3.518550E-001 -3.097065E-001  9.508322E-001  0.000000E+000 -3.345550E-001 -1.089718E-001  9.360545E-001
  1.200000E+000  1.041462E+000  9.876041E-001 -4.278364E-001  8.786123E-001  2.892201E-001  3.799897E-001 -3.126735E-001  9.498607E-001  0.000000E+000 -3.609372E-001 -1.188127E-001  9.249907E-001
  1.250000E+000  1.024476E+000  9.890472E-001 -4.586018E-001  8.662349E-001  2.875798E-001  4.085767E-001 -3.150786E-001  9.490656E-001  0.000000E+000 -3.877661E-001 -1.287338E-001  9.127240E-001
  1.300000E+000  1.006867E+000  9.901669E-001 -4.898754E-001  8.528581E-001  2.850025E-001  4.375005E-001 -3.169448E-001  9.484440E-001  0.000000E+000 -4.149447E-001 -1.386635E-001  8.992182E-001
  1.350000E+000  9.885707E-001  9.909774E-001 -5.215803E-001  8.384471E-001  2.815153E-001  4.666430E-001 -3.182957E-001  9.479915E-001  0.000000E+000 -4.423735E-001 -1.485304E-001  8.844458E-001
  1.400000E+000  9.695199E-001  9.914934E-001 -5.536360E-001  8.229733E-001  2.771509E-001  4.958855E-001 -3.191556E-001  9.477023E-001  0.000000E+000 -4.699518E-001 -1.582646E-001  8.683879E-001
  1.450000E+000  9.496491E-001  9.917298E-001 -5.859572E-001  8.064144E-001  2.719478E-001  5.251096E-001 -3.195497E-001  9.475695E-001  0.000000E+000 -4.975779E-001 -1.677986E-001  8.510346E-001
  1.500000E+000  9.288940E-001  9.917024E-001 -6.184547E-001  7.887548E-001  2.659502E-001  5.541988E-001 -3.195041E-001  9.475849E-001  0.000000E+000 -5.251504E-001 -1.770688E-001  8.323843E-001
  1.550000E+000  9.071928E-001  9.914274E-001 -6.510345E-001  7.699851E-001  2.592067E-001  5.830393E-001 -3.190456E-001  9.477394E-001  0.000000E+000 -5.525692E-001 -1.860161E-001  8.124440E-001
  1.600000E+000  8.844875E-001  9.909214E-001 -6.835988E-001  7.501024E-001  2.517707E-001  6.115210E-001 -3.182024E-001  9.480228E-001  0.000000E+000 -5.797358E-001 -1.945874E-001  7.912282E-001
  1.650000E+000  8.607243E-001  9.902019E-001 -7.160458E-001  7.291097E-001  2.436990E-001  6.395388E-001 -3.170031E-001  9.484245E-001  0.000000E+000 -6.065542E-001 -2.027358E-001  7.687588E-001
  1.700000E+000  8.358551E-001  9.892867E-001 -7.482705E-001  7.070159E-001  2.350512E-001  6.669929E-001 -3.154778E-001  9.489330E-001  0.000000E+000 -6.329315E-001 -2.104214E-001  7.450641E-001
  1.750000E+000  8.098384E-001  9.881943E-001 -7.801646E-001  6.838351E-001  2.258889E-001  6.937895E-001 -3.136571E-001  9.495363E-001  0.000000E+000 -6.587783E-001 -2.176120E-001  7.201779E-001
  1.800000E+000  7.826394E-001  9.869435E-001 -8.116181E-001  6.595865E-001  2.162747E-001  7.198409E-001 -3.115726E-001  9.502224E-001  0.000000E+000 -6.840089E-001 -2.242827E-001  6.941391E-001
  1.850000E+000  7.542316E-001  9.855538E-001 -8.425193E-001  6.342938E-001  2.062711E-001  7.450662E-001 -3.092564E-001  9.509787E-001  0.000000E+000 -7.085421E-001 -2.304165E-001  6.669906E-001
  1.900000E+000  7.245966E-001  9.840447E-001 -8.727559E-001  6.079850E-001  1.959397E-001  7.693906E-001 -3.067411E-001  9.517930E-001  0.000000E+000 -7.323006E-001 -2.360037E-001  6.387786E-001
  1.950000E+000  6.937251E-001  9.824359E-001 -9.022161E-001  5.806917E-001  1.853403E-001  7.927460E-001 -3.040598E-001  9.526530E-001  0.000000E+000 -7.552118E-001 -2.410421E-001  6.095522E-001
  2.000000E+000  6.616165E-001  9.807470E-001 -9.307890E-001  5.524489E-001  1.745300E-001  8.150702E-001 -3.012450E-001  9.535468E-001  0.000000E+000 -7.772076E-001 -2.455359E-001  5.793622E-001
  2.050000E+000  6.282798E-001  9.789977E-001 -9.583664E-001  5.232949E-001  1.635624E-001  8.363072E-001 -2.983295E-001  9.544630E-001  0.000000E+000 -7.982243E-001 -2.494951E-001  5.482611E-001
  2.100000E+000  5.937329E-001  9.772069E-001 -9.848427E-001  4.932705E-001  1.524872E-001  8.564064E-001 -2.953448E-001  9.553907E-001  0.000000E+000 -8.182027E-001 -2.529352E-001  5.163024E-001
  2.150000E+000  5.580026E-001  9.753931E-001 -1.010117E+000  4.624192E-001  1.413494E-001  8.753221E-001 -2.923219E-001  9.563200E-001  0.000000E+000 -8.370880E-001 -2.558758E-001  4.835403E-001
  2.200000E+000  5.211246E-001  9.735740E-001 -1.034091E+000  4.307867E-001  1.301890E-001  8.930138E-001 -2.892900E-001  9.572415E-001  0.000000E+000 -8.548299E-001 -2.583399E-001  4.500293E-001
  2.250000E+000  4.831427E-001  9.717660E-001 -1.056676E+000  3.984208E-001  1.190408E-001  9.094450E-001 -2.862767E-001  9.581470E-001  0.000000E+000 -8.713820E-001 -2.603529E-001  4.158243E-001
  2.300000E+000  4.441084E-001  9.699845E-001 -1.077787E+000  3.653710E-001  1.079345E-001  9.245833E-001 -2.833075E-001  9.590291E-001  0.000000E+000 -8.867023E-001 -2.619414E-001  3.809801E-001
  2.350000E+000  4.040804E-001  9.682434E-001 -1.097344E+000  3.316886E-001  9.689460E-002  9.383998E-001 -2.804056E-001  9.598816E-001  0.000000E+000 -9.007527E-001 -2.631326E-001  3.455515E-001
  2.400000E+000  3.631237E-001  9.665549E-001 -1.115278E+000  2.974264E-001  8.594057E-002  9.508690E-001 -2.775915E-001  9.606992E-001  0.000000E+000 -9.134990E-001 -2.639532E-001  3.095936E-001
  2.450000E+000  3.213088E-001  9.649298E-001 -1.131525E+000  2.626385E-001  7.508740E-002  9.619682E-001 -2.748830E-001  9.614777E-001  0.000000E+000 -9.249110E-001 -2.644287E-001  2.731613E-001
  2.500000E+000  2.787114E-001  9.633769E-001 -1.146029E+000  2.273803E-001  6.434588E-002  9.716778E-001 -2.722949E-001  9.622139E-001  0.000000E+000 -9.349619E-001 -2.645829E-001  2.363096E-001
  2.550000E+000  2.354111E-001  9.619034E-001 -1.158742E+000  1.917084E-001  5.372324E-002  9.799805E-001 -2.698391E-001  9.629054E-001  0.000000E+000 -9.436285E-001 -2.644370E-001  1.990937E-001
  2.600000E+000  1.914909E-001  9.605148E-001 -1.169624E+000  1.556800E-001  4.322369E-002  9.868614E-001 -2.675246E-001  9.635510E-001  0.000000E+000 -9.508913E-001 -2.640097E-001  1.615690E-001
  2.650000E+000  1.470365E-001  9.592147E-001 -1.178641E+000  1.193534E-001  3.284901E-002  9.923083E-001 -2.653579E-001  9.641500E-001  0.000000E+000 -9.567340E-001 -2.633168E-001  1.237913E-001
  2.700000E+000  1.021356E-001  9.580055E-001 -1.185768E+000  8.278770E-002  2.259921E-002  9.963109E-001 -2.633424E-001  9.647024E-001  0.000000E+000 -9.611436E-001 -2.623709E-001  8.581682E-002
  2.750000E+000  5.687705E-002  9.568878E-001 -1.190985E+000  4.604236E-002  1.247309E-002  9.988616E-001 -2.614796E-001  9.652090E-001  0.000000E+000 -9.641102E-001 -2.611819E-001  4.770196E-002
  2.800000E+000  1.135060E-002  9.558611E-001 -1.194280E+000  9.177452E-003  2.468764E-003  9.999548E-001 -2.597685E-001  9.656709E-001  0.000000E+000 -9.656273E-001 -2.597568E-001  9.503706E-003
  2.850000E+000 -3.435380E-002  9.549239E-001 -1.195647E+000 -2.774663E-002 -7.415835E-003  9.995875E-001 -2.582066E-001  9.660897E-001  0.000000E+000 -9.656912E-001 -2.581000E-001 -2.872055E-002
  2.900000E+000 -8.014637E-002  9.540737E-001 -1.195085E+000 -6.466927E-002 -1.718257E-002  9.977588E-001 -2.567895E-001  9.664674E-001  0.000000E+000 -9.643013E-001 -2.562140E-001 -6.691304E-002
  2.950000E+000 -1.259379E-001  9.533072E-001 -1.192599E+000 -1.015298E-001 -2.683276E-002  9.944706E-001 -2.555119E-001  9.668059E-001  0.000000E+000 -9.614600E-001 -2.540991E-001 -1.050157E-001
  3.000000E+000 -1.716401E-001  9.526205E-001 -1.188199E+000 -1.382675E-001 -3.636694E-002  9.897270E-001 -2.543675E-001  9.671076E-001  0.000000E+000 -9.571726E-001 -2.517544E-001 -1.429701E-001
  3.050000E+000 -2.171659E-001  9.520095E-001 -1.181900E+000 -1.748218E-001 -4.578470E-002  9.835350E-001 -2.533492E-001  9.673749E-001  0.000000E+000 -9.514471E-001 -2.491778E-001 -1.807178E-001
  3.100000E+000 -2.624296E-001  9.514698E-001 -1.173721E+000 -2.111328E-001 -5.508456E-002  9.759040E-001 -2.524496E-001  9.676100E-001  0.000000E+000 -9.442945E-001 -2.463666E-001 -2.182002E-001
  3.150000E+000 -3.073472E-001  9.509967E-001 -1.163684E+000 -2.471405E-001 -6.426397E-002  9.668463E-001 -2.516611E-001  9.678154E-001  0.000000E+000 -9.357287E-001 -2.433176E-001 -2.553591E-001
  3.200000E+000 -3.518362E-001  9.505857E-001 -1.151818E+000 -2.827861E-001 -7.331928E-002  9.563767E-001 -2.509762E-001  9.679933E-001  0.000000E+000 -9.257662E-001 -2.400278E-001 -2.921364E-001
  3.250000E+000 -3.958165E-001  9.502324E-001 -1.138152E+000 -3.180111E-001 -8.224583E-002  9.445129E-001 -2.503873E-001  9.681457E-001  0.000000E+000 -9.144261E-001 -2.364941E-001 -3.284744E-001
  3.300000E+000 -4.392098E-001  9.499325E-001 -1.122720E+000 -3.527583E-001 -9.103805E-002  9.312753E-001 -2.498874E-001  9.682749E-001  0.000000E+000 -9.017305E-001 -2.327140E-001 -3.643162E-001
  3.350000E+000 -4.819399E-001  9.496818E-001 -1.105560E+000 -3.869713E-001 -9.968955E-002  9.166871E-001 -2.494697E-001  9.683826E-001  0.000000E+000 -8.877038E-001 -2.286857E-001 -3.996058E-001
  3.400000E+000 -5.239332E-001  9.494767E-001 -1.086711E+000 -4.205952E-001 -1.081933E-001  9.007741E-001 -2.491279E-001  9.684706E-001  0.000000E+000 -8.723732E-001 -2.244079E-001 -4.342880E-001
  3.450000E+000 -5.651183E-001  9.493136E-001 -1.066216E+000 -4.535763E-001 -1.165416E-001  8.835647E-001 -2.488560E-001  9.685405E-001  0.000000E+000 -8.557682E-001 -2.198804E-001 -4.683091E-001
  3.500000E+000 -6.054263E-001  9.491894E-001 -1.044121E+000 -4.858626E-001 -1.247264E-001  8.650901E-001 -2.486490E-001  9.685937E-001  0.000000E+000 -8.379208E-001 -2.151038E-001 -5.016165E-001
  3.550000E+000 -6.447912E-001  9.491011E-001 -1.020474E+000 -5.174036E-001 -1.327396E-001  8.453838E-001 -2.485018E-001  9.686314E-001  0.000000E+000 -8.188653E-001 -2.100794E-001 -5.341594E-001
  3.600000E+000 -6.831494E-001  9.490462E-001 -9.953269E-001 -5.481508E-001 -1.405726E-001  8.244817E-001 -2.484103E-001  9.686549E-001  0.000000E+000 -7.986382E-001 -2.048098E-001 -5.658886E-001
  3.650000E+000 -7.204403E-001  9.490224E-001 -9.687314E-001 -5.780576E-001 -1.482170E-001  8.024220E-001 -2.483707E-001  9.686651E-001  0.000000E+000 -7.772782E-001 -1.992981E-001 -5.967569E-001
  3.700000E+000 -7.566062E-001  9.490278E-001 -9.407432E-001 -6.070795E-001 -1.556643E-001  7.792452E-001 -2.483797E-001  9.686628E-001  0.000000E+000 -7.548258E-001 -1.935487E-001 -6.267191E-001
  3.750000E+000 -7.915923E-001  9.490606E-001 -9.114198E-001 -6.351740E-001 -1.629064E-001  7.549937E-001 -2.484343E-001  9.686487E-001  0.000000E+000 -7.313237E-001 -1.875663E-001 -6.557321E-001
  3.800000E+000 -8.253471E-001  9.491193E-001 -8.808204E-001 -6.623013E-001 -1.699351E-001  7.297116E-001 -2.485322E-001  9.686236E-001  0.000000E+000 -7.068159E-001 -1.813568E-001 -6.837550E-001
  3.850000E+000 -8.578223E-001  9.492026E-001 -8.490062E-001 -6.884235E-001 -1.767428E-001  7.034451E-001 -2.486710E-001  9.685880E-001  0.000000E+000 -6.813485E-001 -1.749264E-001 -7.107496E-001
  3.900000E+000 -8.889725E-001  9.493095E-001 -8.160400E-001 -7.135056E-001 -1.833221E-001  6.762417E-001 -2.488491E-001  9.685423E-001  0.000000E+000 -6.549686E-001 -1.682821E-001 -7.366799E-001
  3.950000E+000 -9.187561E-001  9.494389E-001 -7.819860E-001 -7.375147E-001 -1.896660E-001  6.481503E-001 -2.490649E-001  9.684868E-001  0.000000E+000 -6.277250E-001 -1.614315E-001 -7.615124E-001
  4.000000E+000 -9.471346E-001  9.495902E-001 -7.469098E-001 -7.604209E-001 -1.957679E-001  6.192213E-001 -2.493171E-001  9.684219E-001  0.000000E+000 -5.996675E-001 -1.543824E-001 -7.852165E-001
  4.050000E+000 -9.740731E-001  9.497627E-001 -7.108783E-001 -7.821966E-001 -2.016215E-001  5.895060E-001 -2.496045E-001  9.683479E-001  0.000000E+000 -5.708469E-001 -1.471433E-001 -8.077640E-001
  4.100000E+000 -9.995402E-001  9.499557E-001 -6.739593E-001 -8.028170E-001 -2.072212E-001  5.590566E-001 -2.499262E-001  9.682649E-001  0.000000E+000 -5.413149E-001 -1.397229E-001 -8.291295E-001
  4.150000E+000 -1.023508E+000  9.501689E-001 -6.362214E-001 -8.222600E-001 -2.125616E-001  5.279262E-001 -2.502815E-001  9.681731E-001  0.000000E+000 -5.111240E-001 -1.321301E-001 -8.492902E-001
  4.200000E+000 -1.045952E+000  9.504017E-001 -5.977338E-001 -8.405062E-001 -2.176379E-001  4.961684E-001 -2.506695E-001  9.680727E-001  0.000000E+000 -4.803271E-001 -1.243743E-001 -8.682263E-001
  4.250000E+000 -1.066851E+000  9.506539E-001 -5.585663E-001 -8.575389E-001 -2.224456E-001  4.638373E-001 -2.510898E-001  9.679638E-001  0.000000E+000 -4.489777E-001 -1.164648E-001 -8.859204E-001
  4.300000E+000 -1.086188E+000  9.509251E-001 -5.187888E-001 -8.733440E-001 -2.269807E-001  4.309873E-001 -2.515418E-001  9.678464E-001  0.000000E+000 -4.171295E-001 -1.084113E-001 -9.023580E-001
  4.350000E+000 -1.103949E+000  9.512150E-001 -4.784717E-001 -8.879102E-001 -2.312398E-001  3.976729E-001 -2.520249E-001  9.677207E-001  0.000000E+000 -3.848363E-001 -1.002235E-001 -9.175273E-001
  4.400000E+000 -1.120125E+000  9.515233E-001 -4.376847E-001 -9.012287E-001 -2.352195E-001  3.639486E-001 -2.525388E-001  9.675868E-001  0.000000E+000 -3.521518E-001 -9.191115E-002 -9.314190E-001
  4.450000E+000 -1.134707E+000  9.518498E-001 -3.964978E-001 -9.132936E-001 -2.389171E-001  3.298688E-001 -2.530830E-001  9.674446E-001  0.000000E+000 -3.191298E-001 -8.348417E-002 -9.440268E-001
  4.500000E+000 -1.147694E+000  9.521942E-001 -3.549803E-001 -9.241012E-001 -2.423303E-001  2.954876E-001 -2.536570E-001  9.672942E-001  0.000000E+000 -2.858234E-001 -7.495248E-002 -9.553466E-001
  4.550000E+000 -1.159083E+000  9.525562E-001 -3.132008E-001 -9.336507E-001 -2.454571E-001  2.608586E-001 -2.542604E-001  9.671358E-001  0.000000E+000 -2.522857E-001 -6.632601E-002 -9.653770E-001
  4.600000E+000 -1.168880E+000  9.529357E-001 -2.712274E-001 -9.419433E-001 -2.482959E-001  2.260351E-001 -2.548928E-001  9.669693E-001  0.000000E+000 -2.185690E-001 -5.761471E-002 -9.741192E-001
  4.650000E+000 -1.177089E+000  9.533322E-001 -2.291271E-001 -9.489831E-001 -2.508455E-001  1.910695E-001 -2.555537E-001  9.667949E-001  0.000000E+000 -1.847250E-001 -4.882850E-002 -9.815765E-001
  4.700000E+000 -1.183721E+000  9.537456E-001 -1.869658E-001 -9.547763E-001 -2.531049E-001  1.560135E-001 -2.562426E-001  9.666125E-001  0.000000E+000 -1.508046E-001 -3.997730E-002 -9.877549E-001
  4.750000E+000 -1.188787E+000  9.541755E-001 -1.448082E-001 -9.593312E-001 -2.550737E-001  1.209179E-001 -2.569591E-001  9.664223E-001  0.000000E+000 -1.168578E-001 -3.107097E-002 -9.926625E-001
  4.800000E+000 -1.192304E+000  9.546216E-001 -1.027178E-001 -9.626585E-001 -2.567517E-001  8.583275E-002 -2.577027E-001  9.662243E-001  0.000000E+000 -8.293368E-002 -2.211933E-002 -9.963096E-001
  4.850000E+000 -1.194288E+000  9.550837E-001 -6.075632E-002 -9.647709E-001 -2.581390E-001  5.080670E-002 -2.584728E-001  9.660185E-001  0.000000E+000 -4.908021E-002 -1.313215E-002 -9.987085E-001
  4.900000E+000 -1.194762E+000  9.555614E-001 -1.898407E-002 -9.656833E-001 -2.592362E-001  1.588742E-002 -2.592690E-001  9.658052E-001  0.000000E+000 -1.534415E-002 -4.119114E-003 -9.998738E-001
  4.950000E+000 -1.193747E+000  9.560543E-001  2.254042E-002 -9.654121E-001 -2.600442E-001 -1.887871E-002 -2.600905E-001  9.655842E-001  0.000000E+000  1.822899E-002  4.910174E-003 -9.998218E-001
  5.000000E+000 -1.191270E+000  9.565622E-001  6.376048E-002 -9.639761E-001 -2.605640E-001 -5.344661E-002 -2.609370E-001  9.653558E-001  0.000000E+000  5.159500E-002  1.394620E-002 -9.985707E-001
  5.050000E+000 -1.187358E+000  9.570846E-001  1.046213E-001 -9.613952E-001 -2.607973E-001 -8.777260E-002 -2.618077E-001  9.651200E-001  0.000000E+000  8.471110E-002  2.297955E-002 -9.961405E-001
  5.100000E+000 -1.182042E+000  9.576213E-001  1.450701E-001 -9.576914E-001 -2.607458E-001 -1.218145E-001 -2.627022E-001  9.648770E-001  0.000000E+000  1.175360E-001  3.200092E-002 -9.925529E-001
  5.150000E+000 -1.175353E+000  9.581718E-001  1.850563E-001 -9.528881E-001 -2.604117E-001 -1.555314E-001 -2.636197E-001  9.646267E-001  0.000000E+000  1.500298E-001  4.100115E-002 -9.878309E-001
  5.200000E+000 -1.167325E+000  9.587358E-001  2.245312E-001 -9.470100E-001 -2.597974E-001 -1.888844E-001 -2.645596E-001  9.643693E-001  0.000000E+000  1.821543E-001  4.997119E-002 -9.819993E-001
  5.250000E+000 -1.157993E+000  9.593128E-001  2.634485E-001 -9.400834E-001 -2.589056E-001 -2.218358E-001 -2.655214E-001  9.641050E-001  0.000000E+000  2.138730E-001  5.890214E-002 -9.750840E-001
  5.300000E+000 -1.147396E+000  9.599026E-001  3.017641E-001 -9.321355E-001 -2.577396E-001 -2.543497E-001 -2.665043E-001  9.638337E-001  0.000000E+000  2.451508E-001  6.778528E-002 -9.671123E-001
  5.350000E+000 -1.135570E+000  9.605046E-001  3.394362E-001 -9.231949E-001 -2.563025E-001 -2.863918E-001 -2.675077E-001  9.635557E-001  0.000000E+000  2.759545E-001  7.661203E-002 -9.581126E-001
  5.400000E+000 -1.122557E+000  9.611186E-001  3.764253E-001 -9.132910E-001 -2.545981E-001 -3.179297E-001 -2.685311E-001  9.632710E-001  0.000000E+000  3.062525E-001  8.537400E-002 -9.481143E-001
  5.450000E+000 -1.108397E+000  9.617442E-001  4.126943E-001 -9.024545E-001 -2.526303E-001 -3.489325E-001 -2.695736E-001  9.629798E-001  0.000000E+000  3.360149E-001  9.406298E-002 -9.371479E-001
  5.500000E+000 -1.093131E+000  9.623808E-001  4.482084E-001 -8.907165E-001 -2.504033E-001 -3.793710E-001 -2.706347E-001  9.626821E-001  0.000000E+000  3.652137E-001  1.026710E-001 -9.252446E-001
  5.550000E+000 -1.076804E+000  9.630282E-001  4.829352E-001 -8.781090E-001 -2.479215E-001 -4.092181E-001 -2.717137E-001  9.623781E-001  0.000000E+000  3.938226E-001  1.111902E-001 -9.124366E-001
  5.600000E+000 -1.059458E+000  9.636860E-001  5.168445E-001 -8.646648E-001 -2.451898E-001 -4.384481E-001 -2.728100E-001  9.620679E-001  0.000000E+000  4.218169E-001  1.196130E-001 -8.987565E-001
  5.650000E+000 -1.041138E+000  9.643537E-001  5.499088E-001 -8.504171E-001 -2.422129E-001 -4.670372E-001 -2.739228E-001  9.617517E-001  0.000000E+000  4.491738E-001  1.279321E-001 -8.842377E-001
  5.700000E+000 -1.021888E+000  9.650310E-001  5.821027E-001 -8.353994E-001 -2.389962E-001 -4.949633E-001 -2.750516E-001  9.614295E-001  0.000000E+000  4.758723E-001  1.361404E-001 -8.689139E-001
  5.750000E+000 -1.001754E+000  9.657174E-001  6.134032E-001 -8.196459E-001 -2.355450E-001 -5.222060E-001 -2.761957E-001  9.611014E-001  0.000000E+000  5.018930E-001  1.442310E-001 -8.528194E-001
  5.800000E+000 -9.807813E-001  9.664126E-001  6.437896E-001 -8.031908E-001 -2.318651E-001 -5.487469E-001 -2.773544E-001  9.607677E-001  0.000000E+000  5.272183E-001  1.521973E-001 -8.359885E-001
  5.850000E+000 -9.590149E-001  9.671162E-001  6.732433E-001 -7.860686E-001 -2.279622E-001 -5.745689E-001 -2.785271E-001  9.604284E-001  0.000000E+000  5.518323E-001  1.600330E-001 -8.184562E-001
  5.900000E+000 -9.365006E-001  9.678278E-001  7.017484E-001 -7.683138E-001 -2.238424E-001 -5.996570E-001 -2.797131E-001  9.600836E-001  0.000000E+000  5.757208E-001  1.677319E-001 -8.002572E-001
  5.950000E+000 -9.132840E-001  9.685471E-001  7.292906E-001 -7.499611E-001 -2.195119E-001 -6.239975E-001 -2.809118E-001  9.597336E-001  0.000000E+000  5.988713E-001  1.752882E-001 -7.814264E-001
  6.000000E+000 -8.894104E-001  9.692735E-001  7.558582E-001 -7.310451E-001 -2.149771E-001 -6.475785E-001 -2.821226E-001  9.593784E-001  0.000000E+000  6.212728E-001  1.826965E-001 -7.619988E-001
  6.050000E+000 -8.649248E-001  9.700069E-001  7.814415E-001 -7.116002E-001 -2.102444E-001 -6.703898E-001 -2.833448E-001  9.590181E-001  0.000000E+000  6.429159E-001  1.899514E-001 -7.420091E-001
  6.100000E+000 -8.398719E-001  9.707467E-001  8.060326E-001 -6.916606E-001 -2.053207E-001 -6.924226E-001 -2.845778E-001  9.586529E-001  0.000000E+000  6.637929E-001  1.970481E-001 -7.214922E-001
  6.150000E+000 -8.142961E-001  9.714926E-001  8.296260E-001 -6.712604E-001 -2.002126E-001 -7.136697E-001 -2.858210E-001  9.582830E-001  0.000000E+000  6.838975E-001  2.039818E-001 -7.004824E-001
  6.200000E+000 -7.882410E-001  9.722443E-001  8.522178E-001 -6.504332E-001 -1.949271E-001 -7.341254E-001 -2.870738E-001  9.579085E-001  0.000000E+000  7.032250E-001  2.107482E-001 -6.790139E-001
  6.250000E+000 -7.617497E-001  9.730013E-001  8.738061E-001 -6.292122E-001 -1.894712E-001 -7.537855E-001 -2.883355E-001  9.575295E-001  0.000000E+000  7.217719E-001  2.173431E-001 -6.571205E-001
  6.300000E+000 -7.348647E-001  9.737633E-001  8.943908E-001 -6.076304E-001 -1.838519E-001 -7.726472E-001 -2.896055E-001  9.571461E-001  0.000000E+000  7.395363E-001  2.237629E-001 -6.348356E-001
  6.350000E+000 -7.076276E-001  9.745300E-001  9.139734E-001 -5.857202E-001 -1.780765E-001 -7.907089E-001 -2.908833E-001  9.567585E-001  0.000000E+000  7.565175E-001  2.300040E-001 -6.121923E-001
  6.400000E+000 -6.800794E-001  9.753009E-001  9.325574E-001 -5.635133E-001 -1.721522E-001 -8.079706E-001 -2.921682E-001  9.563669E-001  0.000000E+000  7.727163E-001  2.360633E-001 -5.892228E-001
  6.450000E+000 -6.522600E-001  9.760758E-001  9.501476E-001 -5.410409E-001 -1.660862E-001 -8.244332E-001 -2.934597E-001  9.559715E-001  0.000000E+000  7.881346E-001  2.419379E-001 -5.659593E-001
  6.500000E+000 -6.242085E-001  9.768543E-001  9.667503E-001 -5.183337E-001 -1.598859E-001 -8.400992E-001 -2.947571E-001  9.555722E-001  0.000000E+000  8.027754E-001  2.476252E-001 -5.424328E-001
  6.550000E+000 -5.959631E-001  9.776359E-001  9.823734E-001 -4.954217E-001 -1.535586E-001 -8.549720E-001 -2.960599E-001  9.551694E-001  0.000000E+000  8.166431E-001  2.531229E-001 -5.186742E-001
  6.600000E+000 -5.675607E-001  9.784204E-001  9.970262E-001 -4.723341E-001 -1.471116E-001 -8.690562E-001 -2.973674E-001  9.547631E-001  0.000000E+000  8.297428E-001  2.584290E-001 -4.947133E-001
  6.650000E+000 -5.390375E-001  9.792075E-001  1.010719E+000 -4.490993E-001 -1.405523E-001 -8.823576E-001 -2.986792E-001  9.543536E-001  0.000000E+000  8.420811E-001  2.635418E-001 -4.705796E-001
  6.700000E+000 -5.104283E-001  9.799967E-001  1.023464E+000 -4.257452E-001 -1.338880E-001 -8.948827E-001 -2.999946E-001  9.539409E-001  0.000000E+000  8.536652E-001  2.684599E-001 -4.463014E-001
  6.750000E+000 -4.817670E-001  9.807878E-001  1.035274E+000 -4.022986E-001 -1.271260E-001 -9.066393E-001 -3.013130E-001  9.535253E-001  0.000000E+000  8.645035E-001  2.731822E-001 -4.219066E-001
  6.800000E+000 -4.530863E-001  9.815804E-001  1.046163E+000 -3.787858E-001 -1.202735E-001 -9.176359E-001 -3.026340E-001  9.531068E-001  0.000000E+000  8.746050E-001  2.777078E-001 -3.974222E-001
  6.850000E+000 -4.244176E-001  9.823742E-001  1.056145E+000 -3.552320E-001 -1.133377E-001 -9.278819E-001 -3.039569E-001  9.526858E-001  0.000000E+000  8.839798E-001  2.820361E-001 -3.728743E-001
  6.900000E+000 -3.957913E-001  9.831688E-001  1.065238E+000 -3.316618E-001 -1.063259E-001 -9.373875E-001 -3.052813E-001  9.522622E-001  0.000000E+000  8.926387E-001  2.861669E-001 -3.482883E-001
  6.950000E+000 -3.672365E-001  9.839639E-001  1.073457E+000 -3.080987E-001 -9.924506E-002 -9.461636E-001 -3.066065E-001  9.518364E-001  0.000000E+000  9.005929E-001  2.900999E-001 -3.236887E-001
  7.000000E+000 -3.387810E-001  9.847592E-001  1.080820E+000 -2.845654E-001 -9.210220E-002 -9.542221E-001 -3.079321E-001  9.514083E-001  0.000000E+000  9.078548E-001  2.938356E-001 -2.990991E-001
  7.050000E+000 -3.104515E-001  9.855544E-001  1.087346E+000 -2.610838E-001 -8.490424E-002 -9.615750E-001 -3.092574E-001  9.509784E-001  0.000000E+000  9.144370E-001  2.973742E-001 -2.745423E-001
  7.100000E+000 -2.822735E-001  9.863492E-001  1.093053E+000 -2.376749E-001 -7.765800E-002 -9.682355E-001 -3.105820E-001  9.505466E-001  0.000000E+000  9.203529E-001  3.007165E-001 -2.500402E-001
  7.150000E+000 -2.542711E-001  9.871433E-001  1.097961E+000 -2.143586E-001 -7.037017E-002 -9.742168E-001 -3.119054E-001  9.501132E-001  0.000000E+000  9.256162E-001  3.038635E-001 -2.256138E-001
  7.200000E+000 -2.264675E-001  9.879362E-001  1.102091E+000 -1.911543E-001 -6.304736E-002 -9.795331E-001 -3.132270E-001  9.496783E-001  0.000000E+000  9.302413E-001  3.068163E-001 -2.012832E-001
  7.250000E+000 -1.988843E-001  9.887278E-001  1.105462E+000 -1.680802E-001 -5.569603E-002 -9.841987E-001 -3.145464E-001  9.492421E-001  0.000000E+000  9.342428E-001  3.095762E-001 -1.770678E-001
  7.300000E+000 -1.715422E-001  9.895178E-001  1.108096E+000 -1.451536E-001 -4.832253E-002 -9.882284E-001 -3.158630E-001  9.488048E-001  0.000000E+000  9.376359E-001  3.121448E-001 -1.529857E-001
  7.350000E+000 -1.444604E-001  9.903058E-001  1.110014E+000 -1.223911E-001 -4.093307E-002 -9.916375E-001 -3.171764E-001  9.483666E-001  0.000000E+000  9.404358E-001  3.145240E-001 -1.290546E-001
  7.400000E+000 -1.176573E-001  9.910916E-001  1.111237E+000 -9.980828E-002 -3.353372E-002 -9.944414E-001 -3.184860E-001  9.479276E-001  0.000000E+000  9.426585E-001  3.167157E-001 -1.052910E-001
  7.450000E+000 -9.114979E-002  9.918748E-001  1.111788E+000 -7.741995E-002 -2.613039E-002 -9.966561E-001 -3.197914E-001  9.474880E-001  0.000000E+000  9.443197E-001  3.187220E-001 -8.171075E-002
  7.500000E+000 -6.495376E-002  9.926553E-001  1.111687E+000 -5.523998E-002 -1.872885E-002 -9.982974E-001 -3.210921E-001  9.470480E-001  0.000000E+000  9.454356E-001  3.205454E-001 -5.832860E-002
  7.550000E+000 -3.908396E-002  9.934326E-001  1.110959E+000 -3.328144E-002 -1.133471E-002 -9.993817E-001 -3.223877E-001  9.466077E-001  0.000000E+000  9.460225E-001  3.221884E-001 -3.515864E-002
  7.600000E+000 -1.355401E-002  9.942066E-001  1.109623E+000 -1.155654E-002 -3.953418E-003 -9.999254E-001 -3.236777E-001  9.461674E-001  0.000000E+000  9.460968E-001  3.236535E-001 -1.221406E-002
  7.650000E+000  1.162353E-002  9.949770E-001  1.107703E+000  9.923308E-003  3.409751E-003 -9.999449E-001 -3.249616E-001  9.457272E-001  0.000000E+000  9.456751E-001  3.249437E-001  1.049278E-002
  7.700000E+000  3.643718E-002  9.957434E-001  1.105221E+000  3.114752E-002  1.074968E-002 -9.994570E-001 -3.262391E-001  9.452873E-001  0.000000E+000  9.447740E-001  3.260619E-001  3.295032E-002
  7.750000E+000  6.087650E-002  9.965058E-001  1.102199E+000  5.210628E-002  1.806143E-002 -9.984782E-001 -3.275096E-001  9.448478E-001  0.000000E+000  9.434100E-001  3.270112E-001  5.514780E-002
  7.800000E+000  8.493205E-002  9.972637E-001  1.098659E+000  7.279054E-002  2.534024E-002 -9.970253E-001 -3.287729E-001  9.444090E-001  0.000000E+000  9.415997E-001  3.277949E-001  7.707523E-002
  7.850000E+000  1.085954E-001  9.980170E-001  1.094623E+000  9.319203E-002  3.258152E-002 -9.951149E-001 -3.300284E-001  9.439710E-001  0.000000E+000  9.393596E-001  3.284161E-001  9.872340E-002
  7.900000E+000  1.318589E-001  9.987654E-001  1.090111E+000  1.133032E-001  3.978086E-002 -9.927638E-001 -3.312757E-001  9.435340E-001  0.000000E+000  9.367064E-001  3.288785E-001  1.200838E-001
  7.950000E+000  1.547162E-001  9.995087E-001  1.085147E+000  1.331172E-001  4.693403E-002 -9.899884E-001 -3.325145E-001  9.430981E-001  0.000000E+000  9.336562E-001  3.291855E-001  1.411488E-001
  8.000000E+000  1.771614E-001  1.000247E+000  1.079751E+000  1.526278E-001  5.403697E-002 -9.868053E-001 -3.337445E-001  9.426636E-001  0.000000E+000  9.302254E-001  3.293408E-001  1.619112E-001
  8.050000E+000  1.991897E-001  1.000979E+000  1.073944E+000  1.718296E-001  6.108583E-002 -9.832309E-001 -3.349651E-001  9.422305E-001  0.000000E+000  9.264302E-001  3.293481E-001  1.823647E-001
  8.100000E+000  2.207971E-001  1.001706E+000  1.067746E+000  1.907178E-001  6.807691E-002 -9.792815E-001 -3.361761E-001  9.417991E-001  0.000000E+000  9.222865E-001  3.292111E-001  2.025037E-001
  8.150000E+000  2.419805E-001  1.002426E+000  1.061179E+000  2.092881E-001  7.500671E-002 -9.749731E-001 -3.373772E-001  9.413696E-001  0.000000E+000  9.178100E-001  3.289336E-001  2.223230E-001
  8.200000E+000  2.627372E-001  1.003141E+000  1.054261E+000  2.275370E-001  8.187191E-002 -9.703215E-001 -3.385679E-001  9.409420E-001  0.000000E+000  9.130163E-001  3.285197E-001  2.418183E-001
  8.250000E+000  2.830656E-001  1.003849E+000  1.047013E+000  2.454614E-001  8.866935E-002 -9.653427E-001 -3.397479E-001  9.405165E-001  0.000000E+000  9.079207E-001  3.279731E-001  2.609857E-001
  8.300000E+000  3.029647E-001  1.004550E+000  1.039453E+000  2.630588E-001  9.539607E-002 -9.600519E-001 -3.409170E-001  9.400934E-001  0.000000E+000  9.025385E-001  3.272980E-001  2.798220E-001
  8.350000E+000  3.224341E-001  1.005245E+000  1.031601E+000  2.803274E-001  1.020493E-001 -9.544645E-001 -3.420747E-001  9.396727E-001  0.000000E+000  8.968843E-001  3.264982E-001  2.983245E-001
  8.400000E+000  3.414740E-001  1.005933E+000  1.023475E+000  2.972657E-001  1.086264E-001 -9.485955E-001 -3.432209E-001  9.392547E-001  0.000000E+000  8.909728E-001  3.255778E-001  3.164911E-001
  8.450000E+000  3.600853E-001  1.006613E+000  1.015093E+000  3.138728E-001  1.151249E-001 -9.424596E-001 -3.443553E-001  9.388394E-001  0.000000E+000  8.848182E-001  3.245410E-001  3.343201E-001
  8.500000E+000  3.782695E-001  1.007287E+000  1.006472E+000  3.301483E-001  1.215426E-001 -9.360713E-001 -3.454775E-001  9.384270E-001  0.000000E+000  8.784346E-001  3.233916E-001  3.518103E-001
  8.550000E+000  3.960284E-001  1.007952E+000  9.976294E-001  3.460921E-001  1.278773E-001 -9.294448E-001 -3.465873E-001  9.380177E-001  0.000000E+000  8.718357E-001  3.221338E-001  3.689612E-001
  8.600000E+000  4.133646E-001  1.008611E+000  9.885820E-001  3.617047E-001  1.341271E-001 -9.225940E-001 -3.476845E-001  9.376116E-001  0.000000E+000  8.650348E-001  3.207716E-001  3.857725E-001
  8.650000E+000  4.302810E-001  1.009261E+000  9.793456E-001  3.769869E-001  1.402903E-001 -9.155324E-001 -3.487688E-001  9.372088E-001  0.000000E+000  8.580450E-001  3.193091E-001  4.022443E-001
  8.700000E+000  4.467811E-001  1.009904E+000  9.699360E-001  3.919399E-001  1.463652E-001 -9.082733E-001 -3.498400E-001  9.368095E-001  0.000000E+000  8.508790E-001  3.177503E-001  4.183774E-001
  8.750000E+000  4.628685E-001  1.010539E+000  9.603682E-001  4.065653E-001  1.523503E-001 -9.008297E-001 -3.508979E-001  9.364137E-001  0.000000E+000  8.435493E-001  3.160992E-001  4.341727E-001
  8.800000E+000  4.785475E-001  1.011165E+000  9.506570E-001  4.208649E-001  1.582443E-001 -8.932141E-001 -3.519422E-001  9.360217E-001  0.000000E+000  8.360678E-001  3.143598E-001  4.496316E-001
  8.850000E+000  4.938227E-001  1.011784E+000  9.408164E-001  4.348411E-001  1.640462E-001 -8.854389E-001 -3.529729E-001  9.356336E-001  0.000000E+000  8.284464E-001  3.125359E-001  4.647557E-001
  8.900000E+000  5.086989E-001  1.012394E+000  9.308603E-001  4.484962E-001  1.697547E-001 -8.775161E-001 -3.539896E-001  9.352493E-001  0.000000E+000  8.206963E-001  3.106316E-001  4.795472E-001
  8.950000E+000  5.231813E-001  1.012995E+000  9.208017E-001  4.618332E-001  1.753692E-001 -8.694572E-001 -3.549923E-001  9.348692E-001  0.000000E+000  8.128287E-001  3.086506E-001  4.940084E-001
  9.000000E+000  5.372754E-001  1.013589E+000  9.106534E-001  4.748551E-001  1.808887E-001 -8.612734E-001 -3.559808E-001  9.344933E-001  0.000000E+000  8.048542E-001  3.065968E-001  5.081418E-001
  9.050000E+000  5.509869E-001  1.014173E+000  9.004276E-001  4.875651E-001  1.863128E-001 -8.529759E-001 -3.569550E-001  9.341216E-001  0.000000E+000  7.967832E-001  3.044740E-001  5.219504E-001
  9.100000E+000  5.643217E-001  1.014749E+000  8.901360E-001  4.999669E-001  1.916409E-001 -8.445750E-001 -3.579147E-001  9.337543E-001  0.000000E+000  7.886255E-001  3.022858E-001  5.354373E-001
  9.150000E+000  5.772861E-001  1.015316E+000  8.797900E-001  5.120640E-001  1.968726E-001 -8.360811E-001 -3.588598E-001  9.333915E-001  0.000000E+000  7.803910E-001  3.000359E-001  5.486059E-001
  9.200000E+000  5.898862E-001  1.015874E+000  8.694003E-001  5.238606E-001  2.020077E-001 -8.275041E-001 -3.597902E-001  9.330332E-001  0.000000E+000  7.720888E-001  2.977279E-001  5.614597E-001
  9.250000E+000  6.021287E-001  1.016423E+000  8.589772E-001  5.353606E-001  2.070461E-001 -8.188535E-001 -3.607058E-001  9.326796E-001  0.000000E+000  7.637279E-001  2.953652E-001  5.740026E-001
  9.300000E+000  6.140202E-001  1.016964E+000  8.485307E-001  5.465682E-001  2.119877E-001 -8.101385E-001 -3.616066E-001  9.323308E-001  0.000000E+000  7.553170E-001  2.929514E-001  5.862385E-001
  9.350000E+000  6.255674E-001  1.017495E+000  8.380701E-001  5.574880E-001  2.168327E-001 -8.013680E-001 -3.624924E-001  9.319867E-001  0.000000E+000  7.468644E-001  2.904898E-001  5.981716E-001
  9.400000E+000  6.367772E-001  1.018018E+000  8.276044E-001  5.681243E-001  2.215811E-001 -7.925507E-001 -3.633633E-001  9.316475E-001  0.000000E+000  7.383779E-001  2.879838E-001  6.098061E-001
  9.450000E+000  6.476565E-001  1.018531E+000  8.171421E-001  5.784819E-001  2.262334E-001 -7.836945E-001 -3.642191E-001  9.313133E-001  0.000000E+000  7.298652E-001  2.854365E-001  6.211464E-001
  9.500000E+000  6.582124E-001  1.019036E+000  8.066915E-001  5.885654E-001  2.307898E-001 -7.748076E-001 -3.650598E-001  9.309841E-001  0.000000E+000  7.213335E-001  2.828511E-001  6.321971E-001
  9.550000E+000  6.684520E-001  1.019531E+000  7.962601E-001  5.983797E-001  2.352507E-001 -7.658974E-001 -3.658855E-001  9.306599E-001  0.000000E+000  7.127900E-001  2.802307E-001  6.429628E-001
  9.600000E+000  6.783822E-001  1.020018E+000  7.858553E-001  6.079296E-001  2.396169E-001 -7.569712E-001 -3.666960E-001  9.303408E-001  0.000000E+000  7.042412E-001  2.775783E-001  6.534483E-001
  9.650000E+000  6.880103E-001  1.020495E+000  7.754840E-001  6.172200E-001  2.438888E-001 -7.480359E-001 -3.674915E-001  9.300269E-001  0.000000E+000  6.956935E-001  2.748968E-001  6.636583E-001
  9.700000E+000  6.973433E-001  1.020963E+000  7.651527E-001  6.262561E-001  2.480671E-001 -7.390981E-001 -3.682718E-001  9.297182E-001  0.000000E+000  6.871529E-001  2.721890E-001  6.735978E-001
  9.750000E+000  7.063884E-001  1.021422E+000  7.548675E-001  6.350427E-001  2.521526E-001 -7.301642E-001 -3.690371E-001  9.294147E-001  0.000000E+000  6.786253E-001  2.694577E-001  6.832717E-001
  9.800000E+000  7.151527E-001  1.021872E+000  7.446341E-001  6.435850E-001  2.561462E-001 -7.212402E-001 -3.697874E-001  9.291164E-001  0.000000E+000  6.701161E-001  2.667055E-001  6.926850E-001
  9.850000E+000  7.236432E-001  1.022314E+000  7.344581E-001  6.518880E-001  2.600487E-001 -7.123319E-001 -3.705227E-001  9.288234E-001  0.000000E+000  6.616305E-001  2.639351E-001  7.018428E-001
  9.900000E+000  7.318670E-001  1.022746E+000  7.243444E-001  6.599569E-001  2.638610E-001 -7.034446E-001 -3.712430E-001  9.285358E-001  0.000000E+000  6.531734E-001  2.611489E-001  7.107501E-001
  9.950000E+000  7.398310E-001  1.023169E+000  7.142979E-001  6.677967E-001  2.675842E-001 -6.945836E-001 -3.719484E-001  9.282534E-001  0.000000E+000  6.447496E-001  2.583493E-001  7.194120E-001
