% FILE: gyro.2
%
%       t         P_No_Bo[1]     P_No_Bo[2]     P_No_Bo[3]      N_B[1,1]       N_B[1,2]       N_B[1,3]       N_B[2,1]       N_B[2,2]       N_B[2,3]       N_B[3,1]       N_B[3,2]       N_B[3,3]
%   (second)        (meter)        (meter)        (meter)       (NoUnits)      (NoUnits)      (NoUnits)      (NoUnits)      (NoUnits)      (NoUnits)      (NoUnits)      (NoUnits)      (NoUnits)

  0.000000E+000  0.000000E+000  0.000000E+000  0.000000E+000  1.000000E+000  0.000000E+000  0.000000E+000  0.000000E+000  9.396926E-001  3.420201E-001  0.000000E+000 -3.420201E-001  9.396926E-001
  5.000000E-002  0.000000E+000  0.000000E+000  0.000000E+000  9.999527E-001 -9.086240E-003 -3.476606E-003  9.728646E-003  9.339234E-001  3.573407E-001  0.000000E+000 -3.573576E-001  9.339676E-001
  1.000000E-001  0.000000E+000  0.000000E+000  0.000000E+000  9.977202E-001 -6.188250E-002 -2.692563E-002  6.748654E-002  9.148701E-001  3.980682E-001  0.000000E+000 -3.989778E-001  9.169606E-001
  1.500000E-001  0.000000E+000  0.000000E+000  0.000000E+000  9.822053E-001 -1.670165E-001 -8.589657E-002  1.878104E-001  8.734582E-001  4.492194E-001  0.000000E+000 -4.573579E-001  8.892827E-001
  2.000000E-001  0.000000E+000  0.000000E+000  0.000000E+000  9.337265E-001 -3.051074E-001 -1.872544E-001  3.579871E-001  7.958022E-001  4.884098E-001  0.000000E+000 -5.230759E-001  8.522861E-001
  2.500000E-001  0.000000E+000  0.000000E+000  0.000000E+000  8.329591E-001 -4.473519E-001 -3.256616E-001  5.533346E-001  6.734186E-001  4.902328E-001  0.000000E+000 -5.885437E-001  8.084654E-001
  3.000000E-001  0.000000E+000  0.000000E+000  0.000000E+000  6.680581E-001 -5.668499E-001 -4.820576E-001  7.441091E-001  5.089156E-001  4.327893E-001  0.000000E+000 -6.478318E-001  7.617834E-001
  3.500000E-001  0.000000E+000  0.000000E+000  0.000000E+000  4.386066E-001 -6.449387E-001 -6.258420E-001  8.986791E-001  3.147669E-001  3.054466E-001  0.000000E+000 -6.964021E-001  7.176518E-001
  4.000000E-001  0.000000E+000  0.000000E+000  0.000000E+000  1.577194E-001 -6.737638E-001 -7.219189E-001  9.874840E-001  1.076125E-001  1.153038E-001  0.000000E+000 -7.310690E-001  6.823036E-001
  4.500000E-001  0.000000E+000  0.000000E+000  0.000000E+000 -1.483420E-001 -6.541870E-001 -7.416428E-001  9.889361E-001 -9.812912E-002 -1.112476E-001  0.000000E+000 -7.499400E-001  6.615058E-001
  5.000000E-001  0.000000E+000  0.000000E+000  0.000000E+000 -4.446479E-001 -5.902442E-001 -6.737210E-001  8.957054E-001 -2.930102E-001 -3.344500E-001  0.000000E+000 -7.521680E-001  6.589714E-001
  5.500000E-001  0.000000E+000  0.000000E+000  0.000000E+000 -6.961206E-001 -4.847204E-001 -5.295869E-001  7.179249E-001 -4.699988E-001 -5.135027E-001  0.000000E+000 -7.376634E-001  6.751686E-001
  6.000000E-001  0.000000E+000  0.000000E+000  0.000000E+000 -8.769001E-001 -3.399142E-001 -3.398596E-001  4.806726E-001 -6.201118E-001 -6.200122E-001  0.000000E+000 -7.070500E-001  7.071636E-001
  6.500000E-001  0.000000E+000  0.000000E+000  0.000000E+000 -9.762353E-001 -1.624441E-001 -1.434450E-001  2.167131E-001 -7.317679E-001 -6.461820E-001  0.000000E+000 -6.619122E-001  7.495814E-001
  7.000000E-001  0.000000E+000  0.000000E+000  0.000000E+000 -9.991334E-001  3.313777E-002  2.518446E-002 -4.162174E-002 -7.954751E-001 -6.045553E-001  0.000000E+000 -6.050796E-001  7.961650E-001
  7.500000E-001  0.000000E+000  0.000000E+000  0.000000E+000 -9.633903E-001  2.255266E-001  1.449719E-001 -2.681027E-001 -8.103988E-001 -5.209364E-001  0.000000E+000 -5.407325E-001  8.411946E-001
  8.000000E-001  0.000000E+000  0.000000E+000  0.000000E+000 -8.955113E-001  3.917677E-001  2.111339E-001 -4.450387E-001 -7.883189E-001 -4.248458E-001  0.000000E+000 -4.744170E-001  8.803003E-001
  8.500000E-001  0.000000E+000  0.000000E+000  0.000000E+000 -8.261208E-001  5.131285E-001  2.328595E-001 -5.634931E-001 -7.522828E-001 -3.413886E-001  0.000000E+000 -4.132430E-001  9.106208E-001
  9.000000E-001  0.000000E+000  0.000000E+000  0.000000E+000 -7.818749E-001  5.801323E-001  2.282941E-001 -6.234353E-001 -7.275668E-001 -2.863126E-001  0.000000E+000 -3.661873E-001  9.305412E-001
  9.500000E-001  0.000000E+000  0.000000E+000  0.000000E+000 -7.699432E-001  5.993720E-001  2.189534E-001 -6.381124E-001 -7.231993E-001 -2.641881E-001  0.000000E+000 -3.431267E-001  9.392891E-001
  1.000000E+000  0.000000E+000  0.000000E+000  0.000000E+000 -7.672908E-001  6.006399E-001  2.247144E-001 -6.412994E-001 -7.186432E-001 -2.688624E-001  0.000000E+000 -3.504049E-001  9.365983E-001
  1.050000E+000  0.000000E+000  0.000000E+000  0.000000E+000 -7.396251E-001  6.208911E-001  2.597095E-001 -6.730191E-001 -6.823381E-001 -2.854119E-001  0.000000E+000 -3.858873E-001  9.225459E-001
  1.100000E+000  0.000000E+000  0.000000E+000  0.000000E+000 -6.652097E-001  6.702015E-001  3.291291E-001 -7.466566E-001 -5.970946E-001 -2.932270E-001  0.000000E+000 -4.408038E-001  8.976035E-001
  1.150000E+000  0.000000E+000  0.000000E+000  0.000000E+000 -5.346875E-001  7.291846E-001  4.270821E-001 -8.450499E-001 -4.613762E-001 -2.702272E-001  0.000000E+000 -5.053928E-001  8.628894E-001
  1.200000E+000  0.000000E+000  0.000000E+000  0.000000E+000 -3.468038E-001  7.696306E-001  5.360931E-001 -9.379377E-001 -2.845720E-001 -1.982212E-001  0.000000E+000 -5.715658E-001  8.205562E-001
  1.250000E+000  0.000000E+000  0.000000E+000  0.000000E+000 -1.088946E-001  7.695561E-001  6.292261E-001 -9.940533E-001 -8.430180E-002 -6.892921E-002  0.000000E+000 -6.329903E-001  7.741598E-001
  1.300000E+000  0.000000E+000  0.000000E+000  0.000000E+000  1.618389E-001  7.191530E-001  6.757419E-001 -9.868172E-001  1.179417E-001  1.108223E-001  0.000000E+000 -6.847691E-001  7.287601E-001
  1.350000E+000  0.000000E+000  0.000000E+000  0.000000E+000  4.385975E-001  6.205171E-001  6.500698E-001 -8.986836E-001  3.028399E-001  3.172630E-001  0.000000E+000 -7.233578E-001  6.904734E-001
  1.400000E+000  0.000000E+000  0.000000E+000  0.000000E+000  6.881172E-001  4.827728E-001  5.416873E-001 -7.255996E-001  4.578342E-001  5.137053E-001  0.000000E+000 -7.465375E-001  6.653433E-001
  1.450000E+000  0.000000E+000  0.000000E+000  0.000000E+000  8.773269E-001  3.156612E-001  3.614631E-001 -4.798933E-001  5.770826E-001  6.608163E-001  0.000000E+000 -7.532156E-001  6.577737E-001
  1.500000E+000  0.000000E+000  0.000000E+000  0.000000E+000  9.820211E-001  1.263178E-001  1.402795E-001 -1.887711E-001  6.571278E-001  7.297592E-001  0.000000E+000 -7.431197E-001  6.691585E-001
  1.550000E+000  0.000000E+000  0.000000E+000  0.000000E+000  9.936505E-001 -7.846635E-002 -8.063290E-002  1.125106E-001  6.929848E-001  7.121190E-001  0.000000E+000 -7.166694E-001  6.974130E-001
  1.600000E+000  0.000000E+000  0.000000E+000  0.000000E+000  9.207873E-001 -2.877388E-001 -2.633573E-001  3.900650E-001  6.792363E-001  6.216811E-001  0.000000E+000 -6.751625E-001  7.376690E-001
  1.650000E+000  0.000000E+000  0.000000E+000  0.000000E+000  7.853640E-001 -4.851665E-001 -3.844696E-001  6.190342E-001  6.155270E-001  4.877736E-001  0.000000E+000 -6.210797E-001  7.837474E-001
  1.700000E+000  0.000000E+000  0.000000E+000  0.000000E+000  6.167711E-001 -6.530748E-001 -4.394163E-001  7.871425E-001  5.117214E-001  3.443077E-001  0.000000E+000 -5.582423E-001  8.296780E-001
  1.750000E+000  0.000000E+000  0.000000E+000  0.000000E+000  4.467381E-001 -7.789784E-001 -4.400201E-001  8.946648E-001  3.889718E-001  2.197178E-001  0.000000E+000 -4.918268E-001  8.706931E-001
  1.800000E+000  0.000000E+000  0.000000E+000  0.000000E+000  3.055862E-001 -8.603234E-001 -4.079960E-001  9.521644E-001  2.761109E-001  1.309416E-001  0.000000E+000 -4.284932E-001  9.035450E-001
  1.850000E+000  0.000000E+000  0.000000E+000  0.000000E+000  2.171941E-001 -9.042135E-001 -3.677292E-001  9.761284E-001  2.011926E-001  8.182182E-002  0.000000E+000 -3.767221E-001  9.263263E-001
  1.900000E+000  0.000000E+000  0.000000E+000  0.000000E+000  1.867328E-001 -9.215793E-001 -3.403270E-001  9.824107E-001  1.751702E-001  6.468801E-002  0.000000E+000 -3.464202E-001  9.380794E-001
  1.950000E+000  0.000000E+000  0.000000E+000  0.000000E+000  1.842175E-001 -9.223672E-001 -3.395624E-001  9.828855E-001  1.728748E-001  6.364254E-002  0.000000E+000 -3.454750E-001  9.384280E-001
  2.000000E+000  0.000000E+000  0.000000E+000  0.000000E+000  1.565487E-001 -9.159278E-001 -3.695521E-001  9.876702E-001  1.451773E-001  5.857514E-002  0.000000E+000 -3.741655E-001  9.273619E-001
  2.050000E+000  0.000000E+000  0.000000E+000  0.000000E+000  6.945020E-002 -9.030456E-001 -4.238930E-001  9.975854E-001  6.286850E-002  2.951071E-002  0.000000E+000 -4.249190E-001  9.052314E-001
  2.100000E+000  0.000000E+000  0.000000E+000  0.000000E+000 -7.957135E-002 -8.701810E-001 -4.862648E-001  9.968292E-001 -6.946172E-002 -3.881582E-002  0.000000E+000 -4.878115E-001  8.729490E-001
  2.150000E+000  0.000000E+000  0.000000E+000  0.000000E+000 -2.749731E-001 -8.002671E-001 -5.328813E-001  9.614519E-001 -2.288746E-001 -1.524028E-001  0.000000E+000 -5.542464E-001  8.323527E-001
  2.200000E+000  0.000000E+000  0.000000E+000  0.000000E+000 -4.927411E-001 -6.844804E-001 -5.373015E-001  8.701760E-001 -3.875901E-001 -3.042494E-001  0.000000E+000 -6.174630E-001  7.865999E-001
  2.250000E+000  0.000000E+000  0.000000E+000  0.000000E+000 -7.036687E-001 -5.260529E-001 -4.776178E-001  7.105282E-001 -5.209743E-001 -4.730068E-001  0.000000E+000 -6.722010E-001  7.403687E-001
  2.300000E+000  0.000000E+000  0.000000E+000  0.000000E+000 -8.759486E-001 -3.374793E-001 -3.447053E-001  4.824044E-001 -6.127940E-001 -6.259149E-001  0.000000E+000 -7.145567E-001  6.995776E-001
  2.350000E+000  0.000000E+000  0.000000E+000  0.000000E+000 -9.797785E-001 -1.341436E-001 -1.484572E-001  2.000851E-001 -6.568758E-001 -7.269664E-001  0.000000E+000 -7.419701E-001  6.704329E-001
  2.400000E+000  0.000000E+000  0.000000E+000  0.000000E+000 -9.940767E-001  7.150432E-002  8.184540E-002 -1.086809E-001 -6.540319E-001 -7.486192E-001  0.000000E+000 -7.530799E-001  6.579291E-001
  2.450000E+000  0.000000E+000  0.000000E+000  0.000000E+000 -9.129125E-001  2.711583E-001  3.050639E-001 -4.081553E-001 -6.064940E-001 -6.823300E-001  0.000000E+000 -7.474210E-001  6.643507E-001
  2.500000E+000  0.000000E+000  0.000000E+000  0.000000E+000 -7.479132E-001  4.570330E-001  4.814007E-001 -6.637965E-001 -5.149485E-001 -5.424041E-001  0.000000E+000 -7.252233E-001  6.885137E-001
  2.550000E+000  0.000000E+000  0.000000E+000  0.000000E+000 -5.247573E-001  6.181489E-001  5.852535E-001 -8.512519E-001 -3.810601E-001 -3.607817E-001  0.000000E+000 -6.875210E-001  7.261645E-001
  2.600000E+000  0.000000E+000  0.000000E+000  0.000000E+000 -2.757551E-001  7.414070E-001  6.117800E-001 -9.612279E-001 -2.126933E-001 -1.755062E-001  0.000000E+000 -6.364568E-001  7.713124E-001
  2.650000E+000  0.000000E+000  0.000000E+000  0.000000E+000 -3.248324E-002  8.173754E-001  5.751889E-001 -9.994723E-001 -2.656502E-002 -1.869387E-002  0.000000E+000 -5.754926E-001  8.178070E-001
  2.700000E+000  0.000000E+000  0.000000E+000  0.000000E+000  1.789427E-001  8.466153E-001  5.012205E-001 -9.838595E-001  1.539810E-001  9.116114E-002  0.000000E+000 -5.094432E-001  8.605043E-001
  2.750000E+000  0.000000E+000  0.000000E+000  0.000000E+000  3.398302E-001  8.424465E-001  4.180901E-001 -9.404868E-001  3.044049E-001  1.510703E-001  0.000000E+000 -4.445465E-001  8.957558E-001
  2.800000E+000  0.000000E+000  0.000000E+000  0.000000E+000  4.397678E-001  8.274596E-001  3.491632E-001 -8.981115E-001  4.051725E-001  1.709707E-001  0.000000E+000 -3.887749E-001  9.213328E-001
  2.850000E+000  0.000000E+000  0.000000E+000  0.000000E+000  4.802263E-001  8.210651E-001  3.086015E-001 -8.771446E-001  4.495234E-001  1.689556E-001  0.000000E+000 -3.518251E-001  9.360658E-001
  2.900000E+000  0.000000E+000  0.000000E+000  0.000000E+000  4.846789E-001  8.217321E-001  2.997377E-001 -8.746921E-001  4.553330E-001  1.660888E-001  0.000000E+000 -3.426779E-001  9.394530E-001
  2.950000E+000  0.000000E+000  0.000000E+000  0.000000E+000  4.990614E-001  8.071174E-001  3.154350E-001 -8.665666E-001  4.648242E-001  1.816611E-001  0.000000E+000 -3.640055E-001  9.313968E-001
  3.000000E+000  0.000000E+000  0.000000E+000  0.000000E+000  5.589758E-001  7.563321E-001  3.398645E-001 -8.291840E-001  5.098643E-001  2.291120E-001  0.000000E+000 -4.098782E-001  9.121402E-001
  3.050000E+000  0.000000E+000  0.000000E+000  0.000000E+000  6.645872E-001  6.593511E-001  3.515395E-001 -7.472107E-001  5.864427E-001  3.126677E-001  0.000000E+000 -4.704690E-001  8.824165E-001
  3.100000E+000  0.000000E+000  0.000000E+000  0.000000E+000  7.919056E-001  5.152475E-001  3.277279E-001 -6.106436E-001  6.681923E-001  4.250099E-001  0.000000E+000 -5.366927E-001  8.437778E-001
  3.150000E+000  0.000000E+000  0.000000E+000  0.000000E+000  9.092953E-001  3.325047E-001  2.502452E-001 -4.161515E-001  7.265262E-001  5.467884E-001  0.000000E+000 -6.013321E-001  7.989992E-001
  3.200000E+000  0.000000E+000  0.000000E+000  0.000000E+000  9.854588E-001  1.278366E-001  1.119320E-001 -1.699146E-001  7.414177E-001  6.491755E-001  0.000000E+000 -6.587546E-001  7.523579E-001
  3.250000E+000  0.000000E+000  0.000000E+000  0.000000E+000  9.938427E-001 -7.861339E-002 -7.808049E-002  1.107999E-001  7.051388E-001  7.003589E-001  0.000000E+000 -7.046979E-001  7.095075E-001
  3.300000E+000  0.000000E+000  0.000000E+000  0.000000E+000  9.172767E-001 -2.694994E-001 -2.932125E-001  3.982505E-001  6.207287E-001  6.753461E-001  0.000000E+000 -7.362512E-001  6.767083E-001
  3.350000E+000  0.000000E+000  0.000000E+000  0.000000E+000  7.528534E-001 -4.340325E-001 -4.948004E-001  6.581882E-001  4.964581E-001  5.659661E-001  0.000000E+000 -7.517613E-001  6.594353E-001
  3.400000E+000  0.000000E+000  0.000000E+000  0.000000E+000  5.145230E-001 -5.666274E-001 -6.435833E-001  8.574766E-001  3.400009E-001  3.861778E-001  0.000000E+000 -7.505549E-001  6.608081E-001
  3.450000E+000  0.000000E+000  0.000000E+000  0.000000E+000  2.305992E-001 -6.622304E-001 -7.129340E-001  9.730488E-001  1.569395E-001  1.689556E-001  0.000000E+000 -7.326806E-001  6.805727E-001
  3.500000E+000  0.000000E+000  0.000000E+000  0.000000E+000 -6.382539E-002 -7.137296E-001 -6.975072E-001  9.979611E-001 -4.564714E-002 -4.460963E-002  0.000000E+000 -6.989323E-001  7.151878E-001
  3.550000E+000  0.000000E+000  0.000000E+000  0.000000E+000 -3.360328E-001 -7.148324E-001 -6.132672E-001  9.418503E-001 -2.550375E-001 -2.188011E-001  0.000000E+000 -6.511302E-001  7.589660E-001
  3.600000E+000  0.000000E+000  0.000000E+000  0.000000E+000 -5.623682E-001 -6.661900E-001 -4.898295E-001  8.268869E-001 -4.530777E-001 -3.331345E-001  0.000000E+000 -5.923778E-001  8.056603E-001
  3.650000E+000  0.000000E+000  0.000000E+000  0.000000E+000 -7.309739E-001 -5.798971E-001 -3.597172E-001  6.824054E-001 -6.211699E-001 -3.853192E-001  0.000000E+000 -5.271312E-001  8.497839E-001
  3.700000E+000  0.000000E+000  0.000000E+000  0.000000E+000 -8.414172E-001 -4.794739E-001 -2.492426E-001  5.403861E-001 -7.465729E-001 -3.880873E-001  0.000000E+000 -4.612305E-001  8.872803E-001
  3.750000E+000  0.000000E+000  0.000000E+000  0.000000E+000 -9.022799E-001 -3.947500E-001 -1.733881E-001  4.311508E-001 -8.261031E-001 -3.628535E-001  0.000000E+000 -4.021518E-001  9.155730E-001
  3.800000E+000  0.000000E+000  0.000000E+000  0.000000E+000 -9.271020E-001 -3.497914E-001 -1.346397E-001  3.748091E-001 -8.652199E-001 -3.330356E-001  0.000000E+000 -3.592222E-001  9.332521E-001
  3.850000E+000  0.000000E+000  0.000000E+000  0.000000E+000 -9.313639E-001 -3.421246E-001 -1.245472E-001  3.640896E-001 -8.751761E-001 -3.185994E-001  0.000000E+000 -3.420784E-001  9.396714E-001
  3.900000E+000  0.000000E+000  0.000000E+000  0.000000E+000 -9.342868E-001 -3.332206E-001 -1.267764E-001  3.565224E-001 -8.732231E-001 -3.322247E-001  0.000000E+000 -3.555917E-001  9.346414E-001
  3.950000E+000  0.000000E+000  0.000000E+000  0.000000E+000 -9.521962E-001 -2.805315E-001 -1.209318E-001  3.054872E-001 -8.744099E-001 -3.769415E-001  0.000000E+000 -3.958654E-001  9.183086E-001
  4.000000E+000  0.000000E+000  0.000000E+000  0.000000E+000 -9.814669E-001 -1.707916E-001 -8.690713E-002  1.916315E-001 -8.747327E-001 -4.451068E-001  0.000000E+000 -4.535118E-001  8.912503E-001
  4.050000E+000  0.000000E+000  0.000000E+000  0.000000E+000 -9.998258E-001 -1.595558E-002 -9.688366E-003  1.866668E-002 -8.546137E-001 -5.189287E-001  0.000000E+000 -5.190191E-001  8.547626E-001
  4.100000E+000  0.000000E+000  0.000000E+000  0.000000E+000 -9.802065E-001  1.606115E-001  1.157550E-001 -1.979780E-001 -7.952018E-001 -5.731133E-001  0.000000E+000 -5.846863E-001  8.112595E-001
  4.150000E+000  0.000000E+000  0.000000E+000  0.000000E+000 -9.002745E-001  3.328520E-001  2.805626E-001 -4.353226E-001 -6.883588E-001 -5.802210E-001  0.000000E+000 -6.444934E-001  7.646099E-001
  4.200000E+000  0.000000E+000  0.000000E+000  0.000000E+000 -7.474131E-001  4.784375E-001  4.609460E-001 -6.643596E-001 -5.382483E-001 -5.185702E-001  0.000000E+000 -6.938201E-001  7.201484E-001
  4.250000E+000  0.000000E+000  0.000000E+000  0.000000E+000 -5.221858E-001  5.834127E-001  6.220543E-001 -8.528318E-001 -3.572215E-001 -3.808816E-001  0.000000E+000 -7.293987E-001  6.840889E-001
  4.300000E+000  0.000000E+000  0.000000E+000  0.000000E+000 -2.402769E-001  6.428705E-001  7.273132E-001 -9.707044E-001 -1.591287E-001 -1.800307E-001  0.000000E+000 -7.492634E-001  6.622722E-001
  4.350000E+000  0.000000E+000  0.000000E+000  0.000000E+000  6.911041E-002  6.570031E-001  7.507135E-001 -9.976090E-001  4.551458E-002  5.200646E-002  0.000000E+000 -7.525127E-001  6.585777E-001
  4.400000E+000  0.000000E+000  0.000000E+000  0.000000E+000  3.697456E-001  6.259459E-001  6.866440E-001 -9.291330E-001  2.490932E-001  2.732478E-001  0.000000E+000 -7.390158E-001  6.736881E-001
  4.450000E+000  0.000000E+000  0.000000E+000  0.000000E+000  6.279531E-001  5.485569E-001  5.520509E-001 -7.782512E-001  4.426180E-001  4.454372E-001  0.000000E+000 -7.093480E-001  7.048584E-001
  4.500000E+000  0.000000E+000  0.000000E+000  0.000000E+000  8.209521E-001  4.264321E-001  3.797279E-001 -5.709971E-001  6.131036E-001  5.459546E-001  0.000000E+000 -6.650261E-001  7.468201E-001
  4.550000E+000  0.000000E+000  0.000000E+000  0.000000E+000  9.407190E-001  2.690854E-001  2.064966E-001 -3.391870E-001  7.462955E-001  5.727087E-001  0.000000E+000 -6.087989E-001  7.933246E-001
  4.600000E+000  0.000000E+000  0.000000E+000  0.000000E+000  9.934893E-001  9.553684E-002  6.206267E-002 -1.139257E-001  8.331293E-001  5.412177E-001  0.000000E+000 -5.447645E-001  8.385891E-001
  4.650000E+000  0.000000E+000  0.000000E+000  0.000000E+000  9.969294E-001 -6.876433E-002 -3.746018E-002  7.830580E-002  8.754547E-001  4.769143E-001  0.000000E+000 -4.783833E-001  8.781512E-001
  4.700000E+000  0.000000E+000  0.000000E+000  0.000000E+000  9.760429E-001 -1.977921E-001 -9.065592E-002  2.175780E-001  8.872842E-001  4.066774E-001  0.000000E+000 -4.166594E-001  9.090627E-001
  4.750000E+000  0.000000E+000  0.000000E+000  0.000000E+000  9.559965E-001 -2.727373E-001 -1.080978E-001  2.933782E-001  8.887365E-001  3.522452E-001  0.000000E+000 -3.684587E-001  9.296441E-001
  4.800000E+000  0.000000E+000  0.000000E+000  0.000000E+000  9.494779E-001 -2.947161E-001 -1.078618E-001  3.138339E-001  8.916385E-001  3.263266E-001  0.000000E+000 -3.436905E-001  9.390830E-001
  4.850000E+000  0.000000E+000  0.000000E+000  0.000000E+000  9.483988E-001 -2.971320E-001 -1.106897E-001  3.170798E-001  8.887339E-001  3.310776E-001  0.000000E+000 -3.490911E-001  9.370888E-001
  4.900000E+000  0.000000E+000  0.000000E+000  0.000000E+000  9.354200E-001 -3.265700E-001 -1.354305E-001  3.535383E-001  8.640650E-001  3.583328E-001  0.000000E+000 -3.830715E-001  9.237187E-001
  4.950000E+000  0.000000E+000  0.000000E+000  0.000000E+000  8.950723E-001 -4.010679E-001 -1.949104E-001  4.459210E-001  8.050413E-001  3.912327E-001  0.000000E+000 -4.370962E-001  8.994148E-001
  5.000000E+000  0.000000E+000  0.000000E+000  0.000000E+000  8.123635E-001 -5.045693E-001 -2.923616E-001  5.831514E-001  7.028942E-001  4.072766E-001  0.000000E+000 -5.013477E-001  8.652459E-001
  5.050000E+000  0.000000E+000  0.000000E+000  0.000000E+000  6.747921E-001 -6.075945E-001 -4.189088E-001  7.380079E-001  5.555496E-001  3.830262E-001  0.000000E+000 -5.676210E-001  8.232900E-001
  5.100000E+000  0.000000E+000  0.000000E+000  0.000000E+000  4.772296E-001 -6.828202E-001 -5.531803E-001  8.787786E-001  3.708124E-001  3.004102E-001  0.000000E+000 -6.294877E-001  7.770105E-001
  5.150000E+000  0.000000E+000  0.000000E+000  0.000000E+000  2.252985E-001 -7.125780E-001 -6.644344E-001  9.742898E-001  1.647793E-001  1.536464E-001  0.000000E+000 -6.819680E-001  7.313820E-001
  5.200000E+000  0.000000E+000  0.000000E+000  0.000000E+000 -6.316953E-002 -6.910991E-001 -7.199942E-001  9.980028E-001 -4.374377E-002 -4.557271E-002  0.000000E+000 -7.214350E-001  6.924821E-001
  5.250000E+000  0.000000E+000  0.000000E+000  0.000000E+000 -3.592295E-001 -6.219190E-001 -6.958239E-001  9.332492E-001 -2.393912E-001 -2.678390E-001  0.000000E+000 -7.455928E-001  6.664018E-001
  5.300000E+000  0.000000E+000  0.000000E+000  0.000000E+000 -6.277219E-001 -5.119703E-001 -5.863886E-001  7.784377E-001 -4.128461E-001 -4.728561E-001  0.000000E+000 -7.532891E-001  6.576896E-001
  5.350000E+000  0.000000E+000  0.000000E+000  0.000000E+000 -8.357519E-001 -3.667748E-001 -4.086503E-001  5.491073E-001 -5.582382E-001 -6.219737E-001  0.000000E+000 -7.442085E-001  6.679473E-001
  5.400000E+000  0.000000E+000  0.000000E+000  0.000000E+000 -9.616190E-001 -1.907804E-001 -1.972101E-001  2.743883E-001 -6.686072E-001 -6.911407E-001  0.000000E+000 -7.187262E-001  6.952933E-001
  5.450000E+000  0.000000E+000  0.000000E+000  0.000000E+000 -9.999386E-001  8.141731E-003  7.511281E-003 -1.107732E-002 -7.349456E-001 -6.780356E-001  0.000000E+000 -6.780772E-001  7.349907E-001
  5.500000E+000  0.000000E+000  0.000000E+000  0.000000E+000 -9.612316E-001  2.153254E-001  1.722461E-001 -2.757422E-001 -7.506200E-001 -6.004464E-001  0.000000E+000 -6.246636E-001  7.808940E-001
  5.550000E+000  0.000000E+000  0.000000E+000  0.000000E+000 -8.678423E-001  4.108789E-001  2.793355E-001 -4.968398E-001 -7.176922E-001 -4.879222E-001  0.000000E+000 -5.622245E-001  8.269846E-001
  5.600000E+000  0.000000E+000  0.000000E+000  0.000000E+000 -7.491363E-001  5.752463E-001  3.284608E-001 -6.624159E-001 -6.505549E-001 -3.714614E-001  0.000000E+000 -4.958529E-001  8.684066E-001
  5.650000E+000  0.000000E+000  0.000000E+000  0.000000E+000 -6.371870E-001  6.950419E-001  3.330308E-001 -7.707092E-001 -5.746287E-001 -2.753346E-001  0.000000E+000 -4.321095E-001  9.018211E-001
  5.700000E+000  0.000000E+000  0.000000E+000  0.000000E+000 -5.607639E-001  7.660844E-001  3.140997E-001 -8.279758E-001 -5.188466E-001 -2.127306E-001  0.000000E+000 -3.793585E-001  9.252498E-001
  5.750000E+000  0.000000E+000  0.000000E+000  0.000000E+000 -5.320850E-001  7.939325E-001  2.942053E-001 -8.466910E-001 -4.989300E-001 -1.848871E-001  0.000000E+000 -3.474766E-001  9.376887E-001
  5.800000E+000  0.000000E+000  0.000000E+000  0.000000E+000 -5.297317E-001  7.962017E-001  2.923134E-001 -8.481653E-001 -4.972772E-001 -1.825678E-001  0.000000E+000 -3.446420E-001  9.387342E-001
  5.850000E+000  0.000000E+000  0.000000E+000  0.000000E+000 -5.082041E-001  7.995347E-001  3.201139E-001 -8.612367E-001 -4.717946E-001 -1.888949E-001  0.000000E+000 -3.716909E-001  9.283565E-001
  5.900000E+000  0.000000E+000  0.000000E+000  0.000000E+000 -4.343673E-001  8.168593E-001  3.795603E-001 -9.007358E-001 -3.939190E-001 -1.830377E-001  0.000000E+000 -4.213891E-001  9.068799E-001
  5.950000E+000  0.000000E+000  0.000000E+000  0.000000E+000 -2.989782E-001  8.351432E-001  4.616793E-001 -9.542599E-001 -2.616579E-001 -1.446483E-001  0.000000E+000 -4.838087E-001  8.751738E-001
  6.000000E+000  0.000000E+000  0.000000E+000  0.000000E+000 -1.071661E-001  8.301991E-001  5.470693E-001 -9.942411E-001 -8.948457E-002 -5.896689E-002  0.000000E+000 -5.502381E-001  8.350078E-001
  6.050000E+000  0.000000E+000  0.000000E+000  0.000000E+000  1.269514E-001  7.830628E-001  6.088481E-001 -9.919089E-001  1.002218E-001  7.792459E-002  0.000000E+000 -6.138145E-001  7.894503E-001
  6.100000E+000  0.000000E+000  0.000000E+000  0.000000E+000  3.811875E-001  6.869836E-001  6.186677E-001 -9.244978E-001  2.832560E-001  2.550881E-001  0.000000E+000 -6.691933E-001  7.430884E-001
  6.150000E+000  0.000000E+000  0.000000E+000  0.000000E+000  6.263064E-001  5.470958E-001  5.553615E-001 -7.795770E-001  4.395328E-001  4.461734E-001  0.000000E+000 -7.123883E-001  7.017855E-001
  6.200000E+000  0.000000E+000  0.000000E+000  0.000000E+000  8.293968E-001  3.752908E-001  4.138329E-001 -5.586599E-001  5.571637E-001  6.143840E-001  0.000000E+000 -7.407600E-001  6.717697E-001
  6.250000E+000  0.000000E+000  0.000000E+000  0.000000E+000  9.602955E-001  1.836154E-001  2.100427E-001 -2.789849E-001  6.320237E-001  7.229892E-001  0.000000E+000 -7.528820E-001  6.581555E-001
  6.300000E+000  0.000000E+000  0.000000E+000  0.000000E+000  9.995814E-001 -1.919469E-002 -2.164872E-002  2.893274E-002  6.631468E-001  7.479299E-001  0.000000E+000 -7.482432E-001  6.634246E-001
  6.350000E+000  0.000000E+000  0.000000E+000  0.000000E+000  9.444235E-001 -2.257084E-001 -2.389979E-001  3.287314E-001  6.484454E-001  6.866253E-001  0.000000E+000 -7.270311E-001  6.866045E-001
  6.400000E+000  0.000000E+000  0.000000E+000  0.000000E+000  8.089585E-001 -4.253777E-001 -4.057586E-001  5.878658E-001  5.853596E-001  5.583618E-001  0.000000E+000 -6.902231E-001  7.235966E-001
  6.450000E+000  0.000000E+000  0.000000E+000  0.000000E+000  6.193840E-001 -6.033164E-001 -5.023671E-001  7.850882E-001  4.759778E-001  3.963353E-001  0.000000E+000 -6.398862E-001  7.684696E-001
  6.500000E+000  0.000000E+000  0.000000E+000  0.000000E+000  4.070901E-001 -7.444506E-001 -5.292172E-001  9.133880E-001  3.317960E-001  2.358681E-001  0.000000E+000 -5.794002E-001  8.150432E-001
  6.550000E+000  0.000000E+000  0.000000E+000  0.000000E+000  2.030604E-001 -8.402139E-001 -5.027992E-001  9.791662E-001  1.742443E-001  1.042710E-001  0.000000E+000 -5.134973E-001  8.580912E-001
  6.600000E+000  0.000000E+000  0.000000E+000  0.000000E+000  3.451231E-002 -8.933395E-001 -4.480552E-001  9.994043E-001  3.084959E-002  1.547264E-002  0.000000E+000 -4.483223E-001  8.938720E-001
  6.650000E+000  0.000000E+000  0.000000E+000  0.000000E+000 -7.784619E-002 -9.172872E-001 -3.905434E-001  9.969654E-001 -7.162467E-002 -3.049485E-002  0.000000E+000 -3.917321E-001  9.200793E-001
  6.700000E+000  0.000000E+000  0.000000E+000  0.000000E+000 -1.267163E-001 -9.279501E-001 -3.505018E-001  9.919390E-001 -1.185420E-001 -4.477523E-002  0.000000E+000 -3.533502E-001  9.354911E-001
  6.750000E+000  0.000000E+000  0.000000E+000  0.000000E+000 -1.328916E-001 -9.312409E-001 -3.393084E-001  9.911306E-001 -1.248616E-001 -4.549476E-002  0.000000E+000 -3.423448E-001  9.395744E-001
  6.800000E+000  0.000000E+000  0.000000E+000  0.000000E+000 -1.470404E-001 -9.220782E-001 -3.579817E-001  9.891305E-001 -1.370726E-001 -5.321619E-002  0.000000E+000 -3.619155E-001  9.322109E-001
  6.850000E+000  0.000000E+000  0.000000E+000  0.000000E+000 -2.127130E-001 -8.927123E-001 -3.972631E-001  9.771147E-001 -1.943390E-001 -8.648217E-002  0.000000E+000 -4.065675E-001  9.136208E-001
  6.900000E+000  0.000000E+000  0.000000E+000  0.000000E+000 -3.377262E-001 -8.325301E-001 -4.391293E-001  9.412444E-001 -2.987187E-001 -1.575632E-001  0.000000E+000 -4.665413E-001  8.844994E-001
  6.950000E+000  0.000000E+000  0.000000E+000  0.000000E+000 -5.043444E-001 -7.308149E-001 -4.599417E-001  8.635026E-001 -4.268457E-001 -2.686373E-001  0.000000E+000 -5.326465E-001  8.463378E-001
  7.000000E+000  0.000000E+000  0.000000E+000  0.000000E+000 -6.846514E-001 -5.844275E-001 -4.355421E-001  7.288707E-001 -5.489714E-001 -4.091186E-001  0.000000E+000 -5.975575E-001  8.018261E-001
  7.050000E+000  0.000000E+000  0.000000E+000  0.000000E+000 -8.473366E-001 -4.010261E-001 -3.481361E-001  5.310562E-001 -6.398646E-001 -5.554750E-001  0.000000E+000 -6.555542E-001  7.551482E-001
  7.100000E+000  0.000000E+000  0.000000E+000  0.000000E+000 -9.612476E-001 -1.962582E-001 -1.936125E-001  2.756866E-001 -6.843013E-001 -6.750767E-001  0.000000E+000 -7.022922E-001  7.118888E-001
  7.150000E+000  0.000000E+000  0.000000E+000  0.000000E+000 -9.998300E-001  1.250627E-002  1.354750E-002 -1.843751E-002 -6.781908E-001 -7.346545E-001  0.000000E+000 -7.347794E-001  6.783061E-001
  7.200000E+000  0.000000E+000  0.000000E+000  0.000000E+000 -9.470695E-001  2.118691E-001  2.411865E-001 -3.210287E-001 -6.250367E-001 -7.115263E-001  0.000000E+000 -7.512926E-001  6.599693E-001
  7.250000E+000  0.000000E+000  0.000000E+000  0.000000E+000 -8.028300E-001  3.936042E-001  4.478166E-001 -5.962080E-001 -5.300118E-001 -6.030121E-001  0.000000E+000 -7.511080E-001  6.601793E-001
  7.300000E+000  0.000000E+000  0.000000E+000  0.000000E+000 -5.841314E-001  5.510332E-001  5.959470E-001 -8.116591E-001 -3.965653E-001 -4.288887E-001  0.000000E+000 -7.342332E-001  6.788974E-001
  7.350000E+000  0.000000E+000  0.000000E+000  0.000000E+000 -3.206124E-001  6.751317E-001  6.643831E-001 -9.472105E-001 -2.285190E-001 -2.248808E-001  0.000000E+000 -7.014102E-001  7.127579E-001
  7.400000E+000  0.000000E+000  0.000000E+000  0.000000E+000 -4.626612E-002  7.553495E-001  6.536869E-001 -9.989291E-001 -3.498455E-002 -3.027598E-002  0.000000E+000 -6.543877E-001  7.561592E-001
  7.450000E+000  0.000000E+000  0.000000E+000  0.000000E+000  2.084032E-001  7.852171E-001  5.830970E-001 -9.780430E-001  1.673155E-001  1.242474E-001  0.000000E+000 -5.961875E-001  8.028452E-001
  7.500000E+000  0.000000E+000  0.000000E+000  0.000000E+000  4.210975E-001  7.684749E-001  4.817917E-001 -9.070154E-001  3.567777E-001  2.236801E-001  0.000000E+000 -5.311836E-001  8.472567E-001
  7.550000E+000  0.000000E+000  0.000000E+000  0.000000E+000  5.791883E-001  7.216451E-001  3.791693E-001 -8.151938E-001  5.127227E-001  2.693965E-001  0.000000E+000 -4.651278E-001  8.852436E-001
  7.600000E+000  0.000000E+000  0.000000E+000  0.000000E+000  6.791153E-001  6.710121E-001  2.975656E-001 -7.340317E-001  6.208104E-001  2.753033E-001  0.000000E+000 -4.053853E-001  9.141459E-001
  7.650000E+000  0.000000E+000  0.000000E+000  0.000000E+000  7.256272E-001  6.416385E-001  2.485261E-001 -6.880880E-001  6.766436E-001  2.620846E-001  0.000000E+000 -3.611836E-001  9.324947E-001
  7.700000E+000  0.000000E+000  0.000000E+000  0.000000E+000  7.348680E-001  6.372516E-001  2.321195E-001 -6.782102E-001  6.904877E-001  2.515108E-001  0.000000E+000 -3.422531E-001  9.396078E-001
  7.750000E+000  0.000000E+000  0.000000E+000  0.000000E+000  7.393899E-001  6.296984E-001  2.382908E-001 -6.732775E-001  6.915316E-001  2.616897E-001  0.000000E+000 -3.539265E-001  9.352732E-001
  7.800000E+000  0.000000E+000  0.000000E+000  0.000000E+000  7.723934E-001  5.840894E-001  2.494956E-001 -6.351444E-001  7.103058E-001  3.034093E-001  0.000000E+000 -3.928171E-001  9.196166E-001
  7.850000E+000  0.000000E+000  0.000000E+000  0.000000E+000  8.395343E-001  4.852721E-001  2.443218E-001 -5.433067E-001  7.498575E-001  3.775335E-001  0.000000E+000 -4.496940E-001  8.931827E-001
  7.900000E+000  0.000000E+000  0.000000E+000  0.000000E+000  9.197764E-001  3.364070E-001  2.020933E-001 -3.924428E-001  7.884441E-001  4.736502E-001  0.000000E+000 -5.149624E-001  8.572128E-001
  7.950000E+000  0.000000E+000  0.000000E+000  0.000000E+000  9.824450E-001  1.518613E-001  1.083508E-001 -1.865522E-001  7.997510E-001  5.706108E-001  0.000000E+000 -5.808068E-001  8.140414E-001
  8.000000E+000  0.000000E+000  0.000000E+000  0.000000E+000  9.980981E-001 -4.730991E-002 -3.952226E-002  6.164606E-002  7.659845E-001  6.398964E-001  0.000000E+000 -6.411158E-001  7.674442E-001
  8.050000E+000  0.000000E+000  0.000000E+000  0.000000E+000  9.438854E-001 -2.386804E-001 -2.282803E-001  3.302730E-001  6.821235E-001  6.524012E-001  0.000000E+000 -6.911868E-001  7.226762E-001
  8.100000E+000  0.000000E+000  0.000000E+000  0.000000E+000  8.077933E-001 -4.043308E-001 -4.289366E-001  5.894659E-001  5.540876E-001  5.878069E-001  0.000000E+000 -7.276699E-001  6.859275E-001
  8.150000E+000  0.000000E+000  0.000000E+000  0.000000E+000  5.925133E-001 -5.341725E-001 -6.029823E-001  8.055606E-001  3.928995E-001  4.435111E-001  0.000000E+000 -7.485250E-001  6.631065E-001
  8.200000E+000  0.000000E+000  0.000000E+000  0.000000E+000  3.168995E-001 -6.243277E-001 -7.139955E-001  9.484591E-001  2.086006E-001  2.385605E-001  0.000000E+000 -7.527953E-001  6.582547E-001
  8.250000E+000  0.000000E+000  0.000000E+000  0.000000E+000  1.254406E-002 -6.722149E-001 -7.402498E-001  9.999213E-001  8.432965E-003  9.286466E-003  0.000000E+000 -7.403080E-001  6.722678E-001
  8.300000E+000  0.000000E+000  0.000000E+000  0.000000E+000 -2.844245E-001 -6.735753E-001 -6.822016E-001  9.586984E-001 -1.998348E-001 -2.023940E-001  0.000000E+000 -7.115914E-001  7.025935E-001
  8.350000E+000  0.000000E+000  0.000000E+000  0.000000E+000 -5.427599E-001 -6.249400E-001 -5.611254E-001  8.398879E-001 -4.038543E-001 -3.626155E-001  0.000000E+000 -6.680956E-001  7.440755E-001
  8.400000E+000  0.000000E+000  0.000000E+000  0.000000E+000 -7.426025E-001 -5.294096E-001 -4.102038E-001  6.697325E-001 -5.870117E-001 -4.548358E-001  0.000000E+000 -6.124890E-001  7.904791E-001
  8.450000E+000  0.000000E+000  0.000000E+000  0.000000E+000 -8.776233E-001 -4.007191E-001 -2.630618E-001  4.793509E-001 -7.336597E-001 -4.816286E-001  0.000000E+000 -5.487874E-001  8.359620E-001
  8.500000E+000  0.000000E+000  0.000000E+000  0.000000E+000 -9.539561E-001 -2.627439E-001 -1.446840E-001  2.999464E-001 -8.356366E-001 -4.601562E-001  0.000000E+000 -4.823662E-001  8.759697E-001
  8.550000E+000  0.000000E+000  0.000000E+000  0.000000E+000 -9.871987E-001 -1.447365E-001 -6.700801E-002  1.594953E-001 -8.958493E-001 -4.147472E-001  0.000000E+000 -4.201253E-001  9.074661E-001
  8.600000E+000  0.000000E+000  0.000000E+000  0.000000E+000 -9.969724E-001 -7.221232E-002 -2.883325E-002  7.775587E-002 -9.258940E-001 -3.696950E-001  0.000000E+000 -3.708177E-001  9.287057E-001
  8.650000E+000  0.000000E+000  0.000000E+000  0.000000E+000 -9.985606E-001 -5.035419E-002 -1.847016E-002  5.363480E-002 -9.374831E-001 -3.438732E-001  0.000000E+000 -3.443689E-001  9.388344E-001
  8.700000E+000  0.000000E+000  0.000000E+000  0.000000E+000 -9.987124E-001 -4.756128E-002 -1.764823E-002  5.073002E-002 -9.363299E-001 -3.474373E-001  0.000000E+000 -3.478853E-001  9.375371E-001
  8.750000E+000  0.000000E+000  0.000000E+000  0.000000E+000 -9.998823E-001 -1.418823E-002 -5.834681E-003  1.534110E-002 -9.247420E-001 -3.802853E-001  0.000000E+000 -3.803300E-001  9.248508E-001
  8.800000E+000  0.000000E+000  0.000000E+000  0.000000E+000 -9.966720E-001  7.346130E-002  3.533111E-002 -8.151595E-002 -8.981901E-001 -4.319833E-001  0.000000E+000 -4.334258E-001  9.011893E-001
  8.850000E+000  0.000000E+000  0.000000E+000  0.000000E+000 -9.716414E-001  2.051456E-001  1.175934E-001 -2.364591E-001 -8.429701E-001 -4.832065E-001  0.000000E+000 -4.973095E-001  8.675732E-001
  8.900000E+000  0.000000E+000  0.000000E+000  0.000000E+000 -9.031599E-001  3.546084E-001  2.419814E-001 -4.293042E-001 -7.460167E-001 -5.090746E-001  0.000000E+000 -5.636594E-001  8.260073E-001
  8.950000E+000  0.000000E+000  0.000000E+000  0.000000E+000 -7.744142E-001  4.934030E-001  3.960253E-001 -6.326789E-001 -6.039372E-001 -4.847446E-001  0.000000E+000 -6.259500E-001  7.798632E-001
  9.000000E+000  0.000000E+000  0.000000E+000  0.000000E+000 -5.785733E-001  5.986962E-001  5.539096E-001 -8.156304E-001 -4.246894E-001 -3.929197E-001  0.000000E+000 -6.791184E-001  7.340288E-001
  9.050000E+000  0.000000E+000  0.000000E+000  0.000000E+000 -3.217371E-001  6.576095E-001  6.812011E-001 -9.468291E-001 -2.234589E-001 -2.314754E-001  0.000000E+000 -7.194553E-001  6.945388E-001
  9.100000E+000  0.000000E+000  0.000000E+000  0.000000E+000 -2.397876E-002  6.673336E-001  7.443728E-001 -9.997125E-001 -1.600643E-002 -1.785427E-002  0.000000E+000 -7.445869E-001  6.675255E-001
  9.150000E+000  0.000000E+000  0.000000E+000  0.000000E+000  2.830587E-001  6.307794E-001  7.224923E-001 -9.591026E-001  1.861611E-001  2.132282E-001  0.000000E+000 -7.533004E-001  6.576767E-001
  9.200000E+000  0.000000E+000  0.000000E+000  0.000000E+000  5.630627E-001  5.510532E-001  6.158740E-001 -8.264142E-001  3.754503E-001  4.196149E-001  0.000000E+000 -7.452365E-001  6.668002E-001
  9.250000E+000  0.000000E+000  0.000000E+000  0.000000E+000  7.846222E-001  4.297783E-001  4.468318E-001 -6.199742E-001  5.439155E-001  5.654980E-001  0.000000E+000 -7.207265E-001  6.932196E-001
  9.300000E+000  0.000000E+000  0.000000E+000  0.000000E+000  9.291742E-001  2.707021E-001  2.517057E-001 -3.696422E-001  6.804670E-001  6.327158E-001  0.000000E+000 -6.809442E-001  7.323353E-001
  9.350000E+000  0.000000E+000  0.000000E+000  0.000000E+000  9.940772E-001  8.455436E-002  6.827176E-002 -1.086760E-001  7.734326E-001  6.244930E-001  0.000000E+000 -6.282138E-001  7.780408E-001
  9.400000E+000  0.000000E+000  0.000000E+000  0.000000E+000  9.910874E-001 -1.098042E-001 -7.542426E-002  1.332133E-001  8.169271E-001  5.611456E-001  0.000000E+000 -5.661918E-001  8.242735E-001
  9.450000E+000  0.000000E+000  0.000000E+000  0.000000E+000  9.426813E-001 -2.890095E-001 -1.668099E-001  3.336945E-001  8.164468E-001  4.712352E-001  0.000000E+000 -4.998881E-001  8.660900E-001
  9.500000E+000  0.000000E+000  0.000000E+000  0.000000E+000  8.778517E-001 -4.310680E-001 -2.087025E-001  4.789325E-001  7.901192E-001  3.825379E-001  0.000000E+000 -4.357659E-001  9.000600E-001
  9.550000E+000  0.000000E+000  0.000000E+000  0.000000E+000  8.259665E-001 -5.209512E-001 -2.153816E-001  5.637192E-001  7.633023E-001  3.155791E-001  0.000000E+000 -3.820725E-001  9.241324E-001
  9.600000E+000  0.000000E+000  0.000000E+000  0.000000E+000  8.042506E-001 -5.570019E-001 -2.071951E-001  5.942903E-001  7.537884E-001  2.803963E-001  0.000000E+000 -3.486429E-001  9.372556E-001
  9.650000E+000  0.000000E+000  0.000000E+000  0.000000E+000  8.023383E-001 -5.604593E-001 -2.052768E-001  5.968695E-001  7.533941E-001  2.759421E-001  0.000000E+000 -3.439224E-001  9.389981E-001
  9.700000E+000  0.000000E+000  0.000000E+000  0.000000E+000  7.887501E-001 -5.712598E-001 -2.270144E-001  6.147140E-001  7.329933E-001  2.912860E-001  0.000000E+000 -3.693008E-001  9.293099E-001
  9.750000E+000  0.000000E+000  0.000000E+000  0.000000E+000  7.372105E-001 -6.138335E-001 -2.823635E-001  6.756632E-001  6.697486E-001  3.080845E-001  0.000000E+000 -4.179057E-001  9.084904E-001
  9.800000E+000  0.000000E+000  0.000000E+000  0.000000E+000  6.339984E-001 -6.784979E-001 -3.710614E-001  7.733343E-001  5.562492E-001  3.042052E-001  0.000000E+000 -4.798201E-001  8.773669E-001
  9.850000E+000  0.000000E+000  0.000000E+000  0.000000E+000  4.734166E-001 -7.378279E-001 -4.811306E-001  8.808386E-001  3.965539E-001  2.585891E-001  0.000000E+000 -5.462188E-001  8.376426E-001
  9.900000E+000  0.000000E+000  0.000000E+000  0.000000E+000  2.576029E-001 -7.655579E-001 -5.895437E-001  9.662509E-001  2.040980E-001  1.571726E-001  0.000000E+000 -6.101353E-001  7.922973E-001
  9.950000E+000  0.000000E+000  0.000000E+000  0.000000E+000 -1.693713E-003 -7.458256E-001 -6.661391E-001  9.999986E-001 -1.263217E-003 -1.128250E-003  0.000000E+000 -6.661400E-001  7.458267E-001
