% FILE: gyro.1
%
%       t         P_No_Ao[1]     P_No_Ao[2]     P_No_Ao[3]      N_A[1,1]       N_A[1,2]       N_A[1,3]       N_A[2,1]       N_A[2,2]       N_A[2,3]       N_A[3,1]       N_A[3,2]       N_A[3,3]
%   (second)        (meter)        (meter)        (meter)       (NoUnits)      (NoUnits)      (NoUnits)      (NoUnits)      (NoUnits)      (NoUnits)      (NoUnits)      (NoUnits)      (NoUnits)

  0.000000E+000  0.000000E+000  0.000000E+000  0.000000E+000  1.000000E+000  0.000000E+000  0.000000E+000  0.000000E+000  1.000000E+000  0.000000E+000  0.000000E+000  0.000000E+000  1.000000E+000
  5.000000E-002  0.000000E+000  0.000000E+000  0.000000E+000  9.999527E-001 -9.728646E-003  0.000000E+000  9.728646E-003  9.999527E-001  0.000000E+000  0.000000E+000  0.000000E+000  1.000000E+000
  1.000000E-001  0.000000E+000  0.000000E+000  0.000000E+000  9.977202E-001 -6.748654E-002  0.000000E+000  6.748654E-002  9.977202E-001  0.000000E+000  0.000000E+000  0.000000E+000  1.000000E+000
  1.500000E-001  0.000000E+000  0.000000E+000  0.000000E+000  9.822053E-001 -1.878104E-001  0.000000E+000  1.878104E-001  9.822053E-001  0.000000E+000  0.000000E+000  0.000000E+000  1.000000E+000
  2.000000E-001  0.000000E+000  0.000000E+000  0.000000E+000  9.337265E-001 -3.579871E-001  0.000000E+000  3.579871E-001  9.337265E-001  0.000000E+000  0.000000E+000  0.000000E+000  1.000000E+000
  2.500000E-001  0.000000E+000  0.000000E+000  0.000000E+000  8.329591E-001 -5.533346E-001  0.000000E+000  5.533346E-001  8.329591E-001  0.000000E+000  0.000000E+000  0.000000E+000  1.000000E+000
  3.000000E-001  0.000000E+000  0.000000E+000  0.000000E+000  6.680581E-001 -7.441091E-001  0.000000E+000  7.441091E-001  6.680581E-001  0.000000E+000  0.000000E+000  0.000000E+000  1.000000E+000
  3.500000E-001  0.000000E+000  0.000000E+000  0.000000E+000  4.386066E-001 -8.986791E-001  0.000000E+000  8.986791E-001  4.386066E-001  0.000000E+000  0.000000E+000  0.000000E+000  1.000000E+000
  4.000000E-001  0.000000E+000  0.000000E+000  0.000000E+000  1.577194E-001 -9.874840E-001  0.000000E+000  9.874840E-001  1.577194E-001  0.000000E+000  0.000000E+000  0.000000E+000  1.000000E+000
  4.500000E-001  0.000000E+000  0.000000E+000  0.000000E+000 -1.483420E-001 -9.889361E-001  0.000000E+000  9.889361E-001 -1.483420E-001  0.000000E+000  0.000000E+000  0.000000E+000  1.000000E+000
  5.000000E-001  0.000000E+000  0.000000E+000  0.000000E+000 -4.446479E-001 -8.957054E-001  0.000000E+000  8.957054E-001 -4.446479E-001  0.000000E+000  0.000000E+000  0.000000E+000  1.000000E+000
  5.500000E-001  0.000000E+000  0.000000E+000  0.000000E+000 -6.961206E-001 -7.179249E-001  0.000000E+000  7.179249E-001 -6.961206E-001  0.000000E+000  0.000000E+000  0.000000E+000  1.000000E+000
  6.000000E-001  0.000000E+000  0.000000E+000  0.000000E+000 -8.769001E-001 -4.806726E-001  0.000000E+000  4.806726E-001 -8.769001E-001  0.000000E+000  0.000000E+000  0.000000E+000  1.000000E+000
  6.500000E-001  0.000000E+000  0.000000E+000  0.000000E+000 -9.762353E-001 -2.167131E-001  0.000000E+000  2.167131E-001 -9.762353E-001  0.000000E+000  0.000000E+000  0.000000E+000  1.000000E+000
  7.000000E-001  0.000000E+000  0.000000E+000  0.000000E+000 -9.991334E-001  4.162174E-002  0.000000E+000 -4.162174E-002 -9.991334E-001  0.000000E+000  0.000000E+000  0.000000E+000  1.000000E+000
  7.500000E-001  0.000000E+000  0.000000E+000  0.000000E+000 -9.633903E-001  2.681027E-001  0.000000E+000 -2.681027E-001 -9.633903E-001  0.000000E+000  0.000000E+000  0.000000E+000  1.000000E+000
  8.000000E-001  0.000000E+000  0.000000E+000  0.000000E+000 -8.955113E-001  4.450387E-001  0.000000E+000 -4.450387E-001 -8.955113E-001  0.000000E+000  0.000000E+000  0.000000E+000  1.000000E+000
  8.500000E-001  0.000000E+000  0.000000E+000  0.000000E+000 -8.261208E-001  5.634931E-001  0.000000E+000 -5.634931E-001 -8.261208E-001  0.000000E+000  0.000000E+000  0.000000E+000  1.000000E+000
  9.000000E-001  0.000000E+000  0.000000E+000  0.000000E+000 -7.818749E-001  6.234353E-001  0.000000E+000 -6.234353E-001 -7.818749E-001  0.000000E+000  0.000000E+000  0.000000E+000  1.000000E+000
  9.500000E-001  0.000000E+000  0.000000E+000  0.000000E+000 -7.699432E-001  6.381124E-001  0.000000E+000 -6.381124E-001 -7.699432E-001  0.000000E+000  0.000000E+000  0.000000E+000  1.000000E+000
  1.000000E+000  0.000000E+000  0.000000E+000  0.000000E+000 -7.672908E-001  6.412994E-001  0.000000E+000 -6.412994E-001 -7.672908E-001  0.000000E+000  0.000000E+000  0.000000E+000  1.000000E+000
  1.050000E+000  0.000000E+000  0.000000E+000  0.000000E+000 -7.396251E-001  6.730191E-001  0.000000E+000 -6.730191E-001 -7.396251E-001  0.000000E+000  0.000000E+000  0.000000E+000  1.000000E+000
  1.100000E+000  0.000000E+000  0.000000E+000  0.000000E+000 -6.652097E-001  7.466566E-001  0.000000E+000 -7.466566E-001 -6.652097E-001  0.000000E+000  0.000000E+000  0.000000E+000  1.000000E+000
  1.150000E+000  0.000000E+000  0.000000E+000  0.000000E+000 -5.346875E-001  8.450499E-001  0.000000E+000 -8.450499E-001 -5.346875E-001  0.000000E+000  0.000000E+000  0.000000E+000  1.000000E+000
  1.200000E+000  0.000000E+000  0.000000E+000  0.000000E+000 -3.468038E-001  9.379377E-001  0.000000E+000 -9.379377E-001 -3.468038E-001  0.000000E+000  0.000000E+000  0.000000E+000  1.000000E+000
  1.250000E+000  0.000000E+000  0.000000E+000  0.000000E+000 -1.088946E-001  9.940533E-001  0.000000E+000 -9.940533E-001 -1.088946E-001  0.000000E+000  0.000000E+000  0.000000E+000  1.000000E+000
  1.300000E+000  0.000000E+000  0.000000E+000  0.000000E+000  1.618389E-001  9.868172E-001  0.000000E+000 -9.868172E-001  1.618389E-001  0.000000E+000  0.000000E+000  0.000000E+000  1.000000E+000
  1.350000E+000  0.000000E+000  0.000000E+000  0.000000E+000  4.385975E-001  8.986836E-001  0.000000E+000 -8.986836E-001  4.385975E-001  0.000000E+000  0.000000E+000  0.000000E+000  1.000000E+000
  1.400000E+000  0.000000E+000  0.000000E+000  0.000000E+000  6.881172E-001  7.255996E-001  0.000000E+000 -7.255996E-001  6.881172E-001  0.000000E+000  0.000000E+000  0.000000E+000  1.000000E+000
  1.450000E+000  0.000000E+000  0.000000E+000  0.000000E+000  8.773269E-001  4.798933E-001  0.000000E+000 -4.798933E-001  8.773269E-001  0.000000E+000  0.000000E+000  0.000000E+000  1.000000E+000
  1.500000E+000  0.000000E+000  0.000000E+000  0.000000E+000  9.820211E-001  1.887711E-001  0.000000E+000 -1.887711E-001  9.820211E-001  0.000000E+000  0.000000E+000  0.000000E+000  1.000000E+000
  1.550000E+000  0.000000E+000  0.000000E+000  0.000000E+000  9.936505E-001 -1.125106E-001  0.000000E+000  1.125106E-001  9.936505E-001  0.000000E+000  0.000000E+000  0.000000E+000  1.000000E+000
  1.600000E+000  0.000000E+000  0.000000E+000  0.000000E+000  9.207873E-001 -3.900650E-001  0.000000E+000  3.900650E-001  9.207873E-001  0.000000E+000  0.000000E+000  0.000000E+000  1.000000E+000
  1.650000E+000  0.000000E+000  0.000000E+000  0.000000E+000  7.853640E-001 -6.190342E-001  0.000000E+000  6.190342E-001  7.853640E-001  0.000000E+000  0.000000E+000  0.000000E+000  1.000000E+000
  1.700000E+000  0.000000E+000  0.000000E+000  0.000000E+000  6.167711E-001 -7.871425E-001  0.000000E+000  7.871425E-001  6.167711E-001  0.000000E+000  0.000000E+000  0.000000E+000  1.000000E+000
  1.750000E+000  0.000000E+000  0.000000E+000  0.000000E+000  4.467381E-001 -8.946648E-001  0.000000E+000  8.946648E-001  4.467381E-001  0.000000E+000  0.000000E+000  0.000000E+000  1.000000E+000
  1.800000E+000  0.000000E+000  0.000000E+000  0.000000E+000  3.055862E-001 -9.521644E-001  0.000000E+000  9.521644E-001  3.055862E-001  0.000000E+000  0.000000E+000  0.000000E+000  1.000000E+000
  1.850000E+000  0.000000E+000  0.000000E+000  0.000000E+000  2.171941E-001 -9.761284E-001  0.000000E+000  9.761284E-001  2.171941E-001  0.000000E+000  0.000000E+000  0.000000E+000  1.000000E+000
  1.900000E+000  0.000000E+000  0.000000E+000  0.000000E+000  1.867328E-001 -9.824107E-001  0.000000E+000  9.824107E-001  1.867328E-001  0.000000E+000  0.000000E+000  0.000000E+000  1.000000E+000
  1.950000E+000  0.000000E+000  0.000000E+000  0.000000E+000  1.842175E-001 -9.828855E-001  0.000000E+000  9.828855E-001  1.842175E-001  0.000000E+000  0.000000E+000  0.000000E+000  1.000000E+000
  2.000000E+000  0.000000E+000  0.000000E+000  0.000000E+000  1.565487E-001 -9.876702E-001  0.000000E+000  9.876702E-001  1.565487E-001  0.000000E+000  0.000000E+000  0.000000E+000  1.000000E+000
  2.050000E+000  0.000000E+000  0.000000E+000  0.000000E+000  6.945020E-002 -9.975854E-001  0.000000E+000  9.975854E-001  6.945020E-002  0.000000E+000  0.000000E+000  0.000000E+000  1.000000E+000
  2.100000E+000  0.000000E+000  0.000000E+000  0.000000E+000 -7.957135E-002 -9.968292E-001  0.000000E+000  9.968292E-001 -7.957135E-002  0.000000E+000  0.000000E+000  0.000000E+000  1.000000E+000
  2.150000E+000  0.000000E+000  0.000000E+000  0.000000E+000 -2.749731E-001 -9.614519E-001  0.000000E+000  9.614519E-001 -2.749731E-001  0.000000E+000  0.000000E+000  0.000000E+000  1.000000E+000
  2.200000E+000  0.000000E+000  0.000000E+000  0.000000E+000 -4.927411E-001 -8.701760E-001  0.000000E+000  8.701760E-001 -4.927411E-001  0.000000E+000  0.000000E+000  0.000000E+000  1.000000E+000
  2.250000E+000  0.000000E+000  0.000000E+000  0.000000E+000 -7.036687E-001 -7.105282E-001  0.000000E+000  7.105282E-001 -7.036687E-001  0.000000E+000  0.000000E+000  0.000000E+000  1.000000E+000
  2.300000E+000  0.000000E+000  0.000000E+000  0.000000E+000 -8.759486E-001 -4.824044E-001  0.000000E+000  4.824044E-001 -8.759486E-001  0.000000E+000  0.000000E+000  0.000000E+000  1.000000E+000
  2.350000E+000  0.000000E+000  0.000000E+000  0.000000E+000 -9.797785E-001 -2.000851E-001  0.000000E+000  2.000851E-001 -9.797785E-001  0.000000E+000  0.000000E+000  0.000000E+000  1.000000E+000
  2.400000E+000  0.000000E+000  0.000000E+000  0.000000E+000 -9.940767E-001  1.086809E-001  0.000000E+000 -1.086809E-001 -9.940767E-001  0.000000E+000  0.000000E+000  0.000000E+000  1.000000E+000
  2.450000E+000  0.000000E+000  0.000000E+000  0.000000E+000 -9.129125E-001  4.081553E-001  0.000000E+000 -4.081553E-001 -9.129125E-001  0.000000E+000  0.000000E+000  0.000000E+000  1.000000E+000
  2.500000E+000  0.000000E+000  0.000000E+000  0.000000E+000 -7.479132E-001  6.637965E-001  0.000000E+000 -6.637965E-001 -7.479132E-001  0.000000E+000  0.000000E+000  0.000000E+000  1.000000E+000
  2.550000E+000  0.000000E+000  0.000000E+000  0.000000E+000 -5.247573E-001  8.512519E-001  0.000000E+000 -8.512519E-001 -5.247573E-001  0.000000E+000  0.000000E+000  0.000000E+000  1.000000E+000
  2.600000E+000  0.000000E+000  0.000000E+000  0.000000E+000 -2.757551E-001  9.612279E-001  0.000000E+000 -9.612279E-001 -2.757551E-001  0.000000E+000  0.000000E+000  0.000000E+000  1.000000E+000
  2.650000E+000  0.000000E+000  0.000000E+000  0.000000E+000 -3.248324E-002  9.994723E-001  0.000000E+000 -9.994723E-001 -3.248324E-002  0.000000E+000  0.000000E+000  0.000000E+000  1.000000E+000
  2.700000E+000  0.000000E+000  0.000000E+000  0.000000E+000  1.789427E-001  9.838595E-001  0.000000E+000 -9.838595E-001  1.789427E-001  0.000000E+000  0.000000E+000  0.000000E+000  1.000000E+000
  2.750000E+000  0.000000E+000  0.000000E+000  0.000000E+000  3.398302E-001  9.404868E-001  0.000000E+000 -9.404868E-001  3.398302E-001  0.000000E+000  0.000000E+000  0.000000E+000  1.000000E+000
  2.800000E+000  0.000000E+000  0.000000E+000  0.000000E+000  4.397678E-001  8.981115E-001  0.000000E+000 -8.981115E-001  4.397678E-001  0.000000E+000  0.000000E+000  0.000000E+000  1.000000E+000
  2.850000E+000  0.000000E+000  0.000000E+000  0.000000E+000  4.802263E-001  8.771446E-001  0.000000E+000 -8.771446E-001  4.802263E-001  0.000000E+000  0.000000E+000  0.000000E+000  1.000000E+000
  2.900000E+000  0.000000E+000  0.000000E+000  0.000000E+000  4.846789E-001  8.746921E-001  0.000000E+000 -8.746921E-001  4.846789E-001  0.000000E+000  0.000000E+000  0.000000E+000  1.000000E+000
  2.950000E+000  0.000000E+000  0.000000E+000  0.000000E+000  4.990614E-001  8.665666E-001  0.000000E+000 -8.665666E-001  4.990614E-001  0.000000E+000  0.000000E+000  0.000000E+000  1.000000E+000
  3.000000E+000  0.000000E+000  0.000000E+000  0.000000E+000  5.589758E-001  8.291840E-001  0.000000E+000 -8.291840E-001  5.589758E-001  0.000000E+000  0.000000E+000  0.000000E+000  1.000000E+000
  3.050000E+000  0.000000E+000  0.000000E+000  0.000000E+000  6.645872E-001  7.472107E-001  0.000000E+000 -7.472107E-001  6.645872E-001  0.000000E+000  0.000000E+000  0.000000E+000  1.000000E+000
  3.100000E+000  0.000000E+000  0.000000E+000  0.000000E+000  7.919056E-001  6.106436E-001  0.000000E+000 -6.106436E-001  7.919056E-001  0.000000E+000  0.000000E+000  0.000000E+000  1.000000E+000
  3.150000E+000  0.000000E+000  0.000000E+000  0.000000E+000  9.092953E-001  4.161515E-001  0.000000E+000 -4.161515E-001  9.092953E-001  0.000000E+000  0.000000E+000  0.000000E+000  1.000000E+000
  3.200000E+000  0.000000E+000  0.000000E+000  0.000000E+000  9.854588E-001  1.699146E-001  0.000000E+000 -1.699146E-001  9.854588E-001  0.000000E+000  0.000000E+000  0.000000E+000  1.000000E+000
  3.250000E+000  0.000000E+000  0.000000E+000  0.000000E+000  9.938427E-001 -1.107999E-001  0.000000E+000  1.107999E-001  9.938427E-001  0.000000E+000  0.000000E+000  0.000000E+000  1.000000E+000
  3.300000E+000  0.000000E+000  0.000000E+000  0.000000E+000  9.172767E-001 -3.982505E-001  0.000000E+000  3.982505E-001  9.172767E-001  0.000000E+000  0.000000E+000  0.000000E+000  1.000000E+000
  3.350000E+000  0.000000E+000  0.000000E+000  0.000000E+000  7.528534E-001 -6.581882E-001  0.000000E+000  6.581882E-001  7.528534E-001  0.000000E+000  0.000000E+000  0.000000E+000  1.000000E+000
  3.400000E+000  0.000000E+000  0.000000E+000  0.000000E+000  5.145230E-001 -8.574766E-001  0.000000E+000  8.574766E-001  5.145230E-001  0.000000E+000  0.000000E+000  0.000000E+000  1.000000E+000
  3.450000E+000  0.000000E+000  0.000000E+000  0.000000E+000  2.305992E-001 -9.730488E-001  0.000000E+000  9.730488E-001  2.305992E-001  0.000000E+000  0.000000E+000  0.000000E+000  1.000000E+000
  3.500000E+000  0.000000E+000  0.000000E+000  0.000000E+000 -6.382539E-002 -9.979611E-001  0.000000E+000  9.979611E-001 -6.382539E-002  0.000000E+000  0.000000E+000  0.000000E+000  1.000000E+000
  3.550000E+000  0.000000E+000  0.000000E+000  0.000000E+000 -3.360328E-001 -9.418503E-001  0.000000E+000  9.418503E-001 -3.360328E-001  0.000000E+000  0.000000E+000  0.000000E+000  1.000000E+000
  3.600000E+000  0.000000E+000  0.000000E+000  0.000000E+000 -5.623682E-001 -8.268869E-001  0.000000E+000  8.268869E-001 -5.623682E-001  0.000000E+000  0.000000E+000  0.000000E+000  1.000000E+000
  3.650000E+000  0.000000E+000  0.000000E+000  0.000000E+000 -7.309739E-001 -6.824054E-001  0.000000E+000  6.824054E-001 -7.309739E-001  0.000000E+000  0.000000E+000  0.000000E+000  1.000000E+000
  3.700000E+000  0.000000E+000  0.000000E+000  0.000000E+000 -8.414172E-001 -5.403861E-001  0.000000E+000  5.403861E-001 -8.414172E-001  0.000000E+000  0.000000E+000  0.000000E+000  1.000000E+000
  3.750000E+000  0.000000E+000  0.000000E+000  0.000000E+000 -9.022799E-001 -4.311508E-001  0.000000E+000  4.311508E-001 -9.022799E-001  0.000000E+000  0.000000E+000  0.000000E+000  1.000000E+000
  3.800000E+000  0.000000E+000  0.000000E+000  0.000000E+000 -9.271020E-001 -3.748091E-001  0.000000E+000  3.748091E-001 -9.271020E-001  0.000000E+000  0.000000E+000  0.000000E+000  1.000000E+000
  3.850000E+000  0.000000E+000  0.000000E+000  0.000000E+000 -9.313639E-001 -3.640896E-001  0.000000E+000  3.640896E-001 -9.313639E-001  0.000000E+000  0.000000E+000  0.000000E+000  1.000000E+000
  3.900000E+000  0.000000E+000  0.000000E+000  0.000000E+000 -9.342868E-001 -3.565224E-001  0.000000E+000  3.565224E-001 -9.342868E-001  0.000000E+000  0.000000E+000  0.000000E+000  1.000000E+000
  3.950000E+000  0.000000E+000  0.000000E+000  0.000000E+000 -9.521962E-001 -3.054872E-001  0.000000E+000  3.054872E-001 -9.521962E-001  0.000000E+000  0.000000E+000  0.000000E+000  1.000000E+000
  4.000000E+000  0.000000E+000  0.000000E+000  0.000000E+000 -9.814669E-001 -1.916315E-001  0.000000E+000  1.916315E-001 -9.814669E-001  0.000000E+000  0.000000E+000  0.000000E+000  1.000000E+000
  4.050000E+000  0.000000E+000  0.000000E+000  0.000000E+000 -9.998258E-001 -1.866668E-002  0.000000E+000  1.866668E-002 -9.998258E-001  0.000000E+000  0.000000E+000  0.000000E+000  1.000000E+000
  4.100000E+000  0.000000E+000  0.000000E+000  0.000000E+000 -9.802065E-001  1.979780E-001  0.000000E+000 -1.979780E-001 -9.802065E-001  0.000000E+000  0.000000E+000  0.000000E+000  1.000000E+000
  4.150000E+000  0.000000E+000  0.000000E+000  0.000000E+000 -9.002745E-001  4.353226E-001  0.000000E+000 -4.353226E-001 -9.002745E-001  0.000000E+000  0.000000E+000  0.000000E+000  1.000000E+000
  4.200000E+000  0.000000E+000  0.000000E+000  0.000000E+000 -7.474131E-001  6.643596E-001  0.000000E+000 -6.643596E-001 -7.474131E-001  0.000000E+000  0.000000E+000  0.000000E+000  1.000000E+000
  4.250000E+000  0.000000E+000  0.000000E+000  0.000000E+000 -5.221858E-001  8.528318E-001  0.000000E+000 -8.528318E-001 -5.221858E-001  0.000000E+000  0.000000E+000  0.000000E+000  1.000000E+000
  4.300000E+000  0.000000E+000  0.000000E+000  0.000000E+000 -2.402769E-001  9.707044E-001  0.000000E+000 -9.707044E-001 -2.402769E-001  0.000000E+000  0.000000E+000  0.000000E+000  1.000000E+000
  4.350000E+000  0.000000E+000  0.000000E+000  0.000000E+000  6.911041E-002  9.976090E-001  0.000000E+000 -9.976090E-001  6.911041E-002  0.000000E+000  0.000000E+000  0.000000E+000  1.000000E+000
  4.400000E+000  0.000000E+000  0.000000E+000  0.000000E+000  3.697456E-001  9.291330E-001  0.000000E+000 -9.291330E-001  3.697456E-001  0.000000E+000  0.000000E+000  0.000000E+000  1.000000E+000
  4.450000E+000  0.000000E+000  0.000000E+000  0.000000E+000  6.279531E-001  7.782512E-001  0.000000E+000 -7.782512E-001  6.279531E-001  0.000000E+000  0.000000E+000  0.000000E+000  1.000000E+000
  4.500000E+000  0.000000E+000  0.000000E+000  0.000000E+000  8.209521E-001  5.709971E-001  0.000000E+000 -5.709971E-001  8.209521E-001  0.000000E+000  0.000000E+000  0.000000E+000  1.000000E+000
  4.550000E+000  0.000000E+000  0.000000E+000  0.000000E+000  9.407190E-001  3.391870E-001  0.000000E+000 -3.391870E-001  9.407190E-001  0.000000E+000  0.000000E+000  0.000000E+000  1.000000E+000
  4.600000E+000  0.000000E+000  0.000000E+000  0.000000E+000  9.934893E-001  1.139257E-001  0.000000E+000 -1.139257E-001  9.934893E-001  0.000000E+000  0.000000E+000  0.000000E+000  1.000000E+000
  4.650000E+000  0.000000E+000  0.000000E+000  0.000000E+000  9.969294E-001 -7.830580E-002  0.000000E+000  7.830580E-002  9.969294E-001  0.000000E+000  0.000000E+000  0.000000E+000  1.000000E+000
  4.700000E+000  0.000000E+000  0.000000E+000  0.000000E+000  9.760429E-001 -2.175780E-001  0.000000E+000  2.175780E-001  9.760429E-001  0.000000E+000  0.000000E+000  0.000000E+000  1.000000E+000
  4.750000E+000  0.000000E+000  0.000000E+000  0.000000E+000  9.559965E-001 -2.933782E-001  0.000000E+000  2.933782E-001  9.559965E-001  0.000000E+000  0.000000E+000  0.000000E+000  1.000000E+000
  4.800000E+000  0.000000E+000  0.000000E+000  0.000000E+000  9.494779E-001 -3.138339E-001  0.000000E+000  3.138339E-001  9.494779E-001  0.000000E+000  0.000000E+000  0.000000E+000  1.000000E+000
  4.850000E+000  0.000000E+000  0.000000E+000  0.000000E+000  9.483988E-001 -3.170798E-001  0.000000E+000  3.170798E-001  9.483988E-001  0.000000E+000  0.000000E+000  0.000000E+000  1.000000E+000
  4.900000E+000  0.000000E+000  0.000000E+000  0.000000E+000  9.354200E-001 -3.535383E-001  0.000000E+000  3.535383E-001  9.354200E-001  0.000000E+000  0.000000E+000  0.000000E+000  1.000000E+000
  4.950000E+000  0.000000E+000  0.000000E+000  0.000000E+000  8.950723E-001 -4.459210E-001  0.000000E+000  4.459210E-001  8.950723E-001  0.000000E+000  0.000000E+000  0.000000E+000  1.000000E+000
  5.000000E+000  0.000000E+000  0.000000E+000  0.000000E+000  8.123635E-001 -5.831514E-001  0.000000E+000  5.831514E-001  8.123635E-001  0.000000E+000  0.000000E+000  0.000000E+000  1.000000E+000
  5.050000E+000  0.000000E+000  0.000000E+000  0.000000E+000  6.747921E-001 -7.380079E-001  0.000000E+000  7.380079E-001  6.747921E-001  0.000000E+000  0.000000E+000  0.000000E+000  1.000000E+000
  5.100000E+000  0.000000E+000  0.000000E+000  0.000000E+000  4.772296E-001 -8.787786E-001  0.000000E+000  8.787786E-001  4.772296E-001  0.000000E+000  0.000000E+000  0.000000E+000  1.000000E+000
  5.150000E+000  0.000000E+000  0.000000E+000  0.000000E+000  2.252985E-001 -9.742898E-001  0.000000E+000  9.742898E-001  2.252985E-001  0.000000E+000  0.000000E+000  0.000000E+000  1.000000E+000
  5.200000E+000  0.000000E+000  0.000000E+000  0.000000E+000 -6.316953E-002 -9.980028E-001  0.000000E+000  9.980028E-001 -6.316953E-002  0.000000E+000  0.000000E+000  0.000000E+000  1.000000E+000
  5.250000E+000  0.000000E+000  0.000000E+000  0.000000E+000 -3.592295E-001 -9.332492E-001  0.000000E+000  9.332492E-001 -3.592295E-001  0.000000E+000  0.000000E+000  0.000000E+000  1.000000E+000
  5.300000E+000  0.000000E+000  0.000000E+000  0.000000E+000 -6.277219E-001 -7.784377E-001  0.000000E+000  7.784377E-001 -6.277219E-001  0.000000E+000  0.000000E+000  0.000000E+000  1.000000E+000
  5.350000E+000  0.000000E+000  0.000000E+000  0.000000E+000 -8.357519E-001 -5.491073E-001  0.000000E+000  5.491073E-001 -8.357519E-001  0.000000E+000  0.000000E+000  0.000000E+000  1.000000E+000
  5.400000E+000  0.000000E+000  0.000000E+000  0.000000E+000 -9.616190E-001 -2.743883E-001  0.000000E+000  2.743883E-001 -9.616190E-001  0.000000E+000  0.000000E+000  0.000000E+000  1.000000E+000
  5.450000E+000  0.000000E+000  0.000000E+000  0.000000E+000 -9.999386E-001  1.107732E-002  0.000000E+000 -1.107732E-002 -9.999386E-001  0.000000E+000  0.000000E+000  0.000000E+000  1.000000E+000
  5.500000E+000  0.000000E+000  0.000000E+000  0.000000E+000 -9.612316E-001  2.757422E-001  0.000000E+000 -2.757422E-001 -9.612316E-001  0.000000E+000  0.000000E+000  0.000000E+000  1.000000E+000
  5.550000E+000  0.000000E+000  0.000000E+000  0.000000E+000 -8.678423E-001  4.968398E-001  0.000000E+000 -4.968398E-001 -8.678423E-001  0.000000E+000  0.000000E+000  0.000000E+000  1.000000E+000
  5.600000E+000  0.000000E+000  0.000000E+000  0.000000E+000 -7.491363E-001  6.624159E-001  0.000000E+000 -6.624159E-001 -7.491363E-001  0.000000E+000  0.000000E+000  0.000000E+000  1.000000E+000
  5.650000E+000  0.000000E+000  0.000000E+000  0.000000E+000 -6.371870E-001  7.707092E-001  0.000000E+000 -7.707092E-001 -6.371870E-001  0.000000E+000  0.000000E+000  0.000000E+000  1.000000E+000
  5.700000E+000  0.000000E+000  0.000000E+000  0.000000E+000 -5.607639E-001  8.279758E-001  0.000000E+000 -8.279758E-001 -5.607639E-001  0.000000E+000  0.000000E+000  0.000000E+000  1.000000E+000
  5.750000E+000  0.000000E+000  0.000000E+000  0.000000E+000 -5.320850E-001  8.466910E-001  0.000000E+000 -8.466910E-001 -5.320850E-001  0.000000E+000  0.000000E+000  0.000000E+000  1.000000E+000
  5.800000E+000  0.000000E+000  0.000000E+000  0.000000E+000 -5.297317E-001  8.481653E-001  0.000000E+000 -8.481653E-001 -5.297317E-001  0.000000E+000  0.000000E+000  0.000000E+000  1.000000E+000
  5.850000E+000  0.000000E+000  0.000000E+000  0.000000E+000 -5.082041E-001  8.612367E-001  0.000000E+000 -8.612367E-001 -5.082041E-001  0.000000E+000  0.000000E+000  0.000000E+000  1.000000E+000
  5.900000E+000  0.000000E+000  0.000000E+000  0.000000E+000 -4.343673E-001  9.007358E-001  0.000000E+000 -9.007358E-001 -4.343673E-001  0.000000E+000  0.000000E+000  0.000000E+000  1.000000E+000
  5.950000E+000  0.000000E+000  0.000000E+000  0.000000E+000 -2.989782E-001  9.542599E-001  0.000000E+000 -9.542599E-001 -2.989782E-001  0.000000E+000  0.000000E+000  0.000000E+000  1.000000E+000
  6.000000E+000  0.000000E+000  0.000000E+000  0.000000E+000 -1.071661E-001  9.942411E-001  0.000000E+000 -9.942411E-001 -1.071661E-001  0.000000E+000  0.000000E+000  0.000000E+000  1.000000E+000
  6.050000E+000  0.000000E+000  0.000000E+000  0.000000E+000  1.269514E-001  9.919089E-001  0.000000E+000 -9.919089E-001  1.269514E-001  0.000000E+000  0.000000E+000  0.000000E+000  1.000000E+000
  6.100000E+000  0.000000E+000  0.000000E+000  0.000000E+000  3.811875E-001  9.244978E-001  0.000000E+000 -9.244978E-001  3.811875E-001  0.000000E+000  0.000000E+000  0.000000E+000  1.000000E+000
  6.150000E+000  0.000000E+000  0.000000E+000  0.000000E+000  6.263064E-001  7.795770E-001  0.000000E+000 -7.795770E-001  6.263064E-001  0.000000E+000  0.000000E+000  0.000000E+000  1.000000E+000
  6.200000E+000  0.000000E+000  0.000000E+000  0.000000E+000  8.293968E-001  5.586599E-001  0.000000E+000 -5.586599E-001  8.293968E-001  0.000000E+000  0.000000E+000  0.000000E+000  1.000000E+000
  6.250000E+000  0.000000E+000  0.000000E+000  0.000000E+000  9.602955E-001  2.789849E-001  0.000000E+000 -2.789849E-001  9.602955E-001  0.000000E+000  0.000000E+000  0.000000E+000  1.000000E+000
  6.300000E+000  0.000000E+000  0.000000E+000  0.000000E+000  9.995814E-001 -2.893274E-002  0.000000E+000  2.893274E-002  9.995814E-001  0.000000E+000  0.000000E+000  0.000000E+000  1.000000E+000
  6.350000E+000  0.000000E+000  0.000000E+000  0.000000E+000  9.444235E-001 -3.287314E-001  0.000000E+000  3.287314E-001  9.444235E-001  0.000000E+000  0.000000E+000  0.000000E+000  1.000000E+000
  6.400000E+000  0.000000E+000  0.000000E+000  0.000000E+000  8.089585E-001 -5.878658E-001  0.000000E+000  5.878658E-001  8.089585E-001  0.000000E+000  0.000000E+000  0.000000E+000  1.000000E+000
  6.450000E+000  0.000000E+000  0.000000E+000  0.000000E+000  6.193840E-001 -7.850882E-001  0.000000E+000  7.850882E-001  6.193840E-001  0.000000E+000  0.000000E+000  0.000000E+000  1.000000E+000
  6.500000E+000  0.000000E+000  0.000000E+000  0.000000E+000  4.070901E-001 -9.133880E-001  0.000000E+000  9.133880E-001  4.070901E-001  0.000000E+000  0.000000E+000  0.000000E+000  1.000000E+000
  6.550000E+000  0.000000E+000  0.000000E+000  0.000000E+000  2.030604E-001 -9.791662E-001  0.000000E+000  9.791662E-001  2.030604E-001  0.000000E+000  0.000000E+000  0.000000E+000  1.000000E+000
  6.600000E+000  0.000000E+000  0.000000E+000  0.000000E+000  3.451231E-002 -9.994043E-001  0.000000E+000  9.994043E-001  3.451231E-002  0.000000E+000  0.000000E+000  0.000000E+000  1.000000E+000
  6.650000E+000  0.000000E+000  0.000000E+000  0.000000E+000 -7.784619E-002 -9.969654E-001  0.000000E+000  9.969654E-001 -7.784619E-002  0.000000E+000  0.000000E+000  0.000000E+000  1.000000E+000
  6.700000E+000  0.000000E+000  0.000000E+000  0.000000E+000 -1.267163E-001 -9.919390E-001  0.000000E+000  9.919390E-001 -1.267163E-001  0.000000E+000  0.000000E+000  0.000000E+000  1.000000E+000
  6.750000E+000  0.000000E+000  0.000000E+000  0.000000E+000 -1.328916E-001 -9.911306E-001  0.000000E+000  9.911306E-001 -1.328916E-001  0.000000E+000  0.000000E+000  0.000000E+000  1.000000E+000
  6.800000E+000  0.000000E+000  0.000000E+000  0.000000E+000 -1.470404E-001 -9.891305E-001  0.000000E+000  9.891305E-001 -1.470404E-001  0.000000E+000  0.000000E+000  0.000000E+000  1.000000E+000
  6.850000E+000  0.000000E+000  0.000000E+000  0.000000E+000 -2.127130E-001 -9.771147E-001  0.000000E+000  9.771147E-001 -2.127130E-001  0.000000E+000  0.000000E+000  0.000000E+000  1.000000E+000
  6.900000E+000  0.000000E+000  0.000000E+000  0.000000E+000 -3.377262E-001 -9.412444E-001  0.000000E+000  9.412444E-001 -3.377262E-001  0.000000E+000  0.000000E+000  0.000000E+000  1.000000E+000
  6.950000E+000  0.000000E+000  0.000000E+000  0.000000E+000 -5.043444E-001 -8.635026E-001  0.000000E+000  8.635026E-001 -5.043444E-001  0.000000E+000  0.000000E+000  0.000000E+000  1.000000E+000
  7.000000E+000  0.000000E+000  0.000000E+000  0.000000E+000 -6.846514E-001 -7.288707E-001  0.000000E+000  7.288707E-001 -6.846514E-001  0.000000E+000  0.000000E+000  0.000000E+000  1.000000E+000
  7.050000E+000  0.000000E+000  0.000000E+000  0.000000E+000 -8.473366E-001 -5.310562E-001  0.000000E+000  5.310562E-001 -8.473366E-001  0.000000E+000  0.000000E+000  0.000000E+000  1.000000E+000
  7.100000E+000  0.000000E+000  0.000000E+000  0.000000E+000 -9.612476E-001 -2.756866E-001  0.000000E+000  2.756866E-001 -9.612476E-001  0.000000E+000  0.000000E+000  0.000000E+000  1.000000E+000
  7.150000E+000  0.000000E+000  0.000000E+000  0.000000E+000 -9.998300E-001  1.843751E-002  0.000000E+000 -1.843751E-002 -9.998300E-001  0.000000E+000  0.000000E+000  0.000000E+000  1.000000E+000
  7.200000E+000  0.000000E+000  0.000000E+000  0.000000E+000 -9.470695E-001  3.210287E-001  0.000000E+000 -3.210287E-001 -9.470695E-001  0.000000E+000  0.000000E+000  0.000000E+000  1.000000E+000
  7.250000E+000  0.000000E+000  0.000000E+000  0.000000E+000 -8.028300E-001  5.962080E-001  0.000000E+000 -5.962080E-001 -8.028300E-001  0.000000E+000  0.000000E+000  0.000000E+000  1.000000E+000
  7.300000E+000  0.000000E+000  0.000000E+000  0.000000E+000 -5.841314E-001  8.116591E-001  0.000000E+000 -8.116591E-001 -5.841314E-001  0.000000E+000  0.000000E+000  0.000000E+000  1.000000E+000
  7.350000E+000  0.000000E+000  0.000000E+000  0.000000E+000 -3.206124E-001  9.472105E-001  0.000000E+000 -9.472105E-001 -3.206124E-001  0.000000E+000  0.000000E+000  0.000000E+000  1.000000E+000
  7.400000E+000  0.000000E+000  0.000000E+000  0.000000E+000 -4.626612E-002  9.989291E-001  0.000000E+000 -9.989291E-001 -4.626612E-002  0.000000E+000  0.000000E+000  0.000000E+000  1.000000E+000
  7.450000E+000  0.000000E+000  0.000000E+000  0.000000E+000  2.084032E-001  9.780430E-001  0.000000E+000 -9.780430E-001  2.084032E-001  0.000000E+000  0.000000E+000  0.000000E+000  1.000000E+000
  7.500000E+000  0.000000E+000  0.000000E+000  0.000000E+000  4.210975E-001  9.070154E-001  0.000000E+000 -9.070154E-001  4.210975E-001  0.000000E+000  0.000000E+000  0.000000E+000  1.000000E+000
  7.550000E+000  0.000000E+000  0.000000E+000  0.000000E+000  5.791883E-001  8.151938E-001  0.000000E+000 -8.151938E-001  5.791883E-001  0.000000E+000  0.000000E+000  0.000000E+000  1.000000E+000
  7.600000E+000  0.000000E+000  0.000000E+000  0.000000E+000  6.791153E-001  7.340317E-001  0.000000E+000 -7.340317E-001  6.791153E-001  0.000000E+000  0.000000E+000  0.000000E+000  1.000000E+000
  7.650000E+000  0.000000E+000  0.000000E+000  0.000000E+000  7.256272E-001  6.880880E-001  0.000000E+000 -6.880880E-001  7.256272E-001  0.000000E+000  0.000000E+000  0.000000E+000  1.000000E+000
  7.700000E+000  0.000000E+000  0.000000E+000  0.000000E+000  7.348680E-001  6.782102E-001  0.000000E+000 -6.782102E-001  7.348680E-001  0.000000E+000  0.000000E+000  0.000000E+000  1.000000E+000
  7.750000E+000  0.000000E+000  0.000000E+000  0.000000E+000  7.393899E-001  6.732775E-001  0.000000E+000 -6.732775E-001  7.393899E-001  0.000000E+000  0.000000E+000  0.000000E+000  1.000000E+000
  7.800000E+000  0.000000E+000  0.000000E+000  0.000000E+000  7.723934E-001  6.351444E-001  0.000000E+000 -6.351444E-001  7.723934E-001  0.000000E+000  0.000000E+000  0.000000E+000  1.000000E+000
  7.850000E+000  0.000000E+000  0.000000E+000  0.000000E+000  8.395343E-001  5.433067E-001  0.000000E+000 -5.433067E-001  8.395343E-001  0.000000E+000  0.000000E+000  0.000000E+000  1.000000E+000
  7.900000E+000  0.000000E+000  0.000000E+000  0.000000E+000  9.197764E-001  3.924428E-001  0.000000E+000 -3.924428E-001  9.197764E-001  0.000000E+000  0.000000E+000  0.000000E+000  1.000000E+000
  7.950000E+000  0.000000E+000  0.000000E+000  0.000000E+000  9.824450E-001  1.865522E-001  0.000000E+000 -1.865522E-001  9.824450E-001  0.000000E+000  0.000000E+000  0.000000E+000  1.000000E+000
  8.000000E+000  0.000000E+000  0.000000E+000  0.000000E+000  9.980981E-001 -6.164606E-002  0.000000E+000  6.164606E-002  9.980981E-001  0.000000E+000  0.000000E+000  0.000000E+000  1.000000E+000
  8.050000E+000  0.000000E+000  0.000000E+000  0.000000E+000  9.438854E-001 -3.302730E-001  0.000000E+000  3.302730E-001  9.438854E-001  0.000000E+000  0.000000E+000  0.000000E+000  1.000000E+000
  8.100000E+000  0.000000E+000  0.000000E+000  0.000000E+000  8.077933E-001 -5.894659E-001  0.000000E+000  5.894659E-001  8.077933E-001  0.000000E+000  0.000000E+000  0.000000E+000  1.000000E+000
  8.150000E+000  0.000000E+000  0.000000E+000  0.000000E+000  5.925133E-001 -8.055606E-001  0.000000E+000  8.055606E-001  5.925133E-001  0.000000E+000  0.000000E+000  0.000000E+000  1.000000E+000
  8.200000E+000  0.000000E+000  0.000000E+000  0.000000E+000  3.168995E-001 -9.484591E-001  0.000000E+000  9.484591E-001  3.168995E-001  0.000000E+000  0.000000E+000  0.000000E+000  1.000000E+000
  8.250000E+000  0.000000E+000  0.000000E+000  0.000000E+000  1.254406E-002 -9.999213E-001  0.000000E+000  9.999213E-001  1.254406E-002  0.000000E+000  0.000000E+000  0.000000E+000  1.000000E+000
  8.300000E+000  0.000000E+000  0.000000E+000  0.000000E+000 -2.844245E-001 -9.586984E-001  0.000000E+000  9.586984E-001 -2.844245E-001  0.000000E+000  0.000000E+000  0.000000E+000  1.000000E+000
  8.350000E+000  0.000000E+000  0.000000E+000  0.000000E+000 -5.427599E-001 -8.398879E-001  0.000000E+000  8.398879E-001 -5.427599E-001  0.000000E+000  0.000000E+000  0.000000E+000  1.000000E+000
  8.400000E+000  0.000000E+000  0.000000E+000  0.000000E+000 -7.426025E-001 -6.697325E-001  0.000000E+000  6.697325E-001 -7.426025E-001  0.000000E+000  0.000000E+000  0.000000E+000  1.000000E+000
  8.450000E+000  0.000000E+000  0.000000E+000  0.000000E+000 -8.776233E-001 -4.793509E-001  0.000000E+000  4.793509E-001 -8.776233E-001  0.000000E+000  0.000000E+000  0.000000E+000  1.000000E+000
  8.500000E+000  0.000000E+000  0.000000E+000  0.000000E+000 -9.539561E-001 -2.999464E-001  0.000000E+000  2.999464E-001 -9.539561E-001  0.000000E+000  0.000000E+000  0.000000E+000  1.000000E+000
  8.550000E+000  0.000000E+000  0.000000E+000  0.000000E+000 -9.871987E-001 -1.594953E-001  0.000000E+000  1.594953E-001 -9.871987E-001  0.000000E+000  0.000000E+000  0.000000E+000  1.000000E+000
  8.600000E+000  0.000000E+000  0.000000E+000  0.000000E+000 -9.969724E-001 -7.775587E-002  0.000000E+000  7.775587E-002 -9.969724E-001  0.000000E+000  0.000000E+000  0.000000E+000  1.000000E+000
  8.650000E+000  0.000000E+000  0.000000E+000  0.000000E+000 -9.985606E-001 -5.363480E-002  0.000000E+000  5.363480E-002 -9.985606E-001  0.000000E+000  0.000000E+000  0.000000E+000  1.000000E+000
  8.700000E+000  0.000000E+000  0.000000E+000  0.000000E+000 -9.987124E-001 -5.073002E-002  0.000000E+000  5.073002E-002 -9.987124E-001  0.000000E+000  0.000000E+000  0.000000E+000  1.000000E+000
  8.750000E+000  0.000000E+000  0.000000E+000  0.000000E+000 -9.998823E-001 -1.534110E-002  0.000000E+000  1.534110E-002 -9.998823E-001  0.000000E+000  0.000000E+000  0.000000E+000  1.000000E+000
  8.800000E+000  0.000000E+000  0.000000E+000  0.000000E+000 -9.966720E-001  8.151595E-002  0.000000E+000 -8.151595E-002 -9.966720E-001  0.000000E+000  0.000000E+000  0.000000E+000  1.000000E+000
  8.850000E+000  0.000000E+000  0.000000E+000  0.000000E+000 -9.716414E-001  2.364591E-001  0.000000E+000 -2.364591E-001 -9.716414E-001  0.000000E+000  0.000000E+000  0.000000E+000  1.000000E+000
  8.900000E+000  0.000000E+000  0.000000E+000  0.000000E+000 -9.031599E-001  4.293042E-001  0.000000E+000 -4.293042E-001 -9.031599E-001  0.000000E+000  0.000000E+000  0.000000E+000  1.000000E+000
  8.950000E+000  0.000000E+000  0.000000E+000  0.000000E+000 -7.744142E-001  6.326789E-001  0.000000E+000 -6.326789E-001 -7.744142E-001  0.000000E+000  0.000000E+000  0.000000E+000  1.000000E+000
  9.000000E+000  0.000000E+000  0.000000E+000  0.000000E+000 -5.785733E-001  8.156304E-001  0.000000E+000 -8.156304E-001 -5.785733E-001  0.000000E+000  0.000000E+000  0.000000E+000  1.000000E+000
  9.050000E+000  0.000000E+000  0.000000E+000  0.000000E+000 -3.217371E-001  9.468291E-001  0.000000E+000 -9.468291E-001 -3.217371E-001  0.000000E+000  0.000000E+000  0.000000E+000  1.000000E+000
  9.100000E+000  0.000000E+000  0.000000E+000  0.000000E+000 -2.397876E-002  9.997125E-001  0.000000E+000 -9.997125E-001 -2.397876E-002  0.000000E+000  0.000000E+000  0.000000E+000  1.000000E+000
  9.150000E+000  0.000000E+000  0.000000E+000  0.000000E+000  2.830587E-001  9.591026E-001  0.000000E+000 -9.591026E-001  2.830587E-001  0.000000E+000  0.000000E+000  0.000000E+000  1.000000E+000
  9.200000E+000  0.000000E+000  0.000000E+000  0.000000E+000  5.630627E-001  8.264142E-001  0.000000E+000 -8.264142E-001  5.630627E-001  0.000000E+000  0.000000E+000  0.000000E+000  1.000000E+000
  9.250000E+000  0.000000E+000  0.000000E+000  0.000000E+000  7.846222E-001  6.199742E-001  0.000000E+000 -6.199742E-001  7.846222E-001  0.000000E+000  0.000000E+000  0.000000E+000  1.000000E+000
  9.300000E+000  0.000000E+000  0.000000E+000  0.000000E+000  9.291742E-001  3.696422E-001  0.000000E+000 -3.696422E-001  9.291742E-001  0.000000E+000  0.000000E+000  0.000000E+000  1.000000E+000
  9.350000E+000  0.000000E+000  0.000000E+000  0.000000E+000  9.940772E-001  1.086760E-001  0.000000E+000 -1.086760E-001  9.940772E-001  0.000000E+000  0.000000E+000  0.000000E+000  1.000000E+000
  9.400000E+000  0.000000E+000  0.000000E+000  0.000000E+000  9.910874E-001 -1.332133E-001  0.000000E+000  1.332133E-001  9.910874E-001  0.000000E+000  0.000000E+000  0.000000E+000  1.000000E+000
  9.450000E+000  0.000000E+000  0.000000E+000  0.000000E+000  9.426813E-001 -3.336945E-001  0.000000E+000  3.336945E-001  9.426813E-001  0.000000E+000  0.000000E+000  0.000000E+000  1.000000E+000
  9.500000E+000  0.000000E+000  0.000000E+000  0.000000E+000  8.778517E-001 -4.789325E-001  0.000000E+000  4.789325E-001  8.778517E-001  0.000000E+000  0.000000E+000  0.000000E+000  1.000000E+000
  9.550000E+000  0.000000E+000  0.000000E+000  0.000000E+000  8.259665E-001 -5.637192E-001  0.000000E+000  5.637192E-001  8.259665E-001  0.000000E+000  0.000000E+000  0.000000E+000  1.000000E+000
  9.600000E+000  0.000000E+000  0.000000E+000  0.000000E+000  8.042506E-001 -5.942903E-001  0.000000E+000  5.942903E-001  8.042506E-001  0.000000E+000  0.000000E+000  0.000000E+000  1.000000E+000
  9.650000E+000  0.000000E+000  0.000000E+000  0.000000E+000  8.023383E-001 -5.968695E-001  0.000000E+000  5.968695E-001  8.023383E-001  0.000000E+000  0.000000E+000  0.000000E+000  1.000000E+000
  9.700000E+000  0.000000E+000  0.000000E+000  0.000000E+000  7.887501E-001 -6.147140E-001  0.000000E+000  6.147140E-001  7.887501E-001  0.000000E+000  0.000000E+000  0.000000E+000  1.000000E+000
  9.750000E+000  0.000000E+000  0.000000E+000  0.000000E+000  7.372105E-001 -6.756632E-001  0.000000E+000  6.756632E-001  7.372105E-001  0.000000E+000  0.000000E+000  0.000000E+000  1.000000E+000
  9.800000E+000  0.000000E+000  0.000000E+000  0.000000E+000  6.339984E-001 -7.733343E-001  0.000000E+000  7.733343E-001  6.339984E-001  0.000000E+000  0.000000E+000  0.000000E+000  1.000000E+000
  9.850000E+000  0.000000E+000  0.000000E+000  0.000000E+000  4.734166E-001 -8.808386E-001  0.000000E+000  8.808386E-001  4.734166E-001  0.000000E+000  0.000000E+000  0.000000E+000  1.000000E+000
  9.900000E+000  0.000000E+000  0.000000E+000  0.000000E+000  2.576029E-001 -9.662509E-001  0.000000E+000  9.662509E-001  2.576029E-001  0.000000E+000  0.000000E+000  0.000000E+000  1.000000E+000
  9.950000E+000  0.000000E+000  0.000000E+000  0.000000E+000 -1.693713E-003 -9.999986E-001  0.000000E+000  9.999986E-001 -1.693713E-003  0.000000E+000  0.000000E+000  0.000000E+000  1.000000E+000
