% FILE: vacuum/Data.2
%
%       t         P_No_Bo[1]     P_No_Bo[2]     P_No_Bo[3]      N_B[1,1]       N_B[1,2]       N_B[1,3]       N_B[2,1]       N_B[2,2]       N_B[2,3]       N_B[3,1]       N_B[3,2]       N_B[3,3]
%   (second)        (meter)        (meter)        (meter)       (NoUnits)      (NoUnits)      (NoUnits)      (NoUnits)      (NoUnits)      (NoUnits)      (NoUnits)      (NoUnits)      (NoUnits)

  0.000000E+000  0.000000E+000  0.000000E+000  0.000000E+000  1.000000E+000  0.000000E+000  0.000000E+000  0.000000E+000  1.000000E+000  0.000000E+000  0.000000E+000  0.000000E+000  1.000000E+000
  1.500000E-002  0.000000E+000  0.000000E+000  0.000000E+000  9.944878E-001 -2.797454E-003  1.048153E-001  3.095750E-003  9.999916E-001 -2.683336E-003 -1.048069E-001  2.993027E-003  9.944881E-001
  3.000000E-002  0.000000E+000  0.000000E+000  0.000000E+000  9.780108E-001 -5.220422E-003  2.084889E-001  6.345588E-003  9.999687E-001 -4.728282E-003 -2.084577E-001  5.947296E-003  9.780133E-001
  4.500000E-002  0.000000E+000  0.000000E+000  0.000000E+000  9.507494E-001 -7.316013E-003  3.098743E-001  9.692709E-003  9.999342E-001 -6.130888E-003 -3.098091E-001  8.832459E-003  9.507578E-001
  6.000000E-002  0.000000E+000  0.000000E+000  0.000000E+000  9.130031E-001 -9.131969E-003  4.078505E-001  1.307984E-002  9.998907E-001 -6.892142E-003 -4.077429E-001  1.162717E-002  9.130227E-001
  7.500000E-002  0.000000E+000  0.000000E+000  0.000000E+000  8.651874E-001 -1.071550E-002  5.013342E-001  1.644980E-002  9.998401E-001 -7.018014E-003 -5.011789E-001  1.431874E-002  8.652253E-001
  9.000000E-002  0.000000E+000  0.000000E+000  0.000000E+000  8.078290E-001 -1.211219E-002  5.892925E-001  1.974605E-002  9.997838E-001 -6.519441E-003 -5.890861E-001  1.690279E-002  8.078935E-001
  1.050000E-001  0.000000E+000  0.000000E+000  0.000000E+000  7.415602E-001 -1.336499E-002  6.707532E-001  2.291327E-002  9.997228E-001 -5.412249E-003 -6.704949E-001  1.938266E-002  7.416609E-001
  1.200000E-001  0.000000E+000  0.000000E+000  0.000000E+000  6.671117E-001 -1.451325E-002  7.448163E-001  2.589788E-002  9.996577E-001 -3.717013E-003 -7.445074E-001  2.176883E-002  6.672592E-001
  1.350000E-001  0.000000E+000  0.000000E+000  0.000000E+000  5.853045E-001 -1.559191E-002  8.106636E-001  2.864857E-002  9.995885E-001 -1.458861E-003 -8.103073E-001  2.407823E-002  5.855103E-001
  1.500000E-001  0.000000E+000  0.000000E+000  0.000000E+000  4.970411E-001 -1.663068E-002  8.675676E-001  3.111681E-002  9.995149E-001  1.332781E-003 -8.671689E-001  2.633349E-002  4.973175E-001
  1.650000E-001  0.000000E+000  0.000000E+000  0.000000E+000  4.032952E-001 -1.765342E-002  9.148996E-001  3.325731E-002  9.994361E-001  4.624498E-003 -9.144654E-001  2.856206E-002  4.036549E-001
  1.800000E-001  0.000000E+000  0.000000E+000  0.000000E+000  3.051011E-001 -1.867752E-002  9.521368E-001  3.502845E-002  9.993512E-001  8.379244E-003 -9.516755E-001  3.079536E-002  3.055573E-001
  1.950000E-001  0.000000E+000  0.000000E+000  0.000000E+000  2.035421E-001 -1.971345E-002  9.788677E-001  3.639268E-002  9.992587E-001  1.255675E-002 -9.783896E-001  3.306780E-002  2.041086E-001
  2.100000E-001  0.000000E+000  0.000000E+000  0.000000E+000  9.973890E-002 -2.076438E-002  9.947970E-001  3.731689E-002  9.991569E-001  1.711397E-002 -9.943136E-001  3.541580E-002  1.004297E-001
  2.250000E-001  0.000000E+000  0.000000E+000  0.000000E+000 -5.163175E-003 -2.182586E-002  9.997485E-001  3.777266E-002  9.990440E-001  2.200556E-002 -9.992730E-001  3.787678E-002 -4.333818E-003
  2.400000E-001  0.000000E+000  0.000000E+000  0.000000E+000 -1.100067E-001 -2.288576E-002  9.936673E-001  3.773656E-002  9.989179E-001  2.718442E-002 -9.932142E-001  4.048805E-002 -1.090240E-001
  2.550000E-001  0.000000E+000  0.000000E+000  0.000000E+000 -2.136348E-001 -2.392411E-002  9.766206E-001  3.719030E-002  9.987762E-001  3.260219E-002 -9.762054E-001  4.328578E-002 -2.124836E-001
  2.700000E-001  0.000000E+000  0.000000E+000  0.000000E+000 -3.149042E-001 -2.491323E-002  9.487964E-001  3.612091E-002  9.986167E-001  3.820987E-002 -9.484359E-001  4.630384E-002 -3.135687E-001
  2.850000E-001  0.000000E+000  0.000000E+000  0.000000E+000 -4.126978E-001 -2.581790E-002  9.105021E-001  3.452076E-002  9.984368E-001  4.395836E-002 -9.102136E-001  4.957274E-002 -4.111614E-001
  3.000000E-001  0.000000E+000  0.000000E+000  0.000000E+000 -5.059367E-001 -2.659567E-002  8.621605E-001  3.238762E-002  9.982340E-001  4.979906E-002 -8.619623E-001  5.311850E-002 -5.041818E-001
  3.150000E-001  0.000000E+000  0.000000E+000  0.000000E+000 -5.935927E-001 -2.719727E-002  8.043059E-001  2.972459E-002  9.980059E-001  5.568446E-002 -8.042165E-001  5.696155E-002 -5.916006E-001
  3.300000E-001  0.000000E+000  0.000000E+000  0.000000E+000 -6.746993E-001 -2.756722E-002  7.375777E-001  2.653999E-002  9.977499E-001  6.156870E-002 -7.376154E-001  6.111566E-002 -6.724495E-001
  3.450000E-001  0.000000E+000  0.000000E+000  0.000000E+000 -7.483624E-001 -2.764446E-002  6.627138E-001  2.284720E-002  9.974639E-001  6.740819E-002 -6.628965E-001  6.558691E-002 -7.458328E-001
  3.600000E-001  0.000000E+000  0.000000E+000  0.000000E+000 -8.137704E-001 -2.736322E-002  5.805420E-001  1.866445E-002  9.971454E-001  7.316213E-002 -5.808867E-001  7.037267E-002 -8.109367E-001
  3.750000E-001  0.000000E+000  0.000000E+000  0.000000E+000 -8.702031E-001 -2.665398E-002  4.919716E-001  1.401450E-002  9.967925E-001  7.879305E-002 -4.924938E-001  7.546069E-002 -8.670384E-001
  3.900000E-001  0.000000E+000  0.000000E+000  0.000000E+000 -9.170398E-001 -2.544454E-002  3.979832E-001  8.924319E-003  9.964032E-001  8.426732E-002 -3.986958E-001  8.082822E-002 -9.135143E-001
  4.050000E-001  0.000000E+000  0.000000E+000  0.000000E+000 -9.537659E-001 -2.366127E-002  2.996176E-001  3.424730E-003  9.959759E-001  8.955564E-002 -3.005309E-001  8.644123E-002 -9.498469E-001
  4.200000E-001  0.000000E+000  0.000000E+000  0.000000E+000 -9.799791E-001 -2.123047E-002  1.979650E-001 -2.450065E-003  9.955092E-001  9.463344E-002 -1.990851E-001  9.225377E-002 -9.756302E-001
  4.350000E-001  0.000000E+000  0.000000E+000  0.000000E+000 -9.953936E-001 -1.807985E-002  9.415292E-002 -8.662934E-003  9.950017E-001  9.948129E-002 -9.548093E-002  9.820740E-002 -9.905749E-001
  4.500000E-001  0.000000E+000  0.000000E+000  0.000000E+000 -9.998431E-001 -1.414017E-002 -1.066646E-002 -1.517433E-002  9.944526E-001  1.040853E-001  9.135505E-003  1.042308E-001 -9.945112E-001
  4.650000E-001  0.000000E+000  0.000000E+000  0.000000E+000 -9.932834E-001 -9.346925E-003 -1.153285E-001 -2.194282E-002  9.938611E-001  1.084372E-001  1.136070E-001  1.102395E-001 -9.873909E-001
  4.800000E-001  0.000000E+000  0.000000E+000  0.000000E+000 -9.757923E-001 -3.642233E-003 -2.186691E-001 -2.892569E-002  9.932267E-001  1.125349E-001  2.167781E-001  1.161358E-001 -9.692883E-001
  4.950000E-001  0.000000E+000  0.000000E+000  0.000000E+000 -9.475688E-001  3.023277E-003 -3.195374E-001 -3.607947E-002  9.925489E-001  1.163824E-001  3.175083E-001  1.218091E-001 -9.403994E-001
  5.100000E-001  0.000000E+000  0.000000E+000  0.000000E+000 -9.089317E-001  1.068844E-002 -4.168081E-001 -4.336058E-002  9.918277E-001  1.199902E-001  4.146843E-001  1.271360E-001 -9.010401E-001
  5.250000E-001  0.000000E+000  0.000000E+000  0.000000E+000 -8.603149E-001  1.937951E-002 -5.093944E-001 -5.072592E-002  9.910628E-001  1.233751E-001  5.072328E-001  1.319809E-001 -8.516431E-001
  5.400000E-001  0.000000E+000  0.000000E+000  0.000000E+000 -8.022639E-001  2.910803E-002 -5.962595E-001 -5.813348E-002  9.902540E-001  1.265602E-001  5.941322E-001  1.361973E-001 -7.927529E-001
  5.550000E-001  0.000000E+000  0.000000E+000  0.000000E+000 -7.354288E-001  3.986874E-002 -6.764281E-001 -6.554294E-002  9.894010E-001  1.295752E-001  6.744246E-001  1.396284E-001 -7.250209E-001
  5.700000E-001  0.000000E+000  0.000000E+000  0.000000E+000 -6.605576E-001  5.163748E-002 -7.489975E-001 -7.291623E-002  9.885032E-001  1.324560E-001  7.472261E-001  1.421089E-001 -6.491981E-001
  5.850000E-001  0.000000E+000  0.000000E+000  0.000000E+000 -5.784878E-001  6.436915E-002 -8.131473E-001 -8.021816E-002  9.875596E-001  1.352444E-001  8.117370E-001  1.434664E-001 -5.661276E-001
  6.000000E-001  0.000000E+000  0.000000E+000  0.000000E+000 -4.901368E-001  7.799576E-002 -8.681489E-001 -8.741688E-002  9.865686E-001  1.379883E-001  8.672509E-001  1.435240E-001 -4.767354E-001
  6.150000E-001  0.000000E+000  0.000000E+000  0.000000E+000 -3.964921E-001  9.242456E-002 -9.133738E-001 -9.448448E-002  9.855276E-001  1.407412E-001  9.131630E-001  1.421024E-001 -3.820212E-001
  6.300000E-001  0.000000E+000  0.000000E+000  0.000000E+000 -2.985997E-001  1.075365E-001 -9.483006E-001 -1.013974E-001  9.844331E-001  1.435617E-001  9.489767E-001  1.390227E-001 -2.830476E-001
  6.450000E-001  0.000000E+000  0.000000E+000  0.000000E+000 -1.975527E-001  1.231845E-001 -9.725217E-001 -1.081368E-001  9.832803E-001  1.465136E-001  9.743097E-001  1.341096E-001 -1.809289E-001
  6.600000E-001  0.000000E+000  0.000000E+000  0.000000E+000 -9.447849E-002  1.391929E-001 -9.857480E-001 -1.146891E-001  9.820625E-001  1.496648E-001  9.888985E-001  1.271947E-001 -7.681987E-002
  6.750000E-001  0.000000E+000  0.000000E+000  0.000000E+000  9.473882E-003  1.553560E-001 -9.878131E-001 -1.210463E-001  9.807711E-001  1.530876E-001  9.926017E-001  1.181208E-001  2.809698E-002
  6.900000E-001  0.000000E+000  0.000000E+000  0.000000E+000  1.131470E-001  1.714380E-001 -9.786760E-001 -1.272058E-001  9.793949E-001  1.568574E-001  9.854017E-001  1.067453E-001  1.326235E-001
  7.050000E-001  0.000000E+000  0.000000E+000  0.000000E+000  2.153883E-001  1.871729E-001 -9.584228E-001 -1.331713E-001  9.779200E-001  1.610527E-001  9.674054E-001  9.294552E-002  2.355586E-001
  7.200000E-001  0.000000E+000  0.000000E+000  0.000000E+000  3.150641E-001  2.022652E-001 -9.272666E-001 -1.389523E-001  9.763287E-001  1.657543E-001  9.388434E-001  7.662261E-002  3.357113E-001
  7.350000E-001  0.000000E+000  0.000000E+000  0.000000E+000  4.110723E-001  2.163911E-001 -8.855475E-001 -1.445646E-001  9.745998E-001  1.710447E-001  9.000670E-001  5.770709E-002  4.319135E-001
  7.500000E-001  0.000000E+000  0.000000E+000  0.000000E+000  5.023561E-001  2.292002E-001 -8.337299E-001 -1.500299E-001  9.727073E-001  1.770072E-001  8.515453E-001  3.616374E-002  5.230323E-001
  7.650000E-001  0.000000E+000  0.000000E+000  0.000000E+000  5.879166E-001  2.403182E-001 -7.723997E-001 -1.553759E-001  9.706200E-001  1.837256E-001  7.938592E-001  1.199696E-002  6.079832E-001
  7.800000E-001  0.000000E+000  0.000000E+000  0.000000E+000  6.668249E-001  2.493503E-001 -7.022599E-001 -1.606359E-001  9.683011E-001  1.912827E-001  7.276955E-001 -1.474396E-002  6.857419E-001
  7.950000E-001  0.000000E+000  0.000000E+000  0.000000E+000  7.382342E-001  2.558858E-001 -6.241256E-001 -1.658487E-001  9.657070E-001  1.997604E-001  6.538383E-001 -4.395957E-002  7.553562E-001
  8.100000E-001  0.000000E+000  0.000000E+000  0.000000E+000  8.013904E-001  2.595030E-001 -5.389171E-001 -1.710580E-001  9.627869E-001  2.092379E-001  5.731602E-001 -7.549516E-002  8.159582E-001
  8.250000E-001  0.000000E+000  0.000000E+000  0.000000E+000  8.556420E-001  2.597756E-001 -4.476532E-001 -1.763119E-001  9.594821E-001  2.197912E-001  4.866116E-001 -1.091360E-001  8.667747E-001
  8.400000E-001  0.000000E+000  0.000000E+000  0.000000E+000  9.004491E-001  2.562806E-001 -3.514423E-001 -1.816623E-001  9.557250E-001  2.314921E-001  3.952091E-001 -1.446030E-001  9.071382E-001
  8.550000E-001  0.000000E+000  0.000000E+000  0.000000E+000  9.353909E-001  2.486062E-001 -2.514733E-001 -1.871642E-001  9.514383E-001  2.444067E-001  3.000224E-001 -1.815490E-001  9.364969E-001
  8.700000E-001  0.000000E+000  0.000000E+000  0.000000E+000  9.601720E-001  2.363620E-001 -1.490055E-001 -1.928746E-001  9.465348E-001  2.585947E-001  2.021608E-001 -2.195561E-001  9.544245E-001
  8.850000E-001  0.000000E+000  0.000000E+000  0.000000E+000  9.746275E-001  2.191894E-001 -4.535689E-002 -1.988516E-001  9.409161E-001  2.741075E-001  1.027585E-001 -2.581334E-001  9.606288E-001
  9.000000E-001  0.000000E+000  0.000000E+000  0.000000E+000  9.787254E-001  1.967742E-001  5.810771E-002 -2.051532E-001  9.344724E-001  2.909871E-001  2.958711E-003 -2.967175E-001  9.549607E-001
  9.150000E-001  0.000000E+000  0.000000E+000  0.000000E+000  9.725686E-001  1.688589E-001  1.599903E-001 -2.118363E-001  9.270819E-001  3.092643E-001 -9.610209E-002 -3.346725E-001  9.374213E-001
  9.300000E-001  0.000000E+000  0.000000E+000  0.000000E+000  9.563941E-001  1.352568E-001  2.588741E-001 -2.189546E-001  9.186109E-001  3.289571E-001 -1.933109E-001 -3.712944E-001  9.081692E-001
  9.450000E-001  0.000000E+000  0.000000E+000  0.000000E+000  9.305700E-001  9.586696E-002  3.533396E-001 -2.265578E-001  9.089133E-001  3.500688E-001 -2.875951E-001 -4.058154E-001  8.675269E-001
  9.600000E-001  0.000000E+000  0.000000E+000  0.000000E+000  8.955908E-001  5.068847E-002  4.419816E-001 -2.346894E-001  8.978311E-001  3.725858E-001 -3.779390E-001 -4.374128E-001  8.159854E-001
  9.750000E-001  0.000000E+000  0.000000E+000  0.000000E+000  8.520700E-001 -1.640346E-004  5.234278E-001 -2.433851E-001  8.851953E-001  3.964756E-001 -4.634009E-001 -4.652195E-001  7.542084E-001
  9.900000E-001  0.000000E+000  0.000000E+000  0.000000E+000  8.007300E-001 -5.644606E-002  5.963600E-001 -2.526707E-001  8.708270E-001  4.216845E-001 -5.431288E-001 -4.883382E-001  6.830350E-001
  1.005000E+000  0.000000E+000  0.000000E+000  0.000000E+000  7.423902E-001 -1.177698E-001  6.595354E-001 -2.625605E-001  8.545388E-001  4.481355E-001 -6.163754E-001 -5.058594E-001  6.034796E-001
  1.020000E+000  0.000000E+000  0.000000E+000  0.000000E+000  6.779518E-001 -1.835927E-001  7.118111E-001 -2.730549E-001  8.361376E-001  4.757256E-001 -6.825118E-001 -5.168826E-001  5.167301E-001
  1.035000E+000  0.000000E+000  0.000000E+000  0.000000E+000  6.083799E-001 -2.532081E-001  7.521699E-001 -2.841390E-001  8.154276E-001  5.043240E-001 -7.410391E-001 -5.205414E-001  4.241435E-001
  1.050000E+000  0.000000E+000  0.000000E+000  0.000000E+000  5.346842E-001 -3.257409E-001  7.797471E-001 -2.957802E-001  7.922143E-001  5.337700E-001 -7.915977E-001 -5.160322E-001  3.272368E-001
  1.065000E+000  0.000000E+000  0.000000E+000  0.000000E+000  4.578964E-001 -4.001466E-001  7.938598E-001 -3.079273E-001  7.663092E-001  5.638714E-001 -8.339734E-001 -5.026458E-001  2.276742E-001
  1.080000E+000  0.000000E+000  0.000000E+000  0.000000E+000  3.790469E-001 -4.752173E-001  7.940352E-001 -3.205087E-001  7.375353E-001  5.944037E-001 -8.681000E-001 -4.798021E-001  1.272492E-001
  1.095000E+000  0.000000E+000  0.000000E+000  0.000000E+000  2.991393E-001 -5.495943E-001  7.800395E-001 -3.334320E-001  7.057343E-001  6.251096E-001 -8.940574E-001 -4.470850E-001  2.786059E-002
  1.110000E+000  0.000000E+000  0.000000E+000  0.000000E+000  2.191255E-001 -6.217892E-001  7.519057E-001 -3.465837E-001  6.707731E-001  6.557004E-001 -9.120656E-001 -4.042790E-001 -6.851852E-002
  1.125000E+000  0.000000E+000  0.000000E+000  0.000000E+000  1.398807E-001 -6.902133E-001  7.099570E-001 -3.598300E-001  6.325520E-001  6.858572E-001 -9.224726E-001 -3.514021E-001 -1.598777E-001
  1.140000E+000  0.000000E+000  0.000000E+000  0.000000E+000  6.218080E-002 -7.532167E-001  6.548267E-001 -3.730180E-001  5.910126E-001  7.152353E-001 -9.257381E-001 -2.887361E-001 -2.442138E-001
  1.155000E+000  0.000000E+000  0.000000E+000  0.000000E+000 -1.331753E-002 -8.091359E-001  5.874706E-001 -3.859782E-001  5.461458E-001  7.434685E-001 -9.224117E-001 -2.168497E-001 -3.195822E-001
  1.170000E+000  0.000000E+000  0.000000E+000  0.000000E+000 -8.609208E-002 -8.563493E-001  5.091699E-001 -3.985282E-001  4.979988E-001  7.701768E-001 -9.131064E-001 -1.366125E-001 -3.841532E-001
  1.185000E+000  0.000000E+000  0.000000E+000  0.000000E+000 -1.557645E-001 -8.933391E-001  4.215241E-001 -4.104771E-001  4.466819E-001  7.949740E-001 -8.984686E-001 -4.919724E-002 -4.362725E-001
  1.200000E+000  0.000000E+000  0.000000E+000  0.000000E+000 -2.221029E-001 -9.187568E-001  3.264295E-001 -4.216308E-001  3.923721E-001  8.174787E-001 -8.791460E-001  4.393165E-002 -4.745232E-001
  1.215000E+000  0.000000E+000  0.000000E+000  0.000000E+000 -2.850160E-001 -9.314877E-001  2.260451E-001 -4.317986E-001  3.353160E-001  8.373249E-001 -8.557545E-001  1.410450E-001 -4.977856E-001
  1.230000E+000  0.000000E+000  0.000000E+000  0.000000E+000 -3.445399E-001 -9.307128E-001  1.227432E-001 -4.407996E-001  2.758285E-001  8.541746E-001 -8.288473E-001  2.401920E-001 -5.052919E-001
  1.245000E+000  0.000000E+000  0.000000E+000  0.000000E+000 -4.008161E-001 -9.159605E-001  1.904611E-002 -4.484699E-001  2.142896E-001  8.677296E-001 -7.988874E-001  3.392584E-001 -4.966715E-001
  1.260000E+000  0.000000E+000  0.000000E+000  0.000000E+000 -4.540634E-001 -8.871464E-001 -8.244787E-002 -4.546690E-001  1.511368E-001  8.777435E-001 -7.662261E-001  4.360377E-001 -4.719837E-001
  1.275000E+000  0.000000E+000  0.000000E+000  0.000000E+000 -5.045437E-001 -8.445956E-001 -1.791478E-001 -4.592859E-001  8.685499E-002  8.840320E-001 -7.310896E-001  5.283128E-001 -4.317331E-001
  1.290000E+000  0.000000E+000  0.000000E+000  0.000000E+000 -5.525252E-001 -7.890454E-001 -2.685575E-001 -4.622439E-001  2.196355E-002  8.864808E-001 -6.935751E-001  6.139420E-001 -3.768669E-001
  1.305000E+000  0.000000E+000  0.000000E+000  0.000000E+000 -5.982456E-001 -7.216274E-001 -3.483620E-001 -4.635035E-001 -4.299912E-002  8.850511E-001 -6.536564E-001  6.909450E-001 -3.087528E-001
  1.320000E+000  0.000000E+000  0.000000E+000  0.000000E+000 -6.418774E-001 -6.438277E-001 -4.165085E-001 -4.630643E-001 -1.074919E-001  8.797823E-001 -6.111995E-001  7.575825E-001 -2.291371E-001
  1.335000E+000  0.000000E+000  0.000000E+000  0.000000E+000 -6.834985E-001 -5.574304E-001 -4.712761E-001 -4.609645E-001 -1.709879E-001  8.707898E-001 -5.659872E-001  8.124250E-001 -1.400857E-001
  1.350000E+000  0.000000E+000  0.000000E+000  0.000000E+000 -7.230711E-001 -4.644447E-001 -5.113309E-001 -4.572781E-001 -2.329901E-001  8.582612E-001 -5.177499E-001  8.544043E-001 -4.391205E-002
  1.365000E+000  0.000000E+000  0.000000E+000  0.000000E+000 -7.604287E-001 -3.670231E-001 -5.357632E-001 -4.521113E-001 -2.930457E-001  8.424485E-001 -4.662012E-001  8.828466E-001  5.690498E-002
  1.380000E+000  0.000000E+000  0.000000E+000  0.000000E+000 -7.952739E-001 -2.673756E-001 -5.441045E-001 -4.455971E-001 -3.507579E-001  8.236577E-001 -4.110749E-001  8.974849E-001  1.598068E-001
  1.395000E+000  0.000000E+000  0.000000E+000  0.000000E+000 -8.271859E-001 -1.676842E-001 -5.363259E-001 -4.378887E-001 -4.057941E-001  8.022372E-001 -3.521604E-001  8.984504E-001  2.622400E-001
  1.410000E+000  0.000000E+000  0.000000E+000  0.000000E+000 -8.556361E-001 -7.002599E-002 -5.128189E-001 -4.291528E-001 -4.578911E-001  7.785651E-001 -2.893350E-001  8.862461E-001  3.617362E-001
  1.425000E+000  0.000000E+000  0.000000E+000  0.000000E+000 -8.800119E-001  2.369481E-002 -4.743602E-001 -4.195627E-001 -5.068570E-001  7.530359E-001 -2.225897E-001  8.617044E-001  4.559816E-001
  1.440000E+000  0.000000E+000  0.000000E+000  0.000000E+000 -8.996452E-001  1.117998E-001 -4.220655E-001 -4.092917E-001 -5.525699E-001  7.260487E-001 -1.520486E-001  8.259342E-001  5.428755E-001
  1.455000E+000  0.000000E+000  0.000000E+000  0.000000E+000 -9.138441E-001  1.928747E-001 -3.573351E-001 -3.985076E-001 -5.949737E-001  6.979957E-001 -7.797926E-002  7.802600E-001  6.205751E-001
  1.470000E+000  0.000000E+000  0.000000E+000  0.000000E+000 -9.219251E-001  2.657920E-001 -2.817953E-001 -3.873672E-001 -6.340721E-001  6.692527E-001 -7.965110E-004  7.261591E-001  6.875261E-001
  1.485000E+000  0.000000E+000  0.000000E+000  0.000000E+000 -9.232454E-001  3.297191E-001 -1.972390E-001 -3.760134E-001 -6.699213E-001  6.401713E-001  7.894214E-002  6.651997E-001  7.424805E-001
  1.500000E+000  0.000000E+000  0.000000E+000  0.000000E+000 -9.172308E-001  3.841134E-001 -1.055681E-001 -3.645715E-001 -7.026214E-001  6.110735E-001  1.605471E-001  5.989825E-001  7.845027E-001
  1.515000E+000  0.000000E+000  0.000000E+000  0.000000E+000 -9.034012E-001  4.287071E-001 -8.740236E-003 -3.531483E-001 -7.323079E-001  5.822469E-001  2.432128E-001  5.290891E-001  8.129650E-001
  1.530000E+000  0.000000E+000  0.000000E+000  0.000000E+000 -8.813915E-001  4.634836E-001  9.127920E-002 -3.418311E-001 -7.591433E-001  5.539431E-001  3.260376E-001  4.570387E-001  8.275355E-001
  1.545000E+000  0.000000E+000  0.000000E+000  0.000000E+000 -8.509664E-001  4.886485E-001  1.925588E-001 -3.306879E-001 -7.833091E-001  5.263766E-001  4.080462E-001  3.842520E-001  8.281598E-001
  1.560000E+000  0.000000E+000  0.000000E+000  0.000000E+000 -8.120314E-001  5.045966E-001  2.932360E-001 -3.197685E-001 -8.049986E-001  4.997254E-001  4.882143E-001  3.120250E-001  8.150381E-001
  1.575000E+000  0.000000E+000  0.000000E+000  0.000000E+000 -7.646384E-001  5.118786E-001  3.915462E-001 -3.091052E-001 -8.244107E-001  4.741317E-001  5.654927E-001  2.415104E-001  7.886004E-001
  1.590000E+000  0.000000E+000  0.000000E+000  0.000000E+000 -7.089873E-001  5.111670E-001  4.858449E-001 -2.987153E-001 -8.417449E-001  4.497050E-001  6.388319E-001  1.737058E-001  7.494798E-001
  1.605000E+000  0.000000E+000  0.000000E+000  0.000000E+000 -6.454228E-001  5.032243E-001  5.746257E-001 -2.886027E-001 -8.571966E-001  4.265236E-001  7.072043E-001  1.094496E-001  6.984861E-001
  1.620000E+000  0.000000E+000  0.000000E+000  0.000000E+000 -5.744289E-001  4.888727E-001  6.565325E-001 -2.787598E-001 -8.709541E-001  4.046381E-001  7.696262E-001  4.942096E-002  6.365792E-001
  1.635000E+000  0.000000E+000  0.000000E+000  0.000000E+000 -4.966195E-001  4.689680E-001  7.303684E-001 -2.691699E-001 -8.831958E-001  3.840740E-001  8.251767E-001 -5.854620E-003  5.648443E-001
  1.650000E+000  0.000000E+000  0.000000E+000  0.000000E+000 -4.127276E-001  4.443755E-001  7.951014E-001 -2.598094E-001 -8.940887E-001  3.648347E-001  8.730149E-001 -5.599750E-002  4.844680E-001
  1.665000E+000  0.000000E+000  0.000000E+000  0.000000E+000 -3.235917E-001  4.159505E-001  8.498668E-001 -2.506492E-001 -9.037876E-001  3.469048E-001  9.123943E-001 -1.007629E-001  3.967158E-001
  1.680000E+000  0.000000E+000  0.000000E+000  0.000000E+000 -2.301418E-001  3.845214E-001  8.939675E-001 -2.416570E-001 -9.124337E-001  3.302523E-001  9.426752E-001 -1.400287E-001  3.029114E-001
  1.695000E+000  0.000000E+000  0.000000E+000  0.000000E+000 -1.333837E-001  3.508763E-001  9.268735E-001 -2.327989E-001 -9.201553E-001  3.148316E-001  9.633345E-001 -1.737817E-001  2.044173E-001
  1.710000E+000  0.000000E+000  0.000000E+000  0.000000E+000 -3.438300E-002  3.157525E-001  9.482184E-001 -2.240404E-001 -9.270675E-001  3.005855E-001  9.739731E-001 -2.021043E-001  1.026166E-001
  1.725000E+000  0.000000E+000  0.000000E+000  0.000000E+000  6.575138E-002  2.798291E-001  9.577956E-001 -2.153486E-001 -9.332731E-001  2.874480E-001  9.743211E-001 -2.251600E-001 -1.103258E-003
  1.740000E+000  0.000000E+000  0.000000E+000  0.000000E+000  1.658834E-001  2.437214E-001  9.555535E-001 -2.066922E-001 -9.388626E-001  2.753458E-001  9.642411E-001 -2.431808E-001 -1.053665E-001
  1.755000E+000  0.000000E+000  0.000000E+000  0.000000E+000  2.648664E-001  2.079775E-001  9.415896E-001 -1.980434E-001 -9.439158E-001  2.642004E-001  9.437290E-001 -2.564535E-001 -2.088231E-001
  1.770000E+000  0.000000E+000  0.000000E+000  0.000000E+000  3.615589E-001  1.730776E-001  9.161436E-001 -1.893780E-001 -9.485019E-001  2.539294E-001  9.129135E-001 -2.653079E-001 -3.101623E-001
  1.785000E+000  0.000000E+000  0.000000E+000  0.000000E+000  4.548400E-001  1.394334E-001  8.795901E-001 -1.806763E-001 -9.526810E-001  2.444483E-001  8.720531E-001 -2.701060E-001 -4.081251E-001
  1.800000E+000  0.000000E+000  0.000000E+000  0.000000E+000  5.436237E-001  1.073899E-001  8.324305E-001 -1.719233E-001 -9.565046E-001  2.356720E-001  8.215324E-001 -2.712311E-001 -5.015159E-001
  1.815000E+000  0.000000E+000  0.000000E+000  0.000000E+000  6.268736E-001  7.722780E-002  7.752840E-001 -1.631093E-001 -9.600168E-001  2.275152E-001  7.618561E-001 -2.690793E-001 -5.892127E-001
  1.830000E+000  0.000000E+000  0.000000E+000  0.000000E+000  7.036149E-001  4.916650E-002  7.088784E-001 -1.542298E-001 -9.632548E-001  2.198941E-001  6.936420E-001 -2.640510E-001 -6.701775E-001
  1.845000E+000  0.000000E+000  0.000000E+000  0.000000E+000  7.729468E-001  2.336832E-002  6.340402E-001 -1.452857E-001 -9.662500E-001  2.127274E-001  6.176124E-001 -2.565440E-001 -7.434649E-001
  1.860000E+000  0.000000E+000  0.000000E+000  0.000000E+000  8.340535E-001 -5.739849E-005  5.516835E-001 -1.362831E-001 -9.690289E-001  2.059366E-001  5.345854E-001 -2.469473E-001 -8.082298E-001
  1.875000E+000  0.000000E+000  0.000000E+000  0.000000E+000  8.862131E-001 -2.104957E-002  4.627993E-001 -1.272334E-001 -9.716134E-001  1.994469E-001  4.454637E-001 -2.356360E-001 -8.637348E-001
  1.890000E+000  0.000000E+000  0.000000E+000  0.000000E+000  9.288065E-001 -3.959054E-002  3.684438E-001 -1.181528E-001 -9.740217E-001  1.931883E-001  3.512238E-001 -2.229673E-001 -9.093555E-001
  1.905000E+000  0.000000E+000  0.000000E+000  0.000000E+000  9.613245E-001 -5.570115E-002  2.697265E-001 -1.090619E-001 -9.762688E-001  1.870955E-001  2.529041E-001 -2.092765E-001 -9.445861E-001
  1.920000E+000  0.000000E+000  0.000000E+000  0.000000E+000  9.833730E-001 -6.943586E-002  1.677976E-001 -9.998584E-002 -9.783672E-001  1.811088E-001  1.515922E-001 -1.948749E-001 -9.690426E-001
  1.935000E+000  0.000000E+000  0.000000E+000  0.000000E+000  9.946777E-001 -8.087789E-002  6.383549E-002 -9.095321E-002 -9.803272E-001  1.751742E-001  4.841195E-002 -1.800479E-001 -9.824658E-001
  1.950000E+000  0.000000E+000  0.000000E+000  0.000000E+000  9.950866E-001 -9.013456E-002 -4.096571E-002 -8.199600E-002 -9.821574E-001  1.692439E-001 -5.548950E-002 -1.650533E-001 -9.847225E-001
  1.965000E+000  0.000000E+000  0.000000E+000  0.000000E+000  9.845721E-001 -9.733281E-002 -1.454093E-001 -7.314893E-002 -9.838648E-001  1.632765E-001 -1.589553E-001 -1.501210E-001 -9.758058E-001
  1.980000E+000  0.000000E+000  0.000000E+000  0.000000E+000  9.632304E-001 -1.026150E-001 -2.483087E-001 -6.444889E-002 -9.854556E-001  1.572372E-001 -2.608321E-001 -1.354525E-001 -9.558343E-001
  1.995000E+000  0.000000E+000  0.000000E+000  0.000000E+000  9.312804E-001 -1.061348E-001 -3.484999E-001 -5.593437E-002 -9.869350E-001  1.510978E-001 -3.599835E-001 -1.212213E-001 -9.250499E-001
  2.010000E+000  0.000000E+000  0.000000E+000  0.000000E+000  8.890609E-001 -1.080538E-001 -4.448538E-001 -4.764486E-002 -9.883078E-001  1.448369E-001 -4.553026E-001 -1.075738E-001 -8.838141E-001
  2.025000E+000  0.000000E+000  0.000000E+000  0.000000E+000  8.370270E-001 -1.085379E-001 -5.362883E-001 -3.962027E-002 -9.895781E-001  1.384395E-001 -5.457251E-001 -9.462973E-002 -8.326040E-001
  2.040000E+000  0.000000E+000  0.000000E+000  0.000000E+000  7.757441E-001 -1.077544E-001 -6.217797E-001 -3.190030E-002 -9.907499E-001  1.318974E-001 -6.302407E-001 -8.248371E-002 -7.720059E-001
  2.055000E+000  0.000000E+000  0.000000E+000  0.000000E+000  7.058817E-001 -1.058691E-001 -7.003732E-001 -2.452384E-002 -9.918273E-001  1.252088E-001 -7.079050E-001 -7.120679E-002 -7.027091E-001
  2.070000E+000  0.000000E+000  0.000000E+000  0.000000E+000  6.282059E-001 -1.030443E-001 -7.711933E-001 -1.752843E-002 -9.928139E-001  1.183780E-001 -7.778496E-001 -6.084795E-002 -6.254978E-001
  2.085000E+000  0.000000E+000  0.000000E+000  0.000000E+000  5.435703E-001 -9.943629E-002 -8.334528E-001 -1.094967E-002 -9.937136E-001  1.114152E-001 -8.392921E-001 -5.143594E-002 -5.412421E-001
  2.100000E+000  0.000000E+000  0.000000E+000  0.000000E+000  4.529068E-001 -9.519394E-002 -8.864612E-001 -4.820705E-003 -9.945304E-001  1.043361E-001 -8.915448E-001 -4.298119E-002 -4.508886E-001
  2.115000E+000  0.000000E+000  0.000000E+000  0.000000E+000  3.572147E-001 -9.045698E-002 -9.296317E-001  8.283056E-004 -9.952682E-001  9.716196E-002 -9.340219E-001 -3.547770E-002 -3.554496E-001
  2.130000E+000  0.000000E+000  0.000000E+000  0.000000E+000  2.575496E-001 -8.535494E-002 -9.624877E-001  5.970607E-003 -9.959312E-001  8.991842E-002 -9.662466E-001 -2.890509E-002 -2.559921E-001
  2.145000E+000  0.000000E+000  0.000000E+000  0.000000E+000  1.550117E-001 -8.000624E-002 -9.846676E-001  1.058329E-002 -9.965236E-001  8.263564E-002 -9.878559E-001 -2.323051E-002 -1.536261E-001
  2.160000E+000  0.000000E+000  0.000000E+000  0.000000E+000  5.073332E-002 -7.451750E-002 -9.959283E-001  1.464764E-002 -9.970497E-001  7.534756E-002 -9.986048E-001 -1.841064E-002 -4.949221E-002
  2.175000E+000  0.000000E+000  0.000000E+000  0.000000E+000 -5.413343E-002 -6.898311E-002 -9.961480E-001  1.814949E-002 -9.975140E-001  6.809141E-002 -9.983687E-001 -1.439356E-002  5.525079E-002
  2.190000E+000  0.000000E+000  0.000000E+000  0.000000E+000 -1.584298E-001 -6.348506E-002 -9.853271E-001  2.107945E-002 -9.979208E-001  6.090713E-002 -9.871452E-001 -1.112065E-002  1.594386E-001
  2.205000E+000  0.000000E+000  0.000000E+000  0.000000E+000 -2.610032E-001 -5.809288E-002 -9.635883E-001  2.343312E-002 -9.982748E-001  5.383682E-002 -9.650534E-001 -8.528298E-003  2.619142E-001
  2.220000E+000  0.000000E+000  0.000000E+000  0.000000E+000 -3.607199E-001 -5.286383E-002 -9.311748E-001  2.521123E-002 -9.985803E-001  4.692415E-002 -9.323334E-001 -6.549594E-003  3.615404E-001
  2.235000E+000  0.000000E+000  0.000000E+000  0.000000E+000 -4.564774E-001 -4.784323E-002 -8.884477E-001  2.641976E-002 -9.988418E-001  4.021373E-002 -8.893426E-001 -5.115913E-003  4.572127E-001
  2.250000E+000  0.000000E+000  0.000000E+000  0.000000E+000 -5.472174E-001 -4.306491E-002 -8.358819E-001  2.706990E-002 -9.990636E-001  3.375054E-002 -8.365526E-001 -4.158360E-003  5.478707E-001
  2.265000E+000  0.000000E+000  0.000000E+000  0.000000E+000 -6.319366E-001 -3.855180E-002 -7.740607E-001  2.717809E-002 -9.992501E-001  2.757931E-002 -7.745434E-001 -3.609114E-003  6.325104E-001
  2.280000E+000  0.000000E+000  0.000000E+000  0.000000E+000 -7.096983E-001 -3.431665E-002 -7.036694E-001  2.676585E-002 -9.994052E-001  2.174397E-002 -7.039971E-001 -3.402649E-003  7.101946E-001
  2.295000E+000  0.000000E+000  0.000000E+000  0.000000E+000 -7.796429E-001 -3.036283E-002 -6.254879E-001  2.585966E-002 -9.995329E-001  1.628704E-002 -6.256902E-001 -3.476830E-003  7.800638E-001
  2.310000E+000  0.000000E+000  0.000000E+000  0.000000E+000 -8.409968E-001 -2.668516E-002 -5.403816E-001  2.449076E-002 -9.996368E-001  1.124912E-002 -5.404855E-001 -3.773883E-003  8.413448E-001
  2.325000E+000  0.000000E+000  0.000000E+000  0.000000E+000 -8.930817E-001 -2.327090E-002 -4.492922E-001  2.269484E-002 -9.997202E-001  6.668350E-003 -4.493217E-001 -4.241234E-003  8.933599E-001
  2.340000E+000  0.000000E+000  0.000000E+000  0.000000E+000 -9.353216E-001 -2.010068E-002 -3.532273E-001  2.051174E-002 -9.997863E-001  2.579945E-003 -3.532036E-001 -4.832230E-003  9.355339E-001
  2.355000E+000  0.000000E+000  0.000000E+000  0.000000E+000 -9.672491E-001 -1.714959E-002 -2.532491E-001  1.798510E-002 -9.998378E-001 -9.842525E-004 -2.531911E-001 -5.506726E-003  9.674005E-001
  2.370000E+000  0.000000E+000  0.000000E+000  0.000000E+000 -9.885110E-001 -1.438819E-002 -1.504627E-001  1.516189E-002 -9.998771E-001 -3.996167E-003 -1.503868E-001 -6.231555E-003  9.886075E-001
  2.385000E+000  0.000000E+000  0.000000E+000  0.000000E+000 -9.988717E-001 -1.178362E-002 -4.600441E-002  1.209205E-002 -9.999062E-001 -6.431840E-003 -4.592430E-002 -6.980871E-003  9.989205E-001
  2.400000E+000  0.000000E+000  0.000000E+000  0.000000E+000 -9.982163E-001 -9.300650E-003  5.897162E-002  8.827918E-003 -9.999268E-001 -8.271728E-003  5.904423E-002 -7.736377E-003  9.982253E-001
  2.415000E+000  0.000000E+000  0.000000E+000  0.000000E+000 -9.865514E-001 -6.902800E-003  1.633054E-001  5.423774E-003 -9.999402E-001 -9.500938E-003  1.633612E-001 -8.487433E-003  9.865297E-001
  2.430000E+000  0.000000E+000  0.000000E+000  0.000000E+000 -9.640053E-001 -4.553397E-003  2.658442E-001  1.935286E-003 -9.999470E-001 -1.010942E-002  2.658761E-001 -9.231047E-003  9.639629E-001
  2.445000E+000  0.000000E+000  0.000000E+000  0.000000E+000 -9.308263E-001 -2.216644E-003  3.654551E-001 -1.581037E-003 -9.999478E-001 -1.009207E-002  3.654584E-001 -9.971764E-003  9.307742E-001
  2.460000E+000  0.000000E+000  0.000000E+000  0.000000E+000 -8.873805E-001  1.413409E-004  4.610377E-001 -5.068400E-003 -9.999425E-001 -9.448828E-003  4.610099E-001 -1.072143E-002  8.873301E-001
  2.475000E+000  0.000000E+000  0.000000E+000  0.000000E+000 -8.341472E-001  2.551521E-003  5.515360E-001 -8.470287E-003 -9.999306E-001 -8.184634E-003  5.514769E-001 -1.149886E-002  8.341108E-001
  2.490000E+000  0.000000E+000  0.000000E+000  0.000000E+000 -7.717137E-001  5.040970E-003  6.359501E-001 -1.173102E-002 -9.999113E-001 -6.309401E-003  6.358619E-001 -1.232939E-002  7.717043E-001
  2.505000E+000  0.000000E+000  0.000000E+000  0.000000E+000 -7.007691E-001  7.631946E-003  7.133473E-001 -1.479630E-002 -9.998832E-001 -3.837871E-003  7.132347E-001 -1.324436E-002  7.008001E-001
  2.520000E+000  0.000000E+000  0.000000E+000  0.000000E+000 -6.220965E-001  1.034103E-002  7.828722E-001 -1.761376E-002 -9.998446E-001 -7.894428E-004  7.827424E-001 -1.428043E-002  6.221819E-001
  2.535000E+000  0.000000E+000  0.000000E+000  0.000000E+000 -5.365643E-001  1.317832E-002  8.437565E-001 -2.013345E-002 -9.997933E-001  2.812073E-003  8.436192E-001 -1.547887E-002  5.367186E-001
  2.550000E+000  0.000000E+000  0.000000E+000  0.000000E+000 -4.451165E-001  1.614667E-002  8.953270E-001 -2.230834E-002 -9.997271E-001  6.938753E-003  8.951947E-001 -1.688470E-002  4.453552E-001
  2.565000E+000  0.000000E+000  0.000000E+000  0.000000E+000 -3.487628E-001  1.924108E-002  9.370135E-001 -2.409476E-002 -9.996429E-001  1.155890E-002  9.369012E-001 -1.854580E-002  3.491017E-001
  2.580000E+000  0.000000E+000  0.000000E+000  0.000000E+000 -2.485666E-001  2.244807E-002  9.683546E-001 -2.545283E-002 -9.995376E-001  1.663746E-002  9.682803E-001 -2.051185E-002  2.490229E-001
  2.595000E+000  0.000000E+000  0.000000E+000  0.000000E+000 -1.456340E-001  2.574526E-002  9.890035E-001 -2.634679E-002 -9.994077E-001  2.213645E-002  9.889876E-001 -2.283325E-002  1.462260E-001
  2.610000E+000  0.000000E+000  0.000000E+000  0.000000E+000 -4.110122E-002  2.910097E-002  9.987311E-001 -2.674537E-002 -9.992496E-001  2.801541E-002  9.987969E-001 -2.555997E-002  4.184862E-002
  2.625000E+000  0.000000E+000  0.000000E+000  0.000000E+000  6.387801E-002  3.247398E-002  9.974292E-001 -2.662201E-002 -9.990593E-001  3.423200E-002  9.976025E-001 -2.874025E-002 -6.295347E-002
  2.640000E+000  0.000000E+000  0.000000E+000  0.000000E+000  1.681451E-001  3.581344E-002  9.851114E-001 -2.595512E-002 -9.988325E-001  4.074245E-002  9.854205E-001 -3.241933E-002 -1.670193E-001
  2.655000E+000  0.000000E+000  0.000000E+000  0.000000E+000  2.705495E-001  3.905884E-002  9.619133E-001 -2.472820E-002 -9.985650E-001  4.750219E-002  9.623884E-001 -3.663808E-002 -2.691955E-001
  2.670000E+000  0.000000E+000  0.000000E+000  0.000000E+000  3.699615E-001  4.214024E-002  9.280908E-001 -2.292996E-002 -9.982523E-001  5.446643E-002  9.287640E-001 -4.143157E-002 -3.683487E-001
  2.685000E+000  0.000000E+000  0.000000E+000  0.000000E+000  4.652844E-001  4.497856E-002  8.840177E-001 -2.055435E-002 -9.978898E-001  6.159070E-002  8.849225E-001 -4.682761E-002 -4.633782E-001
  2.700000E+000  0.000000E+000  0.000000E+000  0.000000E+000  5.554674E-001  4.748613E-002  8.301812E-001 -1.760055E-002 -9.974730E-001  6.883155E-002  8.313519E-001 -5.284533E-002 -5.532281E-001
  2.715000E+000  0.000000E+000  0.000000E+000  0.000000E+000  6.395167E-001  4.956732E-002  7.671775E-001 -1.407285E-002 -9.969973E-001  7.614704E-002  7.686483E-001 -5.949368E-002 -6.368989E-001
  2.730000E+000  0.000000E+000  0.000000E+000  0.000000E+000  7.165066E-001  5.111949E-002  6.957046E-001 -9.980545E-003 -9.964580E-001  8.349743E-002  6.975088E-001 -6.676998E-002 -7.134586E-001
  2.745000E+000  0.000000E+000  0.000000E+000  0.000000E+000  7.855902E-001  5.203404E-002  6.165553E-001 -5.337711E-003 -9.958507E-001  9.084569E-002  6.187241E-001 -7.465848E-002 -7.820528E-001
  2.760000E+000  0.000000E+000  0.000000E+000  0.000000E+000  8.460084E-001  5.219771E-002  5.306082E-001 -1.629371E-004 -9.951708E-001  9.815808E-002  5.331695E-001 -8.312902E-002 -8.419144E-001
  2.775000E+000  0.000000E+000  0.000000E+000  0.000000E+000  8.970988E-001  5.149408E-002  4.388189E-001  5.520981E-003 -9.944141E-001  1.054047E-001  4.417954E-001 -9.213572E-002 -8.923720E-001
  2.790000E+000  0.000000E+000  0.000000E+000  0.000000E+000  9.383029E-001  4.980530E-002  3.422090E-001  1.168741E-002 -9.935762E-001  1.125599E-001  3.456168E-001 -1.016158E-001 -9.328576E-001
  2.805000E+000  0.000000E+000  0.000000E+000  0.000000E+000  9.691726E-001  4.701405E-002  2.418555E-001  1.830632E-002 -9.926530E-001  1.196030E-001  2.457016E-001 -1.114885E-001 -9.629128E-001
  2.820000E+000  0.000000E+000  0.000000E+000  0.000000E+000  9.893750E-001  4.300568E-002  1.388791E-001  2.534469E-002 -9.916404E-001  1.265184E-001  1.431592E-001 -1.216543E-001 -9.821943E-001
  2.835000E+000  0.000000E+000  0.000000E+000  0.000000E+000  9.986968E-001  3.767061E-002  3.443222E-002  3.276706E-002 -9.905344E-001  1.332960E-001  3.912764E-002 -1.319941E-001 -9.904780E-001
  2.850000E+000  0.000000E+000  0.000000E+000  0.000000E+000  9.970459E-001  3.090690E-002 -7.031381E-002  4.053605E-002 -9.893310E-001  1.399319E-001 -6.523878E-002 -1.423687E-001 -9.876614E-001
  2.865000E+000  0.000000E+000  0.000000E+000  0.000000E+000  9.844537E-001  2.262305E-002 -1.741810E-001  4.861289E-002 -9.880261E-001  1.464280E-001 -1.687827E-001 -1.526191E-001 -9.737658E-001
  2.880000E+000  0.000000E+000  0.000000E+000  0.000000E+000  9.610738E-001  1.274089E-002 -2.759976E-001  5.695804E-002 -9.866155E-001  1.527931E-001 -2.703568E-001 -1.625657E-001 -9.489360E-001
  2.895000E+000  0.000000E+000  0.000000E+000  0.000000E+000  9.271812E-001  1.198775E-003 -3.746110E-001  6.553176E-002 -9.850945E-001  1.590421E-001 -3.688366E-001 -1.720098E-001 -9.134398E-001
  2.910000E+000  0.000000E+000  0.000000E+000  0.000000E+000  8.831691E-001 -1.204525E-002 -4.689000E-001  7.429470E-002 -9.834583E-001  1.651968E-001 -4.631334E-001 -1.807335E-001 -8.676651E-001
  2.925000E+000  0.000000E+000  0.000000E+000  0.000000E+000  8.295443E-001 -2.701010E-002 -5.577872E-001  8.320854E-002 -9.817013E-001  1.712858E-001 -5.522069E-001 -1.885018E-001 -8.121173E-001
  2.940000E+000  0.000000E+000  0.000000E+000  0.000000E+000  7.669222E-001 -4.368827E-002 -6.402512E-001  9.223656E-002 -9.798171E-001  1.773441E-001 -6.350769E-001 -1.950637E-001 -7.474139E-001
  2.955000E+000  0.000000E+000  0.000000E+000  0.000000E+000  6.960195E-001 -6.204244E-002 -7.153373E-001  1.013442E-001 -9.777980E-001  1.834135E-001 -7.108348E-001 -2.001547E-001 -6.742789E-001
  2.970000E+000  0.000000E+000  0.000000E+000  0.000000E+000  6.176462E-001 -8.200219E-002 -7.821692E-001  1.104997E-001 -9.756350E-001  1.895420E-001 -7.786546E-001 -2.034993E-001 -5.935361E-001
  2.985000E+000  0.000000E+000  0.000000E+000  0.000000E+000  5.326965E-001 -1.034608E-001 -8.399585E-001  1.196744E-001 -9.733174E-001  1.957838E-001 -8.378021E-001 -2.048149E-001 -5.061012E-001
