% FILE: fourbar.3
%
%       t         P_Na_Co[1]     P_Na_Co[2]     P_Na_Co[3]      N_C[1,1]       N_C[1,2]       N_C[1,3]       N_C[2,1]       N_C[2,2]       N_C[2,3]       N_C[3,1]       N_C[3,2]       N_C[3,3]
%   (second)        (meter)        (meter)        (meter)       (NoUnits)      (NoUnits)      (NoUnits)      (NoUnits)      (NoUnits)      (NoUnits)      (NoUnits)      (NoUnits)      (NoUnits)

  0.000000E+000  7.006293E-001  1.713525E+000  0.000000E+000  7.006293E-001 -7.135255E-001  0.000000E+000  7.135255E-001  7.006293E-001  0.000000E+000  0.000000E+000  0.000000E+000  1.000000E+000
  5.000000E-002  7.043893E-001  1.709814E+000  0.000000E+000  7.043893E-001 -7.098138E-001  0.000000E+000  7.098138E-001  7.043893E-001  0.000000E+000  0.000000E+000  0.000000E+000  1.000000E+000
  1.000000E-001  7.154957E-001  1.698617E+000  0.000000E+000  7.154957E-001 -6.986172E-001  0.000000E+000  6.986172E-001  7.154957E-001  0.000000E+000  0.000000E+000  0.000000E+000  1.000000E+000
  1.500000E-001  7.334291E-001  1.679766E+000  0.000000E+000  7.334291E-001 -6.797660E-001  0.000000E+000  6.797660E-001  7.334291E-001  0.000000E+000  0.000000E+000  0.000000E+000  1.000000E+000
  2.000000E-001  7.573324E-001  1.653030E+000  0.000000E+000  7.573324E-001 -6.530296E-001  0.000000E+000  6.530296E-001  7.573324E-001  0.000000E+000  0.000000E+000  0.000000E+000  1.000000E+000
  2.500000E-001  7.860299E-001  1.618188E+000  0.000000E+000  7.860299E-001 -6.181885E-001  0.000000E+000  6.181885E-001  7.860299E-001  0.000000E+000  0.000000E+000  0.000000E+000  1.000000E+000
  3.000000E-001  8.180642E-001  1.575127E+000  0.000000E+000  8.180642E-001 -5.751269E-001  0.000000E+000  5.751269E-001  8.180642E-001  0.000000E+000  0.000000E+000  0.000000E+000  1.000000E+000
  3.500000E-001  8.517595E-001  1.523933E+000  0.000000E+000  8.517595E-001 -5.239330E-001  0.000000E+000  5.239330E-001  8.517595E-001  0.000000E+000  0.000000E+000  0.000000E+000  1.000000E+000
  4.000000E-001  8.853141E-001  1.464993E+000  0.000000E+000  8.853141E-001 -4.649934E-001  0.000000E+000  4.649934E-001  8.853141E-001  0.000000E+000  0.000000E+000  0.000000E+000  1.000000E+000
  4.500000E-001  9.169231E-001  1.399064E+000  0.000000E+000  9.169231E-001 -3.990639E-001  0.000000E+000  3.990639E-001  9.169231E-001  0.000000E+000  0.000000E+000  0.000000E+000  1.000000E+000
  5.000000E-001  9.449201E-001  1.327301E+000  0.000000E+000  9.449201E-001 -3.273012E-001  0.000000E+000  3.273012E-001  9.449201E-001  0.000000E+000  0.000000E+000  0.000000E+000  1.000000E+000
  5.500000E-001  9.679240E-001  1.251243E+000  0.000000E+000  9.679240E-001 -2.512432E-001  0.000000E+000  2.512432E-001  9.679240E-001  0.000000E+000  0.000000E+000  0.000000E+000  1.000000E+000
  6.000000E-001  9.849682E-001  1.172736E+000  0.000000E+000  9.849682E-001 -1.727356E-001  0.000000E+000  1.727356E-001  9.849682E-001  0.000000E+000  0.000000E+000  0.000000E+000  1.000000E+000
  6.500000E-001  9.955899E-001  1.093813E+000  0.000000E+000  9.955899E-001 -9.381272E-002  0.000000E+000  9.381272E-002  9.955899E-001  0.000000E+000  0.000000E+000  0.000000E+000  1.000000E+000
  7.000000E-001  9.998630E-001  1.016550E+000  0.000000E+000  9.998630E-001 -1.654967E-002  0.000000E+000  1.654967E-002  9.998630E-001  0.000000E+000  0.000000E+000  0.000000E+000  1.000000E+000
  7.500000E-001  9.983692E-001  9.429133E-001  0.000000E+000  9.983692E-001  5.708670E-002  0.000000E+000 -5.708670E-002  9.983692E-001  0.000000E+000  0.000000E+000  0.000000E+000  1.000000E+000
  8.000000E-001  9.921107E-001  8.746349E-001  0.000000E+000  9.921107E-001  1.253651E-001  0.000000E+000 -1.253651E-001  9.921107E-001  0.000000E+000  0.000000E+000  0.000000E+000  1.000000E+000
  8.500000E-001  9.823838E-001  8.131254E-001  0.000000E+000  9.823838E-001  1.868746E-001  0.000000E+000 -1.868746E-001  9.823838E-001  0.000000E+000  0.000000E+000  0.000000E+000  1.000000E+000
  9.000000E-001  9.706345E-001  7.594408E-001  0.000000E+000  9.706345E-001  2.405592E-001  0.000000E+000 -2.405592E-001  9.706345E-001  0.000000E+000  0.000000E+000  0.000000E+000  1.000000E+000
  9.500000E-001  9.583184E-001  7.142975E-001  0.000000E+000  9.583184E-001  2.857025E-001  0.000000E+000 -2.857025E-001  9.583184E-001  0.000000E+000  0.000000E+000  0.000000E+000  1.000000E+000
  1.000000E+000  9.467817E-001  6.781237E-001  0.000000E+000  9.467817E-001  3.218763E-001  0.000000E+000 -3.218763E-001  9.467817E-001  0.000000E+000  0.000000E+000  0.000000E+000  1.000000E+000
  1.050000E+000  9.371722E-001  6.511328E-001  0.000000E+000  9.371722E-001  3.488672E-001  0.000000E+000 -3.488672E-001  9.371722E-001  0.000000E+000  0.000000E+000  0.000000E+000  1.000000E+000
  1.100000E+000  9.303795E-001  6.334021E-001  0.000000E+000  9.303795E-001  3.665979E-001  0.000000E+000 -3.665979E-001  9.303795E-001  0.000000E+000  0.000000E+000  0.000000E+000  1.000000E+000
  1.150000E+000  9.270011E-001  6.249414E-001  0.000000E+000  9.270011E-001  3.750586E-001  0.000000E+000 -3.750586E-001  9.270011E-001  0.000000E+000  0.000000E+000  0.000000E+000  1.000000E+000
  1.200000E+000  9.273253E-001  6.257436E-001  0.000000E+000  9.273253E-001  3.742564E-001  0.000000E+000 -3.742564E-001  9.273253E-001  0.000000E+000  0.000000E+000  0.000000E+000  1.000000E+000
  1.250000E+000  9.313246E-001  6.358097E-001  0.000000E+000  9.313246E-001  3.641903E-001  0.000000E+000 -3.641903E-001  9.313246E-001  0.000000E+000  0.000000E+000  0.000000E+000  1.000000E+000
  1.300000E+000  9.386565E-001  6.551465E-001  0.000000E+000  9.386565E-001  3.448535E-001  0.000000E+000 -3.448535E-001  9.386565E-001  0.000000E+000  0.000000E+000  0.000000E+000  1.000000E+000
  1.350000E+000  9.486714E-001  6.837365E-001  0.000000E+000  9.486714E-001  3.162635E-001  0.000000E+000 -3.162635E-001  9.486714E-001  0.000000E+000  0.000000E+000  0.000000E+000  1.000000E+000
  1.400000E+000  9.604317E-001  7.214845E-001  0.000000E+000  9.604317E-001  2.785155E-001  0.000000E+000 -2.785155E-001  9.604317E-001  0.000000E+000  0.000000E+000  0.000000E+000  1.000000E+000
  1.450000E+000  9.727504E-001  7.681453E-001  0.000000E+000  9.727504E-001  2.318547E-001  0.000000E+000 -2.318547E-001  9.727504E-001  0.000000E+000  0.000000E+000  0.000000E+000  1.000000E+000
  1.500000E+000  9.842550E-001  8.232458E-001  0.000000E+000  9.842550E-001  1.767542E-001  0.000000E+000 -1.767542E-001  9.842550E-001  0.000000E+000  0.000000E+000  0.000000E+000  1.000000E+000
  1.550000E+000  9.934823E-001  8.860136E-001  0.000000E+000  9.934823E-001  1.139864E-001  0.000000E+000 -1.139864E-001  9.934823E-001  0.000000E+000  0.000000E+000  0.000000E+000  1.000000E+000
  1.600000E+000  9.990018E-001  9.553309E-001  0.000000E+000  9.990018E-001  4.466906E-002  0.000000E+000 -4.466906E-002  9.990018E-001  0.000000E+000  0.000000E+000  0.000000E+000  1.000000E+000
  1.650000E+000  9.995580E-001  1.029728E+000  0.000000E+000  9.995580E-001 -2.972753E-002  0.000000E+000  2.972753E-002  9.995580E-001  0.000000E+000  0.000000E+000  0.000000E+000  1.000000E+000
  1.700000E+000  9.942133E-001  1.107424E+000  0.000000E+000  9.942133E-001 -1.074238E-001  0.000000E+000  1.074238E-001  9.942133E-001  0.000000E+000  0.000000E+000  0.000000E+000  1.000000E+000
  1.750000E+000  9.824693E-001  1.186424E+000  0.000000E+000  9.824693E-001 -1.864242E-001  0.000000E+000  1.864242E-001  9.824693E-001  0.000000E+000  0.000000E+000  0.000000E+000  1.000000E+000
  1.800000E+000  9.643446E-001  1.264650E+000  0.000000E+000  9.643446E-001 -2.646496E-001  0.000000E+000  2.646496E-001  9.643446E-001  0.000000E+000  0.000000E+000  0.000000E+000  1.000000E+000
  1.850000E+000  9.403935E-001  1.340088E+000  0.000000E+000  9.403935E-001 -3.400884E-001  0.000000E+000  3.400884E-001  9.403935E-001  0.000000E+000  0.000000E+000  0.000000E+000  1.000000E+000
  1.900000E+000  9.116621E-001  1.410941E+000  0.000000E+000  9.116621E-001 -4.109407E-001  0.000000E+000  4.109407E-001  9.116621E-001  0.000000E+000  0.000000E+000  0.000000E+000  1.000000E+000
  1.950000E+000  8.795909E-001  1.475731E+000  0.000000E+000  8.795909E-001 -4.757308E-001  0.000000E+000  4.757308E-001  8.795909E-001  0.000000E+000  0.000000E+000  0.000000E+000  1.000000E+000
  2.000000E+000  8.458810E-001  1.533372E+000  0.000000E+000  8.458810E-001 -5.333717E-001  0.000000E+000  5.333717E-001  8.458810E-001  0.000000E+000  0.000000E+000  0.000000E+000  1.000000E+000
  2.050000E+000  8.123466E-001  1.583175E+000  0.000000E+000  8.123466E-001 -5.831750E-001  0.000000E+000  5.831750E-001  8.123466E-001  0.000000E+000  0.000000E+000  0.000000E+000  1.000000E+000
  2.100000E+000  7.807754E-001  1.624812E+000  0.000000E+000  7.807754E-001 -6.248118E-001  0.000000E+000  6.248118E-001  7.807754E-001  0.000000E+000  0.000000E+000  0.000000E+000  1.000000E+000
  2.150000E+000  7.528113E-001  1.658236E+000  0.000000E+000  7.528113E-001 -6.582364E-001  0.000000E+000  6.582364E-001  7.528113E-001  0.000000E+000  0.000000E+000  0.000000E+000  1.000000E+000
  2.200000E+000  7.298666E-001  1.683590E+000  0.000000E+000  7.298666E-001 -6.835896E-001  0.000000E+000  6.835896E-001  7.298666E-001  0.000000E+000  0.000000E+000  0.000000E+000  1.000000E+000
  2.250000E+000  7.130638E-001  1.701099E+000  0.000000E+000  7.130638E-001 -7.010991E-001  0.000000E+000  7.010991E-001  7.130638E-001  0.000000E+000  0.000000E+000  0.000000E+000  1.000000E+000
  2.300000E+000  7.032025E-001  1.710990E+000  0.000000E+000  7.032025E-001 -7.109896E-001  0.000000E+000  7.109896E-001  7.032025E-001  0.000000E+000  0.000000E+000  0.000000E+000  1.000000E+000
  2.350000E+000  7.007425E-001  1.713414E+000  0.000000E+000  7.007425E-001 -7.134142E-001  0.000000E+000  7.134142E-001  7.007425E-001  0.000000E+000  0.000000E+000  0.000000E+000  1.000000E+000
  2.400000E+000  7.057974E-001  1.708414E+000  0.000000E+000  7.057974E-001 -7.084137E-001  0.000000E+000  7.084137E-001  7.057974E-001  0.000000E+000  0.000000E+000  0.000000E+000  1.000000E+000
  2.450000E+000  7.181333E-001  1.695906E+000  0.000000E+000  7.181333E-001 -6.959056E-001  0.000000E+000  6.959056E-001  7.181333E-001  0.000000E+000  0.000000E+000  0.000000E+000  1.000000E+000
  2.500000E+000  7.371715E-001  1.675706E+000  0.000000E+000  7.371715E-001 -6.757057E-001  0.000000E+000  6.757057E-001  7.371715E-001  0.000000E+000  0.000000E+000  0.000000E+000  1.000000E+000
  2.550000E+000  7.619981E-001  1.647579E+000  0.000000E+000  7.619981E-001 -6.475793E-001  0.000000E+000  6.475793E-001  7.619981E-001  0.000000E+000  0.000000E+000  0.000000E+000  1.000000E+000
  2.600000E+000  7.913851E-001  1.611318E+000  0.000000E+000  7.913851E-001 -6.113180E-001  0.000000E+000  6.113180E-001  7.913851E-001  0.000000E+000  0.000000E+000  0.000000E+000  1.000000E+000
  2.650000E+000  8.238320E-001  1.566834E+000  0.000000E+000  8.238320E-001 -5.668340E-001  0.000000E+000  5.668340E-001  8.238320E-001  0.000000E+000  0.000000E+000  0.000000E+000  1.000000E+000
  2.700000E+000  8.576337E-001  1.514261E+000  0.000000E+000  8.576337E-001 -5.142610E-001  0.000000E+000  5.142610E-001  8.576337E-001  0.000000E+000  0.000000E+000  0.000000E+000  1.000000E+000
  2.750000E+000  8.909786E-001  1.454045E+000  0.000000E+000  8.909786E-001 -4.540453E-001  0.000000E+000  4.540453E-001  8.909786E-001  0.000000E+000  0.000000E+000  0.000000E+000  1.000000E+000
  2.800000E+000  9.220750E-001  1.387011E+000  0.000000E+000  9.220750E-001 -3.870112E-001  0.000000E+000  3.870112E-001  9.220750E-001  0.000000E+000  0.000000E+000  0.000000E+000  1.000000E+000
  2.850000E+000  9.492958E-001  1.314384E+000  0.000000E+000  9.492958E-001 -3.143843E-001  0.000000E+000  3.143843E-001  9.492958E-001  0.000000E+000  0.000000E+000  0.000000E+000  1.000000E+000
  2.900000E+000  9.713233E-001  1.237763E+000  0.000000E+000  9.713233E-001 -2.377628E-001  0.000000E+000  2.377628E-001  9.713233E-001  0.000000E+000  0.000000E+000  0.000000E+000  1.000000E+000
  2.950000E+000  9.872730E-001  1.159034E+000  0.000000E+000  9.872730E-001 -1.590345E-001  0.000000E+000  1.590345E-001  9.872730E-001  0.000000E+000  0.000000E+000  0.000000E+000  1.000000E+000
  3.000000E+000  9.967746E-001  1.080252E+000  0.000000E+000  9.967746E-001 -8.025168E-002  0.000000E+000  8.025168E-002  9.967746E-001  0.000000E+000  0.000000E+000  0.000000E+000  1.000000E+000
  3.050000E+000  9.999939E-001  1.003481E+000  0.000000E+000  9.999939E-001 -3.481226E-003  0.000000E+000  3.481226E-003  9.999939E-001  0.000000E+000  0.000000E+000  0.000000E+000  1.000000E+000
  3.100000E+000  9.975929E-001  9.306572E-001  0.000000E+000  9.975929E-001  6.934276E-002  0.000000E+000 -6.934276E-002  9.975929E-001  0.000000E+000  0.000000E+000  0.000000E+000  1.000000E+000
  3.150000E+000  9.906346E-001  8.634602E-001  0.000000E+000  9.906346E-001  1.365398E-001  0.000000E+000 -1.365398E-001  9.906346E-001  0.000000E+000  0.000000E+000  0.000000E+000  1.000000E+000
  3.200000E+000  9.804518E-001  8.032406E-001  0.000000E+000  9.804518E-001  1.967594E-001  0.000000E+000 -1.967594E-001  9.804518E-001  0.000000E+000  0.000000E+000  0.000000E+000  1.000000E+000
  3.250000E+000  9.685018E-001  7.509933E-001  0.000000E+000  9.685018E-001  2.490067E-001  0.000000E+000 -2.490067E-001  9.685018E-001  0.000000E+000  0.000000E+000  0.000000E+000  1.000000E+000
  3.300000E+000  9.562289E-001  7.073802E-001  0.000000E+000  9.562289E-001  2.926198E-001  0.000000E+000 -2.926198E-001  9.562289E-001  0.000000E+000  0.000000E+000  0.000000E+000  1.000000E+000
  3.350000E+000  9.449505E-001  6.727867E-001  0.000000E+000  9.449505E-001  3.272133E-001  0.000000E+000 -3.272133E-001  9.449505E-001  0.000000E+000  0.000000E+000  0.000000E+000  1.000000E+000
  3.400000E+000  9.357731E-001  6.473972E-001  0.000000E+000  9.357731E-001  3.526028E-001  0.000000E+000 -3.526028E-001  9.357731E-001  0.000000E+000  0.000000E+000  0.000000E+000  1.000000E+000
  3.450000E+000  9.295376E-001  6.312727E-001  0.000000E+000  9.295376E-001  3.687273E-001  0.000000E+000 -3.687273E-001  9.295376E-001  0.000000E+000  0.000000E+000  0.000000E+000  1.000000E+000
  3.500000E+000  9.267888E-001  6.244172E-001  0.000000E+000  9.267888E-001  3.755828E-001  0.000000E+000 -3.755828E-001  9.267888E-001  0.000000E+000  0.000000E+000  0.000000E+000  1.000000E+000
  3.550000E+000  9.277605E-001  6.268238E-001  0.000000E+000  9.277605E-001  3.731762E-001  0.000000E+000 -3.731762E-001  9.277605E-001  0.000000E+000  0.000000E+000  0.000000E+000  1.000000E+000
  3.600000E+000  9.323704E-001  6.384956E-001  0.000000E+000  9.323704E-001  3.615044E-001  0.000000E+000 -3.615044E-001  9.323704E-001  0.000000E+000  0.000000E+000  0.000000E+000  1.000000E+000
  3.650000E+000  9.402221E-001  6.594380E-001  0.000000E+000  9.402221E-001  3.405620E-001  0.000000E+000 -3.405620E-001  9.402221E-001  0.000000E+000  0.000000E+000  0.000000E+000  1.000000E+000
  3.700000E+000  9.506141E-001  6.896246E-001  0.000000E+000  9.506141E-001  3.103754E-001  0.000000E+000 -3.103754E-001  9.506141E-001  0.000000E+000  0.000000E+000  0.000000E+000  1.000000E+000
  3.750000E+000  9.625623E-001  7.289396E-001  0.000000E+000  9.625623E-001  2.710604E-001  0.000000E+000 -2.710604E-001  9.625623E-001  0.000000E+000  0.000000E+000  0.000000E+000  1.000000E+000
  3.800000E+000  9.748422E-001  7.771039E-001  0.000000E+000  9.748422E-001  2.228961E-001  0.000000E+000 -2.228961E-001  9.748422E-001  0.000000E+000  0.000000E+000  0.000000E+000  1.000000E+000
  3.850000E+000  9.860579E-001  8.335972E-001  0.000000E+000  9.860579E-001  1.664028E-001  0.000000E+000 -1.664028E-001  9.860579E-001  0.000000E+000  0.000000E+000  0.000000E+000  1.000000E+000
  3.900000E+000  9.947422E-001  8.975897E-001  0.000000E+000  9.947422E-001  1.024103E-001  0.000000E+000 -1.024103E-001  9.947422E-001  0.000000E+000  0.000000E+000  0.000000E+000  1.000000E+000
  3.950000E+000  9.994847E-001  9.679018E-001  0.000000E+000  9.994847E-001  3.209822E-002  0.000000E+000 -3.209822E-002  9.994847E-001  0.000000E+000  0.000000E+000  0.000000E+000  1.000000E+000
  4.000000E+000  9.990749E-001  1.043005E+000  0.000000E+000  9.990749E-001 -4.300495E-002  0.000000E+000  4.300495E-002  9.990749E-001  0.000000E+000  0.000000E+000  0.000000E+000  1.000000E+000
  4.050000E+000  9.926434E-001  1.121074E+000  0.000000E+000  9.926434E-001 -1.210743E-001  0.000000E+000  1.210743E-001  9.926434E-001  0.000000E+000  0.000000E+000  0.000000E+000  1.000000E+000
  4.100000E+000  9.797776E-001  1.200089E+000  0.000000E+000  9.797776E-001 -2.000894E-001  0.000000E+000  2.000894E-001  9.797776E-001  0.000000E+000  0.000000E+000  0.000000E+000  1.000000E+000
  4.150000E+000  9.605892E-001  1.277972E+000  0.000000E+000  9.605892E-001 -2.779719E-001  0.000000E+000  2.779719E-001  9.605892E-001  0.000000E+000  0.000000E+000  0.000000E+000  1.000000E+000
  4.200000E+000  9.357225E-001  1.352737E+000  0.000000E+000  9.357225E-001 -3.527371E-001  0.000000E+000  3.527371E-001  9.357225E-001  0.000000E+000  0.000000E+000  0.000000E+000  1.000000E+000
  4.250000E+000  9.063002E-001  1.422635E+000  0.000000E+000  9.063002E-001 -4.226346E-001  0.000000E+000  4.226346E-001  9.063002E-001  0.000000E+000  0.000000E+000  0.000000E+000  1.000000E+000
  4.300000E+000  8.738183E-001  1.486253E+000  0.000000E+000  8.738183E-001 -4.862527E-001  0.000000E+000  4.862527E-001  8.738183E-001  0.000000E+000  0.000000E+000  0.000000E+000  1.000000E+000
  4.350000E+000  8.400079E-001  1.542574E+000  0.000000E+000  8.400079E-001 -5.425742E-001  0.000000E+000  5.425742E-001  8.400079E-001  0.000000E+000  0.000000E+000  0.000000E+000  1.000000E+000
  4.400000E+000  8.066882E-001  1.590977E+000  0.000000E+000  8.066882E-001 -5.909773E-001  0.000000E+000  5.909773E-001  8.066882E-001  0.000000E+000  0.000000E+000  0.000000E+000  1.000000E+000
  4.450000E+000  7.756297E-001  1.631188E+000  0.000000E+000  7.756297E-001 -6.311882E-001  0.000000E+000  6.311882E-001  7.756297E-001  0.000000E+000  0.000000E+000  0.000000E+000  1.000000E+000
  4.500000E+000  7.484416E-001  1.663201E+000  0.000000E+000  7.484416E-001 -6.632007E-001  0.000000E+000  6.632007E-001  7.484416E-001  0.000000E+000  0.000000E+000  0.000000E+000  1.000000E+000
  4.550000E+000  7.264892E-001  1.687178E+000  0.000000E+000  7.264892E-001 -6.871779E-001  0.000000E+000  6.871779E-001  7.264892E-001  0.000000E+000  0.000000E+000  0.000000E+000  1.000000E+000
  4.600000E+000  7.108411E-001  1.703353E+000  0.000000E+000  7.108411E-001 -7.033526E-001  0.000000E+000  7.033526E-001  7.108411E-001  0.000000E+000  0.000000E+000  0.000000E+000  1.000000E+000
  4.650000E+000  7.022387E-001  1.711942E+000  0.000000E+000  7.022387E-001 -7.119416E-001  0.000000E+000  7.119416E-001  7.022387E-001  0.000000E+000  0.000000E+000  0.000000E+000  1.000000E+000
  4.700000E+000  7.010822E-001  1.713080E+000  0.000000E+000  7.010822E-001 -7.130805E-001  0.000000E+000  7.130805E-001  7.010822E-001  0.000000E+000  0.000000E+000  0.000000E+000  1.000000E+000
  4.750000E+000  7.074249E-001  1.706789E+000  0.000000E+000  7.074249E-001 -7.067885E-001  0.000000E+000  7.067885E-001  7.074249E-001  0.000000E+000  0.000000E+000  0.000000E+000  1.000000E+000
  4.800000E+000  7.209728E-001  1.692963E+000  0.000000E+000  7.209728E-001 -6.929633E-001  0.000000E+000  6.929633E-001  7.209728E-001  0.000000E+000  0.000000E+000  0.000000E+000  1.000000E+000
  4.850000E+000  7.410884E-001  1.671407E+000  0.000000E+000  7.410884E-001 -6.714074E-001  0.000000E+000  6.714074E-001  7.410884E-001  0.000000E+000  0.000000E+000  0.000000E+000  1.000000E+000
  4.900000E+000  7.668013E-001  1.641885E+000  0.000000E+000  7.668013E-001 -6.418846E-001  0.000000E+000  6.418846E-001  7.668013E-001  0.000000E+000  0.000000E+000  0.000000E+000  1.000000E+000
  4.950000E+000  7.968326E-001  1.604200E+000  0.000000E+000  7.968326E-001 -6.042001E-001  0.000000E+000  6.042001E-001  7.968326E-001  0.000000E+000  0.000000E+000  0.000000E+000  1.000000E+000
  5.000000E+000  8.296408E-001  1.558298E+000  0.000000E+000  8.296408E-001 -5.582976E-001  0.000000E+000  5.582976E-001  8.296408E-001  0.000000E+000  0.000000E+000  0.000000E+000  1.000000E+000
  5.050000E+000  8.634943E-001  1.504359E+000  0.000000E+000  8.634943E-001 -5.043587E-001  0.000000E+000  5.043587E-001  8.634943E-001  0.000000E+000  0.000000E+000  0.000000E+000  1.000000E+000
  5.100000E+000  8.965752E-001  1.442891E+000  0.000000E+000  8.965752E-001 -4.428915E-001  0.000000E+000  4.428915E-001  8.965752E-001  0.000000E+000  0.000000E+000  0.000000E+000  1.000000E+000
  5.150000E+000  9.271099E-001  1.374790E+000  0.000000E+000  9.271099E-001 -3.747896E-001  0.000000E+000  3.747896E-001  9.271099E-001  0.000000E+000  0.000000E+000  0.000000E+000  1.000000E+000
  5.200000E+000  9.535146E-001  1.301347E+000  0.000000E+000  9.535146E-001 -3.013469E-001  0.000000E+000  3.013469E-001  9.535146E-001  0.000000E+000  0.000000E+000  0.000000E+000  1.000000E+000
  5.250000E+000  9.745388E-001  1.224219E+000  0.000000E+000  9.745388E-001 -2.242187E-001  0.000000E+000  2.242187E-001  9.745388E-001  0.000000E+000  0.000000E+000  0.000000E+000  1.000000E+000
  5.300000E+000  9.893830E-001  1.145332E+000  0.000000E+000  9.893830E-001 -1.453317E-001  0.000000E+000  1.453317E-001  9.893830E-001  0.000000E+000  0.000000E+000  0.000000E+000  1.000000E+000
  5.350000E+000  9.977696E-001  1.066751E+000  0.000000E+000  9.977696E-001 -6.675138E-002  0.000000E+000  6.675138E-002  9.977696E-001  0.000000E+000  0.000000E+000  0.000000E+000  1.000000E+000
  5.400000E+000  9.999552E-001  9.905319E-001  0.000000E+000  9.999552E-001  9.468134E-003  0.000000E+000 -9.468134E-003  9.999552E-001  0.000000E+000  0.000000E+000  0.000000E+000  1.000000E+000
  5.450000E+000  9.966791E-001  9.185709E-001  0.000000E+000  9.966791E-001  8.142911E-002  0.000000E+000 -8.142911E-002  9.966791E-001  0.000000E+000  0.000000E+000  0.000000E+000  1.000000E+000
  5.500000E+000  9.890614E-001  8.524958E-001  0.000000E+000  9.890614E-001  1.475042E-001  0.000000E+000 -1.475042E-001  9.890614E-001  0.000000E+000  0.000000E+000  0.000000E+000  1.000000E+000
  5.550000E+000  9.784668E-001  7.935959E-001  0.000000E+000  9.784668E-001  2.064041E-001  0.000000E+000 -2.064041E-001  9.784668E-001  0.000000E+000  0.000000E+000  0.000000E+000  1.000000E+000
  5.600000E+000  9.663597E-001  7.428056E-001  0.000000E+000  9.663597E-001  2.571944E-001  0.000000E+000 -2.571944E-001  9.663597E-001  0.000000E+000  0.000000E+000  0.000000E+000  1.000000E+000
  5.650000E+000  9.541698E-001  7.007341E-001  0.000000E+000  9.541698E-001  2.992659E-001  0.000000E+000 -2.992659E-001  9.541698E-001  0.000000E+000  0.000000E+000  0.000000E+000  1.000000E+000
  5.700000E+000  9.431830E-001  6.677263E-001  0.000000E+000  9.431830E-001  3.322737E-001  0.000000E+000 -3.322737E-001  9.431830E-001  0.000000E+000  0.000000E+000  0.000000E+000  1.000000E+000
  5.750000E+000  9.344630E-001  6.439399E-001  0.000000E+000  9.344630E-001  3.560601E-001  0.000000E+000 -3.560601E-001  9.344630E-001  0.000000E+000  0.000000E+000  0.000000E+000  1.000000E+000
  5.800000E+000  9.288012E-001  6.294215E-001  0.000000E+000  9.288012E-001  3.705785E-001  0.000000E+000 -3.705785E-001  9.288012E-001  0.000000E+000  0.000000E+000  0.000000E+000  1.000000E+000
  5.850000E+000  9.266890E-001  6.241709E-001  0.000000E+000  9.266890E-001  3.758291E-001  0.000000E+000 -3.758291E-001  9.266890E-001  0.000000E+000  0.000000E+000  0.000000E+000  1.000000E+000
  5.900000E+000  9.283057E-001  6.281821E-001  0.000000E+000  9.283057E-001  3.718179E-001  0.000000E+000 -3.718179E-001  9.283057E-001  0.000000E+000  0.000000E+000  0.000000E+000  1.000000E+000
  5.950000E+000  9.335143E-001  6.414598E-001  0.000000E+000  9.335143E-001  3.585402E-001  0.000000E+000 -3.585402E-001  9.335143E-001  0.000000E+000  0.000000E+000  0.000000E+000  1.000000E+000
  6.000000E+000  9.418645E-001  6.640072E-001  0.000000E+000  9.418645E-001  3.359928E-001  0.000000E+000 -3.359928E-001  9.418645E-001  0.000000E+000  0.000000E+000  0.000000E+000  1.000000E+000
  6.050000E+000  9.526040E-001  6.957870E-001  0.000000E+000  9.526040E-001  3.042130E-001  0.000000E+000 -3.042130E-001  9.526040E-001  0.000000E+000  0.000000E+000  0.000000E+000  1.000000E+000
  6.100000E+000  9.647033E-001  7.366608E-001  0.000000E+000  9.647033E-001  2.633392E-001  0.000000E+000 -2.633392E-001  9.647033E-001  0.000000E+000  0.000000E+000  0.000000E+000  1.000000E+000
  6.150000E+000  9.769022E-001  7.863132E-001  0.000000E+000  9.769022E-001  2.136868E-001  0.000000E+000 -2.136868E-001  9.769022E-001  0.000000E+000  0.000000E+000  0.000000E+000  1.000000E+000
  6.200000E+000  9.877846E-001  8.441745E-001  0.000000E+000  9.877846E-001  1.558255E-001  0.000000E+000 -1.558255E-001  9.877846E-001  0.000000E+000  0.000000E+000  0.000000E+000  1.000000E+000
  6.250000E+000  9.958834E-001  9.093564E-001  0.000000E+000  9.958834E-001  9.064361E-002  0.000000E+000 -9.064361E-002  9.958834E-001  0.000000E+000  0.000000E+000  0.000000E+000  1.000000E+000
  6.300000E+000  9.998121E-001  9.806171E-001  0.000000E+000  9.998121E-001  1.938286E-002  0.000000E+000 -1.938286E-002  9.998121E-001  0.000000E+000  0.000000E+000  0.000000E+000  1.000000E+000
  6.350000E+000  9.984098E-001  1.056372E+000  0.000000E+000  9.984098E-001 -5.637187E-002  0.000000E+000  5.637187E-002  9.984098E-001  0.000000E+000  0.000000E+000  0.000000E+000  1.000000E+000
  6.400000E+000  9.908792E-001  1.134753E+000  0.000000E+000  9.908792E-001 -1.347533E-001  0.000000E+000  1.347533E-001  9.908792E-001  0.000000E+000  0.000000E+000  0.000000E+000  1.000000E+000
  6.450000E+000  9.768949E-001  1.213720E+000  0.000000E+000  9.768949E-001 -2.137203E-001  0.000000E+000  2.137203E-001  9.768949E-001  0.000000E+000  0.000000E+000  0.000000E+000  1.000000E+000
  6.500000E+000  9.566622E-001  1.291200E+000  0.000000E+000  9.566622E-001 -2.912000E-001  0.000000E+000  2.912000E-001  9.566622E-001  0.000000E+000  0.000000E+000  0.000000E+000  1.000000E+000
  6.550000E+000  9.309138E-001  1.365239E+000  0.000000E+000  9.309138E-001 -3.652389E-001  0.000000E+000  3.652389E-001  9.309138E-001  0.000000E+000  0.000000E+000  0.000000E+000  1.000000E+000
  6.600000E+000  9.008459E-001  1.434139E+000  0.000000E+000  9.008459E-001 -4.341390E-001  0.000000E+000  4.341390E-001  9.008459E-001  0.000000E+000  0.000000E+000  0.000000E+000  1.000000E+000
  6.650000E+000  8.680055E-001  1.496555E+000  0.000000E+000  8.680055E-001 -4.965545E-001  0.000000E+000  4.965545E-001  8.680055E-001  0.000000E+000  0.000000E+000  0.000000E+000  1.000000E+000
  6.700000E+000  8.341496E-001  1.551538E+000  0.000000E+000  8.341496E-001 -5.515383E-001  0.000000E+000  5.515383E-001  8.341496E-001  0.000000E+000  0.000000E+000  0.000000E+000  1.000000E+000
  6.750000E+000  8.010981E-001  1.598533E+000  0.000000E+000  8.010981E-001 -5.985330E-001  0.000000E+000  5.985330E-001  8.010981E-001  0.000000E+000  0.000000E+000  0.000000E+000  1.000000E+000
  6.800000E+000  7.706008E-001  1.637318E+000  0.000000E+000  7.706008E-001 -6.373181E-001  0.000000E+000  6.373181E-001  7.706008E-001  0.000000E+000  0.000000E+000  0.000000E+000  1.000000E+000
  6.850000E+000  7.442297E-001  1.667924E+000  0.000000E+000  7.442297E-001 -6.679238E-001  0.000000E+000  6.679238E-001  7.442297E-001  0.000000E+000  0.000000E+000  0.000000E+000  1.000000E+000
  6.900000E+000  7.233018E-001  1.690532E+000  0.000000E+000  7.233018E-001 -6.905320E-001  0.000000E+000  6.905320E-001  7.233018E-001  0.000000E+000  0.000000E+000  0.000000E+000  1.000000E+000
  6.950000E+000  7.088307E-001  1.705379E+000  0.000000E+000  7.088307E-001 -7.053787E-001  0.000000E+000  7.053787E-001  7.088307E-001  0.000000E+000  0.000000E+000  0.000000E+000  1.000000E+000
  7.000000E+000  7.014992E-001  1.712670E+000  0.000000E+000  7.014992E-001 -7.126702E-001  0.000000E+000  7.126702E-001  7.014992E-001  0.000000E+000  0.000000E+000  0.000000E+000  1.000000E+000
  7.050000E+000  7.016477E-001  1.712524E+000  0.000000E+000  7.016477E-001 -7.125240E-001  0.000000E+000  7.125240E-001  7.016477E-001  0.000000E+000  0.000000E+000  0.000000E+000  1.000000E+000
  7.100000E+000  7.092694E-001  1.704938E+000  0.000000E+000  7.092694E-001 -7.049375E-001  0.000000E+000  7.049375E-001  7.092694E-001  0.000000E+000  0.000000E+000  0.000000E+000  1.000000E+000
  7.150000E+000  7.240103E-001  1.689789E+000  0.000000E+000  7.240103E-001 -6.897892E-001  0.000000E+000  6.897892E-001  7.240103E-001  0.000000E+000  0.000000E+000  0.000000E+000  1.000000E+000
  7.200000E+000  7.451741E-001  1.666870E+000  0.000000E+000  7.451741E-001 -6.668700E-001  0.000000E+000  6.668700E-001  7.451741E-001  0.000000E+000  0.000000E+000  0.000000E+000  1.000000E+000
  7.250000E+000  7.717347E-001  1.635945E+000  0.000000E+000  7.717347E-001 -6.359446E-001  0.000000E+000  6.359446E-001  7.717347E-001  0.000000E+000  0.000000E+000  0.000000E+000  1.000000E+000
  7.300000E+000  8.023639E-001  1.596835E+000  0.000000E+000  8.023639E-001 -5.968351E-001  0.000000E+000  5.968351E-001  8.023639E-001  0.000000E+000  0.000000E+000  0.000000E+000  1.000000E+000
  7.350000E+000  8.354811E-001  1.549519E+000  0.000000E+000  8.354811E-001 -5.495192E-001  0.000000E+000  5.495192E-001  8.354811E-001  0.000000E+000  0.000000E+000  0.000000E+000  1.000000E+000
  7.400000E+000  8.693315E-001  1.494229E+000  0.000000E+000  8.693315E-001 -4.942295E-001  0.000000E+000  4.942295E-001  8.693315E-001  0.000000E+000  0.000000E+000  0.000000E+000  1.000000E+000
  7.450000E+000  9.020949E-001  1.431538E+000  0.000000E+000  9.020949E-001 -4.315376E-001  0.000000E+000  4.315376E-001  9.020949E-001  0.000000E+000  0.000000E+000  0.000000E+000  1.000000E+000
  7.500000E+000  9.320200E-001  1.362407E+000  0.000000E+000  9.320200E-001 -3.624070E-001  0.000000E+000  3.624070E-001  9.320200E-001  0.000000E+000  0.000000E+000  0.000000E+000  1.000000E+000
  7.550000E+000  9.575708E-001  1.288198E+000  0.000000E+000  9.575708E-001 -2.881981E-001  0.000000E+000  2.881981E-001  9.575708E-001  0.000000E+000  0.000000E+000  0.000000E+000  1.000000E+000
  7.600000E+000  9.775677E-001  1.210622E+000  0.000000E+000  9.775677E-001 -2.106216E-001  0.000000E+000  2.106216E-001  9.775677E-001  0.000000E+000  0.000000E+000  0.000000E+000  1.000000E+000
  7.650000E+000  9.912978E-001  1.131638E+000  0.000000E+000  9.912978E-001 -1.316381E-001  0.000000E+000  1.316381E-001  9.912978E-001  0.000000E+000  0.000000E+000  0.000000E+000  1.000000E+000
  7.700000E+000  9.985774E-001  1.053322E+000  0.000000E+000  9.985774E-001 -5.332234E-002  0.000000E+000  5.332234E-002  9.985774E-001  0.000000E+000  0.000000E+000  0.000000E+000  1.000000E+000
  7.750000E+000  9.997516E-001  9.777110E-001  0.000000E+000  9.997516E-001  2.228900E-002  0.000000E+000 -2.228900E-002  9.997516E-001  0.000000E+000  0.000000E+000  0.000000E+000  1.000000E+000
  7.800000E+000  9.956345E-001  9.066620E-001  0.000000E+000  9.956345E-001  9.333796E-002  0.000000E+000 -9.333796E-002  9.956345E-001  0.000000E+000  0.000000E+000  0.000000E+000  1.000000E+000
  7.850000E+000  9.873987E-001  8.417477E-001  0.000000E+000  9.873987E-001  1.582523E-001  0.000000E+000 -1.582523E-001  9.873987E-001  0.000000E+000  0.000000E+000  0.000000E+000  1.000000E+000
  7.900000E+000  9.764366E-001  7.841954E-001  0.000000E+000  9.764366E-001  2.158046E-001  0.000000E+000 -2.158046E-001  9.764366E-001  0.000000E+000  0.000000E+000  0.000000E+000  1.000000E+000
  7.950000E+000  9.642155E-001  7.348802E-001  0.000000E+000  9.642155E-001  2.651198E-001  0.000000E+000 -2.651198E-001  9.642155E-001  0.000000E+000  0.000000E+000  0.000000E+000  1.000000E+000
  8.000000E+000  9.521473E-001  6.943605E-001  0.000000E+000  9.521473E-001  3.056395E-001  0.000000E+000 -3.056395E-001  9.521473E-001  0.000000E+000  0.000000E+000  0.000000E+000  1.000000E+000
  8.050000E+000  9.414842E-001  6.629429E-001  0.000000E+000  9.414842E-001  3.370571E-001  0.000000E+000 -3.370571E-001  9.414842E-001  0.000000E+000  0.000000E+000  0.000000E+000  1.000000E+000
  8.100000E+000  9.332455E-001  6.407607E-001  0.000000E+000  9.332455E-001  3.592393E-001  0.000000E+000 -3.592393E-001  9.332455E-001  0.000000E+000  0.000000E+000  0.000000E+000  1.000000E+000
  8.150000E+000  9.281720E-001  6.278485E-001  0.000000E+000  9.281720E-001  3.721515E-001  0.000000E+000 -3.721515E-001  9.281720E-001  0.000000E+000  0.000000E+000  0.000000E+000  1.000000E+000
  8.200000E+000  9.267018E-001  6.242025E-001  0.000000E+000  9.267018E-001  3.757975E-001  0.000000E+000 -3.757975E-001  9.267018E-001  0.000000E+000  0.000000E+000  0.000000E+000  1.000000E+000
  8.250000E+000  9.289594E-001  6.298184E-001  0.000000E+000  9.289594E-001  3.701816E-001  0.000000E+000 -3.701816E-001  9.289594E-001  0.000000E+000  0.000000E+000  0.000000E+000  1.000000E+000
  8.300000E+000  9.347532E-001  6.447023E-001  0.000000E+000  9.347532E-001  3.552977E-001  0.000000E+000 -3.552977E-001  9.347532E-001  0.000000E+000  0.000000E+000  0.000000E+000  1.000000E+000
  8.350000E+000  9.435794E-001  6.688537E-001  0.000000E+000  9.435794E-001  3.311463E-001  0.000000E+000 -3.311463E-001  9.435794E-001  0.000000E+000  0.000000E+000  0.000000E+000  1.000000E+000
  8.400000E+000  9.546354E-001  7.022228E-001  0.000000E+000  9.546354E-001  2.977772E-001  0.000000E+000 -2.977772E-001  9.546354E-001  0.000000E+000  0.000000E+000  0.000000E+000  1.000000E+000
  8.450000E+000  9.668476E-001  7.446461E-001  0.000000E+000  9.668476E-001  2.553539E-001  0.000000E+000 -2.553539E-001  9.668476E-001  0.000000E+000  0.000000E+000  0.000000E+000  1.000000E+000
  8.500000E+000  9.789228E-001  7.957696E-001  0.000000E+000  9.789228E-001  2.042304E-001  0.000000E+000 -2.042304E-001  9.789228E-001  0.000000E+000  0.000000E+000  0.000000E+000  1.000000E+000
  8.550000E+000  9.894276E-001  8.549724E-001  0.000000E+000  9.894276E-001  1.450276E-001  0.000000E+000 -1.450276E-001  9.894276E-001  0.000000E+000  0.000000E+000  0.000000E+000  1.000000E+000
  8.600000E+000  9.968988E-001  9.213063E-001  0.000000E+000  9.968988E-001  7.869371E-002  0.000000E+000 -7.869371E-002  9.968988E-001  0.000000E+000  0.000000E+000  0.000000E+000  1.000000E+000
  8.650000E+000  9.999787E-001  9.934680E-001  0.000000E+000  9.999787E-001  6.531951E-003  0.000000E+000 -6.531951E-003  9.999787E-001  0.000000E+000  0.000000E+000  0.000000E+000  1.000000E+000
  8.700000E+000  9.975597E-001  1.069818E+000  0.000000E+000  9.975597E-001 -6.981803E-002  0.000000E+000  6.981803E-002  9.975597E-001  0.000000E+000  0.000000E+000  0.000000E+000  1.000000E+000
  8.750000E+000  9.889199E-001  1.148450E+000  0.000000E+000  9.889199E-001 -1.484499E-001  0.000000E+000  1.484499E-001  9.889199E-001  0.000000E+000  0.000000E+000  0.000000E+000  1.000000E+000
  8.800000E+000  9.738233E-001  1.227306E+000  0.000000E+000  9.738233E-001 -2.273063E-001  0.000000E+000  2.273063E-001  9.738233E-001  0.000000E+000  0.000000E+000  0.000000E+000  1.000000E+000
  8.850000E+000  9.525685E-001  1.304324E+000  0.000000E+000  9.525685E-001 -3.043242E-001  0.000000E+000  3.043242E-001  9.525685E-001  0.000000E+000  0.000000E+000  0.000000E+000  1.000000E+000
  8.900000E+000  9.259747E-001  1.377586E+000  0.000000E+000  9.259747E-001 -3.775856E-001  0.000000E+000  3.775856E-001  9.259747E-001  0.000000E+000  0.000000E+000  0.000000E+000  1.000000E+000
  8.950000E+000  8.953079E-001  1.445448E+000  0.000000E+000  8.953079E-001 -4.454478E-001  0.000000E+000  4.454478E-001  8.953079E-001  0.000000E+000  0.000000E+000  0.000000E+000  1.000000E+000
  9.000000E+000  8.621622E-001  1.506632E+000  0.000000E+000  8.621622E-001 -5.066324E-001  0.000000E+000  5.066324E-001  8.621622E-001  0.000000E+000  0.000000E+000  0.000000E+000  1.000000E+000
  9.050000E+000  8.283156E-001  1.560262E+000  0.000000E+000  8.283156E-001 -5.602617E-001  0.000000E+000  5.602617E-001  8.283156E-001  0.000000E+000  0.000000E+000  0.000000E+000  1.000000E+000
  9.100000E+000  7.955851E-001  1.605842E+000  0.000000E+000  7.955851E-001 -6.058418E-001  0.000000E+000  6.058418E-001  7.955851E-001  0.000000E+000  0.000000E+000  0.000000E+000  1.000000E+000
  9.150000E+000  7.656964E-001  1.643202E+000  0.000000E+000  7.656964E-001 -6.432022E-001  0.000000E+000  6.432022E-001  7.656964E-001  0.000000E+000  0.000000E+000  0.000000E+000  1.000000E+000
  9.200000E+000  7.401819E-001  1.672407E+000  0.000000E+000  7.401819E-001 -6.724067E-001  0.000000E+000  6.724067E-001  7.401819E-001  0.000000E+000  0.000000E+000  0.000000E+000  1.000000E+000
  9.250000E+000  7.203090E-001  1.693653E+000  0.000000E+000  7.203090E-001 -6.936533E-001  0.000000E+000  6.936533E-001  7.203090E-001  0.000000E+000  0.000000E+000  0.000000E+000  1.000000E+000
  9.300000E+000  7.070353E-001  1.707178E+000  0.000000E+000  7.070353E-001 -7.071782E-001  0.000000E+000  7.071782E-001  7.070353E-001  0.000000E+000  0.000000E+000  0.000000E+000  1.000000E+000
  9.350000E+000  7.009850E-001  1.713176E+000  0.000000E+000  7.009850E-001 -7.131760E-001  0.000000E+000  7.131760E-001  7.009850E-001  0.000000E+000  0.000000E+000  0.000000E+000  1.000000E+000
  9.400000E+000  7.024384E-001  1.711745E+000  0.000000E+000  7.024384E-001 -7.117445E-001  0.000000E+000  7.117445E-001  7.024384E-001  0.000000E+000  0.000000E+000  0.000000E+000  1.000000E+000
  9.450000E+000  7.113284E-001  1.702860E+000  0.000000E+000  7.113284E-001 -7.028598E-001  0.000000E+000  7.028598E-001  7.113284E-001  0.000000E+000  0.000000E+000  0.000000E+000  1.000000E+000
  9.500000E+000  7.272413E-001  1.686382E+000  0.000000E+000  7.272413E-001 -6.863819E-001  0.000000E+000  6.863819E-001  7.272413E-001  0.000000E+000  0.000000E+000  0.000000E+000  1.000000E+000
  9.550000E+000  7.494224E-001  1.662092E+000  0.000000E+000  7.494224E-001 -6.620922E-001  0.000000E+000  6.620922E-001  7.494224E-001  0.000000E+000  0.000000E+000  0.000000E+000  1.000000E+000
  9.600000E+000  7.767909E-001  1.629759E+000  0.000000E+000  7.767909E-001 -6.297587E-001  0.000000E+000  6.297587E-001  7.767909E-001  0.000000E+000  0.000000E+000  0.000000E+000  1.000000E+000
  9.650000E+000  8.079703E-001  1.589223E+000  0.000000E+000  8.079703E-001 -5.892232E-001  0.000000E+000  5.892232E-001  8.079703E-001  0.000000E+000  0.000000E+000  0.000000E+000  1.000000E+000
  9.700000E+000  8.413436E-001  1.540501E+000  0.000000E+000  8.413436E-001 -5.405007E-001  0.000000E+000  5.405007E-001  8.413436E-001  0.000000E+000  0.000000E+000  0.000000E+000  1.000000E+000
  9.750000E+000  8.751359E-001  1.483877E+000  0.000000E+000  8.751359E-001 -4.838772E-001  0.000000E+000  4.838772E-001  8.751359E-001  0.000000E+000  0.000000E+000  0.000000E+000  1.000000E+000
  9.800000E+000  9.075289E-001  1.419990E+000  0.000000E+000  9.075289E-001 -4.199896E-001  0.000000E+000  4.199896E-001  9.075289E-001  0.000000E+000  0.000000E+000  0.000000E+000  1.000000E+000
  9.850000E+000  9.367979E-001  1.349871E+000  0.000000E+000  9.367979E-001 -3.498710E-001  0.000000E+000  3.498710E-001  9.367979E-001  0.000000E+000  0.000000E+000  0.000000E+000  1.000000E+000
  9.900000E+000  9.614592E-001  1.274948E+000  0.000000E+000  9.614592E-001 -2.749478E-001  0.000000E+000  2.749478E-001  9.614592E-001  0.000000E+000  0.000000E+000  0.000000E+000  1.000000E+000
  9.950000E+000  9.804071E-001  1.196982E+000  0.000000E+000  9.804071E-001 -1.969820E-001  0.000000E+000  1.969820E-001  9.804071E-001  0.000000E+000  0.000000E+000  0.000000E+000  1.000000E+000
