% FILE: fourbar.1
%
%       t         P_Na_Ao[1]     P_Na_Ao[2]     P_Na_Ao[3]      N_A[1,1]       N_A[1,2]       N_A[1,3]       N_A[2,1]       N_A[2,2]       N_A[2,3]       N_A[3,1]       N_A[3,2]       N_A[3,3]
%   (second)        (meter)        (meter)        (meter)       (NoUnits)      (NoUnits)      (NoUnits)      (NoUnits)      (NoUnits)      (NoUnits)      (NoUnits)      (NoUnits)      (NoUnits)

  0.000000E+000  4.330127E-001  2.500000E-001  0.000000E+000  8.660254E-001 -5.000000E-001  0.000000E+000  5.000000E-001  8.660254E-001  0.000000E+000  0.000000E+000  0.000000E+000  1.000000E+000
  5.000000E-002  4.348270E-001  2.468309E-001  0.000000E+000  8.696540E-001 -4.936618E-001  0.000000E+000  4.936618E-001  8.696540E-001  0.000000E+000  0.000000E+000  0.000000E+000  1.000000E+000
  1.000000E-001  4.401097E-001  2.372834E-001  0.000000E+000  8.802195E-001 -4.745668E-001  0.000000E+000  4.745668E-001  8.802195E-001  0.000000E+000  0.000000E+000  0.000000E+000  1.000000E+000
  1.500000E-001  4.483832E-001  2.212521E-001  0.000000E+000  8.967664E-001 -4.425042E-001  0.000000E+000  4.425042E-001  8.967664E-001  0.000000E+000  0.000000E+000  0.000000E+000  1.000000E+000
  2.000000E-001  4.588613E-001  1.986109E-001  0.000000E+000  9.177226E-001 -3.972218E-001  0.000000E+000  3.972218E-001  9.177226E-001  0.000000E+000  0.000000E+000  0.000000E+000  1.000000E+000
  2.500000E-001  4.704716E-001  1.692823E-001  0.000000E+000  9.409432E-001 -3.385646E-001  0.000000E+000  3.385646E-001  9.409432E-001  0.000000E+000  0.000000E+000  0.000000E+000  1.000000E+000
  3.000000E-001  4.818968E-001  1.333246E-001  0.000000E+000  9.637936E-001 -2.666492E-001  0.000000E+000  2.666492E-001  9.637936E-001  0.000000E+000  0.000000E+000  0.000000E+000  1.000000E+000
  3.500000E-001  4.916446E-001  9.102500E-002  0.000000E+000  9.832893E-001 -1.820500E-001  0.000000E+000  1.820500E-001  9.832893E-001  0.000000E+000  0.000000E+000  0.000000E+000  1.000000E+000
  4.000000E-001  4.981490E-001  4.298298E-002  0.000000E+000  9.962981E-001 -8.596597E-002  0.000000E+000  8.596597E-002  9.962981E-001  0.000000E+000  0.000000E+000  0.000000E+000  1.000000E+000
  4.500000E-001  4.999033E-001 -9.833513E-003  0.000000E+000  9.998066E-001  1.966703E-002  0.000000E+000 -1.966703E-002  9.998066E-001  0.000000E+000  0.000000E+000  0.000000E+000  1.000000E+000
  5.000000E-001  4.956146E-001 -6.607707E-002  0.000000E+000  9.912292E-001  1.321541E-001  0.000000E+000 -1.321541E-001  9.912292E-001  0.000000E+000  0.000000E+000  0.000000E+000  1.000000E+000
  5.500000E-001  4.843627E-001 -1.240674E-001  0.000000E+000  9.687255E-001  2.481349E-001  0.000000E+000 -2.481349E-001  9.687255E-001  0.000000E+000  0.000000E+000  0.000000E+000  1.000000E+000
  6.000000E-001  4.657388E-001 -1.818993E-001  0.000000E+000  9.314776E-001  3.637987E-001  0.000000E+000 -3.637987E-001  9.314776E-001  0.000000E+000  0.000000E+000  0.000000E+000  1.000000E+000
  6.500000E-001  4.399377E-001 -2.376022E-001  0.000000E+000  8.798754E-001  4.752045E-001  0.000000E+000 -4.752045E-001  8.798754E-001  0.000000E+000  0.000000E+000  0.000000E+000  1.000000E+000
  7.000000E-001  4.077842E-001 -2.893304E-001  0.000000E+000  8.155683E-001  5.786608E-001  0.000000E+000 -5.786608E-001  8.155683E-001  0.000000E+000  0.000000E+000  0.000000E+000  1.000000E+000
  7.500000E-001  3.706816E-001 -3.355520E-001  0.000000E+000  7.413632E-001  6.711040E-001  0.000000E+000 -6.711040E-001  7.413632E-001  0.000000E+000  0.000000E+000  0.000000E+000  1.000000E+000
  8.000000E-001  3.304889E-001 -3.752027E-001  0.000000E+000  6.609778E-001  7.504055E-001  0.000000E+000 -7.504055E-001  6.609778E-001  0.000000E+000  0.000000E+000  0.000000E+000  1.000000E+000
  8.500000E-001  2.893444E-001 -4.077742E-001  0.000000E+000  5.786888E-001  8.155485E-001  0.000000E+000 -8.155485E-001  5.786888E-001  0.000000E+000  0.000000E+000  0.000000E+000  1.000000E+000
  9.000000E-001  2.494672E-001 -4.333199E-001  0.000000E+000  4.989344E-001  8.666398E-001  0.000000E+000 -8.666398E-001  4.989344E-001  0.000000E+000  0.000000E+000  0.000000E+000  1.000000E+000
  9.500000E-001  2.129690E-001 -4.523762E-001  0.000000E+000  4.259380E-001  9.047523E-001  0.000000E+000 -9.047523E-001  4.259380E-001  0.000000E+000  0.000000E+000  0.000000E+000  1.000000E+000
  1.000000E+000  1.817048E-001 -4.658147E-001  0.000000E+000  3.634096E-001  9.316295E-001  0.000000E+000 -9.316295E-001  3.634096E-001  0.000000E+000  0.000000E+000  0.000000E+000  1.000000E+000
  1.050000E+000  1.571775E-001 -4.746527E-001  0.000000E+000  3.143551E-001  9.493055E-001  0.000000E+000 -9.493055E-001  3.143551E-001  0.000000E+000  0.000000E+000  0.000000E+000  1.000000E+000
  1.100000E+000  1.404966E-001 -4.798549E-001  0.000000E+000  2.809931E-001  9.597098E-001  0.000000E+000 -9.597098E-001  2.809931E-001  0.000000E+000  0.000000E+000  0.000000E+000  1.000000E+000
  1.150000E+000  1.323760E-001 -4.821583E-001  0.000000E+000  2.647519E-001  9.643165E-001  0.000000E+000 -9.643165E-001  2.647519E-001  0.000000E+000  0.000000E+000  0.000000E+000  1.000000E+000
  1.200000E+000  1.331504E-001 -4.819450E-001  0.000000E+000  2.663008E-001  9.638900E-001  0.000000E+000 -9.638900E-001  2.663008E-001  0.000000E+000  0.000000E+000  0.000000E+000  1.000000E+000
  1.250000E+000  1.427884E-001 -4.791779E-001  0.000000E+000  2.855767E-001  9.583559E-001  0.000000E+000 -9.583559E-001  2.855767E-001  0.000000E+000  0.000000E+000  0.000000E+000  1.000000E+000
  1.300000E+000  1.608906E-001 -4.734070E-001  0.000000E+000  3.217813E-001  9.468140E-001  0.000000E+000 -9.468140E-001  3.217813E-001  0.000000E+000  0.000000E+000  0.000000E+000  1.000000E+000
  1.350000E+000  1.866757E-001 -4.638450E-001  0.000000E+000  3.733514E-001  9.276900E-001  0.000000E+000 -9.276900E-001  3.733514E-001  0.000000E+000  0.000000E+000  0.000000E+000  1.000000E+000
  1.400000E+000  2.189649E-001 -4.495046E-001  0.000000E+000  4.379298E-001  8.990092E-001  0.000000E+000 -8.990092E-001  4.379298E-001  0.000000E+000  0.000000E+000  0.000000E+000  1.000000E+000
  1.450000E+000  2.561900E-001 -4.293794E-001  0.000000E+000  5.123801E-001  8.587588E-001  0.000000E+000 -8.587588E-001  5.123801E-001  0.000000E+000  0.000000E+000  0.000000E+000  1.000000E+000
  1.500000E+000  2.964432E-001 -4.026430E-001  0.000000E+000  5.928864E-001  8.052861E-001  0.000000E+000 -8.052861E-001  5.928864E-001  0.000000E+000  0.000000E+000  0.000000E+000  1.000000E+000
  1.550000E+000  3.375820E-001 -3.688338E-001  0.000000E+000  6.751640E-001  7.376676E-001  0.000000E+000 -7.376676E-001  6.751640E-001  0.000000E+000  0.000000E+000  0.000000E+000  1.000000E+000
  1.600000E+000  3.773872E-001 -3.279922E-001  0.000000E+000  7.547744E-001  6.559844E-001  0.000000E+000 -6.559844E-001  7.547744E-001  0.000000E+000  0.000000E+000  0.000000E+000  1.000000E+000
  1.650000E+000  4.137548E-001 -2.807258E-001  0.000000E+000  8.275096E-001  5.614516E-001  0.000000E+000 -5.614516E-001  8.275096E-001  0.000000E+000  0.000000E+000  0.000000E+000  1.000000E+000
  1.700000E+000  4.448934E-001 -2.281883E-001  0.000000E+000  8.897867E-001  4.563766E-001  0.000000E+000 -4.563766E-001  8.897867E-001  0.000000E+000  0.000000E+000  0.000000E+000  1.000000E+000
  1.750000E+000  4.694927E-001 -1.719784E-001  0.000000E+000  9.389855E-001  3.439568E-001  0.000000E+000 -3.439568E-001  9.389855E-001  0.000000E+000  0.000000E+000  0.000000E+000  1.000000E+000
  1.800000E+000  4.868358E-001 -1.139774E-001  0.000000E+000  9.736717E-001  2.279549E-001  0.000000E+000 -2.279549E-001  9.736717E-001  0.000000E+000  0.000000E+000  0.000000E+000  1.000000E+000
  1.850000E+000  4.968363E-001 -5.615775E-002  0.000000E+000  9.936726E-001  1.123155E-001  0.000000E+000 -1.123155E-001  9.936726E-001  0.000000E+000  0.000000E+000  0.000000E+000  1.000000E+000
  1.900000E+000  4.999998E-001 -3.958404E-004  0.000000E+000  9.999997E-001  7.916808E-004  0.000000E+000 -7.916808E-004  9.999997E-001  0.000000E+000  0.000000E+000  0.000000E+000  1.000000E+000
  1.950000E+000  4.973220E-001  5.167965E-002  0.000000E+000  9.946441E-001 -1.033593E-001  0.000000E+000  1.033593E-001  9.946441E-001  0.000000E+000  0.000000E+000  0.000000E+000  1.000000E+000
  2.000000E+000  4.901443E-001  9.878542E-002  0.000000E+000  9.802886E-001 -1.975708E-001  0.000000E+000  1.975708E-001  9.802886E-001  0.000000E+000  0.000000E+000  0.000000E+000  1.000000E+000
  2.050000E+000  4.799943E-001  1.400196E-001  0.000000E+000  9.599885E-001 -2.800393E-001  0.000000E+000  2.800393E-001  9.599885E-001  0.000000E+000  0.000000E+000  0.000000E+000  1.000000E+000
  2.100000E+000  4.684339E-001  1.748419E-001  0.000000E+000  9.368678E-001 -3.496838E-001  0.000000E+000  3.496838E-001  9.368678E-001  0.000000E+000  0.000000E+000  0.000000E+000  1.000000E+000
  2.150000E+000  4.569316E-001  2.030112E-001  0.000000E+000  9.138632E-001 -4.060223E-001  0.000000E+000  4.060223E-001  9.138632E-001  0.000000E+000  0.000000E+000  0.000000E+000  1.000000E+000
  2.200000E+000  4.467662E-001  2.244993E-001  0.000000E+000  8.935324E-001 -4.489987E-001  0.000000E+000  4.489987E-001  8.935324E-001  0.000000E+000  0.000000E+000  0.000000E+000  1.000000E+000
  2.250000E+000  4.389630E-001  2.393982E-001  0.000000E+000  8.779260E-001 -4.787963E-001  0.000000E+000  4.787963E-001  8.779260E-001  0.000000E+000  0.000000E+000  0.000000E+000  1.000000E+000
  2.300000E+000  4.342557E-001  2.478346E-001  0.000000E+000  8.685115E-001 -4.956691E-001  0.000000E+000  4.956691E-001  8.685115E-001  0.000000E+000  0.000000E+000  0.000000E+000  1.000000E+000
  2.350000E+000  4.330675E-001  2.499050E-001  0.000000E+000  8.661351E-001 -4.998100E-001  0.000000E+000  4.998100E-001  8.661351E-001  0.000000E+000  0.000000E+000  0.000000E+000  1.000000E+000
  2.400000E+000  4.355031E-001  2.456360E-001  0.000000E+000  8.710063E-001 -4.912719E-001  0.000000E+000  4.912719E-001  8.710063E-001  0.000000E+000  0.000000E+000  0.000000E+000  1.000000E+000
  2.450000E+000  4.413470E-001  2.349741E-001  0.000000E+000  8.826940E-001 -4.699482E-001  0.000000E+000  4.699482E-001  8.826940E-001  0.000000E+000  0.000000E+000  0.000000E+000  1.000000E+000
  2.500000E+000  4.500671E-001  2.178064E-001  0.000000E+000  9.001342E-001 -4.356128E-001  0.000000E+000  4.356128E-001  9.001342E-001  0.000000E+000  0.000000E+000  0.000000E+000  1.000000E+000
  2.550000E+000  4.608257E-001  1.940096E-001  0.000000E+000  9.216513E-001 -3.880192E-001  0.000000E+000  3.880192E-001  9.216513E-001  0.000000E+000  0.000000E+000  0.000000E+000  1.000000E+000
  2.600000E+000  4.725042E-001  1.635232E-001  0.000000E+000  9.450083E-001 -3.270463E-001  0.000000E+000  3.270463E-001  9.450083E-001  0.000000E+000  0.000000E+000  0.000000E+000  1.000000E+000
  2.650000E+000  4.837492E-001  1.264385E-001  0.000000E+000  9.674984E-001 -2.528769E-001  0.000000E+000  2.528769E-001  9.674984E-001  0.000000E+000  0.000000E+000  0.000000E+000  1.000000E+000
  2.700000E+000  4.930475E-001  8.309132E-002  0.000000E+000  9.860950E-001 -1.661826E-001  0.000000E+000  1.661826E-001  9.860950E-001  0.000000E+000  0.000000E+000  0.000000E+000  1.000000E+000
  2.750000E+000  4.988330E-001  3.414209E-002  0.000000E+000  9.976659E-001 -6.828417E-002  0.000000E+000  6.828417E-002  9.976659E-001  0.000000E+000  0.000000E+000  0.000000E+000  1.000000E+000
  2.800000E+000  4.996245E-001 -1.937486E-002  0.000000E+000  9.992489E-001  3.874972E-002  0.000000E+000 -3.874972E-002  9.992489E-001  0.000000E+000  0.000000E+000  0.000000E+000  1.000000E+000
  2.850000E+000  4.941827E-001 -7.604937E-002  0.000000E+000  9.883653E-001  1.520987E-001  0.000000E+000 -1.520987E-001  9.883653E-001  0.000000E+000  0.000000E+000  0.000000E+000  1.000000E+000
  2.900000E+000  4.816669E-001 -1.341528E-001  0.000000E+000  9.633338E-001  2.683057E-001  0.000000E+000 -2.683057E-001  9.633338E-001  0.000000E+000  0.000000E+000  0.000000E+000  1.000000E+000
  2.950000E+000  4.617679E-001 -1.917561E-001  0.000000E+000  9.235358E-001  3.835121E-001  0.000000E+000 -3.835121E-001  9.235358E-001  0.000000E+000  0.000000E+000  0.000000E+000  1.000000E+000
  3.000000E+000  4.347900E-001 -2.468961E-001  0.000000E+000  8.695800E-001  4.937921E-001  0.000000E+000 -4.937921E-001  8.695800E-001  0.000000E+000  0.000000E+000  0.000000E+000  1.000000E+000
  3.050000E+000  4.016639E-001 -2.977686E-001  0.000000E+000  8.033278E-001  5.955371E-001  0.000000E+000 -5.955371E-001  8.033278E-001  0.000000E+000  0.000000E+000  0.000000E+000  1.000000E+000
  3.100000E+000  3.638826E-001 -3.429132E-001  0.000000E+000  7.277652E-001  6.858264E-001  0.000000E+000 -6.858264E-001  7.277652E-001  0.000000E+000  0.000000E+000  0.000000E+000  1.000000E+000
  3.150000E+000  3.233670E-001 -3.813578E-001  0.000000E+000  6.467341E-001  7.627156E-001  0.000000E+000 -7.627156E-001  6.467341E-001  0.000000E+000  0.000000E+000  0.000000E+000  1.000000E+000
  3.200000E+000  2.822839E-001 -4.126933E-001  0.000000E+000  5.645679E-001  8.253867E-001  0.000000E+000 -8.253867E-001  5.645679E-001  0.000000E+000  0.000000E+000  0.000000E+000  1.000000E+000
  3.250000E+000  2.428464E-001 -4.370648E-001  0.000000E+000  4.856929E-001  8.741295E-001  0.000000E+000 -8.741295E-001  4.856929E-001  0.000000E+000  0.000000E+000  0.000000E+000  1.000000E+000
  3.300000E+000  2.071311E-001 -4.550788E-001  0.000000E+000  4.142622E-001  9.101576E-001  0.000000E+000 -9.101576E-001  4.142622E-001  0.000000E+000  0.000000E+000  0.000000E+000  1.000000E+000
  3.350000E+000  1.769371E-001 -4.676465E-001  0.000000E+000  3.538743E-001  9.352930E-001  0.000000E+000 -9.352930E-001  3.538743E-001  0.000000E+000  0.000000E+000  0.000000E+000  1.000000E+000
  3.400000E+000  1.537009E-001 -4.757899E-001  0.000000E+000  3.074018E-001  9.515798E-001  0.000000E+000 -9.515798E-001  3.074018E-001  0.000000E+000  0.000000E+000  0.000000E+000  1.000000E+000
  3.450000E+000  1.384626E-001 -4.804457E-001  0.000000E+000  2.769253E-001  9.608915E-001  0.000000E+000 -9.608915E-001  2.769253E-001  0.000000E+000  0.000000E+000  0.000000E+000  1.000000E+000
  3.500000E+000  1.318694E-001 -4.822971E-001  0.000000E+000  2.637388E-001  9.645941E-001  0.000000E+000 -9.645941E-001  2.637388E-001  0.000000E+000  0.000000E+000  0.000000E+000  1.000000E+000
  3.550000E+000  1.341918E-001 -4.816561E-001  0.000000E+000  2.683835E-001  9.633121E-001  0.000000E+000 -9.633121E-001  2.683835E-001  0.000000E+000  0.000000E+000  0.000000E+000  1.000000E+000
  3.600000E+000  1.453351E-001 -4.784116E-001  0.000000E+000  2.906702E-001  9.568233E-001  0.000000E+000 -9.568233E-001  2.906702E-001  0.000000E+000  0.000000E+000  0.000000E+000  1.000000E+000
  3.650000E+000  1.648353E-001 -4.720480E-001  0.000000E+000  3.296706E-001  9.440960E-001  0.000000E+000 -9.440960E-001  3.296706E-001  0.000000E+000  0.000000E+000  0.000000E+000  1.000000E+000
  3.700000E+000  1.918427E-001 -4.617319E-001  0.000000E+000  3.836855E-001  9.234638E-001  0.000000E+000 -9.234638E-001  3.836855E-001  0.000000E+000  0.000000E+000  0.000000E+000  1.000000E+000
  3.750000E+000  2.251098E-001 -4.464589E-001  0.000000E+000  4.502196E-001  8.929179E-001  0.000000E+000 -8.929179E-001  4.502196E-001  0.000000E+000  0.000000E+000  0.000000E+000  1.000000E+000
  3.800000E+000  2.630043E-001 -4.252396E-001  0.000000E+000  5.260087E-001  8.504792E-001  0.000000E+000 -8.504792E-001  5.260087E-001  0.000000E+000  0.000000E+000  0.000000E+000  1.000000E+000
  3.850000E+000  3.035688E-001 -3.972984E-001  0.000000E+000  6.071376E-001  7.945967E-001  0.000000E+000 -7.945967E-001  6.071376E-001  0.000000E+000  0.000000E+000  0.000000E+000  1.000000E+000
  3.900000E+000  3.446348E-001 -3.622524E-001  0.000000E+000  6.892697E-001  7.245049E-001  0.000000E+000 -7.245049E-001  6.892697E-001  0.000000E+000  0.000000E+000  0.000000E+000  1.000000E+000
  3.950000E+000  3.839889E-001 -3.202383E-001  0.000000E+000  7.679777E-001  6.404766E-001  0.000000E+000 -6.404766E-001  7.679777E-001  0.000000E+000  0.000000E+000  0.000000E+000  1.000000E+000
  4.000000E+000  4.195673E-001 -2.719619E-001  0.000000E+000  8.391346E-001  5.439238E-001  0.000000E+000 -5.439238E-001  8.391346E-001  0.000000E+000  0.000000E+000  0.000000E+000  1.000000E+000
  4.050000E+000  4.496513E-001 -2.186635E-001  0.000000E+000  8.993026E-001  4.373270E-001  0.000000E+000 -4.373270E-001  8.993026E-001  0.000000E+000  0.000000E+000  0.000000E+000  1.000000E+000
  4.100000E+000  4.730273E-001 -1.620035E-001  0.000000E+000  9.460547E-001  3.240071E-001  0.000000E+000 -3.240071E-001  9.460547E-001  0.000000E+000  0.000000E+000  0.000000E+000  1.000000E+000
  4.150000E+000  4.890871E-001 -1.038932E-001  0.000000E+000  9.781742E-001  2.077863E-001  0.000000E+000 -2.077863E-001  9.781742E-001  0.000000E+000  0.000000E+000  0.000000E+000  1.000000E+000
  4.200000E+000  4.978516E-001 -4.630083E-002  0.000000E+000  9.957032E-001  9.260166E-002  0.000000E+000 -9.260166E-002  9.957032E-001  0.000000E+000  0.000000E+000  0.000000E+000  1.000000E+000
  4.250000E+000  4.999202E-001  8.930314E-003  0.000000E+000  9.998405E-001 -1.786063E-002  0.000000E+000  1.786063E-002  9.998405E-001  0.000000E+000  0.000000E+000  0.000000E+000  1.000000E+000
  4.300000E+000  4.963596E-001  6.022620E-002  0.000000E+000  9.927191E-001 -1.204524E-001  0.000000E+000  1.204524E-001  9.927191E-001  0.000000E+000  0.000000E+000  0.000000E+000  1.000000E+000
  4.350000E+000  4.885547E-001  1.063687E-001  0.000000E+000  9.771094E-001 -2.127374E-001  0.000000E+000  2.127374E-001  9.771094E-001  0.000000E+000  0.000000E+000  0.000000E+000  1.000000E+000
  4.400000E+000  4.780496E-001  1.465215E-001  0.000000E+000  9.560993E-001 -2.930429E-001  0.000000E+000  2.930429E-001  9.560993E-001  0.000000E+000  0.000000E+000  0.000000E+000  1.000000E+000
  4.450000E+000  4.663984E-001  1.802013E-001  0.000000E+000  9.327969E-001 -3.604026E-001  0.000000E+000  3.604026E-001  9.327969E-001  0.000000E+000  0.000000E+000  0.000000E+000  1.000000E+000
  4.500000E+000  4.550426E-001  2.072106E-001  0.000000E+000  9.100852E-001 -4.144212E-001  0.000000E+000  4.144212E-001  9.100852E-001  0.000000E+000  0.000000E+000  0.000000E+000  1.000000E+000
  4.550000E+000  4.452208E-001  2.275487E-001  0.000000E+000  8.904416E-001 -4.550974E-001  0.000000E+000  4.550974E-001  8.904416E-001  0.000000E+000  0.000000E+000  0.000000E+000  1.000000E+000
  4.600000E+000  4.379099E-001  2.413191E-001  0.000000E+000  8.758199E-001 -4.826381E-001  0.000000E+000  4.826381E-001  8.758199E-001  0.000000E+000  0.000000E+000  0.000000E+000  1.000000E+000
  4.650000E+000  4.337909E-001  2.486473E-001  0.000000E+000  8.675817E-001 -4.972946E-001  0.000000E+000  4.972946E-001  8.675817E-001  0.000000E+000  0.000000E+000  0.000000E+000  1.000000E+000
  4.700000E+000  4.332319E-001  2.496199E-001  0.000000E+000  8.664639E-001 -4.992398E-001  0.000000E+000  4.992398E-001  8.664639E-001  0.000000E+000  0.000000E+000  0.000000E+000  1.000000E+000
  4.750000E+000  4.362823E-001  2.442493E-001  0.000000E+000  8.725647E-001 -4.884986E-001  0.000000E+000  4.884986E-001  8.725647E-001  0.000000E+000  0.000000E+000  0.000000E+000  1.000000E+000
  4.800000E+000  4.426713E-001  2.324695E-001  0.000000E+000  8.853427E-001 -4.649391E-001  0.000000E+000  4.649391E-001  8.853427E-001  0.000000E+000  0.000000E+000  0.000000E+000  1.000000E+000
  4.850000E+000  4.518128E-001  2.141615E-001  0.000000E+000  9.036257E-001 -4.283231E-001  0.000000E+000  4.283231E-001  9.036257E-001  0.000000E+000  0.000000E+000  0.000000E+000  1.000000E+000
  4.900000E+000  4.628182E-001  1.892071E-001  0.000000E+000  9.256364E-001 -3.784142E-001  0.000000E+000  3.784142E-001  9.256364E-001  0.000000E+000  0.000000E+000  0.000000E+000  1.000000E+000
  4.950000E+000  4.745241E-001  1.575654E-001  0.000000E+000  9.490482E-001 -3.151308E-001  0.000000E+000  3.151308E-001  9.490482E-001  0.000000E+000  0.000000E+000  0.000000E+000  1.000000E+000
  5.000000E+000  4.855433E-001  1.193636E-001  0.000000E+000  9.710867E-001 -2.387272E-001  0.000000E+000  2.387272E-001  9.710867E-001  0.000000E+000  0.000000E+000  0.000000E+000  1.000000E+000
  5.050000E+000  4.943447E-001  7.498859E-002  0.000000E+000  9.886895E-001 -1.499772E-001  0.000000E+000  1.499772E-001  9.886895E-001  0.000000E+000  0.000000E+000  0.000000E+000  1.000000E+000
  5.100000E+000  4.993664E-001  2.516317E-002  0.000000E+000  9.987328E-001 -5.032634E-002  0.000000E+000  5.032634E-002  9.987328E-001  0.000000E+000  0.000000E+000  0.000000E+000  1.000000E+000
  5.150000E+000  4.991576E-001 -2.901177E-002  0.000000E+000  9.983152E-001  5.802353E-002  0.000000E+000 -5.802353E-002  9.983152E-001  0.000000E+000  0.000000E+000  0.000000E+000  1.000000E+000
  5.200000E+000  4.925371E-001 -8.606506E-002  0.000000E+000  9.850742E-001  1.721301E-001  0.000000E+000 -1.721301E-001  9.850742E-001  0.000000E+000  0.000000E+000  0.000000E+000  1.000000E+000
  5.250000E+000  4.787480E-001 -1.442233E-001  0.000000E+000  9.574960E-001  2.884466E-001  0.000000E+000 -2.884466E-001  9.574960E-001  0.000000E+000  0.000000E+000  0.000000E+000  1.000000E+000
  5.300000E+000  4.575831E-001 -2.015384E-001  0.000000E+000  9.151661E-001  4.030769E-001  0.000000E+000 -4.030769E-001  9.151661E-001  0.000000E+000  0.000000E+000  0.000000E+000  1.000000E+000
  5.350000E+000  4.294564E-001 -2.560610E-001  0.000000E+000  8.589128E-001  5.121219E-001  0.000000E+000 -5.121219E-001  8.589128E-001  0.000000E+000  0.000000E+000  0.000000E+000  1.000000E+000
  5.400000E+000  3.954029E-001 -3.060336E-001  0.000000E+000  7.908057E-001  6.120672E-001  0.000000E+000 -6.120672E-001  7.908057E-001  0.000000E+000  0.000000E+000  0.000000E+000  1.000000E+000
  5.450000E+000  3.570009E-001 -3.500719E-001  0.000000E+000  7.140019E-001  7.001438E-001  0.000000E+000 -7.001438E-001  7.140019E-001  0.000000E+000  0.000000E+000  0.000000E+000  1.000000E+000
  5.500000E+000  3.162281E-001 -3.872981E-001  0.000000E+000  6.324561E-001  7.745962E-001  0.000000E+000 -7.745962E-001  6.324561E-001  0.000000E+000  0.000000E+000  0.000000E+000  1.000000E+000
  5.550000E+000  2.752732E-001 -4.174023E-001  0.000000E+000  5.505464E-001  8.348046E-001  0.000000E+000 -8.348046E-001  5.505464E-001  0.000000E+000  0.000000E+000  0.000000E+000  1.000000E+000
  5.600000E+000  2.363381E-001 -4.406181E-001  0.000000E+000  4.726762E-001  8.812362E-001  0.000000E+000 -8.812362E-001  4.726762E-001  0.000000E+000  0.000000E+000  0.000000E+000  1.000000E+000
  5.650000E+000  2.014598E-001 -4.576177E-001  0.000000E+000  4.029196E-001  9.152354E-001  0.000000E+000 -9.152354E-001  4.029196E-001  0.000000E+000  0.000000E+000  0.000000E+000  1.000000E+000
  5.700000E+000  1.723792E-001 -4.693457E-001  0.000000E+000  3.447585E-001  9.386914E-001  0.000000E+000 -9.386914E-001  3.447585E-001  0.000000E+000  0.000000E+000  0.000000E+000  1.000000E+000
  5.750000E+000  1.504652E-001 -4.768230E-001  0.000000E+000  3.009305E-001  9.536461E-001  0.000000E+000 -9.536461E-001  3.009305E-001  0.000000E+000  0.000000E+000  0.000000E+000  1.000000E+000
  5.800000E+000  1.366891E-001 -4.809533E-001  0.000000E+000  2.733781E-001  9.619066E-001  0.000000E+000 -9.619066E-001  2.733781E-001  0.000000E+000  0.000000E+000  0.000000E+000  1.000000E+000
  5.850000E+000  1.316313E-001 -4.823621E-001  0.000000E+000  2.632625E-001  9.647242E-001  0.000000E+000 -9.647242E-001  2.632625E-001  0.000000E+000  0.000000E+000  0.000000E+000  1.000000E+000
  5.900000E+000  1.354987E-001 -4.812900E-001  0.000000E+000  2.709975E-001  9.625801E-001  0.000000E+000 -9.625801E-001  2.709975E-001  0.000000E+000  0.000000E+000  0.000000E+000  1.000000E+000
  5.950000E+000  1.481336E-001 -4.775525E-001  0.000000E+000  2.962672E-001  9.551051E-001  0.000000E+000 -9.551051E-001  2.962672E-001  0.000000E+000  0.000000E+000  0.000000E+000  1.000000E+000
  6.000000E+000  1.690063E-001 -4.705708E-001  0.000000E+000  3.380125E-001  9.411416E-001  0.000000E+000 -9.411416E-001  3.380125E-001  0.000000E+000  0.000000E+000  0.000000E+000  1.000000E+000
  6.050000E+000  1.971986E-001 -4.594701E-001  0.000000E+000  3.943971E-001  9.189401E-001  0.000000E+000 -9.189401E-001  3.943971E-001  0.000000E+000  0.000000E+000  0.000000E+000  1.000000E+000
  6.100000E+000  2.313943E-001 -4.432343E-001  0.000000E+000  4.627887E-001  8.864686E-001  0.000000E+000 -8.864686E-001  4.627887E-001  0.000000E+000  0.000000E+000  0.000000E+000  1.000000E+000
  6.150000E+000  2.698993E-001 -4.208971E-001  0.000000E+000  5.397986E-001  8.417942E-001  0.000000E+000 -8.417942E-001  5.397986E-001  0.000000E+000  0.000000E+000  0.000000E+000  1.000000E+000
  6.200000E+000  3.107095E-001 -3.917392E-001  0.000000E+000  6.214190E-001  7.834784E-001  0.000000E+000 -7.834784E-001  6.214190E-001  0.000000E+000  0.000000E+000  0.000000E+000  1.000000E+000
  6.250000E+000  3.516359E-001 -3.554606E-001  0.000000E+000  7.032718E-001  7.109211E-001  0.000000E+000 -7.109211E-001  7.032718E-001  0.000000E+000  0.000000E+000  0.000000E+000  1.000000E+000
  6.300000E+000  3.904763E-001 -3.122951E-001  0.000000E+000  7.809527E-001  6.245902E-001  0.000000E+000 -6.245902E-001  7.809527E-001  0.000000E+000  0.000000E+000  0.000000E+000  1.000000E+000
  6.350000E+000  4.252136E-001 -2.630463E-001  0.000000E+000  8.504273E-001  5.260926E-001  0.000000E+000 -5.260926E-001  8.504273E-001  0.000000E+000  0.000000E+000  0.000000E+000  1.000000E+000
  6.400000E+000  4.542064E-001 -2.090372E-001  0.000000E+000  9.084128E-001  4.180745E-001  0.000000E+000 -4.180745E-001  9.084128E-001  0.000000E+000  0.000000E+000  0.000000E+000  1.000000E+000
  6.450000E+000  4.763408E-001 -1.519850E-001  0.000000E+000  9.526816E-001  3.039701E-001  0.000000E+000 -3.039701E-001  9.526816E-001  0.000000E+000  0.000000E+000  0.000000E+000  1.000000E+000
  6.500000E+000  4.911180E-001 -9.382475E-002  0.000000E+000  9.822361E-001  1.876495E-001  0.000000E+000 -1.876495E-001  9.822361E-001  0.000000E+000  0.000000E+000  0.000000E+000  1.000000E+000
  6.550000E+000  4.986648E-001 -3.651547E-002  0.000000E+000  9.973297E-001  7.303093E-002  0.000000E+000 -7.303093E-002  9.973297E-001  0.000000E+000  0.000000E+000  0.000000E+000  1.000000E+000
  6.600000E+000  4.996709E-001  1.813746E-002  0.000000E+000  9.993418E-001 -3.627492E-002  0.000000E+000  3.627492E-002  9.993418E-001  0.000000E+000  0.000000E+000  0.000000E+000  1.000000E+000
  6.650000E+000  4.952693E-001  6.861712E-002  0.000000E+000  9.905386E-001 -1.372342E-001  0.000000E+000  1.372342E-001  9.905386E-001  0.000000E+000  0.000000E+000  0.000000E+000  1.000000E+000
  6.700000E+000  4.868840E-001  1.137714E-001  0.000000E+000  9.737681E-001 -2.275427E-001  0.000000E+000  2.275427E-001  9.737681E-001  0.000000E+000  0.000000E+000  0.000000E+000  1.000000E+000
  6.750000E+000  4.760709E-001  1.528283E-001  0.000000E+000  9.521418E-001 -3.056566E-001  0.000000E+000  3.056566E-001  9.521418E-001  0.000000E+000  0.000000E+000  0.000000E+000  1.000000E+000
  6.800000E+000  4.643723E-001  1.853600E-001  0.000000E+000  9.287447E-001 -3.707200E-001  0.000000E+000  3.707200E-001  9.287447E-001  0.000000E+000  0.000000E+000  0.000000E+000  1.000000E+000
  6.850000E+000  4.532003E-001  2.112096E-001  0.000000E+000  9.064006E-001 -4.224192E-001  0.000000E+000  4.224192E-001  9.064006E-001  0.000000E+000  0.000000E+000  0.000000E+000  1.000000E+000
  6.900000E+000  4.437515E-001  2.304009E-001  0.000000E+000  8.875031E-001 -4.608018E-001  0.000000E+000  4.608018E-001  8.875031E-001  0.000000E+000  0.000000E+000  0.000000E+000  1.000000E+000
  6.950000E+000  4.369534E-001  2.430467E-001  0.000000E+000  8.739069E-001 -4.860934E-001  0.000000E+000  4.860934E-001  8.739069E-001  0.000000E+000  0.000000E+000  0.000000E+000  1.000000E+000
  7.000000E+000  4.334336E-001  2.492695E-001  0.000000E+000  8.668673E-001 -4.985390E-001  0.000000E+000  4.985390E-001  8.668673E-001  0.000000E+000  0.000000E+000  0.000000E+000  1.000000E+000
  7.050000E+000  4.335054E-001  2.491446E-001  0.000000E+000  8.670108E-001 -4.982893E-001  0.000000E+000  4.982893E-001  8.670108E-001  0.000000E+000  0.000000E+000  0.000000E+000  1.000000E+000
  7.100000E+000  4.371625E-001  2.426704E-001  0.000000E+000  8.743250E-001 -4.853409E-001  0.000000E+000  4.853409E-001  8.743250E-001  0.000000E+000  0.000000E+000  0.000000E+000  1.000000E+000
  7.150000E+000  4.440790E-001  2.297691E-001  0.000000E+000  8.881580E-001 -4.595381E-001  0.000000E+000  4.595381E-001  8.881580E-001  0.000000E+000  0.000000E+000  0.000000E+000  1.000000E+000
  7.200000E+000  4.536152E-001  2.103171E-001  0.000000E+000  9.072304E-001 -4.206341E-001  0.000000E+000  4.206341E-001  9.072304E-001  0.000000E+000  0.000000E+000  0.000000E+000  1.000000E+000
  7.250000E+000  4.648323E-001  1.842036E-001  0.000000E+000  9.296646E-001 -3.684071E-001  0.000000E+000  3.684071E-001  9.296646E-001  0.000000E+000  0.000000E+000  0.000000E+000  1.000000E+000
  7.300000E+000  4.765238E-001  1.514101E-001  0.000000E+000  9.530477E-001 -3.028203E-001  0.000000E+000  3.028203E-001  9.530477E-001  0.000000E+000  0.000000E+000  0.000000E+000  1.000000E+000
  7.350000E+000  4.872710E-001  1.121026E-001  0.000000E+000  9.745419E-001 -2.242052E-001  0.000000E+000  2.242052E-001  9.745419E-001  0.000000E+000  0.000000E+000  0.000000E+000  1.000000E+000
  7.400000E+000  4.955283E-001  6.672135E-002  0.000000E+000  9.910565E-001 -1.334427E-001  0.000000E+000  1.334427E-001  9.910565E-001  0.000000E+000  0.000000E+000  0.000000E+000  1.000000E+000
  7.450000E+000  4.997422E-001  1.605281E-002  0.000000E+000  9.994845E-001 -3.210561E-002  0.000000E+000  3.210561E-002  9.994845E-001  0.000000E+000  0.000000E+000  0.000000E+000  1.000000E+000
  7.500000E+000  4.984973E-001 -3.873580E-002  0.000000E+000  9.969946E-001  7.747160E-002  0.000000E+000 -7.747160E-002  9.969946E-001  0.000000E+000  0.000000E+000  0.000000E+000  1.000000E+000
  7.550000E+000  4.906751E-001 -9.611434E-002  0.000000E+000  9.813502E-001  1.922287E-001  0.000000E+000 -1.922287E-001  9.813502E-001  0.000000E+000  0.000000E+000  0.000000E+000  1.000000E+000
  7.600000E+000  4.756062E-001 -1.542685E-001  0.000000E+000  9.512123E-001  3.085370E-001  0.000000E+000 -3.085370E-001  9.512123E-001  0.000000E+000  0.000000E+000  0.000000E+000  1.000000E+000
  7.650000E+000  4.531877E-001 -2.112365E-001  0.000000E+000  9.063755E-001  4.224731E-001  0.000000E+000 -4.224731E-001  9.063755E-001  0.000000E+000  0.000000E+000  0.000000E+000  1.000000E+000
  7.700000E+000  4.239436E-001 -2.650884E-001  0.000000E+000  8.478871E-001  5.301768E-001  0.000000E+000 -5.301768E-001  8.478871E-001  0.000000E+000  0.000000E+000  0.000000E+000  1.000000E+000
  7.750000E+000  3.890104E-001 -3.141193E-001  0.000000E+000  7.780207E-001  6.282386E-001  0.000000E+000 -6.282386E-001  7.780207E-001  0.000000E+000  0.000000E+000  0.000000E+000  1.000000E+000
  7.800000E+000  3.500476E-001 -3.570247E-001  0.000000E+000  7.000952E-001  7.140495E-001  0.000000E+000 -7.140495E-001  7.000952E-001  0.000000E+000  0.000000E+000  0.000000E+000  1.000000E+000
  7.850000E+000  3.090836E-001 -3.930233E-001  0.000000E+000  6.181672E-001  7.860466E-001  0.000000E+000 -7.860466E-001  6.181672E-001  0.000000E+000  0.000000E+000  0.000000E+000  1.000000E+000
  7.900000E+000  2.683235E-001 -4.219034E-001  0.000000E+000  5.366470E-001  8.438068E-001  0.000000E+000 -8.438068E-001  5.366470E-001  0.000000E+000  0.000000E+000  0.000000E+000  1.000000E+000
  7.950000E+000  2.299522E-001 -4.439842E-001  0.000000E+000  4.599045E-001  8.879684E-001  0.000000E+000 -8.879684E-001  4.599045E-001  0.000000E+000  0.000000E+000  0.000000E+000  1.000000E+000
  8.000000E+000  1.959634E-001 -4.599982E-001  0.000000E+000  3.919269E-001  9.199964E-001  0.000000E+000 -9.199964E-001  3.919269E-001  0.000000E+000  0.000000E+000  0.000000E+000  1.000000E+000
  8.050000E+000  1.680374E-001 -4.709177E-001  0.000000E+000  3.360748E-001  9.418353E-001  0.000000E+000 -9.418353E-001  3.360748E-001  0.000000E+000  0.000000E+000  0.000000E+000  1.000000E+000
  8.100000E+000  1.474748E-001 -4.777564E-001  0.000000E+000  2.949495E-001  9.555128E-001  0.000000E+000 -9.555128E-001  2.949495E-001  0.000000E+000  0.000000E+000  0.000000E+000  1.000000E+000
  8.150000E+000  1.351780E-001 -4.813802E-001  0.000000E+000  2.703561E-001  9.627604E-001  0.000000E+000 -9.627604E-001  2.703561E-001  0.000000E+000  0.000000E+000  0.000000E+000  1.000000E+000
  8.200000E+000  1.316619E-001 -4.823538E-001  0.000000E+000  2.633237E-001  9.647075E-001  0.000000E+000 -9.647075E-001  2.633237E-001  0.000000E+000  0.000000E+000  0.000000E+000  1.000000E+000
  8.250000E+000  1.370697E-001 -4.808450E-001  0.000000E+000  2.741395E-001  9.616899E-001  0.000000E+000 -9.616899E-001  2.741395E-001  0.000000E+000  0.000000E+000  0.000000E+000  1.000000E+000
  8.300000E+000  1.511803E-001 -4.765968E-001  0.000000E+000  3.023605E-001  9.531936E-001  0.000000E+000 -9.531936E-001  3.023605E-001  0.000000E+000  0.000000E+000  0.000000E+000  1.000000E+000
  8.350000E+000  1.733978E-001 -4.689704E-001  0.000000E+000  3.467957E-001  9.379407E-001  0.000000E+000 -9.379407E-001  3.467957E-001  0.000000E+000  0.000000E+000  0.000000E+000  1.000000E+000
  8.400000E+000  2.027355E-001 -4.570540E-001  0.000000E+000  4.054710E-001  9.141079E-001  0.000000E+000 -9.141079E-001  4.054710E-001  0.000000E+000  0.000000E+000  0.000000E+000  1.000000E+000
  8.450000E+000  2.378090E-001 -4.398260E-001  0.000000E+000  4.756179E-001  8.796520E-001  0.000000E+000 -8.796520E-001  4.756179E-001  0.000000E+000  0.000000E+000  0.000000E+000  1.000000E+000
  8.500000E+000  2.768639E-001 -4.163489E-001  0.000000E+000  5.537277E-001  8.326978E-001  0.000000E+000 -8.326978E-001  5.537277E-001  0.000000E+000  0.000000E+000  0.000000E+000  1.000000E+000
  8.550000E+000  3.178538E-001 -3.859650E-001  0.000000E+000  6.357075E-001  7.719300E-001  0.000000E+000 -7.719300E-001  6.357075E-001  0.000000E+000  0.000000E+000  0.000000E+000  1.000000E+000
  8.600000E+000  3.585739E-001 -3.484606E-001  0.000000E+000  7.171477E-001  6.969212E-001  0.000000E+000 -6.969212E-001  7.171477E-001  0.000000E+000  0.000000E+000  0.000000E+000  1.000000E+000
  8.650000E+000  3.968397E-001 -3.041681E-001  0.000000E+000  7.936795E-001  6.083362E-001  0.000000E+000 -6.083362E-001  7.936795E-001  0.000000E+000  0.000000E+000  0.000000E+000  1.000000E+000
  8.700000E+000  4.306863E-001 -2.539869E-001  0.000000E+000  8.613725E-001  5.079738E-001  0.000000E+000 -5.079738E-001  8.613725E-001  0.000000E+000  0.000000E+000  0.000000E+000  1.000000E+000
  8.750000E+000  4.585541E-001 -1.993191E-001  0.000000E+000  9.171083E-001  3.986382E-001  0.000000E+000 -3.986382E-001  9.171083E-001  0.000000E+000  0.000000E+000  0.000000E+000  1.000000E+000
  8.800000E+000  4.794319E-001 -1.419332E-001  0.000000E+000  9.588638E-001  2.838665E-001  0.000000E+000 -2.838665E-001  9.588638E-001  0.000000E+000  0.000000E+000  0.000000E+000  1.000000E+000
  8.850000E+000  4.929305E-001 -8.378230E-002  0.000000E+000  9.858611E-001  1.675646E-001  0.000000E+000 -1.675646E-001  9.858611E-001  0.000000E+000  0.000000E+000  0.000000E+000  1.000000E+000
  8.900000E+000  4.992807E-001 -2.681057E-002  0.000000E+000  9.985614E-001  5.362114E-002  0.000000E+000 -5.362114E-002  9.985614E-001  0.000000E+000  0.000000E+000  0.000000E+000  1.000000E+000
  8.950000E+000  4.992586E-001  2.721843E-002  0.000000E+000  9.985172E-001 -5.443686E-002  0.000000E+000  5.443686E-002  9.985172E-001  0.000000E+000  0.000000E+000  0.000000E+000  1.000000E+000
  9.000000E+000  4.940592E-001  7.684726E-002  0.000000E+000  9.881184E-001 -1.536945E-001  0.000000E+000  1.536945E-001  9.881184E-001  0.000000E+000  0.000000E+000  0.000000E+000  1.000000E+000
  9.050000E+000  4.851406E-001  1.209902E-001  0.000000E+000  9.702812E-001 -2.419803E-001  0.000000E+000  2.419803E-001  9.702812E-001  0.000000E+000  0.000000E+000  0.000000E+000  1.000000E+000
  9.100000E+000  4.740659E-001  1.589387E-001  0.000000E+000  9.481319E-001 -3.178773E-001  0.000000E+000  3.178773E-001  9.481319E-001  0.000000E+000  0.000000E+000  0.000000E+000  1.000000E+000
  9.150000E+000  4.623626E-001  1.903177E-001  0.000000E+000  9.247252E-001 -3.806354E-001  0.000000E+000  3.806354E-001  9.247252E-001  0.000000E+000  0.000000E+000  0.000000E+000  1.000000E+000
  9.200000E+000  4.514104E-001  2.150085E-001  0.000000E+000  9.028208E-001 -4.300170E-001  0.000000E+000  4.300170E-001  9.028208E-001  0.000000E+000  0.000000E+000  0.000000E+000  1.000000E+000
  9.250000E+000  4.423625E-001  2.330566E-001  0.000000E+000  8.847250E-001 -4.661133E-001  0.000000E+000  4.661133E-001  8.847250E-001  0.000000E+000  0.000000E+000  0.000000E+000  1.000000E+000
  9.300000E+000  4.360961E-001  2.445817E-001  0.000000E+000  8.721922E-001 -4.891634E-001  0.000000E+000  4.891634E-001  8.721922E-001  0.000000E+000  0.000000E+000  0.000000E+000  1.000000E+000
  9.350000E+000  4.331850E-001  2.497014E-001  0.000000E+000  8.663699E-001 -4.994028E-001  0.000000E+000  4.994028E-001  8.663699E-001  0.000000E+000  0.000000E+000  0.000000E+000  1.000000E+000
  9.400000E+000  4.338873E-001  2.484790E-001  0.000000E+000  8.677746E-001 -4.969580E-001  0.000000E+000  4.969580E-001  8.677746E-001  0.000000E+000  0.000000E+000  0.000000E+000  1.000000E+000
  9.450000E+000  4.381413E-001  2.408988E-001  0.000000E+000  8.762825E-001 -4.817976E-001  0.000000E+000  4.817976E-001  8.762825E-001  0.000000E+000  0.000000E+000  0.000000E+000  1.000000E+000
  9.500000E+000  4.455661E-001  2.268720E-001  0.000000E+000  8.911321E-001 -4.537439E-001  0.000000E+000  4.537439E-001  8.911321E-001  0.000000E+000  0.000000E+000  0.000000E+000  1.000000E+000
  9.550000E+000  4.554687E-001  2.062724E-001  0.000000E+000  9.109373E-001 -4.125448E-001  0.000000E+000  4.125448E-001  9.109373E-001  0.000000E+000  0.000000E+000  0.000000E+000  1.000000E+000
  9.600000E+000  4.668611E-001  1.789991E-001  0.000000E+000  9.337223E-001 -3.579981E-001  0.000000E+000  3.579981E-001  9.337223E-001  0.000000E+000  0.000000E+000  0.000000E+000  1.000000E+000
  9.650000E+000  4.784955E-001  1.450587E-001  0.000000E+000  9.569911E-001 -2.901174E-001  0.000000E+000  2.901174E-001  9.569911E-001  0.000000E+000  0.000000E+000  0.000000E+000  1.000000E+000
  9.700000E+000  4.889239E-001  1.046585E-001  0.000000E+000  9.778478E-001 -2.093170E-001  0.000000E+000  2.093170E-001  9.778478E-001  0.000000E+000  0.000000E+000  0.000000E+000  1.000000E+000
  9.750000E+000  4.965901E-001  5.829450E-002  0.000000E+000  9.931802E-001 -1.165890E-001  0.000000E+000  1.165890E-001  9.931802E-001  0.000000E+000  0.000000E+000  0.000000E+000  1.000000E+000
  9.800000E+000  4.999535E-001  6.817902E-003  0.000000E+000  9.999070E-001 -1.363580E-002  0.000000E+000  1.363580E-002  9.999070E-001  0.000000E+000  0.000000E+000  0.000000E+000  1.000000E+000
  9.850000E+000  4.976385E-001 -4.853826E-002  0.000000E+000  9.952769E-001  9.707653E-002  0.000000E+000 -9.707653E-002  9.952769E-001  0.000000E+000  0.000000E+000  0.000000E+000  1.000000E+000
  9.900000E+000  4.885942E-001 -1.061873E-001  0.000000E+000  9.771883E-001  2.123745E-001  0.000000E+000 -2.123745E-001  9.771883E-001  0.000000E+000  0.000000E+000  0.000000E+000  1.000000E+000
  9.950000E+000  4.722423E-001 -1.642780E-001  0.000000E+000  9.444845E-001  3.285560E-001  0.000000E+000 -3.285560E-001  9.444845E-001  0.000000E+000  0.000000E+000  0.000000E+000  1.000000E+000
