% FILE: fourbar.2
%
%       t         P_Na_Bo[1]     P_Na_Bo[2]     P_Na_Bo[3]      N_B[1,1]       N_B[1,2]       N_B[1,3]       N_B[2,1]       N_B[2,2]       N_B[2,3]       N_B[3,1]       N_B[3,2]       N_B[3,3]
%   (second)        (meter)        (meter)        (meter)       (NoUnits)      (NoUnits)      (NoUnits)      (NoUnits)      (NoUnits)      (NoUnits)      (NoUnits)      (NoUnits)      (NoUnits)

  0.000000E+000  1.133642E+000  1.463525E+000  0.000000E+000  2.676166E-001 -9.635255E-001  0.000000E+000  9.635255E-001  2.676166E-001  0.000000E+000  0.000000E+000  0.000000E+000  1.000000E+000
  5.000000E-002  1.139216E+000  1.456645E+000  0.000000E+000  2.695623E-001 -9.629829E-001  0.000000E+000  9.629829E-001  2.695623E-001  0.000000E+000  0.000000E+000  0.000000E+000  1.000000E+000
  1.000000E-001  1.155605E+000  1.435901E+000  0.000000E+000  2.753859E-001 -9.613338E-001  0.000000E+000  9.613338E-001  2.753859E-001  0.000000E+000  0.000000E+000  0.000000E+000  1.000000E+000
  1.500000E-001  1.181812E+000  1.401018E+000  0.000000E+000  2.850458E-001 -9.585139E-001  0.000000E+000  9.585139E-001  2.850458E-001  0.000000E+000  0.000000E+000  0.000000E+000  1.000000E+000
  2.000000E-001  1.216194E+000  1.351640E+000  0.000000E+000  2.984711E-001 -9.544187E-001  0.000000E+000  9.544187E-001  2.984711E-001  0.000000E+000  0.000000E+000  0.000000E+000  1.000000E+000
  2.500000E-001  1.256501E+000  1.287471E+000  0.000000E+000  3.155583E-001 -9.489062E-001  0.000000E+000  9.489062E-001  3.155583E-001  0.000000E+000  0.000000E+000  0.000000E+000  1.000000E+000
  3.000000E-001  1.299961E+000  1.208451E+000  0.000000E+000  3.361674E-001 -9.418022E-001  0.000000E+000  9.418022E-001  3.361674E-001  0.000000E+000  0.000000E+000  0.000000E+000  1.000000E+000
  3.500000E-001  1.343404E+000  1.114958E+000  0.000000E+000  3.601149E-001 -9.329080E-001  0.000000E+000  9.329080E-001  3.601149E-001  0.000000E+000  0.000000E+000  0.000000E+000  1.000000E+000
  4.000000E-001  1.383463E+000  1.007976E+000  0.000000E+000  3.871651E-001 -9.220104E-001  0.000000E+000  9.220104E-001  3.871651E-001  0.000000E+000  0.000000E+000  0.000000E+000  1.000000E+000
  4.500000E-001  1.416826E+000  8.892303E-001  0.000000E+000  4.170199E-001 -9.088974E-001  0.000000E+000  9.088974E-001  4.170199E-001  0.000000E+000  0.000000E+000  0.000000E+000  1.000000E+000
  5.000000E-001  1.440535E+000  7.612240E-001  0.000000E+000  4.493056E-001 -8.933781E-001  0.000000E+000  8.933781E-001  4.493056E-001  0.000000E+000  0.000000E+000  0.000000E+000  1.000000E+000
  5.500000E-001  1.452287E+000  6.271755E-001  0.000000E+000  4.835614E-001 -8.753104E-001  0.000000E+000  8.753104E-001  4.835614E-001  0.000000E+000  0.000000E+000  0.000000E+000  1.000000E+000
  6.000000E-001  1.450707E+000  4.908361E-001  0.000000E+000  5.192297E-001 -8.546348E-001  0.000000E+000  8.546348E-001  5.192297E-001  0.000000E+000  0.000000E+000  0.000000E+000  1.000000E+000
  6.500000E-001  1.435528E+000  3.562102E-001  0.000000E+000  5.556524E-001 -8.314147E-001  0.000000E+000  8.314147E-001  5.556524E-001  0.000000E+000  0.000000E+000  0.000000E+000  1.000000E+000
  7.000000E-001  1.407648E+000  2.272190E-001  0.000000E+000  5.920792E-001 -8.058798E-001  0.000000E+000  8.058798E-001  5.920792E-001  0.000000E+000  0.000000E+000  0.000000E+000  1.000000E+000
  7.500000E-001  1.369051E+000  1.073610E-001  0.000000E+000  6.276880E-001 -7.784650E-001  0.000000E+000  7.784650E-001  6.276880E-001  0.000000E+000  0.000000E+000  0.000000E+000  1.000000E+000
  8.000000E-001  1.322600E+000 -5.680763E-004  0.000000E+000  6.616222E-001 -7.498374E-001  0.000000E+000  7.498374E-001  6.616222E-001  0.000000E+000  0.000000E+000  0.000000E+000  1.000000E+000
  8.500000E-001  1.271729E+000 -9.464907E-002  0.000000E+000  6.930397E-001 -7.208994E-001  0.000000E+000  7.208994E-001  6.930397E-001  0.000000E+000  0.000000E+000  0.000000E+000  1.000000E+000
  9.000000E-001  1.220102E+000 -1.738792E-001  0.000000E+000  7.211676E-001 -6.927606E-001  0.000000E+000  6.927606E-001  7.211676E-001  0.000000E+000  0.000000E+000  0.000000E+000  1.000000E+000
  9.500000E-001  1.171288E+000 -2.380786E-001  0.000000E+000  7.453497E-001 -6.666737E-001  0.000000E+000  6.666737E-001  7.453497E-001  0.000000E+000  0.000000E+000  0.000000E+000  1.000000E+000
  1.000000E+000  1.128487E+000 -2.876909E-001  0.000000E+000  7.650772E-001 -6.439385E-001  0.000000E+000  6.439385E-001  7.650772E-001  0.000000E+000  0.000000E+000  0.000000E+000  1.000000E+000
  1.050000E+000  1.094350E+000 -3.235197E-001  0.000000E+000  7.799950E-001 -6.257858E-001  0.000000E+000  6.257858E-001  7.799950E-001  0.000000E+000  0.000000E+000  0.000000E+000  1.000000E+000
  1.100000E+000  1.070876E+000 -3.464525E-001  0.000000E+000  7.898832E-001 -6.132573E-001  0.000000E+000  6.132573E-001  7.898832E-001  0.000000E+000  0.000000E+000  0.000000E+000  1.000000E+000
  1.150000E+000  1.059377E+000 -3.572165E-001  0.000000E+000  7.946254E-001 -6.071000E-001  0.000000E+000  6.071000E-001  7.946254E-001  0.000000E+000  0.000000E+000  0.000000E+000  1.000000E+000
  1.200000E+000  1.060476E+000 -3.562010E-001  0.000000E+000  7.941752E-001 -6.076889E-001  0.000000E+000  6.076889E-001  7.941752E-001  0.000000E+000  0.000000E+000  0.000000E+000  1.000000E+000
  1.250000E+000  1.074113E+000 -3.433679E-001  0.000000E+000  7.885365E-001 -6.149879E-001  0.000000E+000  6.149879E-001  7.885365E-001  0.000000E+000  0.000000E+000  0.000000E+000  1.000000E+000
  1.300000E+000  1.099547E+000 -3.182603E-001  0.000000E+000  7.777662E-001 -6.285537E-001  0.000000E+000  6.285537E-001  7.777662E-001  0.000000E+000  0.000000E+000  0.000000E+000  1.000000E+000
  1.350000E+000  1.135347E+000 -2.801084E-001  0.000000E+000  7.619961E-001 -6.475817E-001  0.000000E+000  6.475817E-001  7.619961E-001  0.000000E+000  0.000000E+000  0.000000E+000  1.000000E+000
  1.400000E+000  1.179397E+000 -2.280201E-001  0.000000E+000  7.414672E-001 -6.709891E-001  0.000000E+000  6.709891E-001  7.414672E-001  0.000000E+000  0.000000E+000  0.000000E+000  1.000000E+000
  1.450000E+000  1.228941E+000 -1.612342E-001  0.000000E+000  7.165608E-001 -6.975246E-001  0.000000E+000  6.975246E-001  7.165608E-001  0.000000E+000  0.000000E+000  0.000000E+000  1.000000E+000
  1.500000E+000  1.280699E+000 -7.939746E-002  0.000000E+000  6.878122E-001 -7.258886E-001  0.000000E+000  7.258886E-001  6.878122E-001  0.000000E+000  0.000000E+000  0.000000E+000  1.000000E+000
  1.550000E+000  1.331065E+000  1.717954E-002  0.000000E+000  6.559007E-001 -7.548472E-001  0.000000E+000  7.548472E-001  6.559007E-001  0.000000E+000  0.000000E+000  0.000000E+000  1.000000E+000
  1.600000E+000  1.376389E+000  1.273384E-001  0.000000E+000  6.216151E-001 -7.833229E-001  0.000000E+000  7.833229E-001  6.216151E-001  0.000000E+000  0.000000E+000  0.000000E+000  1.000000E+000
  1.650000E+000  1.413313E+000  2.490014E-001  0.000000E+000  5.858036E-001 -8.104530E-001  0.000000E+000  8.104530E-001  5.858036E-001  0.000000E+000  0.000000E+000  0.000000E+000  1.000000E+000
  1.700000E+000  1.439107E+000  3.792353E-001  0.000000E+000  5.493203E-001 -8.356119E-001  0.000000E+000  8.356119E-001  5.493203E-001  0.000000E+000  0.000000E+000  0.000000E+000  1.000000E+000
  1.750000E+000  1.451962E+000  5.144456E-001  0.000000E+000  5.129769E-001 -8.584024E-001  0.000000E+000  8.584024E-001  5.129769E-001  0.000000E+000  0.000000E+000  0.000000E+000  1.000000E+000
  1.800000E+000  1.451181E+000  6.506720E-001  0.000000E+000  4.775090E-001 -8.786268E-001  0.000000E+000  8.786268E-001  4.775090E-001  0.000000E+000  0.000000E+000  0.000000E+000  1.000000E+000
  1.850000E+000  1.437230E+000  7.839305E-001  0.000000E+000  4.435574E-001 -8.962460E-001  0.000000E+000  8.962460E-001  4.435574E-001  0.000000E+000  0.000000E+000  0.000000E+000  1.000000E+000
  1.900000E+000  1.411662E+000  9.105448E-001  0.000000E+000  4.116624E-001 -9.113364E-001  0.000000E+000  9.113364E-001  4.116624E-001  0.000000E+000  0.000000E+000  0.000000E+000  1.000000E+000
  1.950000E+000  1.376913E+000  1.027410E+000  0.000000E+000  3.822690E-001 -9.240511E-001  0.000000E+000  9.240511E-001  3.822690E-001  0.000000E+000  0.000000E+000  0.000000E+000  1.000000E+000
  2.000000E+000  1.336025E+000  1.132157E+000  0.000000E+000  3.557368E-001 -9.345862E-001  0.000000E+000  9.345862E-001  3.557368E-001  0.000000E+000  0.000000E+000  0.000000E+000  1.000000E+000
  2.050000E+000  1.292341E+000  1.223195E+000  0.000000E+000  3.323524E-001 -9.431553E-001  0.000000E+000  9.431553E-001  3.323524E-001  0.000000E+000  0.000000E+000  0.000000E+000  1.000000E+000
  2.100000E+000  1.249209E+000  1.299654E+000  0.000000E+000  3.123416E-001 -9.499699E-001  0.000000E+000  9.499699E-001  3.123416E-001  0.000000E+000  0.000000E+000  0.000000E+000  1.000000E+000
  2.150000E+000  1.209743E+000  1.361248E+000  0.000000E+000  2.958798E-001 -9.552252E-001  0.000000E+000  9.552252E-001  2.958798E-001  0.000000E+000  0.000000E+000  0.000000E+000  1.000000E+000
  2.200000E+000  1.176633E+000  1.408089E+000  0.000000E+000  2.831004E-001 -9.590903E-001  0.000000E+000  9.590903E-001  2.831004E-001  0.000000E+000  0.000000E+000  0.000000E+000  1.000000E+000
  2.250000E+000  1.152027E+000  1.440497E+000  0.000000E+000  2.741009E-001 -9.617010E-001  0.000000E+000  9.617010E-001  2.741009E-001  0.000000E+000  0.000000E+000  0.000000E+000  1.000000E+000
  2.300000E+000  1.137458E+000  1.458824E+000  0.000000E+000  2.689469E-001 -9.631550E-001  0.000000E+000  9.631550E-001  2.689469E-001  0.000000E+000  0.000000E+000  0.000000E+000  1.000000E+000
  2.350000E+000  1.133810E+000  1.463319E+000  0.000000E+000  2.676750E-001 -9.635092E-001  0.000000E+000  9.635092E-001  2.676750E-001  0.000000E+000  0.000000E+000  0.000000E+000  1.000000E+000
  2.400000E+000  1.141301E+000  1.454050E+000  0.000000E+000  2.702943E-001 -9.627777E-001  0.000000E+000  9.627777E-001  2.702943E-001  0.000000E+000  0.000000E+000  0.000000E+000  1.000000E+000
  2.450000E+000  1.159480E+000  1.430880E+000  0.000000E+000  2.767863E-001 -9.609315E-001  0.000000E+000  9.609315E-001  2.767863E-001  0.000000E+000  0.000000E+000  0.000000E+000  1.000000E+000
  2.500000E+000  1.187239E+000  1.393512E+000  0.000000E+000  2.871045E-001 -9.578993E-001  0.000000E+000  9.578993E-001  2.871045E-001  0.000000E+000  0.000000E+000  0.000000E+000  1.000000E+000
  2.550000E+000  1.222824E+000  1.341589E+000  0.000000E+000  3.011725E-001 -9.535697E-001  0.000000E+000  9.535697E-001  3.011725E-001  0.000000E+000  0.000000E+000  0.000000E+000  1.000000E+000
  2.600000E+000  1.263889E+000  1.274841E+000  0.000000E+000  3.188810E-001 -9.477948E-001  0.000000E+000  9.477948E-001  3.188810E-001  0.000000E+000  0.000000E+000  0.000000E+000  1.000000E+000
  2.650000E+000  1.307581E+000  1.193272E+000  0.000000E+000  3.400829E-001 -9.403955E-001  0.000000E+000  9.403955E-001  3.400829E-001  0.000000E+000  0.000000E+000  0.000000E+000  1.000000E+000
  2.700000E+000  1.350681E+000  1.097352E+000  0.000000E+000  3.645863E-001 -9.311696E-001  0.000000E+000  9.311696E-001  3.645863E-001  0.000000E+000  0.000000E+000  0.000000E+000  1.000000E+000
  2.750000E+000  1.389812E+000  9.881873E-001  0.000000E+000  3.921458E-001 -9.199031E-001  0.000000E+000  9.199031E-001  3.921458E-001  0.000000E+000  0.000000E+000  0.000000E+000  1.000000E+000
  2.800000E+000  1.421700E+000  8.676362E-001  0.000000E+000  4.224507E-001 -9.063859E-001  0.000000E+000  9.063859E-001  4.224507E-001  0.000000E+000  0.000000E+000  0.000000E+000  1.000000E+000
  2.850000E+000  1.443479E+000  7.383348E-001  0.000000E+000  4.551133E-001 -8.904335E-001  0.000000E+000  8.904335E-001  4.551133E-001  0.000000E+000  0.000000E+000  0.000000E+000  1.000000E+000
  2.900000E+000  1.452990E+000  6.036097E-001  0.000000E+000  4.896566E-001 -8.719154E-001  0.000000E+000  8.719154E-001  4.896566E-001  0.000000E+000  0.000000E+000  0.000000E+000  1.000000E+000
  2.950000E+000  1.449041E+000  4.672782E-001  0.000000E+000  5.255054E-001 -8.507903E-001  0.000000E+000  8.507903E-001  5.255054E-001  0.000000E+000  0.000000E+000  0.000000E+000  1.000000E+000
  3.000000E+000  1.431565E+000  3.333553E-001  0.000000E+000  5.619850E-001 -8.271474E-001  0.000000E+000  8.271474E-001  5.619850E-001  0.000000E+000  0.000000E+000  0.000000E+000  1.000000E+000
  3.050000E+000  1.401658E+000  2.057123E-001  0.000000E+000  5.983304E-001 -8.012495E-001  0.000000E+000  8.012495E-001  5.983304E-001  0.000000E+000  0.000000E+000  0.000000E+000  1.000000E+000
  3.100000E+000  1.361476E+000  8.774373E-002  0.000000E+000  6.337107E-001 -7.735701E-001  0.000000E+000  7.735701E-001  6.337107E-001  0.000000E+000  0.000000E+000  0.000000E+000  1.000000E+000
  3.150000E+000  1.314002E+000 -1.789782E-002  0.000000E+000  6.672680E-001 -7.448177E-001  0.000000E+000  7.448177E-001  6.672680E-001  0.000000E+000  0.000000E+000  0.000000E+000  1.000000E+000
  3.200000E+000  1.262736E+000 -1.094530E-001  0.000000E+000  6.981683E-001 -7.159337E-001  0.000000E+000  7.159337E-001  6.981683E-001  0.000000E+000  0.000000E+000  0.000000E+000  1.000000E+000
  3.250000E+000  1.211349E+000 -1.860716E-001  0.000000E+000  7.256557E-001 -6.880580E-001  0.000000E+000  6.880580E-001  7.256557E-001  0.000000E+000  0.000000E+000  0.000000E+000  1.000000E+000
  3.300000E+000  1.163360E+000 -2.476986E-001  0.000000E+000  7.490982E-001 -6.624590E-001  0.000000E+000  6.624590E-001  7.490982E-001  0.000000E+000  0.000000E+000  0.000000E+000  1.000000E+000
  3.350000E+000  1.121888E+000 -2.948597E-001  0.000000E+000  7.680138E-001 -6.404333E-001  0.000000E+000  6.404333E-001  7.680138E-001  0.000000E+000  0.000000E+000  0.000000E+000  1.000000E+000
  3.400000E+000  1.089474E+000 -3.283925E-001  0.000000E+000  7.820726E-001 -6.231874E-001  0.000000E+000  6.231874E-001  7.820726E-001  0.000000E+000  0.000000E+000  0.000000E+000  1.000000E+000
  3.450000E+000  1.068001E+000 -3.491727E-001  0.000000E+000  7.910753E-001 -6.117187E-001  0.000000E+000  6.117187E-001  7.910753E-001  0.000000E+000  0.000000E+000  0.000000E+000  1.000000E+000
  3.500000E+000  1.058659E+000 -3.578796E-001  0.000000E+000  7.949198E-001 -6.067145E-001  0.000000E+000  6.067145E-001  7.949198E-001  0.000000E+000  0.000000E+000  0.000000E+000  1.000000E+000
  3.550000E+000  1.061953E+000 -3.548320E-001  0.000000E+000  7.935691E-001 -6.084802E-001  0.000000E+000  6.084802E-001  7.935691E-001  0.000000E+000  0.000000E+000  0.000000E+000  1.000000E+000
  3.600000E+000  1.077706E+000 -3.399158E-001  0.000000E+000  7.870357E-001 -6.169075E-001  0.000000E+000  6.169075E-001  7.870357E-001  0.000000E+000  0.000000E+000  0.000000E+000  1.000000E+000
  3.650000E+000  1.105058E+000 -3.126098E-001  0.000000E+000  7.753871E-001 -6.314862E-001  0.000000E+000  6.314862E-001  7.753871E-001  0.000000E+000  0.000000E+000  0.000000E+000  1.000000E+000
  3.700000E+000  1.142457E+000 -2.721073E-001  0.000000E+000  7.587718E-001 -6.513566E-001  0.000000E+000  6.513566E-001  7.587718E-001  0.000000E+000  0.000000E+000  0.000000E+000  1.000000E+000
  3.750000E+000  1.187673E+000 -2.175194E-001  0.000000E+000  7.374530E-001 -6.753985E-001  0.000000E+000  6.753985E-001  7.374530E-001  0.000000E+000  0.000000E+000  0.000000E+000  1.000000E+000
  3.800000E+000  1.237847E+000 -1.481359E-001  0.000000E+000  7.118383E-001 -7.023433E-001  0.000000E+000  7.023433E-001  7.118383E-001  0.000000E+000  0.000000E+000  0.000000E+000  1.000000E+000
  3.850000E+000  1.289627E+000 -6.370141E-002  0.000000E+000  6.824896E-001 -7.308953E-001  0.000000E+000  7.308953E-001  6.824896E-001  0.000000E+000  0.000000E+000  0.000000E+000  1.000000E+000
  3.900000E+000  1.339378E+000  3.533699E-002  0.000000E+000  6.501079E-001 -7.598419E-001  0.000000E+000  7.598419E-001  6.501079E-001  0.000000E+000  0.000000E+000  0.000000E+000  1.000000E+000
  3.950000E+000  1.383474E+000  1.476632E-001  0.000000E+000  6.154963E-001 -7.881397E-001  0.000000E+000  7.881397E-001  6.154963E-001  0.000000E+000  0.000000E+000  0.000000E+000  1.000000E+000
  4.000000E+000  1.418643E+000  2.710427E-001  0.000000E+000  5.795080E-001 -8.149665E-001  0.000000E+000  8.149665E-001  5.795080E-001  0.000000E+000  0.000000E+000  0.000000E+000  1.000000E+000
  4.050000E+000  1.442295E+000  4.024105E-001  0.000000E+000  5.429926E-001 -8.397375E-001  0.000000E+000  8.397375E-001  5.429926E-001  0.000000E+000  0.000000E+000  0.000000E+000  1.000000E+000
  4.100000E+000  1.452805E+000  5.380856E-001  0.000000E+000  5.067507E-001 -8.620927E-001  0.000000E+000  8.620927E-001  5.067507E-001  0.000000E+000  0.000000E+000  0.000000E+000  1.000000E+000
  4.150000E+000  1.449677E+000  6.740785E-001  0.000000E+000  4.715024E-001 -8.818648E-001  0.000000E+000  8.818648E-001  4.715024E-001  0.000000E+000  0.000000E+000  0.000000E+000  1.000000E+000
  4.200000E+000  1.433574E+000  8.064361E-001  0.000000E+000  4.378711E-001 -8.990378E-001  0.000000E+000  8.990378E-001  4.378711E-001  0.000000E+000  0.000000E+000  0.000000E+000  1.000000E+000
  4.250000E+000  1.406221E+000  9.315647E-001  0.000000E+000  4.063801E-001 -9.137041E-001  0.000000E+000  9.137041E-001  4.063801E-001  0.000000E+000  0.000000E+000  0.000000E+000  1.000000E+000
  4.300000E+000  1.370178E+000  1.046479E+000  0.000000E+000  3.774589E-001 -9.260264E-001  0.000000E+000  9.260264E-001  3.774589E-001  0.000000E+000  0.000000E+000  0.000000E+000  1.000000E+000
  4.350000E+000  1.328563E+000  1.148943E+000  0.000000E+000  3.514533E-001 -9.362054E-001  0.000000E+000  9.362054E-001  3.514533E-001  0.000000E+000  0.000000E+000  0.000000E+000  1.000000E+000
  4.400000E+000  1.284738E+000  1.237499E+000  0.000000E+000  3.286387E-001 -9.444557E-001  0.000000E+000  9.444557E-001  3.286387E-001  0.000000E+000  0.000000E+000  0.000000E+000  1.000000E+000
  4.450000E+000  1.242028E+000  1.311389E+000  0.000000E+000  3.092314E-001 -9.509868E-001  0.000000E+000  9.509868E-001  3.092314E-001  0.000000E+000  0.000000E+000  0.000000E+000  1.000000E+000
  4.500000E+000  1.203484E+000  1.370411E+000  0.000000E+000  2.933991E-001 -9.559900E-001  0.000000E+000  9.559900E-001  2.933991E-001  0.000000E+000  0.000000E+000  0.000000E+000  1.000000E+000
  4.550000E+000  1.171710E+000  1.414727E+000  0.000000E+000  2.812685E-001 -9.596291E-001  0.000000E+000  9.596291E-001  2.812685E-001  0.000000E+000  0.000000E+000  0.000000E+000  1.000000E+000
  4.600000E+000  1.148751E+000  1.444672E+000  0.000000E+000  2.729313E-001 -9.620335E-001  0.000000E+000  9.620335E-001  2.729313E-001  0.000000E+000  0.000000E+000  0.000000E+000  1.000000E+000
  4.650000E+000  1.136030E+000  1.460589E+000  0.000000E+000  2.684480E-001 -9.632942E-001  0.000000E+000  9.632942E-001  2.684480E-001  0.000000E+000  0.000000E+000  0.000000E+000  1.000000E+000
  4.700000E+000  1.134314E+000  1.462700E+000  0.000000E+000  2.678504E-001 -9.634605E-001  0.000000E+000  9.634605E-001  2.678504E-001  0.000000E+000  0.000000E+000  0.000000E+000  1.000000E+000
  4.750000E+000  1.143707E+000  1.451038E+000  0.000000E+000  2.711427E-001 -9.625392E-001  0.000000E+000  9.625392E-001  2.711427E-001  0.000000E+000  0.000000E+000  0.000000E+000  1.000000E+000
  4.800000E+000  1.163644E+000  1.425433E+000  0.000000E+000  2.783016E-001 -9.604937E-001  0.000000E+000  9.604937E-001  2.783016E-001  0.000000E+000  0.000000E+000  0.000000E+000  1.000000E+000
  4.850000E+000  1.192901E+000  1.385569E+000  0.000000E+000  2.892757E-001 -9.572458E-001  0.000000E+000  9.572458E-001  2.892757E-001  0.000000E+000  0.000000E+000  0.000000E+000  1.000000E+000
  4.900000E+000  1.229620E+000  1.331092E+000  0.000000E+000  3.039832E-001 -9.526774E-001  0.000000E+000  9.526774E-001  3.039832E-001  0.000000E+000  0.000000E+000  0.000000E+000  1.000000E+000
  4.950000E+000  1.271357E+000  1.261765E+000  0.000000E+000  3.223086E-001 -9.466347E-001  0.000000E+000  9.466347E-001  3.223086E-001  0.000000E+000  0.000000E+000  0.000000E+000  1.000000E+000
  5.000000E+000  1.315184E+000  1.177661E+000  0.000000E+000  3.440976E-001 -9.389339E-001  0.000000E+000  9.389339E-001  3.440976E-001  0.000000E+000  0.000000E+000  0.000000E+000  1.000000E+000
  5.050000E+000  1.357839E+000  1.079347E+000  0.000000E+000  3.691497E-001 -9.293700E-001  0.000000E+000  9.293700E-001  3.691497E-001  0.000000E+000  0.000000E+000  0.000000E+000  1.000000E+000
  5.100000E+000  1.395942E+000  9.680545E-001  0.000000E+000  3.972090E-001 -9.177282E-001  0.000000E+000  9.177282E-001  3.972090E-001  0.000000E+000  0.000000E+000  0.000000E+000  1.000000E+000
  5.150000E+000  1.426268E+000  8.457777E-001  0.000000E+000  4.279525E-001 -9.038012E-001  0.000000E+000  9.038012E-001  4.279525E-001  0.000000E+000  0.000000E+000  0.000000E+000  1.000000E+000
  5.200000E+000  1.446052E+000  7.152816E-001  0.000000E+000  4.609777E-001 -8.874117E-001  0.000000E+000  8.874117E-001  4.609777E-001  0.000000E+000  0.000000E+000  0.000000E+000  1.000000E+000
  5.250000E+000  1.453287E+000  5.799951E-001  0.000000E+000  4.957912E-001 -8.684418E-001  0.000000E+000  8.684418E-001  4.957912E-001  0.000000E+000  0.000000E+000  0.000000E+000  1.000000E+000
  5.300000E+000  1.446966E+000  4.437929E-001  0.000000E+000  5.318003E-001 -8.468698E-001  0.000000E+000  8.468698E-001  5.318003E-001  0.000000E+000  0.000000E+000  0.000000E+000  1.000000E+000
  5.350000E+000  1.427226E+000  3.106901E-001  0.000000E+000  5.683137E-001 -8.228120E-001  0.000000E+000  8.228120E-001  5.683137E-001  0.000000E+000  0.000000E+000  0.000000E+000  1.000000E+000
  5.400000E+000  1.395359E+000  1.844979E-001  0.000000E+000  6.045528E-001 -7.965651E-001  0.000000E+000  7.965651E-001  6.045528E-001  0.000000E+000  0.000000E+000  0.000000E+000  1.000000E+000
  5.450000E+000  1.353681E+000  6.849864E-002  0.000000E+000  6.396787E-001 -7.686424E-001  0.000000E+000  7.686424E-001  6.396787E-001  0.000000E+000  0.000000E+000  0.000000E+000  1.000000E+000
  5.500000E+000  1.305290E+000 -3.480258E-002  0.000000E+000  6.728339E-001 -7.397936E-001  0.000000E+000  7.397936E-001  6.728339E-001  0.000000E+000  0.000000E+000  0.000000E+000  1.000000E+000
  5.550000E+000  1.253741E+000 -1.238066E-001  0.000000E+000  7.031941E-001 -7.109979E-001  0.000000E+000  7.109979E-001  7.031941E-001  0.000000E+000  0.000000E+000  0.000000E+000  1.000000E+000
  5.600000E+000  1.202698E+000 -1.978126E-001  0.000000E+000  7.300221E-001 -6.834236E-001  0.000000E+000  6.834236E-001  7.300221E-001  0.000000E+000  0.000000E+000  0.000000E+000  1.000000E+000
  5.650000E+000  1.155630E+000 -2.568836E-001  0.000000E+000  7.527104E-001 -6.583518E-001  0.000000E+000  6.583518E-001  7.527104E-001  0.000000E+000  0.000000E+000  0.000000E+000  1.000000E+000
  5.700000E+000  1.115563E+000 -3.016193E-001  0.000000E+000  7.708042E-001 -6.370721E-001  0.000000E+000  6.370721E-001  7.708042E-001  0.000000E+000  0.000000E+000  0.000000E+000  1.000000E+000
  5.750000E+000  1.084929E+000 -3.328830E-001  0.000000E+000  7.839982E-001 -6.207631E-001  0.000000E+000  6.207631E-001  7.839982E-001  0.000000E+000  0.000000E+000  0.000000E+000  1.000000E+000
  5.800000E+000  1.065491E+000 -3.515316E-001  0.000000E+000  7.921125E-001 -6.103751E-001  0.000000E+000  6.103751E-001  7.921125E-001  0.000000E+000  0.000000E+000  0.000000E+000  1.000000E+000
  5.850000E+000  1.058321E+000 -3.581910E-001  0.000000E+000  7.950581E-001 -6.065332E-001  0.000000E+000  6.065332E-001  7.950581E-001  0.000000E+000  0.000000E+000  0.000000E+000  1.000000E+000
  5.900000E+000  1.063805E+000 -3.531077E-001  0.000000E+000  7.928073E-001 -6.094723E-001  0.000000E+000  6.094723E-001  7.928073E-001  0.000000E+000  0.000000E+000  0.000000E+000  1.000000E+000
  5.950000E+000  1.081648E+000 -3.360926E-001  0.000000E+000  7.853811E-001 -6.190125E-001  0.000000E+000  6.190125E-001  7.853811E-001  0.000000E+000  0.000000E+000  0.000000E+000  1.000000E+000
  6.000000E+000  1.110871E+000 -3.065635E-001  0.000000E+000  7.728588E-001 -6.345781E-001  0.000000E+000  6.345781E-001  7.728588E-001  0.000000E+000  0.000000E+000  0.000000E+000  1.000000E+000
  6.050000E+000  1.149803E+000 -2.636830E-001  0.000000E+000  7.554060E-001 -6.552571E-001  0.000000E+000  6.552571E-001  7.554060E-001  0.000000E+000  0.000000E+000  0.000000E+000  1.000000E+000
  6.100000E+000  1.196098E+000 -2.065737E-001  0.000000E+000  7.333095E-001 -6.798950E-001  0.000000E+000  6.798950E-001  7.333095E-001  0.000000E+000  0.000000E+000  0.000000E+000  1.000000E+000
  6.150000E+000  1.246802E+000 -1.345842E-001  0.000000E+000  7.070035E-001 -7.072101E-001  0.000000E+000  7.072101E-001  7.070035E-001  0.000000E+000  0.000000E+000  0.000000E+000  1.000000E+000
  6.200000E+000  1.298495E+000 -4.756497E-002  0.000000E+000  6.770757E-001 -7.359134E-001  0.000000E+000  7.359134E-001  6.770757E-001  0.000000E+000  0.000000E+000  0.000000E+000  1.000000E+000
  6.250000E+000  1.347520E+000  5.389546E-002  0.000000E+000  6.442481E-001 -7.648166E-001  0.000000E+000  7.648166E-001  6.442481E-001  0.000000E+000  0.000000E+000  0.000000E+000  1.000000E+000
  6.300000E+000  1.390289E+000  1.683217E-001  0.000000E+000  6.093363E-001 -7.929119E-001  0.000000E+000  7.929119E-001  6.093363E-001  0.000000E+000  0.000000E+000  0.000000E+000  1.000000E+000
  6.350000E+000  1.423624E+000  2.933252E-001  0.000000E+000  5.731967E-001 -8.194178E-001  0.000000E+000  8.194178E-001  5.731967E-001  0.000000E+000  0.000000E+000  0.000000E+000  1.000000E+000
  6.400000E+000  1.445086E+000  4.257157E-001  0.000000E+000  5.366733E-001 -8.437901E-001  0.000000E+000  8.437901E-001  5.366733E-001  0.000000E+000  0.000000E+000  0.000000E+000  1.000000E+000
  6.450000E+000  1.453236E+000  5.617350E-001  0.000000E+000  5.005545E-001 -8.657050E-001  0.000000E+000  8.657050E-001  5.005545E-001  0.000000E+000  0.000000E+000  0.000000E+000  1.000000E+000
  6.500000E+000  1.447781E+000  6.973750E-001  0.000000E+000  4.655445E-001 -8.850245E-001  0.000000E+000  8.850245E-001  4.655445E-001  0.000000E+000  0.000000E+000  0.000000E+000  1.000000E+000
  6.550000E+000  1.429579E+000  8.287232E-001  0.000000E+000  4.322493E-001 -9.017542E-001  0.000000E+000  9.017542E-001  4.322493E-001  0.000000E+000  0.000000E+000  0.000000E+000  1.000000E+000
  6.600000E+000  1.400517E+000  9.522762E-001  0.000000E+000  4.011752E-001 -9.160013E-001  0.000000E+000  9.160013E-001  4.011752E-001  0.000000E+000  0.000000E+000  0.000000E+000  1.000000E+000
  6.650000E+000  1.363275E+000  1.065172E+000  0.000000E+000  3.727364E-001 -9.279373E-001  0.000000E+000  9.279373E-001  3.727364E-001  0.000000E+000  0.000000E+000  0.000000E+000  1.000000E+000
  6.700000E+000  1.321034E+000  1.165309E+000  0.000000E+000  3.472657E-001 -9.377668E-001  0.000000E+000  9.377668E-001  3.472657E-001  0.000000E+000  0.000000E+000  0.000000E+000  1.000000E+000
  6.750000E+000  1.277169E+000  1.251361E+000  0.000000E+000  3.250274E-001 -9.457046E-001  0.000000E+000  9.457046E-001  3.250274E-001  0.000000E+000  0.000000E+000  0.000000E+000  1.000000E+000
  6.800000E+000  1.234973E+000  1.322678E+000  0.000000E+000  3.062287E-001 -9.519580E-001  0.000000E+000  9.519580E-001  3.062287E-001  0.000000E+000  0.000000E+000  0.000000E+000  1.000000E+000
  6.850000E+000  1.197430E+000  1.379133E+000  0.000000E+000  2.910296E-001 -9.567141E-001  0.000000E+000  9.567141E-001  2.910296E-001  0.000000E+000  0.000000E+000  0.000000E+000  1.000000E+000
  6.900000E+000  1.167054E+000  1.420933E+000  0.000000E+000  2.795505E-001 -9.601310E-001  0.000000E+000  9.601310E-001  2.795505E-001  0.000000E+000  0.000000E+000  0.000000E+000  1.000000E+000
  6.950000E+000  1.145784E+000  1.448425E+000  0.000000E+000  2.718774E-001 -9.623319E-001  0.000000E+000  9.623319E-001  2.718774E-001  0.000000E+000  0.000000E+000  0.000000E+000  1.000000E+000
  7.000000E+000  1.134933E+000  1.461940E+000  0.000000E+000  2.680658E-001 -9.634006E-001  0.000000E+000  9.634006E-001  2.680658E-001  0.000000E+000  0.000000E+000  0.000000E+000  1.000000E+000
  7.050000E+000  1.135153E+000  1.461669E+000  0.000000E+000  2.681425E-001 -9.633793E-001  0.000000E+000  9.633793E-001  2.681425E-001  0.000000E+000  0.000000E+000  0.000000E+000  1.000000E+000
  7.100000E+000  1.146432E+000  1.447608E+000  0.000000E+000  2.721071E-001 -9.622670E-001  0.000000E+000  9.622670E-001  2.721071E-001  0.000000E+000  0.000000E+000  0.000000E+000  1.000000E+000
  7.150000E+000  1.168090E+000  1.419558E+000  0.000000E+000  2.799315E-001 -9.600200E-001  0.000000E+000  9.600200E-001  2.799315E-001  0.000000E+000  0.000000E+000  0.000000E+000  1.000000E+000
  7.200000E+000  1.198789E+000  1.377187E+000  0.000000E+000  2.915591E-001 -9.565528E-001  0.000000E+000  9.565528E-001  2.915591E-001  0.000000E+000  0.000000E+000  0.000000E+000  1.000000E+000
  7.250000E+000  1.236567E+000  1.320148E+000  0.000000E+000  3.069026E-001 -9.517409E-001  0.000000E+000  9.517409E-001  3.069026E-001  0.000000E+000  0.000000E+000  0.000000E+000  1.000000E+000
  7.300000E+000  1.278888E+000  1.248245E+000  0.000000E+000  3.258403E-001 -9.454248E-001  0.000000E+000  9.454248E-001  3.258403E-001  0.000000E+000  0.000000E+000  0.000000E+000  1.000000E+000
  7.350000E+000  1.322752E+000  1.161622E+000  0.000000E+000  3.482103E-001 -9.374164E-001  0.000000E+000  9.374164E-001  3.482103E-001  0.000000E+000  0.000000E+000  0.000000E+000  1.000000E+000
  7.400000E+000  1.364860E+000  1.060951E+000  0.000000E+000  3.738035E-001 -9.275079E-001  0.000000E+000  9.275079E-001  3.738035E-001  0.000000E+000  0.000000E+000  0.000000E+000  1.000000E+000
  7.450000E+000  1.401837E+000  9.475902E-001  0.000000E+000  4.023530E-001 -9.154846E-001  0.000000E+000  9.154846E-001  4.023530E-001  0.000000E+000  0.000000E+000  0.000000E+000  1.000000E+000
  7.500000E+000  1.430518E+000  8.236709E-001  0.000000E+000  4.335230E-001 -9.011425E-001  0.000000E+000  9.011425E-001  4.335230E-001  0.000000E+000  0.000000E+000  0.000000E+000  1.000000E+000
  7.550000E+000  1.448246E+000  6.920835E-001  0.000000E+000  4.668961E-001 -8.843122E-001  0.000000E+000  8.843122E-001  4.668961E-001  0.000000E+000  0.000000E+000  0.000000E+000  1.000000E+000
  7.600000E+000  1.453174E+000  5.563528E-001  0.000000E+000  5.019619E-001 -8.648897E-001  0.000000E+000  8.648897E-001  5.019619E-001  0.000000E+000  0.000000E+000  0.000000E+000  1.000000E+000
  7.650000E+000  1.444486E+000  4.204012E-001  0.000000E+000  5.381106E-001 -8.428743E-001  0.000000E+000  8.428743E-001  5.381106E-001  0.000000E+000  0.000000E+000  0.000000E+000  1.000000E+000
  7.700000E+000  1.422521E+000  2.882335E-001  0.000000E+000  5.746343E-001 -8.184103E-001  0.000000E+000  8.184103E-001  5.746343E-001  0.000000E+000  0.000000E+000  0.000000E+000  1.000000E+000
  7.750000E+000  1.388762E+000  1.635913E-001  0.000000E+000  6.107417E-001 -7.918299E-001  0.000000E+000  7.918299E-001  6.107417E-001  0.000000E+000  0.000000E+000  0.000000E+000  1.000000E+000
  7.800000E+000  1.345683E+000  4.963688E-002  0.000000E+000  6.455874E-001 -7.636864E-001  0.000000E+000  7.636864E-001  6.455874E-001  0.000000E+000  0.000000E+000  0.000000E+000  1.000000E+000
  7.850000E+000  1.296483E+000 -5.127603E-002  0.000000E+000  6.783157E-001 -7.347706E-001  0.000000E+000  7.347706E-001  6.783157E-001  0.000000E+000  0.000000E+000  0.000000E+000  1.000000E+000
  7.900000E+000  1.244761E+000 -1.377083E-001  0.000000E+000  7.081136E-001 -7.060985E-001  0.000000E+000  7.060985E-001  7.081136E-001  0.000000E+000  0.000000E+000  0.000000E+000  1.000000E+000
  7.950000E+000  1.194168E+000 -2.091042E-001  0.000000E+000  7.342638E-001 -6.788642E-001  0.000000E+000  6.788642E-001  7.342638E-001  0.000000E+000  0.000000E+000  0.000000E+000  1.000000E+000
  8.000000E+000  1.148111E+000 -2.656378E-001  0.000000E+000  7.561844E-001 -6.543586E-001  0.000000E+000  6.543586E-001  7.561844E-001  0.000000E+000  0.000000E+000  0.000000E+000  1.000000E+000
  8.050000E+000  1.109522E+000 -3.079747E-001  0.000000E+000  7.734473E-001 -6.338606E-001  0.000000E+000  6.338606E-001  7.734473E-001  0.000000E+000  0.000000E+000  0.000000E+000  1.000000E+000
  8.100000E+000  1.080721E+000 -3.369956E-001  0.000000E+000  7.857712E-001 -6.185172E-001  0.000000E+000  6.185172E-001  7.857712E-001  0.000000E+000  0.000000E+000  0.000000E+000  1.000000E+000
  8.150000E+000  1.063351E+000 -3.535315E-001  0.000000E+000  7.929944E-001 -6.092289E-001  0.000000E+000  6.092289E-001  7.929944E-001  0.000000E+000  0.000000E+000  0.000000E+000  1.000000E+000
  8.200000E+000  1.058364E+000 -3.581511E-001  0.000000E+000  7.950404E-001 -6.065564E-001  0.000000E+000  6.065564E-001  7.950404E-001  0.000000E+000  0.000000E+000  0.000000E+000  1.000000E+000
  8.250000E+000  1.066030E+000 -3.510264E-001  0.000000E+000  7.918902E-001 -6.106635E-001  0.000000E+000  6.106635E-001  7.918902E-001  0.000000E+000  0.000000E+000  0.000000E+000  1.000000E+000
  8.300000E+000  1.085934E+000 -3.318945E-001  0.000000E+000  7.835734E-001 -6.212992E-001  0.000000E+000  6.212992E-001  7.835734E-001  0.000000E+000  0.000000E+000  0.000000E+000  1.000000E+000
  8.350000E+000  1.116978E+000 -3.001167E-001  0.000000E+000  7.701821E-001 -6.378240E-001  0.000000E+000  6.378240E-001  7.701821E-001  0.000000E+000  0.000000E+000  0.000000E+000  1.000000E+000
  8.400000E+000  1.157371E+000 -2.548313E-001  0.000000E+000  7.519005E-001 -6.592766E-001  0.000000E+000  6.592766E-001  7.519005E-001  0.000000E+000  0.000000E+000  0.000000E+000  1.000000E+000
  8.450000E+000  1.204657E+000 -1.951801E-001  0.000000E+000  7.290393E-001 -6.844718E-001  0.000000E+000  6.844718E-001  7.290393E-001  0.000000E+000  0.000000E+000  0.000000E+000  1.000000E+000
  8.500000E+000  1.255787E+000 -1.205796E-001  0.000000E+000  7.020596E-001 -7.121182E-001  0.000000E+000  7.121182E-001  7.020596E-001  0.000000E+000  0.000000E+000  0.000000E+000  1.000000E+000
  8.550000E+000  1.307282E+000 -3.099299E-002  0.000000E+000  6.715745E-001 -7.409370E-001  0.000000E+000  7.409370E-001  6.715745E-001  0.000000E+000  0.000000E+000  0.000000E+000  1.000000E+000
  8.600000E+000  1.355473E+000  7.284526E-002  0.000000E+000  6.383256E-001 -7.697665E-001  0.000000E+000  7.697665E-001  6.383256E-001  0.000000E+000  0.000000E+000  0.000000E+000  1.000000E+000
  8.650000E+000  1.396819E+000  1.892995E-001  0.000000E+000  6.031395E-001 -7.976357E-001  0.000000E+000  7.976357E-001  6.031395E-001  0.000000E+000  0.000000E+000  0.000000E+000  1.000000E+000
  8.700000E+000  1.428247E+000  3.158307E-001  0.000000E+000  5.668741E-001 -8.238045E-001  0.000000E+000  8.238045E-001  5.668741E-001  0.000000E+000  0.000000E+000  0.000000E+000  1.000000E+000
  8.750000E+000  1.447475E+000  4.491304E-001  0.000000E+000  5.303663E-001 -8.477686E-001  0.000000E+000  8.477686E-001  5.303663E-001  0.000000E+000  0.000000E+000  0.000000E+000  1.000000E+000
  8.800000E+000  1.453256E+000  5.853727E-001  0.000000E+000  4.943919E-001 -8.692391E-001  0.000000E+000  8.692391E-001  4.943919E-001  0.000000E+000  0.000000E+000  0.000000E+000  1.000000E+000
  8.850000E+000  1.445499E+000  7.205416E-001  0.000000E+000  4.596384E-001 -8.881062E-001  0.000000E+000  8.881062E-001  4.596384E-001  0.000000E+000  0.000000E+000  0.000000E+000  1.000000E+000
  8.900000E+000  1.425256E+000  8.507747E-001  0.000000E+000  4.266944E-001 -9.043959E-001  0.000000E+000  9.043959E-001  4.266944E-001  0.000000E+000  0.000000E+000  0.000000E+000  1.000000E+000
  8.950000E+000  1.394567E+000  9.726660E-001  0.000000E+000  3.960496E-001 -9.182291E-001  0.000000E+000  9.182291E-001  3.960496E-001  0.000000E+000  0.000000E+000  0.000000E+000  1.000000E+000
  9.000000E+000  1.356222E+000  1.083479E+000  0.000000E+000  3.681033E-001 -9.297849E-001  0.000000E+000  9.297849E-001  3.681033E-001  0.000000E+000  0.000000E+000  0.000000E+000  1.000000E+000
  9.050000E+000  1.313457E+000  1.181252E+000  0.000000E+000  3.431753E-001 -9.392714E-001  0.000000E+000  9.392714E-001  3.431753E-001  0.000000E+000  0.000000E+000  0.000000E+000  1.000000E+000
  9.100000E+000  1.269651E+000  1.264780E+000  0.000000E+000  3.215195E-001 -9.469030E-001  0.000000E+000  9.469030E-001  3.215195E-001  0.000000E+000  0.000000E+000  0.000000E+000  1.000000E+000
  9.150000E+000  1.228059E+000  1.333520E+000  0.000000E+000  3.033341E-001 -9.528843E-001  0.000000E+000  9.528843E-001  3.033341E-001  0.000000E+000  0.000000E+000  0.000000E+000  1.000000E+000
  9.200000E+000  1.191593E+000  1.387415E+000  0.000000E+000  2.887718E-001 -9.573980E-001  0.000000E+000  9.573980E-001  2.887718E-001  0.000000E+000  0.000000E+000  0.000000E+000  1.000000E+000
  9.250000E+000  1.162672E+000  1.426710E+000  0.000000E+000  2.779468E-001 -9.605965E-001  0.000000E+000  9.605965E-001  2.779468E-001  0.000000E+000  0.000000E+000  0.000000E+000  1.000000E+000
  9.300000E+000  1.143132E+000  1.451760E+000  0.000000E+000  2.709395E-001 -9.625964E-001  0.000000E+000  9.625964E-001  2.709395E-001  0.000000E+000  0.000000E+000  0.000000E+000  1.000000E+000
  9.350000E+000  1.134170E+000  1.462877E+000  0.000000E+000  2.678003E-001 -9.634744E-001  0.000000E+000  9.634744E-001  2.678003E-001  0.000000E+000  0.000000E+000  0.000000E+000  1.000000E+000
  9.400000E+000  1.136326E+000  1.460223E+000  0.000000E+000  2.685514E-001 -9.632654E-001  0.000000E+000  9.632654E-001  2.685514E-001  0.000000E+000  0.000000E+000  0.000000E+000  1.000000E+000
  9.450000E+000  1.149470E+000  1.443758E+000  0.000000E+000  2.731874E-001 -9.619608E-001  0.000000E+000  9.619608E-001  2.731874E-001  0.000000E+000  0.000000E+000  0.000000E+000  1.000000E+000
  9.500000E+000  1.172808E+000  1.413254E+000  0.000000E+000  2.816755E-001 -9.595097E-001  0.000000E+000  9.595097E-001  2.816755E-001  0.000000E+000  0.000000E+000  0.000000E+000  1.000000E+000
  9.550000E+000  1.204891E+000  1.368364E+000  0.000000E+000  2.939540E-001 -9.558196E-001  0.000000E+000  9.558196E-001  2.939540E-001  0.000000E+000  0.000000E+000  0.000000E+000  1.000000E+000
  9.600000E+000  1.243652E+000  1.308758E+000  0.000000E+000  3.099300E-001 -9.507594E-001  0.000000E+000  9.507594E-001  3.099300E-001  0.000000E+000  0.000000E+000  0.000000E+000  1.000000E+000
  9.650000E+000  1.286466E+000  1.234282E+000  0.000000E+000  3.294751E-001 -9.441643E-001  0.000000E+000  9.441643E-001  3.294751E-001  0.000000E+000  0.000000E+000  0.000000E+000  1.000000E+000
  9.700000E+000  1.330268E+000  1.145159E+000  0.000000E+000  3.524199E-001 -9.358420E-001  0.000000E+000  9.358420E-001  3.524199E-001  0.000000E+000  0.000000E+000  0.000000E+000  1.000000E+000
  9.750000E+000  1.371726E+000  1.042171E+000  0.000000E+000  3.785461E-001 -9.255824E-001  0.000000E+000  9.255824E-001  3.785461E-001  0.000000E+000  0.000000E+000  0.000000E+000  1.000000E+000
  9.800000E+000  1.407483E+000  9.268072E-001  0.000000E+000  4.075758E-001 -9.131714E-001  0.000000E+000  9.131714E-001  4.075758E-001  0.000000E+000  0.000000E+000  0.000000E+000  1.000000E+000
  9.850000E+000  1.434437E+000  8.013324E-001  0.000000E+000  4.391598E-001 -8.984090E-001  0.000000E+000  8.984090E-001  4.391598E-001  0.000000E+000  0.000000E+000  0.000000E+000  1.000000E+000
  9.900000E+000  1.450054E+000  6.687601E-001  0.000000E+000  4.728654E-001 -8.811347E-001  0.000000E+000  8.811347E-001  4.728654E-001  0.000000E+000  0.000000E+000  0.000000E+000  1.000000E+000
  9.950000E+000  1.452650E+000  5.327036E-001  0.000000E+000  5.081654E-001 -8.612595E-001  0.000000E+000  8.612595E-001  5.081654E-001  0.000000E+000  0.000000E+000  0.000000E+000  1.000000E+000
