% FILE: robot_arm.4
%
%       t         P_No_Co[1]     P_No_Co[2]     P_No_Co[3]      N_C[1,1]       N_C[1,2]       N_C[1,3]       N_C[2,1]       N_C[2,2]       N_C[2,3]       N_C[3,1]       N_C[3,2]       N_C[3,3]
%   (second)        (meter)        (meter)        (meter)       (NoUnits)      (NoUnits)      (NoUnits)      (NoUnits)      (NoUnits)      (NoUnits)      (NoUnits)      (NoUnits)      (NoUnits)

  0.000000E+000  1.350624E+000  8.368081E-001  0.000000E+000  9.981165E-001  6.134676E-002  0.000000E+000 -6.134676E-002  9.981165E-001  0.000000E+000  0.000000E+000  0.000000E+000  1.000000E+000
  5.000000E-002  1.350567E+000  8.368797E-001 -7.006393E-005  9.981092E-001  6.146617E-002  5.187740E-005 -6.146617E-002  9.981092E-001  0.000000E+000 -5.177931E-005 -3.188705E-006  1.000000E+000
  1.000000E-001  1.350381E+000  8.371150E-001 -3.196812E-004  9.980849E-001  6.185828E-002  2.367340E-004 -6.185828E-002  9.980849E-001  0.000000E+000 -2.362806E-004 -1.464396E-005  1.000000E+000
  1.500000E-001  1.350051E+000  8.375306E-001 -8.074411E-004  9.980416E-001  6.255102E-002  5.980817E-004 -6.255103E-002  9.980418E-001  0.000000E+000 -5.969105E-004 -3.741062E-005  9.999998E-001
  2.000000E-001  1.349576E+000  8.381263E-001 -1.591094E-003  9.979784E-001  6.354382E-002  1.178958E-003 -6.354386E-002  9.979790E-001  0.000000E+000 -1.176575E-003 -7.491555E-005  9.999993E-001
  2.500000E-001  1.348963E+000  8.388875E-001 -2.727429E-003  9.978954E-001  6.481237E-002  2.021867E-003 -6.481251E-002  9.978975E-001  0.000000E+000 -2.017616E-003 -1.310423E-004  9.999980E-001
  3.000000E-001  1.348230E+000  8.397891E-001 -4.272166E-003  9.977937E-001  6.631486E-002  3.168707E-003 -6.631519E-002  9.977987E-001  0.000000E+000 -3.161731E-003 -2.101334E-004  9.999950E-001
  3.500000E-001  1.347397E+000  8.407996E-001 -6.279856E-003  9.976745E-001  6.799866E-002  4.660682E-003 -6.799940E-002  9.976854E-001  0.000000E+000 -4.649894E-003 -3.169235E-004  9.999891E-001
  4.000000E-001  1.346488E+000  8.418848E-001 -8.803794E-003  9.975391E-001  6.980653E-002  6.538199E-003 -6.980802E-002  9.975604E-001  0.000000E+000 -6.522249E-003 -4.564187E-004  9.999786E-001
  4.500000E-001  1.345526E+000  8.430107E-001 -1.189593E-002  9.973884E-001  7.168164E-002  8.840750E-003 -7.168444E-002  9.974274E-001  0.000000E+000 -8.818006E-003 -6.337443E-004  9.999609E-001
  5.000000E-001  1.344532E+000  8.441457E-001 -1.560675E-002  9.972224E-001  7.357129E-002  1.160679E-002 -7.357625E-002  9.972896E-001  0.000000E+000 -1.157533E-002 -8.539837E-004  9.999326E-001
  5.500000E-001  1.343524E+000  8.452625E-001 -1.998522E-002  9.970402E-001  7.542919E-002  1.487357E-002 -7.543754E-002  9.971505E-001  0.000000E+000 -1.483119E-002 -1.122026E-003  9.998894E-001
  6.000000E-001  1.342514E+000  8.463381E-001 -2.507861E-002  9.968394E-001  7.721674E-002  1.867707E-002 -7.723021E-002  9.970133E-001  0.000000E+000 -1.862129E-002 -1.442434E-003  9.998256E-001
  6.500000E-001  1.341510E+000  8.473546E-001 -3.093239E-002  9.966157E-001  7.890330E-002  2.305177E-002 -7.892427E-002  9.968806E-001  0.000000E+000 -2.297986E-002 -1.819344E-003  9.997343E-001
  7.000000E-001  1.340513E+000  8.482986E-001 -3.759011E-002  9.963631E-001  8.046596E-002  2.803056E-002 -8.049759E-002  9.967548E-001  0.000000E+000 -2.793960E-002 -2.256393E-003  9.996071E-001
  7.500000E-001  1.339520E+000  8.491612E-001 -4.509319E-002  9.960734E-001  8.188887E-002  3.364464E-002 -8.193526E-002  9.966377E-001  0.000000E+000 -3.353151E-002 -2.756682E-003  9.994339E-001
  8.000000E-001  1.338521E+000  8.499372E-001 -5.348079E-002  9.957360E-001  8.316232E-002  3.992328E-002 -8.322867E-002  9.965305E-001  0.000000E+000 -3.978477E-002 -3.322762E-003  9.992027E-001
  8.500000E-001  1.337501E+000  8.506247E-001 -6.278960E-002  9.953379E-001  8.428173E-002  4.689383E-002 -8.437455E-002  9.964341E-001  0.000000E+000 -4.672661E-002 -3.956646E-003  9.988999E-001
  9.000000E-001  1.336439E+000  8.512243E-001 -7.305369E-002  9.948637E-001  8.524664E-002  5.458147E-002 -8.537390E-002  9.963490E-001  0.000000E+000 -5.438219E-002 -4.659833E-003  9.985093E-001
  9.500000E-001  1.335310E+000  8.517386E-001 -8.430427E-002  9.942955E-001  8.605969E-002  6.300915E-002 -8.623104E-002  9.962752E-001  0.000000E+000 -6.277445E-002 -5.433344E-003  9.980129E-001
  1.000000E+000  1.334085E+000  8.521716E-001 -9.656956E-002  9.936127E-001  8.672571E-002  7.219746E-002 -8.695262E-002  9.962124E-001  0.000000E+000 -7.192400E-002 -6.277758E-003  9.973904E-001
  1.050000E+000  1.332729E+000  8.525281E-001 -1.098745E-001  9.927922E-001  8.725081E-002  8.216447E-002 -8.754683E-002  9.961604E-001  0.000000E+000 -8.184900E-002 -7.193239E-003  9.966188E-001
  1.100000E+000  1.331205E+000  8.528135E-001 -1.242406E-001  9.918083E-001  8.764171E-002  9.292565E-002 -8.802258E-002  9.961185E-001  0.000000E+000 -9.256496E-002 -8.179555E-003  9.956731E-001
  1.150000E+000  1.329470E+000  8.530334E-001 -1.396859E-001  9.906330E-001  8.790505E-002  1.044936E-001 -8.838893E-002  9.960860E-001  0.000000E+000 -1.040847E-001 -9.236082E-003  9.945256E-001
  1.200000E+000  1.327481E+000  8.531927E-001 -1.562244E-001  9.892357E-001  8.804692E-002  1.168782E-001 -8.865454E-002  9.960624E-001  0.000000E+000 -1.164180E-001 -1.036178E-002  9.931463E-001
  1.250000E+000  1.325190E+000  8.532964E-001 -1.738661E-001  9.875833E-001  8.807248E-002  1.300860E-001 -8.882727E-002  9.960470E-001  0.000000E+000 -1.295718E-001 -1.155519E-002  9.915027E-001
  1.300000E+000  1.322546E+000  8.533484E-001 -1.926170E-001  9.856408E-001  8.798568E-002  1.441206E-001 -8.891393E-002  9.960393E-001  0.000000E+000 -1.435497E-001 -1.281433E-002  9.895601E-001
  1.350000E+000  1.319498E+000  8.533521E-001 -2.124785E-001  9.833707E-001  8.778922E-002  1.589818E-001 -8.892015E-002  9.960388E-001  0.000000E+000 -1.583520E-001 -1.413668E-002  9.872815E-001
  1.400000E+000  1.315989E+000  8.533102E-001 -2.334474E-001  9.807335E-001  8.748448E-002  1.746662E-001 -8.885031E-002  9.960450E-001  0.000000E+000 -1.739754E-001 -1.551915E-002  9.846277E-001
  1.450000E+000  1.311963E+000  8.532246E-001 -2.555157E-001  9.776880E-001  8.707170E-002  1.911666E-001 -8.870768E-002  9.960577E-001  0.000000E+000 -1.904130E-001 -1.695795E-002  9.815576E-001
  1.500000E+000  1.307360E+000  8.530967E-001 -2.786705E-001  9.741912E-001  8.655020E-002  2.084718E-001 -8.849456E-002  9.960767E-001  0.000000E+000 -2.076539E-001 -1.844862E-002  9.780284E-001
  1.550000E+000  1.302121E+000  8.529275E-001 -3.028935E-001  9.701987E-001  8.591867E-002  2.265665E-001 -8.821258E-002  9.961017E-001  0.000000E+000 -2.256833E-001 -1.998602E-002  9.739957E-001
  1.600000E+000  1.296181E+000  8.527178E-001 -3.281609E-001  9.656648E-001  8.517557E-002  2.454315E-001 -8.786295E-002  9.961326E-001  0.000000E+000 -2.444823E-001 -2.156434E-002  9.694139E-001
  1.650000E+000  1.289479E+000  8.524681E-001 -3.544435E-001  9.605428E-001  8.431949E-002  2.650430E-001 -8.744689E-002  9.961692E-001  0.000000E+000 -2.640277E-001 -2.317719E-002  9.642366E-001
  1.700000E+000  1.281948E+000  8.521796E-001 -3.817059E-001  9.547854E-001  8.334961E-002  2.853730E-001 -8.696595E-002  9.962113E-001  0.000000E+000 -2.842918E-001 -2.481774E-002  9.584165E-001
  1.750000E+000  1.273522E+000  8.518534E-001 -4.099070E-001  9.483449E-001  8.226601E-002  3.063890E-001 -8.642238E-002  9.962586E-001  0.000000E+000 -3.052426E-001 -2.647886E-002  9.519064E-001
  1.800000E+000  1.264136E+000  8.514916E-001 -4.389992E-001  9.411739E-001  8.107008E-002  3.280538E-001 -8.581941E-002  9.963107E-001  0.000000E+000 -3.268435E-001 -2.815339E-002  9.446590E-001
  1.850000E+000  1.253722E+000  8.510969E-001 -4.689286E-001  9.332252E-001  7.976470E-002  3.503261E-001 -8.516158E-002  9.963672E-001  0.000000E+000 -3.490534E-001 -2.983433E-002  9.366278E-001
  1.900000E+000  1.242216E+000  8.506729E-001 -4.996351E-001  9.244524E-001  7.835444E-002  3.731599E-001 -8.445486E-002  9.964273E-001  0.000000E+000 -3.718267E-001 -3.151516E-002  9.277671E-001
  1.950000E+000  1.229551E+000  8.502240E-001 -5.310518E-001  9.148108E-001  7.684553E-002  3.965048E-001 -8.370675E-002  9.964904E-001  0.000000E+000 -3.951132E-001 -3.319013E-002  9.180327E-001
  2.000000E+000  1.215666E+000  8.497558E-001 -5.631056E-001  9.042570E-001  7.524585E-002  4.203063E-001 -8.292629E-002  9.965557E-001  0.000000E+000 -4.188586E-001 -3.485444E-002  9.073823E-001
  2.050000E+000  1.200500E+000  8.492743E-001 -5.957171E-001  8.927502E-001  7.356462E-002  4.445058E-001 -8.212390E-002  9.966221E-001  0.000000E+000 -4.430043E-001 -3.650455E-002  8.957760E-001
  2.100000E+000  1.183995E+000  8.487867E-001 -6.288008E-001  8.802521E-001  7.181212E-002  4.690408E-001 -8.131118E-002  9.966888E-001  0.000000E+000 -4.674877E-001 -3.813826E-002  8.831765E-001
  2.150000E+000  1.166100E+000  8.483003E-001 -6.622655E-001  8.667278E-001  6.999922E-002  4.938452E-001 -8.050053E-002  9.967546E-001  0.000000E+000 -4.922424E-001 -3.975480E-002  8.695498E-001
  2.200000E+000  1.146766E+000  8.478229E-001 -6.960145E-001  8.521459E-001  6.813688E-002  5.188494E-001 -7.970478E-002  9.968185E-001  0.000000E+000 -5.171987E-001 -4.135478E-002  8.548656E-001
  2.250000E+000  1.125951E+000  8.473620E-001 -7.299465E-001  8.364792E-001  6.623561E-002  5.439811E-001 -7.893673E-002  9.968796E-001  0.000000E+000 -5.422836E-001 -4.294009E-002  8.390975E-001
  2.300000E+000  1.103621E+000  8.469252E-001 -7.639559E-001  8.197050E-001  6.430498E-002  5.691648E-001 -7.820865E-002  9.969370E-001  0.000000E+000 -5.674215E-001 -4.451361E-002  8.222235E-001
  2.350000E+000  1.079748E+000  8.465191E-001 -7.979335E-001  8.018055E-001  6.235314E-002  5.943231E-001 -7.753183E-002  9.969899E-001  0.000000E+000 -5.925341E-001 -4.607896E-002  8.042263E-001
  2.400000E+000  1.054312E+000  8.461498E-001 -8.317676E-001  7.827683E-001  6.038650E-002  6.193765E-001 -7.691626E-002  9.970376E-001  0.000000E+000 -6.175417E-001 -4.764013E-002  7.850941E-001
  2.450000E+000  1.027301E+000  8.458222E-001 -8.653441E-001  7.625864E-001  5.840950E-002  6.442440E-001 -7.637026E-002  9.970795E-001  0.000000E+000 -6.423625E-001 -4.920108E-002  7.648200E-001
  2.500000E+000  9.987139E-001  8.455402E-001 -8.985480E-001  7.412587E-001  5.642458E-002  6.688436E-001 -7.590038E-002  9.971154E-001  0.000000E+000 -6.669143E-001 -5.076549E-002  7.434031E-001
  2.550000E+000  9.685571E-001  8.453068E-001 -9.312637E-001  7.187903E-001  5.443227E-002  6.930928E-001 -7.551140E-002  9.971449E-001  0.000000E+000 -6.911139E-001 -5.233640E-002  7.208484E-001
  2.600000E+000  9.368468E-001  8.451238E-001 -9.633761E-001  6.951925E-001  5.243139E-002  7.169089E-001 -7.520638E-002  9.971680E-001  0.000000E+000 -7.148786E-001 -5.391612E-002  6.971668E-001
  2.650000E+000  9.036083E-001  8.449922E-001 -9.947711E-001  6.704826E-001  5.041942E-002  7.402100E-001 -7.498697E-002  9.971845E-001  0.000000E+000 -7.381260E-001 -5.550611E-002  6.723757E-001
  2.700000E+000  8.688759E-001  8.449122E-001 -1.025337E+000  6.446848E-001  4.839281E-002  7.629152E-001 -7.485371E-002  9.971945E-001  0.000000E+000 -7.607749E-001 -5.710704E-002  6.464985E-001
  2.750000E+000  8.326932E-001  8.448838E-001 -1.054963E+000  6.178292E-001  4.634744E-002  7.849452E-001 -7.480640E-002  9.971981E-001  0.000000E+000 -7.827459E-001 -5.871893E-002  6.195651E-001
  2.800000E+000  7.951122E-001  8.449067E-001 -1.083545E+000  5.899523E-001  4.427888E-002  8.062231E-001 -7.484452E-002  9.971952E-001  0.000000E+000 -8.039618E-001 -6.034138E-002  5.916116E-001
  2.850000E+000  7.561935E-001  8.449805E-001 -1.110980E+000  5.610967E-001  4.218273E-002  8.266747E-001 -7.496752E-002  9.971860E-001  0.000000E+000 -8.243484E-001 -6.197376E-002  5.626801E-001
  2.900000E+000  7.160057E-001  8.451051E-001 -1.137169E+000  5.313110E-001  4.005476E-002  8.462294E-001 -7.517521E-002  9.971703E-001  0.000000E+000 -8.438349E-001 -6.361547E-002  5.328187E-001
  2.950000E+000  6.746250E-001  8.452807E-001 -1.162022E+000  5.006493E-001  3.789099E-002  8.648205E-001 -7.546787E-002  9.971482E-001  0.000000E+000 -8.623543E-001 -6.526616E-002  5.020811E-001
  3.000000E+000  6.321348E-001  8.455078E-001 -1.185453E+000  4.691711E-001  3.568774E-002  8.823859E-001 -7.584641E-002  9.971195E-001  0.000000E+000 -8.798442E-001 -6.692580E-002  4.705264E-001
  3.050000E+000  5.886250E-001  8.457874E-001 -1.207381E+000  4.369406E-001  3.344150E-002  8.988685E-001 -7.631239E-002  9.970840E-001  0.000000E+000 -8.962474E-001 -6.859480E-002  4.382184E-001
  3.100000E+000  5.441921E-001  8.461207E-001 -1.227735E+000  4.040267E-001  3.114885E-002  9.142167E-001 -7.686791E-002  9.970413E-001  0.000000E+000 -9.115118E-001 -7.027393E-002  4.052256E-001
  3.150000E+000  4.989376E-001  8.465093E-001 -1.246450E+000  3.705022E-001  2.880633E-002  9.283848E-001 -7.751550E-002  9.969911E-001  0.000000E+000 -9.255914E-001 -7.196421E-002  3.716203E-001
  3.200000E+000  4.529683E-001  8.469547E-001 -1.263471E+000  3.364433E-001  2.641035E-002  9.413333E-001 -7.825791E-002  9.969331E-001  0.000000E+000 -9.384464E-001 -7.366678E-002  3.374783E-001
  3.250000E+000  4.063947E-001  8.474588E-001 -1.278751E+000  3.019293E-001  2.395705E-002  9.530292E-001 -7.909795E-002  9.968668E-001  0.000000E+000 -9.500433E-001 -7.538266E-002  3.028783E-001
  3.300000E+000  3.593311E-001  8.480230E-001 -1.292253E+000  2.670417E-001  2.144235E-002  9.634464E-001 -8.003826E-002  9.967918E-001  0.000000E+000 -9.603555E-001 -7.711258E-002  2.679012E-001
  3.350000E+000  3.118941E-001  8.486487E-001 -1.303949E+000  2.318638E-001  1.886189E-002  9.725654E-001 -8.108116E-002  9.967075E-001  0.000000E+000 -9.693632E-001 -7.885673E-002  2.326297E-001
  3.400000E+000  2.642019E-001  8.493371E-001 -1.313821E+000  1.964799E-001  1.621114E-002  9.803738E-001 -8.222850E-002  9.966135E-001  0.000000E+000 -9.770538E-001 -8.061467E-002  1.971475E-001
  3.450000E+000  2.163737E-001  8.500890E-001 -1.321862E+000  1.609749E-001  1.348551E-002  9.868664E-001 -8.348158E-002  9.965093E-001  0.000000E+000 -9.834215E-001 -8.238517E-002  1.615388E-001
  3.500000E+000  1.685286E-001  8.509047E-001 -1.328072E+000  1.254338E-001  1.068045E-002  9.920445E-001 -8.484115E-002  9.963945E-001  0.000000E+000 -9.884677E-001 -8.416620E-002  1.258876E-001
  3.550000E+000  1.207845E-001  8.517844E-001 -1.332464E+000  8.994049E-002  7.791600E-003  9.959167E-001 -8.630736E-002  9.962686E-001  0.000000E+000 -9.922005E-001 -8.595493E-002  9.027736E-002
  3.600000E+000  7.325791E-002  8.527279E-001 -1.335060E+000  5.457799E-002  4.814931E-003  9.984979E-001 -8.787979E-002  9.961311E-001  0.000000E+000 -9.946348E-001 -8.774779E-002  5.478996E-002
  3.650000E+000  2.606232E-002  8.537345E-001 -1.335889E+000  1.942725E-002  1.746877E-003  9.998097E-001 -8.955758E-002  9.959816E-001  0.000000E+000 -9.957922E-001 -8.954054E-002  1.950563E-002
  3.700000E+000 -2.069199E-002  8.548036E-001 -1.334992E+000 -1.543307E-002 -1.415564E-003  9.998799E-001 -9.133941E-002  9.958198E-001  0.000000E+000 -9.957002E-001 -9.132844E-002 -1.549785E-002
  3.750000E+000 -6.689888E-002  8.559342E-001 -1.332416E+000 -4.992715E-002 -4.674749E-003  9.987419E-001 -9.322365E-002  9.956452E-001  0.000000E+000 -9.943926E-001 -9.310637E-002 -5.014553E-002
  3.800000E+000 -1.124570E-001  8.571250E-001 -1.328217E+000 -8.398251E-002 -8.032325E-003  9.964349E-001 -9.520836E-002  9.954574E-001  0.000000E+000 -9.919084E-001 -9.486893E-002 -8.436576E-002
  3.850000E+000 -1.572702E-001  8.583748E-001 -1.322457E+000 -1.175304E-001 -1.148920E-002  9.930028E-001 -9.729139E-002  9.952559E-001  0.000000E+000 -9.882920E-001 -9.661063E-002 -1.180906E-001
  3.900000E+000 -2.012484E-001  8.596822E-001 -1.315205E+000 -1.505060E-001 -1.504551E-002  9.884946E-001 -9.947041E-002  9.950405E-001  0.000000E+000 -9.835922E-001 -9.832597E-002 -1.512562E-001
  3.950000E+000 -2.443075E-001  8.610457E-001 -1.306537E+000 -1.828491E-001 -1.870064E-002  9.829631E-001 -1.017429E-001  9.948107E-001  0.000000E+000 -9.778623E-001 -1.000095E-001 -1.838029E-001
  4.000000E+000 -2.863705E-001  8.624637E-001 -1.296532E+000 -2.145040E-001 -2.245321E-002  9.764650E-001 -1.041062E-001  9.945662E-001  0.000000E+000 -9.711591E-001 -1.016561E-001 -2.156759E-001
  4.050000E+000 -3.273668E-001  8.639345E-001 -1.285275E+000 -2.454198E-001 -2.630107E-002  9.690601E-001 -1.065575E-001  9.943065E-001  0.000000E+000 -9.635428E-001 -1.032607E-001 -2.468250E-001
  4.100000E+000 -3.672333E-001  8.654563E-001 -1.272854E+000 -2.755506E-001 -3.024137E-002  9.608108E-001 -1.090938E-001  9.940315E-001  0.000000E+000 -9.550761E-001 -1.048185E-001 -2.772051E-001
  4.150000E+000 -4.059141E-001  8.670272E-001 -1.259360E+000 -3.048559E-001 -3.427055E-002  9.517817E-001 -1.117119E-001  9.937406E-001  0.000000E+000 -9.458242E-001 -1.063254E-001 -3.067761E-001
  4.200000E+000 -4.433606E-001  8.686450E-001 -1.244887E+000 -3.332998E-001 -3.838432E-002  9.420392E-001 -1.144083E-001  9.934338E-001  0.000000E+000 -9.358536E-001 -1.077772E-001 -3.355028E-001
  4.250000E+000 -4.795316E-001  8.703077E-001 -1.229529E+000 -3.608521E-001 -4.257777E-002  9.316506E-001 -1.171794E-001  9.931108E-001  0.000000E+000 -9.252323E-001 -1.091703E-001 -3.633553E-001
  4.300000E+000 -5.143932E-001  8.720127E-001 -1.213382E+000 -3.874873E-001 -4.684531E-002  9.206841E-001 -1.200212E-001  9.927713E-001  0.000000E+000 -9.140287E-001 -1.105016E-001 -3.903087E-001
  4.350000E+000 -5.479187E-001  8.737576E-001 -1.196542E+000 -4.131851E-001 -5.118076E-002  9.092077E-001 -1.229293E-001  9.924154E-001  0.000000E+000 -9.023117E-001 -1.117683E-001 -4.163429E-001
  4.400000E+000 -5.800885E-001  8.755396E-001 -1.179105E+000 -4.379300E-001 -5.557733E-002  8.972895E-001 -1.258993E-001  9.920430E-001  0.000000E+000 -8.901498E-001 -1.129681E-001 -4.414426E-001
  4.450000E+000 -6.108896E-001  8.773557E-001 -1.161165E+000 -4.617115E-001 -6.002769E-002  8.849967E-001 -1.289262E-001  9.916542E-001  0.000000E+000 -8.776107E-001 -1.140993E-001 -4.655973E-001
  4.500000E+000 -6.403159E-001  8.792029E-001 -1.142815E+000 -4.845232E-001 -6.452402E-002  8.723955E-001 -1.320048E-001  9.912491E-001  0.000000E+000 -8.647612E-001 -1.151604E-001 -4.888007E-001
  4.550000E+000 -6.683672E-001  8.810777E-001 -1.124146E+000 -5.063634E-001 -6.905799E-002  8.595506E-001 -1.351294E-001  9.908280E-001  0.000000E+000 -8.516667E-001 -1.161506E-001 -5.110507E-001
  4.600000E+000 -6.950495E-001  8.829766E-001 -1.105245E+000 -5.272342E-001 -7.362088E-002  8.465247E-001 -1.382943E-001  9.903912E-001  0.000000E+000 -8.383906E-001 -1.170695E-001 -5.323494E-001
  4.650000E+000 -7.203742E-001  8.848959E-001 -1.086199E+000 -5.471417E-001 -7.820362E-002  8.333788E-001 -1.414932E-001  9.899392E-001  0.000000E+000 -8.249943E-001 -1.179174E-001 -5.527023E-001
  4.700000E+000 -7.443580E-001  8.868318E-001 -1.067088E+000 -5.660955E-001 -8.279680E-002  8.201710E-001 -1.447197E-001  9.894727E-001  0.000000E+000 -8.115368E-001 -1.186949E-001 -5.721184E-001
  4.750000E+000 -7.670222E-001  8.887803E-001 -1.047992E+000 -5.841086E-001 -8.739081E-002  8.069573E-001 -1.479671E-001  9.889923E-001  0.000000E+000 -7.980745E-001 -1.194031E-001 -5.906098E-001
  4.800000E+000 -7.883928E-001  8.907370E-001 -1.028983E+000 -6.011967E-001 -9.197585E-002  7.937903E-001 -1.512284E-001  9.884988E-001  0.000000E+000 -7.846608E-001 -1.200436E-001 -6.081916E-001
  4.850000E+000 -8.084994E-001  8.926979E-001 -1.010131E+000 -6.173784E-001 -9.654199E-002  7.807199E-001 -1.544966E-001  9.879933E-001  0.000000E+000 -7.713461E-001 -1.206186E-001 -6.248811E-001
  4.900000E+000 -8.273754E-001  8.946586E-001 -9.915010E-001 -6.326746E-001 -1.010793E-001  7.677928E-001 -1.577643E-001  9.874768E-001  0.000000E+000 -7.581776E-001 -1.211303E-001 -6.406982E-001
  4.950000E+000 -8.450573E-001  8.966145E-001 -9.731535E-001 -6.471086E-001 -1.055779E-001  7.550522E-001 -1.610242E-001  9.869505E-001  0.000000E+000 -7.451991E-001 -1.215817E-001 -6.556647E-001
  5.000000E+000 -8.615842E-001  8.985613E-001 -9.551436E-001 -6.607051E-001 -1.100280E-001  7.425380E-001 -1.642689E-001  9.864156E-001  0.000000E+000 -7.324510E-001 -1.219759E-001 -6.698040E-001
  5.050000E+000 -8.769977E-001  9.004945E-001 -9.375217E-001 -6.734907E-001 -1.144199E-001  7.302865E-001 -1.674909E-001  9.858736E-001  0.000000E+000 -7.199702E-001 -1.223163E-001 -6.831410E-001
  5.100000E+000 -8.913412E-001  9.024096E-001 -9.203330E-001 -6.854933E-001 -1.187443E-001  7.183305E-001 -1.706827E-001  9.853260E-001  0.000000E+000 -7.077897E-001 -1.226066E-001 -6.957020E-001
  5.150000E+000 -9.046598E-001  9.043022E-001 -9.036177E-001 -6.967418E-001 -1.229921E-001  7.066992E-001 -1.738370E-001  9.847744E-001  0.000000E+000 -6.959393E-001 -1.228505E-001 -7.075141E-001
  5.200000E+000 -9.169996E-001  9.061680E-001 -8.874109E-001 -7.072660E-001 -1.271548E-001  6.954182E-001 -1.769466E-001  9.842205E-001  0.000000E+000 -6.844448E-001 -1.230519E-001 -7.186053E-001
  5.250000E+000 -9.284080E-001  9.080027E-001 -8.717428E-001 -7.170963E-001 -1.312239E-001  6.845094E-001 -1.800044E-001  9.836658E-001  0.000000E+000 -6.733285E-001 -1.232147E-001 -7.290040E-001
  5.300000E+000 -9.389325E-001  9.098022E-001 -8.566382E-001 -7.262636E-001 -1.351920E-001  6.739913E-001 -1.830037E-001  9.831122E-001  0.000000E+000 -6.626091E-001 -1.233429E-001 -7.387393E-001
  5.350000E+000 -9.486211E-001  9.115627E-001 -8.421174E-001 -7.347991E-001 -1.390518E-001  6.638787E-001 -1.859379E-001  9.825615E-001  0.000000E+000 -6.523016E-001 -1.234402E-001 -7.478403E-001
  5.400000E+000 -9.575219E-001  9.132805E-001 -8.281955E-001 -7.427340E-001 -1.427969E-001  6.541829E-001 -1.888008E-001  9.820154E-001  0.000000E+000 -6.424177E-001 -1.235102E-001 -7.563364E-001
  5.450000E+000 -9.656826E-001  9.149520E-001 -8.148832E-001 -7.500996E-001 -1.464215E-001  6.449119E-001 -1.915867E-001  9.814757E-001  0.000000E+000 -6.329653E-001 -1.235566E-001 -7.642570E-001
  5.500000E+000 -9.731506E-001  9.165742E-001 -8.021864E-001 -7.569270E-001 -1.499205E-001  6.360702E-001 -1.942904E-001  9.809441E-001  0.000000E+000 -6.239493E-001 -1.235823E-001 -7.716312E-001
  5.550000E+000 -9.799724E-001  9.181442E-001 -7.901066E-001 -7.632471E-001 -1.532897E-001  6.276592E-001 -1.969070E-001  9.804222E-001  0.000000E+000 -6.153710E-001 -1.235905E-001 -7.784882E-001
  5.600000E+000 -9.861938E-001  9.196593E-001 -7.786409E-001 -7.690904E-001 -1.565257E-001  6.196770E-001 -1.994322E-001  9.799116E-001  0.000000E+000 -6.072287E-001 -1.235836E-001 -7.848569E-001
  5.650000E+000 -9.918597E-001  9.211175E-001 -7.677824E-001 -7.744870E-001 -1.596260E-001  6.121189E-001 -2.018625E-001  9.794139E-001  0.000000E+000 -5.995177E-001 -1.235638E-001 -7.907658E-001
  5.700000E+000 -9.970137E-001  9.225169E-001 -7.575203E-001 -7.794664E-001 -1.625888E-001  6.049769E-001 -2.041949E-001  9.789303E-001  0.000000E+000 -5.922301E-001 -1.235332E-001 -7.962431E-001
  5.750000E+000 -1.001698E+000  9.238562E-001 -7.478397E-001 -7.840579E-001 -1.654135E-001  5.982404E-001 -2.064271E-001  9.784620E-001  0.000000E+000 -5.853555E-001 -1.234930E-001 -8.013167E-001
  5.800000E+000 -1.005955E+000  9.251345E-001 -7.387226E-001 -7.882899E-001 -1.681003E-001  5.918963E-001 -2.085575E-001  9.780101E-001  0.000000E+000 -5.788806E-001 -1.234444E-001 -8.060141E-001
  5.850000E+000 -1.009822E+000  9.263513E-001 -7.301472E-001 -7.921905E-001 -1.706506E-001  5.859288E-001 -2.105854E-001  9.775755E-001  0.000000E+000 -5.727896E-001 -1.233881E-001 -8.103625E-001
  5.900000E+000 -1.013339E+000  9.275065E-001 -7.220888E-001 -7.957870E-001 -1.730664E-001  5.803198E-001 -2.125108E-001  9.771587E-001  0.000000E+000 -5.670645E-001 -1.233242E-001 -8.143887E-001
  5.950000E+000 -1.016543E+000  9.286006E-001 -7.145195E-001 -7.991062E-001 -1.753510E-001  5.750489E-001 -2.143343E-001  9.767604E-001  0.000000E+000 -5.616850E-001 -1.232527E-001 -8.181190E-001
  6.000000E+000 -1.019469E+000  9.296346E-001 -7.074089E-001 -8.021744E-001 -1.775086E-001  5.700938E-001 -2.160577E-001  9.763806E-001  0.000000E+000 -5.566285E-001 -1.231731E-001 -8.215796E-001
  6.050000E+000 -1.022150E+000  9.306098E-001 -7.007239E-001 -8.050171E-001 -1.795442E-001  5.654303E-001 -2.176831E-001  9.760195E-001  0.000000E+000 -5.518710E-001 -1.230846E-001 -8.247961E-001
  6.100000E+000 -1.024619E+000  9.315282E-001 -6.944290E-001 -8.076594E-001 -1.814638E-001  5.610323E-001 -2.192137E-001  9.756769E-001  0.000000E+000 -5.473863E-001 -1.229860E-001 -8.277939E-001
  6.150000E+000 -1.026906E+000  9.323920E-001 -6.884868E-001 -8.101257E-001 -1.832743E-001  5.568725E-001 -2.206534E-001  9.753523E-001  0.000000E+000 -5.431468E-001 -1.228758E-001 -8.305980E-001
  6.200000E+000 -1.029042E+000  9.332040E-001 -6.828579E-001 -8.124400E-001 -1.849833E-001  5.529218E-001 -2.220067E-001  9.750452E-001  0.000000E+000 -5.391237E-001 -1.227523E-001 -8.332332E-001
  6.250000E+000 -1.031055E+000  9.339672E-001 -6.775012E-001 -8.146256E-001 -1.865993E-001  5.491501E-001 -2.232787E-001  9.747547E-001  0.000000E+000 -5.352866E-001 -1.226135E-001 -8.357237E-001
  6.300000E+000 -1.032971E+000  9.346851E-001 -6.723742E-001 -8.167054E-001 -1.881313E-001  5.455263E-001 -2.244752E-001  9.744798E-001  0.000000E+000 -5.316044E-001 -1.224571E-001 -8.380937E-001
  6.350000E+000 -1.034815E+000  9.353615E-001 -6.674334E-001 -8.187016E-001 -1.895888E-001  5.420182E-001 -2.256025E-001  9.742194E-001  0.000000E+000 -5.280447E-001 -1.222807E-001 -8.403667E-001
  6.400000E+000 -1.036614E+000  9.360002E-001 -6.626339E-001 -8.206361E-001 -1.909820E-001  5.385929E-001 -2.266671E-001  9.739723E-001  0.000000E+000 -5.245746E-001 -1.220813E-001 -8.425661E-001
  6.450000E+000 -1.038389E+000  9.366055E-001 -6.579304E-001 -8.225299E-001 -1.923212E-001  5.352169E-001 -2.276759E-001  9.737370E-001  0.000000E+000 -5.211605E-001 -1.218560E-001 -8.447147E-001
  6.500000E+000 -1.040164E+000  9.371816E-001 -6.532767E-001 -8.244038E-001 -1.936169E-001  5.318560E-001 -2.286360E-001  9.735120E-001  0.000000E+000 -5.177682E-001 -1.216014E-001 -8.468348E-001
  6.550000E+000 -1.041960E+000  9.377327E-001 -6.486266E-001 -8.262779E-001 -1.948799E-001  5.284758E-001 -2.295545E-001  9.732958E-001  0.000000E+000 -5.143633E-001 -1.213140E-001 -8.489484E-001
  6.600000E+000 -1.043797E+000  9.382630E-001 -6.439336E-001 -8.281715E-001 -1.961207E-001  5.250416E-001 -2.304383E-001  9.730869E-001  0.000000E+000 -5.109111E-001 -1.209897E-001 -8.510766E-001
  6.650000E+000 -1.045695E+000  9.387766E-001 -6.391511E-001 -8.301034E-001 -1.973496E-001  5.215184E-001 -2.312943E-001  9.728838E-001  0.000000E+000 -5.073768E-001 -1.206242E-001 -8.532400E-001
  6.700000E+000 -1.047674E+000  9.392773E-001 -6.342329E-001 -8.320918E-001 -1.985766E-001  5.178711E-001 -2.321288E-001  9.726851E-001  0.000000E+000 -5.037255E-001 -1.202128E-001 -8.554586E-001
  6.750000E+000 -1.049751E+000  9.397686E-001 -6.291332E-001 -8.341540E-001 -1.998112E-001  5.140648E-001 -2.329477E-001  9.724893E-001  0.000000E+000 -4.999225E-001 -1.197502E-001 -8.577514E-001
  6.800000E+000 -1.051944E+000  9.402537E-001 -6.238068E-001 -8.363064E-001 -2.010621E-001  5.100643E-001 -2.337561E-001  9.722953E-001  0.000000E+000 -4.959331E-001 -1.192307E-001 -8.601363E-001
  6.850000E+000 -1.054269E+000  9.407351E-001 -6.182090E-001 -8.385647E-001 -2.023373E-001  5.058349E-001 -2.345585E-001  9.721020E-001  0.000000E+000 -4.917231E-001 -1.186479E-001 -8.626303E-001
  6.900000E+000 -1.056742E+000  9.412151E-001 -6.122963E-001 -8.409433E-001 -2.036438E-001  5.013417E-001 -2.353585E-001  9.719086E-001  0.000000E+000 -4.872583E-001 -1.179950E-001 -8.652494E-001
  6.950000E+000 -1.059379E+000  9.416952E-001 -6.060258E-001 -8.434559E-001 -2.049875E-001  4.965504E-001 -2.361586E-001  9.717145E-001  0.000000E+000 -4.825052E-001 -1.172647E-001 -8.680079E-001
  7.000000E+000 -1.062194E+000  9.421762E-001 -5.993559E-001 -8.461146E-001 -2.063732E-001  4.914268E-001 -2.369603E-001  9.715193E-001  0.000000E+000 -4.774306E-001 -1.164486E-001 -8.709189E-001
  7.050000E+000 -1.065199E+000  9.426583E-001 -5.922462E-001 -8.489303E-001 -2.078042E-001  4.859370E-001 -2.377639E-001  9.713230E-001  0.000000E+000 -4.720018E-001 -1.155383E-001 -8.739938E-001
  7.100000E+000 -1.068407E+000  9.431411E-001 -5.846573E-001 -8.519126E-001 -2.092825E-001  4.800477E-001 -2.385686E-001  9.711257E-001  0.000000E+000 -4.661866E-001 -1.145243E-001 -8.772424E-001
  7.150000E+000 -1.071828E+000  9.436234E-001 -5.765514E-001 -8.550693E-001 -2.108086E-001  4.737259E-001 -2.393723E-001  9.709278E-001  0.000000E+000 -4.599536E-001 -1.133969E-001 -8.806724E-001
  7.200000E+000 -1.075473E+000  9.441032E-001 -5.678916E-001 -8.584066E-001 -2.123815E-001  4.669392E-001 -2.401720E-001  9.707304E-001  0.000000E+000 -4.532720E-001 -1.121457E-001 -8.842894E-001
  7.250000E+000 -1.079349E+000  9.445779E-001 -5.586429E-001 -8.619287E-001 -2.139986E-001  4.596559E-001 -2.409631E-001  9.705343E-001  0.000000E+000 -4.461118E-001 -1.107601E-001 -8.880971E-001
  7.300000E+000 -1.083462E+000  9.450442E-001 -5.487713E-001 -8.656378E-001 -2.156557E-001  4.518449E-001 -2.417403E-001  9.703410E-001  0.000000E+000 -4.384436E-001 -1.092291E-001 -8.920965E-001
  7.350000E+000 -1.087818E+000  9.454982E-001 -5.382443E-001 -8.695341E-001 -2.173467E-001  4.434759E-001 -2.424970E-001  9.701522E-001  0.000000E+000 -4.302391E-001 -1.075416E-001 -8.962863E-001
  7.400000E+000 -1.092417E+000  9.459355E-001 -5.270308E-001 -8.736151E-001 -2.190643E-001  4.345198E-001 -2.432258E-001  9.699697E-001  0.000000E+000 -4.214710E-001 -1.056864E-001 -9.006623E-001
  7.450000E+000 -1.097261E+000  9.463510E-001 -5.151013E-001 -8.778763E-001 -2.207992E-001  4.249481E-001 -2.439183E-001  9.697958E-001  0.000000E+000 -4.121129E-001 -1.036526E-001 -9.052177E-001
  7.500000E+000 -1.102346E+000  9.467394E-001 -5.024274E-001 -8.823102E-001 -2.225408E-001  4.147340E-001 -2.445657E-001  9.696327E-001  0.000000E+000 -4.021396E-001 -1.014297E-001 -9.099427E-001
  7.550000E+000 -1.107667E+000  9.470951E-001 -4.889825E-001 -8.869068E-001 -2.242769E-001  4.038517E-001 -2.451584E-001  9.694830E-001  0.000000E+000 -3.915273E-001 -9.900765E-002 -9.148245E-001
  7.600000E+000 -1.113216E+000  9.474119E-001 -4.747411E-001 -8.916532E-001 -2.259940E-001  3.922771E-001 -2.456865E-001  9.693493E-001  0.000000E+000 -3.802536E-001 -9.637720E-002 -9.198471E-001
  7.650000E+000 -1.118982E+000  9.476839E-001 -4.596796E-001 -8.965334E-001 -2.276772E-001  3.799880E-001 -2.461398E-001  9.692343E-001  0.000000E+000 -3.682975E-001 -9.353018E-002 -9.249914E-001
  7.700000E+000 -1.124948E+000  9.479048E-001 -4.437756E-001 -9.015288E-001 -2.293105E-001  3.669640E-001 -2.465081E-001  9.691407E-001  0.000000E+000 -3.556398E-001 -9.045959E-002 -9.302351E-001
  7.750000E+000 -1.131098E+000  9.480687E-001 -4.270084E-001 -9.066173E-001 -2.308769E-001  3.531869E-001 -2.467812E-001  9.690712E-001  0.000000E+000 -3.422632E-001 -8.715989E-002 -9.355528E-001
  7.800000E+000 -1.137407E+000  9.481697E-001 -4.093592E-001 -9.117740E-001 -2.323587E-001  3.386409E-001 -2.469495E-001  9.690283E-001  0.000000E+000 -3.281526E-001 -8.362720E-002 -9.409157E-001
  7.850000E+000 -1.143850E+000  9.482023E-001 -3.908109E-001 -9.169708E-001 -2.337377E-001  3.233128E-001 -2.470038E-001  9.690145E-001  0.000000E+000 -3.132948E-001 -7.985947E-002 -9.462922E-001
  7.900000E+000 -1.150395E+000  9.481612E-001 -3.713481E-001 -9.221768E-001 -2.349954E-001  3.071923E-001 -2.469354E-001  9.690320E-001  0.000000E+000 -2.976792E-001 -7.585665E-002 -9.516475E-001
  7.950000E+000 -1.157007E+000  9.480421E-001 -3.509579E-001 -9.273578E-001 -2.361133E-001  2.902723E-001 -2.467368E-001  9.690825E-001  0.000000E+000 -2.812978E-001 -7.162085E-002 -9.569441E-001
  8.000000E+000 -1.163647E+000  9.478410E-001 -3.296294E-001 -9.324770E-001 -2.370734E-001  2.725487E-001 -2.464016E-001  9.691678E-001  0.000000E+000 -2.641454E-001 -6.715644E-002 -9.621420E-001
  8.050000E+000 -1.170269E+000  9.475549E-001 -3.073545E-001 -9.374950E-001 -2.378582E-001  2.540210E-001 -2.459248E-001  9.692889E-001  0.000000E+000 -2.462197E-001 -6.247005E-002 -9.671987E-001
  8.100000E+000 -1.176826E+000  9.471817E-001 -2.841276E-001 -9.423696E-001 -2.384515E-001  2.346922E-001 -2.453028E-001  9.694465E-001  0.000000E+000 -2.275215E-001 -5.757066E-002 -9.720697E-001
  8.150000E+000 -1.183263E+000  9.467204E-001 -2.599462E-001 -9.470566E-001 -2.388385E-001  2.145692E-001 -2.445340E-001  9.696407E-001  0.000000E+000 -2.080550E-001 -5.246947E-002 -9.767088E-001
  8.200000E+000 -1.189523E+000  9.461712E-001 -2.348114E-001 -9.515097E-001 -2.390066E-001  1.936625E-001 -2.436187E-001  9.698711E-001  0.000000E+000 -1.878277E-001 -4.717981E-002 -9.810682E-001
  8.250000E+000 -1.195543E+000  9.455356E-001 -2.087276E-001 -9.556808E-001 -2.389450E-001  1.719866E-001 -2.425593E-001  9.701366E-001  0.000000E+000 -1.668505E-001 -4.171696E-002 -9.850993E-001
  8.300000E+000 -1.201257E+000  9.448164E-001 -1.817036E-001 -9.595207E-001 -2.386461E-001  1.495598E-001 -2.413607E-001  9.704355E-001  0.000000E+000 -1.451382E-001 -3.609787E-002 -9.887527E-001
  8.350000E+000 -1.206596E+000  9.440182E-001 -1.537521E-001 -9.629787E-001 -2.381050E-001  1.264042E-001 -2.400303E-001  9.707654E-001  0.000000E+000 -1.227089E-001 -3.034085E-002 -9.919788E-001
  8.400000E+000 -1.211485E+000  9.431469E-001 -1.248909E-001 -9.660038E-001 -2.373204E-001  1.025457E-001 -2.385781E-001  9.711233E-001  0.000000E+000 -9.958448E-002 -2.446515E-002 -9.947283E-001
  8.450000E+000 -1.215847E+000  9.422100E-001 -9.514253E-002 -9.685447E-001 -2.362944E-001  7.801354E-002 -2.370167E-001  9.715056E-001  0.000000E+000 -7.579059E-002 -1.849051E-002 -9.969523E-001
  8.500000E+000 -1.219606E+000  9.412170E-001 -6.453505E-002 -9.705501E-001 -2.350329E-001  5.284076E-002 -2.353617E-001  9.719079E-001  0.000000E+000 -5.135635E-002 -1.243669E-002 -9.986030E-001
  8.550000E+000 -1.222679E+000  9.401786E-001 -3.310199E-002 -9.719692E-001 -2.335455E-001  2.706341E-002 -2.336310E-001  9.723253E-001  0.000000E+000 -2.631444E-002 -6.322852E-003 -9.996337E-001
  8.600000E+000 -1.224986E+000  9.391073E-001 -8.826983E-004 -9.727524E-001 -2.318454E-001  7.205778E-004 -2.318455E-001  9.727526E-001  0.000000E+000 -7.009439E-004 -1.670627E-004 -9.999997E-001
  8.650000E+000 -1.226447E+000  9.380168E-001  3.207750E-002 -9.728513E-001 -2.299494E-001 -2.614588E-002 -2.300280E-001  9.731840E-001  0.000000E+000  2.544476E-002  6.014286E-003 -9.996581E-001
  8.700000E+000 -1.226980E+000  9.369222E-001  6.572726E-002 -9.722195E-001 -2.278769E-001 -5.349164E-002 -2.282037E-001  9.736134E-001  0.000000E+000  5.208018E-002  1.220699E-002 -9.985683E-001
  8.750000E+000 -1.226507E+000  9.358394E-001  1.000092E-001 -9.708127E-001 -2.256501E-001 -8.127013E-002 -2.263990E-001  9.740347E-001  0.000000E+000  7.915993E-002  1.839947E-002 -9.966921E-001
  8.800000E+000 -1.224955E+000  9.347849E-001  1.348602E-001 -9.685892E-001 -2.232924E-001 -1.094328E-001 -2.246415E-001  9.744415E-001  0.000000E+000  1.066359E-001  2.458316E-002 -9.939942E-001
  8.850000E+000 -1.222252E+000  9.337757E-001  1.702114E-001 -9.655104E-001 -2.208284E-001 -1.379295E-001 -2.229595E-001  9.748277E-001  0.000000E+000  1.344575E-001  3.075269E-002 -9.904420E-001
  8.900000E+000 -1.218332E+000  9.328283E-001  2.059888E-001 -9.615410E-001 -2.182825E-001 -1.667084E-001 -2.213805E-001  9.751875E-001  0.000000E+000  1.625720E-001  3.690599E-002 -9.860062E-001
  8.950000E+000 -1.213137E+000  9.319587E-001  2.421134E-001 -9.566494E-001 -2.156778E-001 -1.957166E-001 -2.199312E-001  9.755154E-001  0.000000E+000  1.909245E-001  4.304418E-002 -9.806605E-001
  9.000000E+000 -1.206615E+000  9.311818E-001  2.785024E-001 -9.508081E-001 -2.130353E-001 -2.248999E-001 -2.186364E-001  9.758064E-001  0.000000E+000  2.194588E-001  4.917131E-002 -9.743819E-001
  9.050000E+000 -1.198723E+000  9.305110E-001  3.150692E-001 -9.439935E-001 -2.103730E-001 -2.542035E-001 -2.175183E-001  9.760562E-001  0.000000E+000  2.481169E-001  5.529390E-002 -9.671508E-001
  9.100000E+000 -1.189425E+000  9.299573E-001  3.517249E-001 -9.361870E-001 -2.077046E-001 -2.835715E-001 -2.165956E-001  9.762614E-001  0.000000E+000  2.768399E-001  6.142032E-002 -9.589511E-001
  9.150000E+000 -1.178697E+000  9.295299E-001  3.883785E-001 -9.273741E-001 -2.050394E-001 -3.129475E-001 -2.158831E-001  9.764192E-001  0.000000E+000  3.055679E-001  6.756009E-002 -9.497704E-001
  9.200000E+000 -1.166525E+000  9.292348E-001  4.249381E-001 -9.175455E-001 -2.023818E-001 -3.422746E-001 -2.153914E-001  9.765278E-001  0.000000E+000  3.342407E-001  7.372302E-002 -9.396000E-001
  9.250000E+000 -1.152902E+000  9.290757E-001  4.613120E-001 -9.066966E-001 -1.997306E-001 -3.714956E-001 -2.151262E-001  9.765863E-001  0.000000E+000  3.627975E-001  7.991844E-002 -9.284347E-001
  9.300000E+000 -1.137834E+000  9.290532E-001  4.974091E-001 -8.948278E-001 -1.970800E-001 -4.005529E-001 -2.150886E-001  9.765945E-001  0.000000E+000  3.911778E-001  8.615438E-002 -9.162736E-001
  9.350000E+000 -1.121336E+000  9.291652E-001  5.331400E-001 -8.819446E-001 -1.944194E-001 -4.293889E-001 -2.152753E-001  9.765534E-001  0.000000E+000  4.193212E-001  9.243682E-002 -9.031197E-001
  9.400000E+000 -1.103431E+000  9.294072E-001  5.684176E-001 -8.680574E-001 -1.917341E-001 -4.579459E-001 -2.156787E-001  9.764644E-001  0.000000E+000  4.471679E-001  9.876919E-002 -8.889801E-001
  9.450000E+000 -1.084153E+000  9.297727E-001  6.031578E-001 -8.531814E-001 -1.890065E-001 -4.861667E-001 -2.162878E-001  9.763297E-001  0.000000E+000  4.746590E-001  1.051519E-001 -8.738661E-001
  9.500000E+000 -1.063542E+000  9.302530E-001  6.372801E-001 -8.373368E-001 -1.862170E-001 -5.139944E-001 -2.170884E-001  9.761520E-001  0.000000E+000  5.017367E-001  1.115822E-001 -8.577935E-001
  9.550000E+000 -1.041647E+000  9.308386E-001  6.707079E-001 -8.205485E-001 -1.833447E-001 -5.413731E-001 -2.180644E-001  9.759344E-001  0.000000E+000  5.283447E-001  1.180542E-001 -8.407825E-001
  9.600000E+000 -1.018521E+000  9.315189E-001  7.033689E-001 -8.028459E-001 -1.803688E-001 -5.682478E-001 -2.191981E-001  9.756804E-001  0.000000E+000  5.544282E-001  1.245589E-001 -8.228575E-001
  9.650000E+000 -9.942258E-001  9.322828E-001  7.351952E-001 -7.842627E-001 -1.772695E-001 -5.945650E-001 -2.204714E-001  9.753934E-001  0.000000E+000  5.799348E-001  1.310846E-001 -8.040475E-001
  9.700000E+000 -9.688259E-001  9.331197E-001  7.661236E-001 -7.648368E-001 -1.740287E-001 -6.202730E-001 -2.218661E-001  9.750771E-001  0.000000E+000  6.048141E-001  1.376176E-001 -7.843860E-001
  9.750000E+000 -9.423905E-001  9.340190E-001  7.960955E-001 -7.446101E-001 -1.706309E-001 -6.453223E-001 -2.233650E-001  9.747349E-001  0.000000E+000  6.290182E-001  1.441424E-001 -7.639104E-001
  9.800000E+000 -9.149921E-001  9.349712E-001  8.250573E-001 -7.236279E-001 -1.670634E-001 -6.696660E-001 -2.249520E-001  9.743698E-001  0.000000E+000  6.525023E-001  1.506427E-001 -7.426624E-001
  9.850000E+000 -8.867057E-001  9.359677E-001  8.529598E-001 -7.019388E-001 -1.633171E-001 -6.932600E-001 -2.266129E-001  9.739849E-001  0.000000E+000  6.752248E-001  1.571016E-001 -7.206876E-001
  9.900000E+000 -8.576086E-001  9.370013E-001  8.797587E-001 -6.795947E-001 -1.593861E-001 -7.160637E-001 -2.283354E-001  9.735825E-001  0.000000E+000  6.971471E-001  1.635027E-001 -6.980350E-001
  9.950000E+000 -8.277796E-001  9.380658E-001  9.054141E-001 -6.566496E-001 -1.552681E-001 -7.380400E-001 -2.301097E-001  9.731647E-001  0.000000E+000  7.182345E-001  1.698302E-001 -6.747569E-001
