% FILE: robot_arm.3
%
%       t         P_No_Bo[1]     P_No_Bo[2]     P_No_Bo[3]      N_B[1,1]       N_B[1,2]       N_B[1,3]       N_B[2,1]       N_B[2,2]       N_B[2,3]       N_B[3,1]       N_B[3,2]       N_B[3,3]
%   (second)        (meter)        (meter)        (meter)       (NoUnits)      (NoUnits)      (NoUnits)      (NoUnits)      (NoUnits)      (NoUnits)      (NoUnits)      (NoUnits)      (NoUnits)

  0.000000E+000  3.758770E-001  7.368081E-001  0.000000E+000  9.396926E-001 -3.420201E-001  0.000000E+000  3.420201E-001  9.396926E-001  0.000000E+000  0.000000E+000  0.000000E+000  1.000000E+000
  5.000000E-002  3.758510E-001  7.368797E-001 -1.949817E-005  9.396274E-001 -3.421992E-001  5.187740E-005  3.421992E-001  9.396274E-001  0.000000E+000 -4.874543E-005  1.775241E-005  1.000000E+000
  1.000000E-001  3.757652E-001  7.371150E-001 -8.895639E-005  9.394130E-001 -3.427874E-001  2.367340E-004  3.427874E-001  9.394130E-001  0.000000E+000 -2.223910E-004  8.114943E-005  1.000000E+000
  1.500000E-001  3.756132E-001  7.375306E-001 -2.246474E-004  9.390330E-001 -3.438265E-001  5.980817E-004  3.438265E-001  9.390332E-001  0.000000E+000 -5.616185E-004  2.056364E-004  9.999998E-001
  2.000000E-001  3.753944E-001  7.381263E-001 -4.425745E-004  9.384859E-001 -3.453156E-001  1.178958E-003  3.453158E-001  9.384865E-001  0.000000E+000 -1.106436E-003  4.071128E-004  9.999993E-001
  2.500000E-001  3.751129E-001  7.388875E-001 -7.584299E-004  9.377822E-001 -3.472181E-001  2.021867E-003  3.472188E-001  9.377842E-001  0.000000E+000 -1.896075E-003  7.020301E-004  9.999980E-001
  3.000000E-001  3.747767E-001  7.397891E-001 -1.187563E-003  9.369418E-001 -3.494710E-001  3.168707E-003  3.494728E-001  9.369465E-001  0.000000E+000 -2.968909E-003  1.107377E-003  9.999950E-001
  3.500000E-001  3.743961E-001  7.407996E-001 -1.744960E-003  9.359902E-001 -3.519953E-001  4.660682E-003  3.519991E-001  9.360003E-001  0.000000E+000 -4.362400E-003  1.640556E-003  9.999891E-001
  4.000000E-001  3.739822E-001  7.418848E-001 -2.445223E-003  9.349556E-001 -3.547044E-001  6.538199E-003  3.547120E-001  9.349756E-001  0.000000E+000 -6.113056E-003  2.319178E-003  9.999786E-001
  4.500000E-001  3.735466E-001  7.430107E-001 -3.302561E-003  9.338664E-001 -3.575127E-001  8.840750E-003  3.575267E-001  9.339029E-001  0.000000E+000 -8.256403E-003  3.160804E-003  9.999609E-001
  5.000000E-001  3.730995E-001  7.441457E-001 -4.330778E-003  9.327488E-001 -3.603401E-001  1.160679E-002  3.603644E-001  9.328116E-001  0.000000E+000 -1.082694E-002  4.182672E-003  9.999326E-001
  5.500000E-001  3.726501E-001  7.452625E-001 -5.543251E-003  9.316252E-001 -3.631161E-001  1.487357E-002  3.631563E-001  9.317282E-001  0.000000E+000 -1.385813E-002  5.401432E-003  9.998894E-001
  6.000000E-001  3.722053E-001  7.463381E-001 -6.952917E-003  9.305133E-001 -3.657815E-001  1.867707E-002  3.658453E-001  9.306757E-001  0.000000E+000 -1.738229E-002  6.832918E-003  9.998256E-001
  6.500000E-001  3.717703E-001  7.473546E-001 -8.572239E-003  9.294257E-001 -3.682885E-001  2.305177E-002  3.683864E-001  9.296728E-001  0.000000E+000 -2.143060E-002  8.491957E-003  9.997343E-001
  7.000000E-001  3.713477E-001  7.482986E-001 -1.041318E-002  9.283692E-001 -3.706007E-001  2.803056E-002  3.707464E-001  9.287341E-001  0.000000E+000 -2.603294E-002  1.039223E-002  9.996071E-001
  7.500000E-001  3.709380E-001  7.491612E-001 -1.248714E-002  9.273451E-001 -3.726918E-001  3.364464E-002  3.729029E-001  9.278704E-001  0.000000E+000 -3.121786E-002  1.254618E-002  9.994339E-001
  8.000000E-001  3.705397E-001  7.499372E-001 -1.480496E-002  9.263492E-001 -3.745442E-001  3.992328E-002  3.748430E-001  9.270883E-001  0.000000E+000 -3.701241E-002  1.496496E-002  9.992027E-001
  8.500000E-001  3.701489E-001  7.506247E-001 -1.737682E-002  9.253723E-001 -3.761476E-001  4.689383E-002  3.765618E-001  9.263915E-001  0.000000E+000 -4.344204E-002  1.765843E-002  9.988999E-001
  9.000000E-001  3.697603E-001  7.512243E-001 -2.021219E-002  9.244007E-001 -3.774973E-001  5.458147E-002  3.780609E-001  9.257807E-001  0.000000E+000 -5.053047E-002  2.063512E-002  9.985093E-001
  9.500000E-001  3.693665E-001  7.517386E-001 -2.331980E-002  9.234161E-001 -3.785928E-001  6.300915E-002  3.793466E-001  9.252547E-001  0.000000E+000 -5.829951E-002  2.390230E-002  9.980129E-001
  1.000000E+000  3.689587E-001  7.521716E-001 -2.670758E-002  9.223967E-001 -3.794362E-001  7.219746E-002  3.804289E-001  9.248102E-001  0.000000E+000 -6.676894E-002  2.746600E-002  9.973904E-001
  1.050000E+000  3.685269E-001  7.525281E-001 -3.038255E-002  9.213173E-001 -3.800309E-001  8.216447E-002  3.813202E-001  9.244430E-001  0.000000E+000 -7.595637E-002  3.133098E-002  9.966188E-001
  1.100000E+000  3.680598E-001  7.528135E-001 -3.435083E-002  9.201496E-001 -3.803808E-001  9.292565E-002  3.820339E-001  9.241483E-001  0.000000E+000 -8.587708E-002  3.550074E-002  9.956731E-001
  1.150000E+000  3.675452E-001  7.530334E-001 -3.861755E-002  9.188630E-001 -3.804890E-001  1.044936E-001  3.825834E-001  9.239210E-001  0.000000E+000 -9.654387E-002  3.997753E-002  9.945256E-001
  1.200000E+000  3.669699E-001  7.531927E-001 -4.318678E-002  9.174247E-001 -3.803569E-001  1.168782E-001  3.829818E-001  9.237559E-001  0.000000E+000 -1.079669E-001  4.476223E-002  9.931463E-001
  1.250000E+000  3.663200E-001  7.532964E-001 -4.806151E-002  9.157999E-001 -3.799844E-001  1.300860E-001  3.832409E-001  9.236484E-001  0.000000E+000 -1.201538E-001  4.985429E-002  9.915027E-001
  1.300000E+000  3.655809E-001  7.533484E-001 -5.324358E-002  9.139523E-001 -3.793686E-001  1.441206E-001  3.833709E-001  9.235945E-001  0.000000E+000 -1.331089E-001  5.525163E-002  9.895601E-001
  1.350000E+000  3.647376E-001  7.533521E-001 -5.873364E-002  9.118439E-001 -3.785042E-001  1.589818E-001  3.833802E-001  9.235906E-001  0.000000E+000 -1.468341E-001  6.095047E-002  9.872815E-001
  1.400000E+000  3.637743E-001  7.533102E-001 -6.453107E-002  9.094357E-001 -3.773836E-001  1.746662E-001  3.832755E-001  9.236341E-001  0.000000E+000 -1.613277E-001  6.694528E-002  9.846277E-001
  1.450000E+000  3.626749E-001  7.532246E-001 -7.063398E-002  9.066872E-001 -3.759969E-001  1.911666E-001  3.830615E-001  9.237228E-001  0.000000E+000 -1.765850E-001  7.322857E-002  9.815576E-001
  1.500000E+000  3.614227E-001  7.530967E-001 -7.703910E-002  9.035567E-001 -3.743324E-001  2.084718E-001  3.827418E-001  9.238553E-001  0.000000E+000 -1.925978E-001  7.979087E-002  9.780284E-001
  1.550000E+000  3.600007E-001  7.529275E-001 -8.374175E-002  9.000017E-001 -3.723769E-001  2.265665E-001  3.823189E-001  9.240305E-001  0.000000E+000 -2.093544E-001  8.662066E-002  9.739957E-001
  1.600000E+000  3.583913E-001  7.527178E-001 -9.073576E-002  8.959782E-001 -3.701168E-001  2.454315E-001  3.817944E-001  9.242473E-001  0.000000E+000 -2.268394E-001  9.370438E-002  9.694139E-001
  1.650000E+000  3.565766E-001  7.524681E-001 -9.801343E-002  8.914414E-001 -3.675384E-001  2.650430E-001  3.811703E-001  9.245048E-001  0.000000E+000 -2.450336E-001  1.010265E-001  9.642366E-001
  1.700000E+000  3.545382E-001  7.521796E-001 -1.055654E-001  8.863455E-001 -3.646285E-001  2.853730E-001  3.804489E-001  9.248019E-001  0.000000E+000 -2.639135E-001  1.085699E-001  9.584165E-001
  1.750000E+000  3.522575E-001  7.518534E-001 -1.133807E-001  8.806438E-001 -3.613756E-001  3.063890E-001  3.796336E-001  9.251369E-001  0.000000E+000 -2.834517E-001  1.163155E-001  9.519064E-001
  1.800000E+000  3.497156E-001  7.514916E-001 -1.214465E-001  8.742891E-001 -3.577699E-001  3.280538E-001  3.787291E-001  9.255076E-001  0.000000E+000 -3.036163E-001  1.242435E-001  9.446590E-001
  1.850000E+000  3.468935E-001  7.510969E-001 -1.297483E-001  8.672337E-001 -3.538040E-001  3.503261E-001  3.777424E-001  9.259107E-001  0.000000E+000 -3.243707E-001  1.323330E-001  9.366278E-001
  1.900000E+000  3.437720E-001  7.506729E-001 -1.382695E-001  8.594301E-001 -3.494734E-001  3.731599E-001  3.766823E-001  9.263425E-001  0.000000E+000 -3.456738E-001  1.405627E-001  9.277671E-001
  1.950000E+000  3.403323E-001  7.502240E-001 -1.469919E-001  8.508309E-001 -3.447765E-001  3.965048E-001  3.755601E-001  9.267980E-001  0.000000E+000 -3.674798E-001  1.489114E-001  9.180327E-001
  2.000000E+000  3.365559E-001  7.497558E-001 -1.558952E-001  8.413898E-001 -3.397143E-001  4.203063E-001  3.743894E-001  9.272716E-001  0.000000E+000 -3.897381E-001  1.573582E-001  9.073823E-001
  2.050000E+000  3.324248E-001  7.492743E-001 -1.649573E-001  8.310621E-001 -3.342909E-001  4.445058E-001  3.731859E-001  9.277566E-001  0.000000E+000 -4.123932E-001  1.658833E-001  8.957760E-001
  2.100000E+000  3.279220E-001  7.487867E-001 -1.741541E-001  8.198051E-001 -3.285123E-001  4.690408E-001  3.719668E-001  9.282460E-001  0.000000E+000 -4.353853E-001  1.744676E-001  8.831765E-001
  2.150000E+000  3.230316E-001  7.483003E-001 -1.834600E-001  8.075791E-001 -3.223863E-001  4.938452E-001  3.707508E-001  9.287324E-001  0.000000E+000 -4.586500E-001  1.830935E-001  8.695498E-001
  2.200000E+000  3.177392E-001  7.478229E-001 -1.928476E-001  7.943480E-001 -3.159217E-001  5.188494E-001  3.695572E-001  9.292080E-001  0.000000E+000 -4.821190E-001  1.917445E-001  8.548656E-001
  2.250000E+000  3.120319E-001  7.473620E-001 -2.022881E-001  7.800799E-001 -3.091278E-001  5.439811E-001  3.684051E-001  9.296654E-001  0.000000E+000 -5.057204E-001  2.004054E-001  8.390975E-001
  2.300000E+000  3.058992E-001  7.469252E-001 -2.117515E-001  7.647479E-001 -3.020133E-001  5.691648E-001  3.673130E-001  9.300974E-001  0.000000E+000 -5.293787E-001  2.090616E-001  8.222235E-001
  2.350000E+000  2.993323E-001  7.465191E-001 -2.212065E-001  7.483308E-001 -2.945863E-001  5.943231E-001  3.662978E-001  9.304977E-001  0.000000E+000 -5.530163E-001  2.176992E-001  8.042263E-001
  2.400000E+000  2.923253E-001  7.461498E-001 -2.306213E-001  7.308132E-001 -2.868533E-001  6.193765E-001  3.653744E-001  9.308607E-001  0.000000E+000 -5.765532E-001  2.263043E-001  7.850941E-001
  2.450000E+000  2.848746E-001  7.458222E-001 -2.399633E-001  7.121864E-001 -2.788192E-001  6.442440E-001  3.645554E-001  9.311817E-001  0.000000E+000 -5.999083E-001  2.348626E-001  7.648200E-001
  2.500000E+000  2.769793E-001  7.455402E-001 -2.491997E-001  6.924483E-001 -2.704877E-001  6.688436E-001  3.638506E-001  9.314573E-001  0.000000E+000 -6.229993E-001  2.433591E-001  7.434031E-001
  2.550000E+000  2.686415E-001  7.453068E-001 -2.582977E-001  6.716037E-001 -2.618605E-001  6.930928E-001  3.632671E-001  9.316850E-001  0.000000E+000 -6.457442E-001  2.517778E-001  7.208484E-001
  2.600000E+000  2.598657E-001  7.451238E-001 -2.672244E-001  6.496642E-001 -2.529388E-001  7.169089E-001  3.628096E-001  9.318633E-001  0.000000E+000 -6.680611E-001  2.601014E-001  6.971668E-001
  2.650000E+000  2.506593E-001  7.449922E-001 -2.759477E-001  6.266484E-001 -2.437231E-001  7.402100E-001  3.624805E-001  9.319914E-001  0.000000E+000 -6.898694E-001  2.683117E-001  6.723757E-001
  2.700000E+000  2.410325E-001  7.449122E-001 -2.844359E-001  6.025813E-001 -2.342139E-001  7.629152E-001  3.622806E-001  9.320691E-001  0.000000E+000 -7.110897E-001  2.763894E-001  6.464985E-001
  2.750000E+000  2.309978E-001  7.448838E-001 -2.926579E-001  5.774946E-001 -2.244124E-001  7.849452E-001  3.622096E-001  9.320967E-001  0.000000E+000 -7.316448E-001  2.843147E-001  6.195651E-001
  2.800000E+000  2.205704E-001  7.449067E-001 -3.005840E-001  5.514261E-001 -2.143212E-001  8.062231E-001  3.622668E-001  9.320745E-001  0.000000E+000 -7.514600E-001  2.920678E-001  5.916116E-001
  2.850000E+000  2.097678E-001  7.449805E-001 -3.081852E-001  5.244194E-001 -2.039441E-001  8.266747E-001  3.624513E-001  9.320027E-001  0.000000E+000 -7.704631E-001  2.996293E-001  5.626801E-001
  2.900000E+000  1.986096E-001  7.451051E-001 -3.154342E-001  4.965239E-001 -1.932868E-001  8.462294E-001  3.627628E-001  9.318815E-001  0.000000E+000 -7.885855E-001  3.069806E-001  5.328187E-001
  2.950000E+000  1.871177E-001  7.452807E-001 -3.223049E-001  4.677943E-001 -1.823568E-001  8.648205E-001  3.632018E-001  9.317105E-001  0.000000E+000 -8.057624E-001  3.141044E-001  5.020811E-001
  3.000000E+000  1.753161E-001  7.455078E-001 -3.287731E-001  4.382902E-001 -1.711632E-001  8.823859E-001  3.637696E-001  9.314890E-001  0.000000E+000 -8.219327E-001  3.209852E-001  4.705264E-001
  3.050000E+000  1.632304E-001  7.457874E-001 -3.348162E-001  4.080759E-001 -1.597169E-001  8.988685E-001  3.644686E-001  9.312157E-001  0.000000E+000 -8.370405E-001  3.276093E-001  4.382184E-001
  3.100000E+000  1.508880E-001  7.461207E-001 -3.404138E-001  3.772201E-001 -1.480297E-001  9.142167E-001  3.653019E-001  9.308891E-001  0.000000E+000 -8.510344E-001  3.339651E-001  4.052256E-001
  3.150000E+000  1.383182E-001  7.465093E-001 -3.455476E-001  3.457954E-001 -1.361146E-001  9.283848E-001  3.662732E-001  9.305073E-001  0.000000E+000 -8.638689E-001  3.400425E-001  3.716203E-001
  3.200000E+000  1.255511E-001  7.469547E-001 -3.502017E-001  3.138778E-001 -1.239851E-001  9.413333E-001  3.673869E-001  9.300682E-001  0.000000E+000 -8.755042E-001  3.458335E-001  3.374783E-001
  3.250000E+000  1.126186E-001  7.474588E-001 -3.543628E-001  2.815464E-001 -1.116551E-001  9.530292E-001  3.686469E-001  9.295695E-001  0.000000E+000 -8.859069E-001  3.513313E-001  3.028783E-001
  3.300000E+000  9.955304E-002  7.480230E-001 -3.580201E-001  2.488826E-001 -9.913882E-002  9.634464E-001  3.700574E-001  9.290089E-001  0.000000E+000 -8.950503E-001  3.565305E-001  2.679012E-001
  3.350000E+000  8.638790E-002  7.486487E-001 -3.611657E-001  2.159697E-001 -8.645025E-002  9.725654E-001  3.716217E-001  9.283842E-001  0.000000E+000 -9.029144E-001  3.614264E-001  2.326297E-001
  3.400000E+000  7.315698E-002  7.493371E-001 -3.637946E-001  1.828925E-001 -7.360359E-002  9.803738E-001  3.733427E-001  9.276935E-001  0.000000E+000 -9.094864E-001  3.660155E-001  1.971475E-001
  3.450000E+000  5.989438E-002  7.500890E-001 -3.659043E-001  1.497359E-001 -6.061297E-002  9.868664E-001  3.752224E-001  9.269348E-001  0.000000E+000 -9.147608E-001  3.702943E-001  1.615388E-001
  3.500000E+000  4.663416E-002  7.509047E-001 -3.674956E-001  1.165854E-001 -4.749259E-002  9.920445E-001  3.772617E-001  9.261067E-001  0.000000E+000 -9.187390E-001  3.742604E-001  1.258876E-001
  3.550000E+000  3.341012E-002  7.517844E-001 -3.685719E-001  8.352531E-002 -3.425674E-002  9.959167E-001  3.794610E-001  9.252077E-001  0.000000E+000 -9.214298E-001  3.779116E-001  9.027736E-002
  3.600000E+000  2.025556E-002  7.527279E-001 -3.691394E-001  5.063890E-002 -2.091989E-002  9.984979E-001  3.818197E-001  9.242368E-001  0.000000E+000 -9.228485E-001  3.812462E-001  5.478996E-002
  3.650000E+000  7.202985E-003  7.537345E-001 -3.692070E-001  1.800746E-002 -7.496722E-003  9.998097E-001  3.843364E-001  9.231931E-001  0.000000E+000 -9.230175E-001  3.842632E-001  1.950563E-002
  3.700000E+000 -5.716077E-003  7.548036E-001 -3.687861E-001 -1.429019E-002  5.997809E-003  9.998799E-001  3.870091E-001  9.220759E-001  0.000000E+000 -9.219651E-001  3.869626E-001 -1.549785E-002
  3.750000E+000 -1.847130E-002  7.559342E-001 -3.678904E-001 -4.617824E-002  1.954850E-002  9.987419E-001  3.898355E-001  9.208845E-001  0.000000E+000 -9.197260E-001  3.893450E-001 -5.014553E-002
  3.800000E+000 -3.103373E-002  7.571250E-001 -3.665360E-001 -7.758432E-002  3.313993E-002  9.964349E-001  3.928125E-001  9.196186E-001  0.000000E+000 -9.163400E-001  3.914121E-001 -8.436576E-002
  3.850000E+000 -4.337598E-002  7.583748E-001 -3.647409E-001 -1.084400E-001  4.675645E-002  9.930028E-001  3.959371E-001  9.182776E-001  0.000000E+000 -9.118523E-001  3.931667E-001 -1.180906E-001
  3.900000E+000 -5.547237E-002  7.596822E-001 -3.625250E-001 -1.386809E-001  6.038231E-002  9.884946E-001  3.992056E-001  9.168614E-001  0.000000E+000 -9.063126E-001  3.946126E-001 -1.512562E-001
  3.950000E+000 -6.729904E-002  7.610457E-001 -3.599099E-001 -1.682476E-001  7.400169E-002  9.829631E-001  4.026144E-001  9.153697E-001  0.000000E+000 -8.997746E-001  3.957551E-001 -1.838029E-001
  4.000000E+000 -7.883405E-002  7.624637E-001 -3.569184E-001 -1.970851E-001  8.759878E-002  9.764650E-001  4.061593E-001  9.138023E-001  0.000000E+000 -8.922959E-001  3.966004E-001 -2.156759E-001
  4.050000E+000 -9.005748E-002  7.639345E-001 -3.535748E-001 -2.251437E-001  1.011579E-001  9.690601E-001  4.098363E-001  9.121591E-001  0.000000E+000 -8.839369E-001  3.971560E-001 -2.468250E-001
  4.100000E+000 -1.009515E-001  7.654563E-001 -3.499043E-001 -2.523787E-001  1.146633E-001  9.608108E-001  4.136408E-001  9.104402E-001  0.000000E+000 -8.747607E-001  3.974305E-001 -2.772051E-001
  4.150000E+000 -1.115003E-001  7.670272E-001 -3.459330E-001 -2.787508E-001  1.280998E-001  9.517817E-001  4.175679E-001  9.086457E-001  0.000000E+000 -8.648324E-001  3.974335E-001 -3.067761E-001
  4.200000E+000 -1.216904E-001  7.686450E-001 -3.416875E-001 -3.042259E-001  1.414522E-001  9.420392E-001  4.216125E-001  9.067761E-001  0.000000E+000 -8.542186E-001  3.971755E-001 -3.355028E-001
  4.250000E+000 -1.315102E-001  7.703077E-001 -3.371949E-001 -3.287755E-001  1.547055E-001  9.316506E-001  4.257691E-001  9.048318E-001  0.000000E+000 -8.429872E-001  3.966681E-001 -3.633553E-001
  4.300000E+000 -1.409504E-001  7.720127E-001 -3.324825E-001 -3.523760E-001  1.678451E-001  9.206841E-001  4.300318E-001  9.028138E-001  0.000000E+000 -8.312062E-001  3.959234E-001 -3.903087E-001
  4.350000E+000 -1.500038E-001  7.737576E-001 -3.275777E-001 -3.750096E-001  1.808568E-001  9.092077E-001  4.343940E-001  9.007230E-001  0.000000E+000 -8.189442E-001  3.949544E-001 -4.163429E-001
  4.400000E+000 -1.586652E-001  7.755396E-001 -3.225077E-001 -3.966630E-001  1.937266E-001  8.972895E-001  4.388490E-001  8.985608E-001  0.000000E+000 -8.062692E-001  3.937746E-001 -4.414426E-001
  4.450000E+000 -1.669314E-001  7.773557E-001 -3.172993E-001 -4.173284E-001  2.064409E-001  8.849967E-001  4.433893E-001  8.963291E-001  0.000000E+000 -7.932483E-001  3.923981E-001 -4.655973E-001
  4.500000E+000 -1.748010E-001  7.792029E-001 -3.119791E-001 -4.370024E-001  2.189862E-001  8.723955E-001  4.480072E-001  8.940300E-001  0.000000E+000 -7.799477E-001  3.908394E-001 -4.888007E-001
  4.550000E+000 -1.822746E-001  7.810777E-001 -3.065728E-001 -4.556865E-001  2.313497E-001  8.595506E-001  4.526941E-001  8.916659E-001  0.000000E+000 -7.664319E-001  3.891135E-001 -5.110507E-001
  4.600000E+000 -1.893545E-001  7.829766E-001 -3.011054E-001 -4.733863E-001  2.435187E-001  8.465247E-001  4.574414E-001  8.892398E-001  0.000000E+000 -7.527634E-001  3.872355E-001 -5.323494E-001
  4.650000E+000 -1.960446E-001  7.848959E-001 -2.956011E-001 -4.901115E-001  2.554810E-001  8.333788E-001  4.622398E-001  8.867550E-001  0.000000E+000 -7.390028E-001  3.852208E-001 -5.527023E-001
  4.700000E+000 -2.023503E-001  7.868318E-001 -2.900831E-001 -5.058758E-001  2.672248E-001  8.201710E-001  4.670796E-001  8.842153E-001  0.000000E+000 -7.252078E-001  3.830851E-001 -5.721184E-001
  4.750000E+000 -2.082786E-001  7.887803E-001 -2.845735E-001 -5.206964E-001  2.787387E-001  8.069573E-001  4.719506E-001  8.816250E-001  0.000000E+000 -7.114337E-001  3.808440E-001 -5.906098E-001
  4.800000E+000 -2.138374E-001  7.907370E-001 -2.790931E-001 -5.345935E-001  2.900117E-001  7.937903E-001  4.768426E-001  8.789887E-001  0.000000E+000 -6.977327E-001  3.785130E-001 -6.081916E-001
  4.850000E+000 -2.190362E-001  7.926979E-001 -2.736615E-001 -5.475905E-001  3.010333E-001  7.807199E-001  4.817449E-001  8.763115E-001  0.000000E+000 -6.841539E-001  3.761078E-001 -6.248811E-001
  4.900000E+000 -2.238853E-001  7.946586E-001 -2.682972E-001 -5.597133E-001  3.117935E-001  7.677928E-001  4.866465E-001  8.735990E-001  0.000000E+000 -6.707430E-001  3.736437E-001 -6.406982E-001
  4.950000E+000 -2.283961E-001  7.966145E-001 -2.630170E-001 -5.709902E-001  3.222830E-001  7.550522E-001  4.915364E-001  8.708571E-001  0.000000E+000 -6.575425E-001  3.711356E-001 -6.556647E-001
  5.000000E+000 -2.325806E-001  7.985613E-001 -2.578365E-001 -5.814515E-001  3.324929E-001  7.425380E-001  4.964034E-001  8.680920E-001  0.000000E+000 -6.445913E-001  3.685984E-001 -6.698040E-001
  5.050000E+000 -2.364516E-001  8.004945E-001 -2.527698E-001 -5.911291E-001  3.424151E-001  7.302865E-001  5.012363E-001  8.653104E-001  0.000000E+000 -6.319245E-001  3.660461E-001 -6.831410E-001
  5.100000E+000 -2.400226E-001  8.024096E-001 -2.478296E-001 -6.000565E-001  3.520420E-001  7.183305E-001  5.060240E-001  8.625194E-001  0.000000E+000 -6.195740E-001  3.634925E-001 -6.957020E-001
  5.150000E+000 -2.433073E-001  8.043022E-001 -2.430271E-001 -6.082683E-001  3.613667E-001  7.066992E-001  5.107555E-001  8.597260E-001  0.000000E+000 -6.075677E-001  3.609505E-001 -7.075141E-001
  5.200000E+000 -2.463200E-001  8.061680E-001 -2.383720E-001 -6.158000E-001  3.703835E-001  6.954182E-001  5.154199E-001  8.569378E-001  0.000000E+000 -5.959301E-001  3.584324E-001 -7.186053E-001
  5.250000E+000 -2.490751E-001  8.080027E-001 -2.338728E-001 -6.226877E-001  3.790869E-001  6.845094E-001  5.200066E-001  8.541622E-001  0.000000E+000 -5.846821E-001  3.559494E-001 -7.290040E-001
  5.300000E+000 -2.515871E-001  8.098022E-001 -2.295364E-001 -6.289678E-001  3.874728E-001  6.739913E-001  5.245055E-001  8.514070E-001  0.000000E+000 -5.738409E-001  3.535121E-001 -7.387393E-001
  5.350000E+000 -2.538708E-001  8.115627E-001 -2.253682E-001 -6.346771E-001  3.955378E-001  6.638787E-001  5.289068E-001  8.486799E-001  0.000000E+000 -5.634205E-001  3.511299E-001 -7.478403E-001
  5.400000E+000 -2.559408E-001  8.132805E-001 -2.213725E-001 -6.398519E-001  4.032795E-001  6.541829E-001  5.332012E-001  8.459885E-001  0.000000E+000 -5.534312E-001  3.488111E-001 -7.563364E-001
  5.450000E+000 -2.578114E-001  8.149520E-001 -2.175520E-001 -6.445286E-001  4.106965E-001  6.449119E-001  5.373801E-001  8.433402E-001  0.000000E+000 -5.438801E-001  3.465628E-001 -7.642570E-001
  5.500000E+000 -2.594972E-001  8.165742E-001 -2.139084E-001 -6.487429E-001  4.177886E-001  6.360702E-001  5.414356E-001  8.407422E-001  0.000000E+000 -5.347711E-001  3.443910E-001 -7.716312E-001
  5.550000E+000 -2.610120E-001  8.181442E-001 -2.104420E-001 -6.525301E-001  4.245567E-001  6.276592E-001  5.453604E-001  8.382016E-001  0.000000E+000 -5.261050E-001  3.423005E-001 -7.784882E-001
  5.600000E+000 -2.623698E-001  8.196593E-001 -2.071518E-001 -6.559245E-001  4.310028E-001  6.196770E-001  5.491483E-001  8.357249E-001  0.000000E+000 -5.178796E-001  3.402946E-001 -7.848569E-001
  5.650000E+000 -2.635838E-001  8.211175E-001 -2.040359E-001 -6.589594E-001  4.371304E-001  6.121189E-001  5.527937E-001  8.333181E-001  0.000000E+000 -5.100897E-001  3.383755E-001 -7.907658E-001
  5.700000E+000 -2.646669E-001  8.225169E-001 -2.010911E-001 -6.616674E-001  4.429439E-001  6.049769E-001  5.562923E-001  8.309867E-001  0.000000E+000 -5.027277E-001  3.365440E-001 -7.962431E-001
  5.750000E+000 -2.656318E-001  8.238562E-001 -1.983132E-001 -6.640795E-001  4.484494E-001  5.982404E-001  5.596406E-001  8.287354E-001  0.000000E+000 -4.957830E-001  3.347996E-001 -8.013167E-001
  5.800000E+000 -2.664903E-001  8.251345E-001 -1.956971E-001 -6.662258E-001  4.536540E-001  5.918963E-001  5.628363E-001  8.265684E-001  0.000000E+000 -4.892428E-001  3.331407E-001 -8.060141E-001
  5.850000E+000 -2.672540E-001  8.263513E-001 -1.932367E-001 -6.681349E-001  4.585665E-001  5.859288E-001  5.658782E-001  8.244889E-001  0.000000E+000 -4.830918E-001  3.315643E-001 -8.103625E-001
  5.900000E+000 -2.679336E-001  8.275065E-001 -1.909250E-001 -6.698341E-001  4.631968E-001  5.803198E-001  5.687662E-001  8.224993E-001  0.000000E+000 -4.773126E-001  3.300663E-001 -8.143887E-001
  5.950000E+000 -2.685397E-001  8.286006E-001 -1.887543E-001 -6.713493E-001  4.675563E-001  5.750489E-001  5.715015E-001  8.206010E-001  0.000000E+000 -4.718857E-001  3.286413E-001 -8.181190E-001
  6.000000E+000 -2.690820E-001  8.296346E-001 -1.867159E-001 -6.727050E-001  4.716578E-001  5.700938E-001  5.740865E-001  8.187947E-001  0.000000E+000 -4.667898E-001  3.272832E-001 -8.215796E-001
  6.050000E+000 -2.695697E-001  8.306098E-001 -1.848007E-001 -6.739242E-001  4.755153E-001  5.654303E-001  5.765246E-001  8.170798E-001  0.000000E+000 -4.620016E-001  3.259845E-001 -8.247961E-001
  6.100000E+000 -2.700114E-001  8.315282E-001 -1.829986E-001 -6.750286E-001  4.791441E-001  5.610323E-001  5.788206E-001  8.154549E-001  0.000000E+000 -4.574966E-001  3.247370E-001 -8.277939E-001
  6.150000E+000 -2.704154E-001  8.323920E-001 -1.812994E-001 -6.760385E-001  4.825609E-001  5.568725E-001  5.809801E-001  8.139178E-001  0.000000E+000 -4.532484E-001  3.235318E-001 -8.305980E-001
  6.200000E+000 -2.707891E-001  8.332040E-001 -1.796918E-001 -6.769728E-001  4.857833E-001  5.529218E-001  5.830100E-001  8.124650E-001  0.000000E+000 -4.492296E-001  3.223589E-001 -8.332332E-001
  6.250000E+000 -2.711397E-001  8.339672E-001 -1.781646E-001 -6.778492E-001  4.888299E-001  5.491501E-001  5.849180E-001  8.110924E-001  0.000000E+000 -4.454115E-001  3.212078E-001 -8.357237E-001
  6.300000E+000 -2.714737E-001  8.346851E-001 -1.767058E-001 -6.786841E-001  4.917203E-001  5.455263E-001  5.867128E-001  8.097951E-001  0.000000E+000 -4.417645E-001  3.200673E-001 -8.380937E-001
  6.350000E+000 -2.717972E-001  8.353615E-001 -1.753033E-001 -6.794931E-001  4.944749E-001  5.420182E-001  5.884037E-001  8.085673E-001  0.000000E+000 -4.382582E-001  3.189255E-001 -8.403667E-001
  6.400000E+000 -2.721161E-001  8.360002E-001 -1.739446E-001 -6.802903E-001  4.971145E-001  5.385929E-001  5.900006E-001  8.074028E-001  0.000000E+000 -4.348614E-001  3.177701E-001 -8.425661E-001
  6.450000E+000 -2.724356E-001  8.366055E-001 -1.726170E-001 -6.810891E-001  4.996604E-001  5.352169E-001  5.915138E-001  8.062949E-001  0.000000E+000 -4.315426E-001  3.165882E-001 -8.447147E-001
  6.500000E+000 -2.727609E-001  8.371816E-001 -1.713079E-001 -6.819022E-001  5.021341E-001  5.318560E-001  5.929540E-001  8.052363E-001  0.000000E+000 -4.282698E-001  3.153661E-001 -8.468348E-001
  6.550000E+000 -2.730965E-001  8.377327E-001 -1.700043E-001 -6.827412E-001  5.045569E-001  5.284758E-001  5.943317E-001  8.042200E-001  0.000000E+000 -4.250108E-001  3.140899E-001 -8.489484E-001
  6.600000E+000 -2.734470E-001  8.382630E-001 -1.686935E-001 -6.836175E-001  5.069502E-001  5.250416E-001  5.956575E-001  8.032385E-001  0.000000E+000 -4.217336E-001  3.127450E-001 -8.510766E-001
  6.650000E+000 -2.738166E-001  8.387766E-001 -1.673625E-001 -6.845415E-001  5.093344E-001  5.215184E-001  5.969415E-001  8.022848E-001  0.000000E+000 -4.184062E-001  3.113160E-001 -8.532400E-001
  6.700000E+000 -2.742094E-001  8.392773E-001 -1.659988E-001 -6.855234E-001  5.117296E-001  5.178711E-001  5.981932E-001  8.013519E-001  0.000000E+000 -4.149970E-001  3.097870E-001 -8.554586E-001
  6.750000E+000 -2.746292E-001  8.397686E-001 -1.645899E-001 -6.865730E-001  5.141546E-001  5.140648E-001  5.994215E-001  8.004335E-001  0.000000E+000 -4.114747E-001  3.081415E-001 -8.577514E-001
  6.800000E+000 -2.750798E-001  8.402537E-001 -1.631235E-001 -6.876996E-001  5.166272E-001  5.100643E-001  6.006342E-001  7.995240E-001  0.000000E+000 -4.078086E-001  3.063621E-001 -8.601363E-001
  6.850000E+000 -2.755650E-001  8.407351E-001 -1.615876E-001 -6.889124E-001  5.191636E-001  5.058349E-001  6.018378E-001  7.986183E-001  0.000000E+000 -4.039690E-001  3.044305E-001 -8.626303E-001
  6.900000E+000 -2.760881E-001  8.412151E-001 -1.599706E-001 -6.902203E-001  5.217781E-001  5.013417E-001  6.030378E-001  7.977126E-001  0.000000E+000 -3.999266E-001  3.023280E-001 -8.652494E-001
  6.950000E+000 -2.766528E-001  8.416952E-001 -1.582613E-001 -6.916321E-001  5.244833E-001  4.965504E-001  6.042379E-001  7.968039E-001  0.000000E+000 -3.956533E-001  3.000346E-001 -8.680079E-001
  7.000000E+000 -2.772625E-001  8.421762E-001 -1.564488E-001 -6.931562E-001  5.272895E-001  4.914268E-001  6.054404E-001  7.958906E-001  0.000000E+000 -3.911220E-001  2.975296E-001 -8.709189E-001
  7.050000E+000 -2.779203E-001  8.426583E-001 -1.545226E-001 -6.948008E-001  5.302047E-001  4.859370E-001  6.066458E-001  7.949722E-001  0.000000E+000 -3.863064E-001  2.947916E-001 -8.739938E-001
  7.100000E+000 -2.786296E-001  8.431411E-001 -1.524727E-001 -6.965741E-001  5.332343E-001  4.800477E-001  6.078528E-001  7.940497E-001  0.000000E+000 -3.811817E-001  2.917983E-001 -8.772424E-001
  7.150000E+000 -2.793934E-001  8.436234E-001 -1.502896E-001 -6.984835E-001  5.363810E-001  4.737259E-001  6.090585E-001  7.931253E-001  0.000000E+000 -3.757240E-001  2.885268E-001 -8.806724E-001
  7.200000E+000 -2.802146E-001  8.441032E-001 -1.479642E-001 -7.005365E-001  5.396447E-001  4.669392E-001  6.102579E-001  7.922028E-001  0.000000E+000 -3.699105E-001  2.849534E-001 -8.842894E-001
  7.250000E+000 -2.810959E-001  8.445779E-001 -1.454879E-001 -7.027399E-001  5.430222E-001  4.596559E-001  6.114447E-001  7.912872E-001  0.000000E+000 -3.637198E-001  2.810541E-001 -8.880971E-001
  7.300000E+000 -2.820399E-001  8.450442E-001 -1.428526E-001 -7.050997E-001  5.465076E-001  4.518449E-001  6.126104E-001  7.903850E-001  0.000000E+000 -3.571314E-001  2.768049E-001 -8.920965E-001
  7.350000E+000 -2.830486E-001  8.454982E-001 -1.400504E-001 -7.076216E-001  5.500916E-001  4.434759E-001  6.137455E-001  7.895040E-001  0.000000E+000 -3.501260E-001  2.721813E-001 -8.962863E-001
  7.400000E+000 -2.841240E-001  8.459355E-001 -1.370741E-001 -7.103100E-001  5.537620E-001  4.345198E-001  6.148386E-001  7.886529E-001  0.000000E+000 -3.426853E-001  2.671595E-001 -9.006623E-001
  7.450000E+000 -2.852674E-001  8.463510E-001 -1.339168E-001 -7.131685E-001  5.575032E-001  4.249481E-001  6.158775E-001  7.878419E-001  0.000000E+000 -3.347919E-001  2.617160E-001 -9.052177E-001
  7.500000E+000 -2.864797E-001  8.467394E-001 -1.305718E-001 -7.161994E-001  5.612969E-001  4.147340E-001  6.168486E-001  7.870818E-001  0.000000E+000 -3.264296E-001  2.558281E-001 -9.099427E-001
  7.550000E+000 -2.877614E-001  8.470951E-001 -1.270330E-001 -7.194036E-001  5.651215E-001  4.038517E-001  6.177377E-001  7.863842E-001  0.000000E+000 -3.175826E-001  2.494744E-001 -9.148245E-001
  7.600000E+000 -2.891121E-001  8.474119E-001 -1.232945E-001 -7.227803E-001  5.689528E-001  3.922771E-001  6.185298E-001  7.857614E-001  0.000000E+000 -3.082362E-001  2.426351E-001 -9.198471E-001
  7.650000E+000 -2.905308E-001  8.476839E-001 -1.193505E-001 -7.263270E-001  5.727636E-001  3.799880E-001  6.192097E-001  7.852257E-001  0.000000E+000 -2.983764E-001  2.352923E-001 -9.249914E-001
  7.700000E+000 -2.920156E-001  8.479048E-001 -1.151958E-001 -7.300390E-001  5.765245E-001  3.669640E-001  6.197621E-001  7.847897E-001  0.000000E+000 -2.879896E-001  2.274304E-001 -9.302351E-001
  7.750000E+000 -2.935637E-001  8.480687E-001 -1.108252E-001 -7.339093E-001  5.802035E-001  3.531869E-001  6.201718E-001  7.844660E-001  0.000000E+000 -2.770631E-001  2.190366E-001 -9.355528E-001
  7.800000E+000 -2.951714E-001  8.481697E-001 -1.062338E-001 -7.379285E-001  5.837670E-001  3.386409E-001  6.204243E-001  7.842663E-001  0.000000E+000 -2.655846E-001  2.101010E-001 -9.409157E-001
  7.850000E+000 -2.968337E-001  8.482023E-001 -1.014170E-001 -7.420842E-001  5.871796E-001  3.233128E-001  6.205056E-001  7.842020E-001  0.000000E+000 -2.535425E-001  2.006174E-001 -9.462922E-001
  7.900000E+000 -2.985444E-001  8.481612E-001 -9.637030E-002 -7.463611E-001  5.904050E-001  3.071923E-001  6.204031E-001  7.842831E-001  0.000000E+000 -2.409258E-001  1.905831E-001 -9.516475E-001
  7.950000E+000 -3.002962E-001  8.480421E-001 -9.108961E-002 -7.507405E-001  5.934060E-001  2.902723E-001  6.201052E-001  7.845187E-001  0.000000E+000 -2.277240E-001  1.799994E-001 -9.569441E-001
  8.000000E+000 -3.020802E-001  8.478410E-001 -8.557110E-002 -7.552005E-001  5.961455E-001  2.725487E-001  6.196024E-001  7.849158E-001  0.000000E+000 -2.139278E-001  1.688718E-001 -9.621420E-001
  8.050000E+000 -3.038860E-001  8.475549E-001 -7.981134E-002 -7.597151E-001  5.985869E-001  2.540210E-001  6.188872E-001  7.854799E-001  0.000000E+000 -1.995284E-001  1.572103E-001 -9.671987E-001
  8.100000E+000 -3.057020E-001  8.471817E-001 -7.380732E-002 -7.642549E-001  6.006946E-001  2.346922E-001  6.179542E-001  7.862141E-001  0.000000E+000 -1.845183E-001  1.450290E-001 -9.720697E-001
  8.150000E+000 -3.075145E-001  8.467204E-001 -6.755661E-002 -7.687861E-001  6.024350E-001  2.145692E-001  6.168010E-001  7.871191E-001  0.000000E+000 -1.688915E-001  1.323465E-001 -9.767088E-001
  8.200000E+000 -3.093085E-001  8.461712E-001 -6.105739E-002 -7.732712E-001  6.037769E-001  1.936625E-001  6.154280E-001  7.881931E-001  0.000000E+000 -1.526435E-001  1.191854E-001 -9.810682E-001
  8.250000E+000 -3.110673E-001  8.455356E-001 -5.430866E-002 -7.776682E-001  6.046923E-001  1.719866E-001  6.138390E-001  7.894313E-001  0.000000E+000 -1.357716E-001  1.055721E-001 -9.850993E-001
  8.300000E+000 -3.127725E-001  8.448164E-001 -4.731032E-002 -7.819313E-001  6.051573E-001  1.495598E-001  6.120411E-001  7.908260E-001  0.000000E+000 -1.182758E-001  9.153677E-002 -9.887527E-001
  8.350000E+000 -3.144043E-001  8.440182E-001 -4.006339E-002 -7.860107E-001  6.051522E-001  1.264042E-001  6.100455E-001  7.923664E-001  0.000000E+000 -1.001585E-001  7.711233E-002 -9.919788E-001
  8.400000E+000 -3.159411E-001  8.431469E-001 -3.257009E-002 -7.898528E-001  6.046626E-001  1.025457E-001  6.078671E-001  7.940388E-001  0.000000E+000 -8.142523E-002  6.233413E-002 -9.947283E-001
  8.450000E+000 -3.173603E-001  8.422100E-001 -2.483409E-002 -7.934008E-001  6.036796E-001  7.801354E-002  6.055251E-001  7.958262E-001  0.000000E+000 -6.208522E-002  4.723916E-002 -9.969523E-001
  8.500000E+000 -3.186378E-001  8.412170E-001 -1.686062E-002 -7.965946E-001  6.022000E-001  5.284076E-002  6.030425E-001  7.977091E-001  0.000000E+000 -4.215155E-002  3.186523E-002 -9.986030E-001
  8.550000E+000 -3.197488E-001  8.401786E-001 -8.656663E-003 -7.993720E-001  6.002266E-001  2.706341E-002  6.004466E-001  7.996649E-001  0.000000E+000 -2.164166E-002  1.625013E-002 -9.996337E-001
  8.600000E+000 -3.206675E-001  8.391073E-001 -2.310659E-004 -8.016688E-001  5.977681E-001  7.205778E-004  5.977682E-001  8.016690E-001  0.000000E+000 -5.776649E-004  4.307385E-004 -9.999997E-001
  8.650000E+000 -3.213679E-001  8.380168E-001  8.405322E-003 -8.034198E-001  5.948386E-001 -2.614588E-002  5.950421E-001  8.036946E-001  0.000000E+000  2.101330E-002 -1.555790E-002 -9.996581E-001
  8.700000E+000 -3.218240E-001  8.369222E-001  1.723957E-002 -8.045599E-001  5.914575E-001 -5.349164E-002  5.923055E-001  8.057135E-001  0.000000E+000  4.309894E-002 -3.168339E-002 -9.985683E-001
  8.750000E+000 -3.220099E-001  8.358394E-001  2.625664E-002 -8.050248E-001  5.876481E-001 -8.127013E-002  5.895984E-001  8.076965E-001  0.000000E+000  6.564160E-002 -4.791674E-002 -9.966921E-001
  8.800000E+000 -3.219007E-001  8.347849E-001  3.543935E-002 -8.047519E-001  5.834371E-001 -1.094328E-001  5.869623E-001  8.096143E-001  0.000000E+000  8.859838E-002 -6.423295E-002 -9.939942E-001
  8.850000E+000 -3.214727E-001  8.337757E-001  4.476847E-002 -8.036818E-001  5.788532E-001 -1.379295E-001  5.844392E-001  8.114375E-001  0.000000E+000  1.119212E-001 -8.061141E-002 -9.904420E-001
  8.900000E+000 -3.207037E-001  8.328283E-001  5.422279E-002 -8.017593E-001  5.739253E-001 -1.667084E-001  5.820707E-001  8.131382E-001  0.000000E+000  1.355570E-001 -9.703609E-002 -9.860062E-001
  8.950000E+000 -3.195737E-001  8.319587E-001  6.377934E-002 -7.989343E-001  5.686818E-001 -1.957166E-001  5.798968E-001  8.146900E-001  0.000000E+000  1.594483E-001 -1.134954E-001 -9.806605E-001
  9.000000E+000 -3.180651E-001  8.311818E-001  7.341354E-002 -7.951628E-001  5.631485E-001 -2.248999E-001  5.779546E-001  8.160689E-001  0.000000E+000  1.835339E-001 -1.299820E-001 -9.743819E-001
  9.050000E+000 -3.161632E-001  8.305110E-001  8.309954E-002 -7.904080E-001  5.573471E-001 -2.542035E-001  5.762774E-001  8.172542E-001  0.000000E+000  2.077489E-001 -1.464917E-001 -9.671508E-001
  9.100000E+000 -3.138564E-001  8.299573E-001  9.281048E-002 -7.846410E-001  5.512946E-001 -2.835715E-001  5.748934E-001  8.182283E-001  0.000000E+000  2.320262E-001 -1.630234E-001 -9.589511E-001
  9.150000E+000 -3.111365E-001  8.295299E-001  1.025189E-001 -7.778412E-001  5.450017E-001 -3.129475E-001  5.738247E-001  8.189781E-001  0.000000E+000  2.562971E-001 -1.795770E-001 -9.497704E-001
  9.200000E+000 -3.079988E-001  8.292348E-001  1.121969E-001 -7.699969E-001  5.384726E-001 -3.422746E-001  5.730871E-001  8.194945E-001  0.000000E+000  2.804922E-001 -1.961532E-001 -9.396000E-001
  9.250000E+000 -3.044421E-001  8.290757E-001  1.218168E-001 -7.611052E-001  5.317046E-001 -3.714956E-001  5.726893E-001  8.197725E-001  0.000000E+000  3.045419E-001 -2.127516E-001 -9.284347E-001
  9.300000E+000 -3.004688E-001  8.290532E-001  1.313512E-001 -7.511720E-001  5.246884E-001 -4.005529E-001  5.726329E-001  8.198119E-001  0.000000E+000  3.283781E-001 -2.293698E-001 -9.162736E-001
  9.350000E+000 -2.960846E-001  8.291652E-001  1.407736E-001 -7.402116E-001  5.174090E-001 -4.293889E-001  5.729129E-001  8.196162E-001  0.000000E+000  3.519341E-001 -2.460025E-001 -9.031197E-001
  9.400000E+000 -2.912985E-001  8.294072E-001  1.500584E-001 -7.282462E-001  5.098461E-001 -4.579459E-001  5.735181E-001  8.191929E-001  0.000000E+000  3.751460E-001 -2.626403E-001 -8.889801E-001
  9.450000E+000 -2.861221E-001  8.297727E-001  1.591812E-001 -7.153053E-001  5.019763E-001 -4.861667E-001  5.744316E-001  8.185526E-001  0.000000E+000  3.979530E-001 -2.792695E-001 -8.738661E-001
  9.500000E+000 -2.805700E-001  8.302530E-001  1.681190E-001 -7.014250E-001  4.937739E-001 -5.139944E-001  5.756326E-001  8.177085E-001  0.000000E+000  4.202976E-001 -2.958719E-001 -8.577935E-001
  9.550000E+000 -2.746587E-001  8.308386E-001  1.768506E-001 -6.866468E-001  4.852127E-001 -5.413731E-001  5.770966E-001  8.166759E-001  0.000000E+000  4.421264E-001 -3.124246E-001 -8.407825E-001
  9.600000E+000 -2.684067E-001  8.315189E-001  1.853560E-001 -6.710168E-001  4.762676E-001 -5.682478E-001  5.787972E-001  8.154715E-001  0.000000E+000  4.633899E-001 -3.289002E-001 -8.228575E-001
  9.650000E+000 -2.618341E-001  8.322828E-001  1.936171E-001 -6.545852E-001  4.669161E-001 -5.945650E-001  5.807071E-001  8.141126E-001  0.000000E+000  4.840428E-001 -3.452681E-001 -8.040475E-001
  9.700000E+000 -2.549619E-001  8.331197E-001  2.016176E-001 -6.374047E-001  4.571395E-001 -6.202730E-001  5.827992E-001  8.126162E-001  0.000000E+000  5.040439E-001 -3.614946E-001 -7.843860E-001
  9.750000E+000 -2.478122E-001  8.340190E-001  2.093423E-001 -6.195306E-001  4.469239E-001 -6.453223E-001  5.850475E-001  8.109990E-001  0.000000E+000  5.233558E-001 -3.775442E-001 -7.639104E-001
  9.800000E+000 -2.404077E-001  8.349712E-001  2.167780E-001 -6.010192E-001  4.362607E-001 -6.696660E-001  5.874280E-001  8.092764E-001  0.000000E+000  5.419449E-001 -3.933806E-001 -7.426624E-001
  9.850000E+000 -2.327712E-001  8.359677E-001  2.239125E-001 -5.819280E-001  4.251475E-001 -6.932600E-001  5.899193E-001  8.074622E-001  0.000000E+000  5.597812E-001 -4.089675E-001 -7.206876E-001
  9.900000E+000 -2.249259E-001  8.370013E-001  2.307352E-001 -5.623147E-001  4.135879E-001 -7.160637E-001  5.925031E-001  8.055681E-001  0.000000E+000  5.768381E-001 -4.242700E-001 -6.980350E-001
  9.950000E+000 -2.168949E-001  8.380658E-001  2.372367E-001 -5.422373E-001  4.015914E-001 -7.380400E-001  5.951646E-001  8.036039E-001  0.000000E+000  5.930918E-001 -4.392553E-001 -6.747569E-001
