% FILE: robot_arm.5
%
%       t         P_No_Do[1]     P_No_Do[2]     P_No_Do[3]      N_D[1,1]       N_D[1,2]       N_D[1,3]       N_D[2,1]       N_D[2,2]       N_D[2,3]       N_D[3,1]       N_D[3,2]       N_D[3,3]
%   (second)        (meter)        (meter)        (meter)       (NoUnits)      (NoUnits)      (NoUnits)      (NoUnits)      (NoUnits)      (NoUnits)      (NoUnits)      (NoUnits)      (NoUnits)

  0.000000E+000  1.949494E+000  8.000000E-001  0.000000E+000  1.000000E+000  0.000000E+000  0.000000E+000  0.000000E+000  1.000000E+000  0.000000E+000  0.000000E+000  0.000000E+000  1.000000E+000
  5.000000E-002  1.949433E+000  8.000000E-001 -1.011315E-004  1.000000E+000  0.000000E+000  5.187740E-005  0.000000E+000  1.000000E+000  0.000000E+000 -5.187740E-005  0.000000E+000  1.000000E+000
  1.000000E-001  1.949232E+000  8.000000E-001 -4.614495E-004  1.000000E+000  0.000000E+000  2.367340E-004  0.000000E+000  1.000000E+000  0.000000E+000 -2.367340E-004  0.000000E+000  1.000000E+000
  1.500000E-001  1.948876E+000  8.000000E-001 -1.165587E-003  9.999998E-001  0.000000E+000  5.980817E-004  0.000000E+000  1.000000E+000  0.000000E+000 -5.980817E-004  0.000000E+000  9.999998E-001
  2.000000E-001  1.948363E+000  8.000000E-001 -2.297039E-003  9.999993E-001  0.000000E+000  1.178958E-003  0.000000E+000  1.000000E+000  0.000000E+000 -1.178958E-003  0.000000E+000  9.999993E-001
  2.500000E-001  1.947700E+000  8.000000E-001 -3.937999E-003  9.999980E-001  0.000000E+000  2.021867E-003  0.000000E+000  1.000000E+000  0.000000E+000 -2.021867E-003  0.000000E+000  9.999980E-001
  3.000000E-001  1.946906E+000  8.000000E-001 -6.169205E-003  9.999950E-001  0.000000E+000  3.168707E-003  0.000000E+000  1.000000E+000  0.000000E+000 -3.168707E-003  0.000000E+000  9.999950E-001
  3.500000E-001  1.946002E+000  8.000000E-001 -9.069792E-003  9.999891E-001  0.000000E+000  4.660682E-003  0.000000E+000  1.000000E+000  0.000000E+000 -4.660682E-003  0.000000E+000  9.999891E-001
  4.000000E-001  1.945011E+000  8.000000E-001 -1.271714E-002  9.999786E-001  0.000000E+000  6.538199E-003  0.000000E+000  1.000000E+000  0.000000E+000 -6.538199E-003  0.000000E+000  9.999786E-001
  4.500000E-001  1.943959E+000  8.000000E-001 -1.718673E-002  9.999609E-001  0.000000E+000  8.840750E-003  0.000000E+000  1.000000E+000  0.000000E+000 -8.840750E-003  0.000000E+000  9.999609E-001
  5.000000E-001  1.942866E+000  8.000000E-001 -2.255195E-002  9.999326E-001  0.000000E+000  1.160679E-002  0.000000E+000  1.000000E+000  0.000000E+000 -1.160679E-002  0.000000E+000  9.999326E-001
  5.500000E-001  1.941748E+000  8.000000E-001 -2.888393E-002  9.998894E-001  0.000000E+000  1.487357E-002  0.000000E+000  1.000000E+000  0.000000E+000 -1.487357E-002  0.000000E+000  9.998894E-001
  6.000000E-001  1.940618E+000  8.000000E-001 -3.625138E-002  9.998256E-001  0.000000E+000  1.867707E-002  0.000000E+000  1.000000E+000  0.000000E+000 -1.867707E-002  0.000000E+000  9.998256E-001
  6.500000E-001  1.939479E+000  8.000000E-001 -4.472031E-002  9.997343E-001  0.000000E+000  2.305177E-002  0.000000E+000  1.000000E+000  0.000000E+000 -2.305177E-002  0.000000E+000  9.997343E-001
  7.000000E-001  1.938331E+000  8.000000E-001 -5.435387E-002  9.996071E-001  0.000000E+000  2.803056E-002  0.000000E+000  1.000000E+000  0.000000E+000 -2.803056E-002  0.000000E+000  9.996071E-001
  7.500000E-001  1.937164E+000  8.000000E-001 -6.521210E-002  9.994339E-001  0.000000E+000  3.364464E-002  0.000000E+000  1.000000E+000  0.000000E+000 -3.364464E-002  0.000000E+000  9.994339E-001
  8.000000E-001  1.935963E+000  8.000000E-001 -7.735165E-002  9.992027E-001  0.000000E+000  3.992328E-002  0.000000E+000  1.000000E+000  0.000000E+000 -3.992328E-002  0.000000E+000  9.992027E-001
  8.500000E-001  1.934703E+000  8.000000E-001 -9.082557E-002  9.988999E-001  0.000000E+000  4.689383E-002  0.000000E+000  1.000000E+000  0.000000E+000 -4.689383E-002  0.000000E+000  9.988999E-001
  9.000000E-001  1.933357E+000  8.000000E-001 -1.056830E-001  9.985093E-001  0.000000E+000  5.458147E-002  0.000000E+000  1.000000E+000  0.000000E+000 -5.458147E-002  0.000000E+000  9.985093E-001
  9.500000E-001  1.931888E+000  8.000000E-001 -1.219689E-001  9.980129E-001  0.000000E+000  6.300915E-002  0.000000E+000  1.000000E+000  0.000000E+000 -6.300915E-002  0.000000E+000  9.980129E-001
  1.000000E+000  1.930253E+000  8.000000E-001 -1.397240E-001  9.973904E-001  0.000000E+000  7.219746E-002  0.000000E+000  1.000000E+000  0.000000E+000 -7.219746E-002  0.000000E+000  9.973904E-001
  1.050000E+000  1.928404E+000  8.000000E-001 -1.589839E-001  9.966188E-001  0.000000E+000  8.216447E-002  0.000000E+000  1.000000E+000  0.000000E+000 -8.216447E-002  0.000000E+000  9.966188E-001
  1.100000E+000  1.926290E+000  8.000000E-001 -1.797796E-001  9.956731E-001  0.000000E+000  9.292565E-002  0.000000E+000  1.000000E+000  0.000000E+000 -9.292565E-002  0.000000E+000  9.956731E-001
  1.150000E+000  1.923850E+000  8.000000E-001 -2.021367E-001  9.945256E-001  0.000000E+000  1.044936E-001  0.000000E+000  1.000000E+000  0.000000E+000 -1.044936E-001  0.000000E+000  9.945256E-001
  1.200000E+000  1.921023E+000  8.000000E-001 -2.260752E-001  9.931463E-001  0.000000E+000  1.168782E-001  0.000000E+000  1.000000E+000  0.000000E+000 -1.168782E-001  0.000000E+000  9.931463E-001
  1.250000E+000  1.917740E+000  8.000000E-001 -2.516092E-001  9.915027E-001  0.000000E+000  1.300860E-001  0.000000E+000  1.000000E+000  0.000000E+000 -1.300860E-001  0.000000E+000  9.915027E-001
  1.300000E+000  1.913931E+000  8.000000E-001 -2.787468E-001  9.895601E-001  0.000000E+000  1.441206E-001  0.000000E+000  1.000000E+000  0.000000E+000 -1.441206E-001  0.000000E+000  9.895601E-001
  1.350000E+000  1.909520E+000  8.000000E-001 -3.074897E-001  9.872815E-001  0.000000E+000  1.589818E-001  0.000000E+000  1.000000E+000  0.000000E+000 -1.589818E-001  0.000000E+000  9.872815E-001
  1.400000E+000  1.904429E+000  8.000000E-001 -3.378327E-001  9.846277E-001  0.000000E+000  1.746662E-001  0.000000E+000  1.000000E+000  0.000000E+000 -1.746662E-001  0.000000E+000  9.846277E-001
  1.450000E+000  1.898575E+000  8.000000E-001 -3.697635E-001  9.815576E-001  0.000000E+000  1.911666E-001  0.000000E+000  1.000000E+000  0.000000E+000 -1.911666E-001  0.000000E+000  9.815576E-001
  1.500000E+000  1.891875E+000  8.000000E-001 -4.032628E-001  9.780284E-001  0.000000E+000  2.084718E-001  0.000000E+000  1.000000E+000  0.000000E+000 -2.084718E-001  0.000000E+000  9.780284E-001
  1.550000E+000  1.884240E+000  8.000000E-001 -4.383035E-001  9.739957E-001  0.000000E+000  2.265665E-001  0.000000E+000  1.000000E+000  0.000000E+000 -2.265665E-001  0.000000E+000  9.739957E-001
  1.600000E+000  1.875580E+000  8.000000E-001 -4.748503E-001  9.694139E-001  0.000000E+000  2.454315E-001  0.000000E+000  1.000000E+000  0.000000E+000 -2.454315E-001  0.000000E+000  9.694139E-001
  1.650000E+000  1.865804E+000  8.000000E-001 -5.128601E-001  9.642366E-001  0.000000E+000  2.650430E-001  0.000000E+000  1.000000E+000  0.000000E+000 -2.650430E-001  0.000000E+000  9.642366E-001
  1.700000E+000  1.854819E+000  8.000000E-001 -5.522810E-001  9.584165E-001  0.000000E+000  2.853730E-001  0.000000E+000  1.000000E+000  0.000000E+000 -2.853730E-001  0.000000E+000  9.584165E-001
  1.750000E+000  1.842529E+000  8.000000E-001 -5.930526E-001  9.519064E-001  0.000000E+000  3.063890E-001  0.000000E+000  1.000000E+000  0.000000E+000 -3.063890E-001  0.000000E+000  9.519064E-001
  1.800000E+000  1.828840E+000  8.000000E-001 -6.351053E-001  9.446590E-001  0.000000E+000  3.280538E-001  0.000000E+000  1.000000E+000  0.000000E+000 -3.280538E-001  0.000000E+000  9.446590E-001
  1.850000E+000  1.813657E+000  8.000000E-001 -6.783607E-001  9.366278E-001  0.000000E+000  3.503261E-001  0.000000E+000  1.000000E+000  0.000000E+000 -3.503261E-001  0.000000E+000  9.366278E-001
  1.900000E+000  1.796887E+000  8.000000E-001 -7.227311E-001  9.277671E-001  0.000000E+000  3.731599E-001  0.000000E+000  1.000000E+000  0.000000E+000 -3.731599E-001  0.000000E+000  9.277671E-001
  1.950000E+000  1.778438E+000  8.000000E-001 -7.681197E-001  9.180327E-001  0.000000E+000  3.965048E-001  0.000000E+000  1.000000E+000  0.000000E+000 -3.965048E-001  0.000000E+000  9.180327E-001
  2.000000E+000  1.758220E+000  8.000000E-001 -8.144208E-001  9.073823E-001  0.000000E+000  4.203063E-001  0.000000E+000  1.000000E+000  0.000000E+000 -4.203063E-001  0.000000E+000  9.073823E-001
  2.050000E+000  1.736150E+000  8.000000E-001 -8.615197E-001  8.957760E-001  0.000000E+000  4.445058E-001  0.000000E+000  1.000000E+000  0.000000E+000 -4.445058E-001  0.000000E+000  8.957760E-001
  2.100000E+000  1.712147E+000  8.000000E-001 -9.092935E-001  8.831765E-001  0.000000E+000  4.690408E-001  0.000000E+000  1.000000E+000  0.000000E+000 -4.690408E-001  0.000000E+000  8.831765E-001
  2.150000E+000  1.686137E+000  8.000000E-001 -9.576109E-001  8.695498E-001  0.000000E+000  4.938452E-001  0.000000E+000  1.000000E+000  0.000000E+000 -4.938452E-001  0.000000E+000  8.695498E-001
  2.200000E+000  1.658053E+000  8.000000E-001 -1.006334E+000  8.548656E-001  0.000000E+000  5.188494E-001  0.000000E+000  1.000000E+000  0.000000E+000 -5.188494E-001  0.000000E+000  8.548656E-001
  2.250000E+000  1.627839E+000  8.000000E-001 -1.055317E+000  8.390975E-001  0.000000E+000  5.439811E-001  0.000000E+000  1.000000E+000  0.000000E+000 -5.439811E-001  0.000000E+000  8.390975E-001
  2.300000E+000  1.595444E+000  8.000000E-001 -1.104409E+000  8.222235E-001  0.000000E+000  5.691648E-001  0.000000E+000  1.000000E+000  0.000000E+000 -5.691648E-001  0.000000E+000  8.222235E-001
  2.350000E+000  1.560831E+000  8.000000E-001 -1.153454E+000  8.042263E-001  0.000000E+000  5.943231E-001  0.000000E+000  1.000000E+000  0.000000E+000 -5.943231E-001  0.000000E+000  8.042263E-001
  2.400000E+000  1.523972E+000  8.000000E-001 -1.202293E+000  7.850941E-001  0.000000E+000  6.193765E-001  0.000000E+000  1.000000E+000  0.000000E+000 -6.193765E-001  0.000000E+000  7.850941E-001
  2.450000E+000  1.484853E+000  8.000000E-001 -1.250762E+000  7.648200E-001  0.000000E+000  6.442440E-001  0.000000E+000  1.000000E+000  0.000000E+000 -6.442440E-001  0.000000E+000  7.648200E-001
  2.500000E+000  1.443469E+000  8.000000E-001 -1.298697E+000  7.434031E-001  0.000000E+000  6.688436E-001  0.000000E+000  1.000000E+000  0.000000E+000 -6.688436E-001  0.000000E+000  7.434031E-001
  2.550000E+000  1.399831E+000  8.000000E-001 -1.345932E+000  7.208484E-001  0.000000E+000  6.930928E-001  0.000000E+000  1.000000E+000  0.000000E+000 -6.930928E-001  0.000000E+000  7.208484E-001
  2.600000E+000  1.353962E+000  8.000000E-001 -1.392303E+000  6.971668E-001  0.000000E+000  7.169089E-001  0.000000E+000  1.000000E+000  0.000000E+000 -7.169089E-001  0.000000E+000  6.971668E-001
  2.650000E+000  1.305898E+000  8.000000E-001 -1.437647E+000  6.723757E-001  0.000000E+000  7.402100E-001  0.000000E+000  1.000000E+000  0.000000E+000 -7.402100E-001  0.000000E+000  6.723757E-001
  2.700000E+000  1.255687E+000  8.000000E-001 -1.481802E+000  6.464985E-001  0.000000E+000  7.629152E-001  0.000000E+000  1.000000E+000  0.000000E+000 -7.629152E-001  0.000000E+000  6.464985E-001
  2.750000E+000  1.203391E+000  8.000000E-001 -1.524611E+000  6.195651E-001  0.000000E+000  7.849452E-001  0.000000E+000  1.000000E+000  0.000000E+000 -7.849452E-001  0.000000E+000  6.195651E-001
  2.800000E+000  1.149084E+000  8.000000E-001 -1.565922E+000  5.916116E-001  0.000000E+000  8.062231E-001  0.000000E+000  1.000000E+000  0.000000E+000 -8.062231E-001  0.000000E+000  5.916116E-001
  2.850000E+000  1.092852E+000  8.000000E-001 -1.605589E+000  5.626801E-001  0.000000E+000  8.266747E-001  0.000000E+000  1.000000E+000  0.000000E+000 -8.266747E-001  0.000000E+000  5.626801E-001
  2.900000E+000  1.034792E+000  8.000000E-001 -1.643470E+000  5.328187E-001  0.000000E+000  8.462294E-001  0.000000E+000  1.000000E+000  0.000000E+000 -8.462294E-001  0.000000E+000  5.328187E-001
  2.950000E+000  9.750146E-001  8.000000E-001 -1.679435E+000  5.020811E-001  0.000000E+000  8.648205E-001  0.000000E+000  1.000000E+000  0.000000E+000 -8.648205E-001  0.000000E+000  5.020811E-001
  3.000000E+000  9.136374E-001  8.000000E-001 -1.713359E+000  4.705264E-001  0.000000E+000  8.823859E-001  0.000000E+000  1.000000E+000  0.000000E+000 -8.823859E-001  0.000000E+000  4.705264E-001
  3.050000E+000  8.507894E-001  8.000000E-001 -1.745129E+000  4.382184E-001  0.000000E+000  8.988685E-001  0.000000E+000  1.000000E+000  0.000000E+000 -8.988685E-001  0.000000E+000  4.382184E-001
  3.100000E+000  7.866081E-001  8.000000E-001 -1.774642E+000  4.052256E-001  0.000000E+000  9.142167E-001  0.000000E+000  1.000000E+000  0.000000E+000 -9.142167E-001  0.000000E+000  4.052256E-001
  3.150000E+000  7.212389E-001  8.000000E-001 -1.801805E+000  3.716203E-001  0.000000E+000  9.283848E-001  0.000000E+000  1.000000E+000  0.000000E+000 -9.283848E-001  0.000000E+000  3.716203E-001
  3.200000E+000  6.548342E-001  8.000000E-001 -1.826539E+000  3.374783E-001  0.000000E+000  9.413333E-001  0.000000E+000  1.000000E+000  0.000000E+000 -9.413333E-001  0.000000E+000  3.374783E-001
  3.250000E+000  5.875523E-001  8.000000E-001 -1.848777E+000  3.028783E-001  0.000000E+000  9.530292E-001  0.000000E+000  1.000000E+000  0.000000E+000 -9.530292E-001  0.000000E+000  3.028783E-001
  3.300000E+000  5.195561E-001  8.000000E-001 -1.868467E+000  2.679012E-001  0.000000E+000  9.634464E-001  0.000000E+000  1.000000E+000  0.000000E+000 -9.634464E-001  0.000000E+000  2.679012E-001
  3.350000E+000  4.510123E-001  8.000000E-001 -1.885567E+000  2.326297E-001  0.000000E+000  9.725654E-001  0.000000E+000  1.000000E+000  0.000000E+000 -9.725654E-001  0.000000E+000  2.326297E-001
  3.400000E+000  3.820898E-001  8.000000E-001 -1.900054E+000  1.971475E-001  0.000000E+000  9.803738E-001  0.000000E+000  1.000000E+000  0.000000E+000 -9.803738E-001  0.000000E+000  1.971475E-001
  3.450000E+000  3.129587E-001  8.000000E-001 -1.911914E+000  1.615388E-001  0.000000E+000  9.868664E-001  0.000000E+000  1.000000E+000  0.000000E+000 -9.868664E-001  0.000000E+000  1.615388E-001
  3.500000E+000  2.437888E-001  8.000000E-001 -1.921152E+000  1.258876E-001  0.000000E+000  9.920445E-001  0.000000E+000  1.000000E+000  0.000000E+000 -9.920445E-001  0.000000E+000  1.258876E-001
  3.550000E+000  1.747488E-001  8.000000E-001 -1.927784E+000  9.027736E-002  0.000000E+000  9.959167E-001  0.000000E+000  1.000000E+000  0.000000E+000 -9.959167E-001  0.000000E+000  9.027736E-002
  3.600000E+000  1.060047E-001  8.000000E-001 -1.931841E+000  5.478996E-002  0.000000E+000  9.984979E-001  0.000000E+000  1.000000E+000  0.000000E+000 -9.984979E-001  0.000000E+000  5.478996E-002
  3.650000E+000  3.771867E-002  8.000000E-001 -1.933365E+000  1.950563E-002  0.000000E+000  9.998097E-001  0.000000E+000  1.000000E+000  0.000000E+000 -9.998097E-001  0.000000E+000  1.950563E-002
  3.700000E+000 -2.995183E-002  8.000000E-001 -1.932412E+000 -1.549785E-002  0.000000E+000  9.998799E-001  0.000000E+000  1.000000E+000  0.000000E+000 -9.998799E-001  0.000000E+000 -1.549785E-002
  3.750000E+000 -9.685517E-002  8.000000E-001 -1.929052E+000 -5.014553E-002  0.000000E+000  9.987419E-001  0.000000E+000  1.000000E+000  0.000000E+000 -9.987419E-001  0.000000E+000 -5.014553E-002
  3.800000E+000 -1.628465E-001  8.000000E-001 -1.923362E+000 -8.436576E-002  0.000000E+000  9.964349E-001  0.000000E+000  1.000000E+000  0.000000E+000 -9.964349E-001  0.000000E+000 -8.436576E-002
  3.850000E+000 -2.277884E-001  8.000000E-001 -1.915432E+000 -1.180906E-001  0.000000E+000  9.930028E-001  0.000000E+000  1.000000E+000  0.000000E+000 -9.930028E-001  0.000000E+000 -1.180906E-001
  3.900000E+000 -2.915520E-001  8.000000E-001 -1.905361E+000 -1.512562E-001  0.000000E+000  9.884946E-001  0.000000E+000  1.000000E+000  0.000000E+000 -9.884946E-001  0.000000E+000 -1.512562E-001
  3.950000E+000 -3.540170E-001  8.000000E-001 -1.893254E+000 -1.838029E-001  0.000000E+000  9.829631E-001  0.000000E+000  1.000000E+000  0.000000E+000 -9.829631E-001  0.000000E+000 -1.838029E-001
  4.000000E+000 -4.150729E-001  8.000000E-001 -1.879228E+000 -2.156759E-001  0.000000E+000  9.764650E-001  0.000000E+000  1.000000E+000  0.000000E+000 -9.764650E-001  0.000000E+000 -2.156759E-001
  4.050000E+000 -4.746187E-001  8.000000E-001 -1.863401E+000 -2.468250E-001  0.000000E+000  9.690601E-001  0.000000E+000  1.000000E+000  0.000000E+000 -9.690601E-001  0.000000E+000 -2.468250E-001
  4.100000E+000 -5.325637E-001  8.000000E-001 -1.845900E+000 -2.772051E-001  0.000000E+000  9.608108E-001  0.000000E+000  1.000000E+000  0.000000E+000 -9.608108E-001  0.000000E+000 -2.772051E-001
  4.150000E+000 -5.888276E-001  8.000000E-001 -1.826855E+000 -3.067761E-001  0.000000E+000  9.517817E-001  0.000000E+000  1.000000E+000  0.000000E+000 -9.517817E-001  0.000000E+000 -3.067761E-001
  4.200000E+000 -6.433405E-001  8.000000E-001 -1.806399E+000 -3.355028E-001  0.000000E+000  9.420392E-001  0.000000E+000  1.000000E+000  0.000000E+000 -9.420392E-001  0.000000E+000 -3.355028E-001
  4.250000E+000 -6.960428E-001  8.000000E-001 -1.784668E+000 -3.633553E-001  0.000000E+000  9.316506E-001  0.000000E+000  1.000000E+000  0.000000E+000 -9.316506E-001  0.000000E+000 -3.633553E-001
  4.300000E+000 -7.468856E-001  8.000000E-001 -1.761799E+000 -3.903087E-001  0.000000E+000  9.206841E-001  0.000000E+000  1.000000E+000  0.000000E+000 -9.206841E-001  0.000000E+000 -3.903087E-001
  4.350000E+000 -7.958297E-001  8.000000E-001 -1.737929E+000 -4.163429E-001  0.000000E+000  9.092077E-001  0.000000E+000  1.000000E+000  0.000000E+000 -9.092077E-001  0.000000E+000 -4.163429E-001
  4.400000E+000 -8.428465E-001  8.000000E-001 -1.713195E+000 -4.414426E-001  0.000000E+000  8.972895E-001  0.000000E+000  1.000000E+000  0.000000E+000 -8.972895E-001  0.000000E+000 -4.414426E-001
  4.450000E+000 -8.879165E-001  8.000000E-001 -1.687732E+000 -4.655973E-001  0.000000E+000  8.849967E-001  0.000000E+000  1.000000E+000  0.000000E+000 -8.849967E-001  0.000000E+000 -4.655973E-001
  4.500000E+000 -9.310298E-001  8.000000E-001 -1.661672E+000 -4.888007E-001  0.000000E+000  8.723955E-001  0.000000E+000  1.000000E+000  0.000000E+000 -8.723955E-001  0.000000E+000 -4.888007E-001
  4.550000E+000 -9.721852E-001  8.000000E-001 -1.635146E+000 -5.110507E-001  0.000000E+000  8.595506E-001  0.000000E+000  1.000000E+000  0.000000E+000 -8.595506E-001  0.000000E+000 -5.110507E-001
  4.600000E+000 -1.011390E+000  8.000000E-001 -1.608279E+000 -5.323494E-001  0.000000E+000  8.465247E-001  0.000000E+000  1.000000E+000  0.000000E+000 -8.465247E-001  0.000000E+000 -5.323494E-001
  4.650000E+000 -1.048659E+000  8.000000E-001 -1.581195E+000 -5.527023E-001  0.000000E+000  8.333788E-001  0.000000E+000  1.000000E+000  0.000000E+000 -8.333788E-001  0.000000E+000 -5.527023E-001
  4.700000E+000 -1.084015E+000  8.000000E-001 -1.554010E+000 -5.721184E-001  0.000000E+000  8.201710E-001  0.000000E+000  1.000000E+000  0.000000E+000 -8.201710E-001  0.000000E+000 -5.721184E-001
  4.750000E+000 -1.117487E+000  8.000000E-001 -1.526836E+000 -5.906098E-001  0.000000E+000  8.069573E-001  0.000000E+000  1.000000E+000  0.000000E+000 -8.069573E-001  0.000000E+000 -5.906098E-001
  4.800000E+000 -1.149111E+000  8.000000E-001 -1.499779E+000 -6.081916E-001  0.000000E+000  7.937903E-001  0.000000E+000  1.000000E+000  0.000000E+000 -7.937903E-001  0.000000E+000 -6.081916E-001
  4.850000E+000 -1.178926E+000  8.000000E-001 -1.472938E+000 -6.248811E-001  0.000000E+000  7.807199E-001  0.000000E+000  1.000000E+000  0.000000E+000 -7.807199E-001  0.000000E+000 -6.248811E-001
  4.900000E+000 -1.206980E+000  8.000000E-001 -1.446408E+000 -6.406982E-001  0.000000E+000  7.677928E-001  0.000000E+000  1.000000E+000  0.000000E+000 -7.677928E-001  0.000000E+000 -6.406982E-001
  4.950000E+000 -1.233322E+000  8.000000E-001 -1.420273E+000 -6.556647E-001  0.000000E+000  7.550522E-001  0.000000E+000  1.000000E+000  0.000000E+000 -7.550522E-001  0.000000E+000 -6.556647E-001
  5.000000E+000 -1.258007E+000  8.000000E-001 -1.394614E+000 -6.698040E-001  0.000000E+000  7.425380E-001  0.000000E+000  1.000000E+000  0.000000E+000 -7.425380E-001  0.000000E+000 -6.698040E-001
  5.050000E+000 -1.281092E+000  8.000000E-001 -1.369504E+000 -6.831410E-001  0.000000E+000  7.302865E-001  0.000000E+000  1.000000E+000  0.000000E+000 -7.302865E-001  0.000000E+000 -6.831410E-001
  5.100000E+000 -1.302637E+000  8.000000E-001 -1.345007E+000 -6.957020E-001  0.000000E+000  7.183305E-001  0.000000E+000  1.000000E+000  0.000000E+000 -7.183305E-001  0.000000E+000 -6.957020E-001
  5.150000E+000 -1.322705E+000  8.000000E-001 -1.321181E+000 -7.075141E-001  0.000000E+000  7.066992E-001  0.000000E+000  1.000000E+000  0.000000E+000 -7.066992E-001  0.000000E+000 -7.075141E-001
  5.200000E+000 -1.341359E+000  8.000000E-001 -1.298078E+000 -7.186053E-001  0.000000E+000  6.954182E-001  0.000000E+000  1.000000E+000  0.000000E+000 -6.954182E-001  0.000000E+000 -7.186053E-001
  5.250000E+000 -1.358666E+000  8.000000E-001 -1.275740E+000 -7.290040E-001  0.000000E+000  6.845094E-001  0.000000E+000  1.000000E+000  0.000000E+000 -6.845094E-001  0.000000E+000 -7.290040E-001
  5.300000E+000 -1.374691E+000  8.000000E-001 -1.254204E+000 -7.387393E-001  0.000000E+000  6.739913E-001  0.000000E+000  1.000000E+000  0.000000E+000 -6.739913E-001  0.000000E+000 -7.387393E-001
  5.350000E+000 -1.389501E+000  8.000000E-001 -1.233498E+000 -7.478403E-001  0.000000E+000  6.638787E-001  0.000000E+000  1.000000E+000  0.000000E+000 -6.638787E-001  0.000000E+000 -7.478403E-001
  5.400000E+000 -1.403162E+000  8.000000E-001 -1.213646E+000 -7.563364E-001  0.000000E+000  6.541829E-001  0.000000E+000  1.000000E+000  0.000000E+000 -6.541829E-001  0.000000E+000 -7.563364E-001
  5.450000E+000 -1.415742E+000  8.000000E-001 -1.194662E+000 -7.642570E-001  0.000000E+000  6.449119E-001  0.000000E+000  1.000000E+000  0.000000E+000 -6.449119E-001  0.000000E+000 -7.642570E-001
  5.500000E+000 -1.427307E+000  8.000000E-001 -1.176556E+000 -7.716312E-001  0.000000E+000  6.360702E-001  0.000000E+000  1.000000E+000  0.000000E+000 -6.360702E-001  0.000000E+000 -7.716312E-001
  5.550000E+000 -1.437921E+000  8.000000E-001 -1.159329E+000 -7.784882E-001  0.000000E+000  6.276592E-001  0.000000E+000  1.000000E+000  0.000000E+000 -6.276592E-001  0.000000E+000 -7.784882E-001
  5.600000E+000 -1.447648E+000  8.000000E-001 -1.142978E+000 -7.848569E-001  0.000000E+000  6.196770E-001  0.000000E+000  1.000000E+000  0.000000E+000 -6.196770E-001  0.000000E+000 -7.848569E-001
  5.650000E+000 -1.456552E+000  8.000000E-001 -1.127493E+000 -7.907658E-001  0.000000E+000  6.121189E-001  0.000000E+000  1.000000E+000  0.000000E+000 -6.121189E-001  0.000000E+000 -7.907658E-001
  5.700000E+000 -1.464694E+000  8.000000E-001 -1.112858E+000 -7.962431E-001  0.000000E+000  6.049769E-001  0.000000E+000  1.000000E+000  0.000000E+000 -6.049769E-001  0.000000E+000 -7.962431E-001
  5.750000E+000 -1.472133E+000  8.000000E-001 -1.099053E+000 -8.013167E-001  0.000000E+000  5.982404E-001  0.000000E+000  1.000000E+000  0.000000E+000 -5.982404E-001  0.000000E+000 -8.013167E-001
  5.800000E+000 -1.478929E+000  8.000000E-001 -1.086051E+000 -8.060141E-001  0.000000E+000  5.918963E-001  0.000000E+000  1.000000E+000  0.000000E+000 -5.918963E-001  0.000000E+000 -8.060141E-001
  5.850000E+000 -1.485137E+000  8.000000E-001 -1.073821E+000 -8.103625E-001  0.000000E+000  5.859288E-001  0.000000E+000  1.000000E+000  0.000000E+000 -5.859288E-001  0.000000E+000 -8.103625E-001
  5.900000E+000 -1.490812E+000  8.000000E-001 -1.062328E+000 -8.143887E-001  0.000000E+000  5.803198E-001  0.000000E+000  1.000000E+000  0.000000E+000 -5.803198E-001  0.000000E+000 -8.143887E-001
  5.950000E+000 -1.496007E+000  8.000000E-001 -1.051531E+000 -8.181190E-001  0.000000E+000  5.750489E-001  0.000000E+000  1.000000E+000  0.000000E+000 -5.750489E-001  0.000000E+000 -8.181190E-001
  6.000000E+000 -1.500773E+000  8.000000E-001 -1.041386E+000 -8.215796E-001  0.000000E+000  5.700938E-001  0.000000E+000  1.000000E+000  0.000000E+000 -5.700938E-001  0.000000E+000 -8.215796E-001
  6.050000E+000 -1.505160E+000  8.000000E-001 -1.031846E+000 -8.247961E-001  0.000000E+000  5.654303E-001  0.000000E+000  1.000000E+000  0.000000E+000 -5.654303E-001  0.000000E+000 -8.247961E-001
  6.100000E+000 -1.509214E+000  8.000000E-001 -1.022861E+000 -8.277939E-001  0.000000E+000  5.610323E-001  0.000000E+000  1.000000E+000  0.000000E+000 -5.610323E-001  0.000000E+000 -8.277939E-001
  6.150000E+000 -1.512982E+000  8.000000E-001 -1.014375E+000 -8.305980E-001  0.000000E+000  5.568725E-001  0.000000E+000  1.000000E+000  0.000000E+000 -5.568725E-001  0.000000E+000 -8.305980E-001
  6.200000E+000 -1.516506E+000  8.000000E-001 -1.006332E+000 -8.332332E-001  0.000000E+000  5.529218E-001  0.000000E+000  1.000000E+000  0.000000E+000 -5.529218E-001  0.000000E+000 -8.332332E-001
  6.250000E+000 -1.519830E+000  8.000000E-001 -9.986732E-001 -8.357237E-001  0.000000E+000  5.491501E-001  0.000000E+000  1.000000E+000  0.000000E+000 -5.491501E-001  0.000000E+000 -8.357237E-001
  6.300000E+000 -1.522994E+000  8.000000E-001 -9.913369E-001 -8.380937E-001  0.000000E+000  5.455263E-001  0.000000E+000  1.000000E+000  0.000000E+000 -5.455263E-001  0.000000E+000 -8.380937E-001
  6.350000E+000 -1.526036E+000  8.000000E-001 -9.842602E-001 -8.403667E-001  0.000000E+000  5.420182E-001  0.000000E+000  1.000000E+000  0.000000E+000 -5.420182E-001  0.000000E+000 -8.403667E-001
  6.400000E+000 -1.528995E+000  8.000000E-001 -9.773787E-001 -8.425661E-001  0.000000E+000  5.385929E-001  0.000000E+000  1.000000E+000  0.000000E+000 -5.385929E-001  0.000000E+000 -8.425661E-001
  6.450000E+000 -1.531907E+000  8.000000E-001 -9.706266E-001 -8.447147E-001  0.000000E+000  5.352169E-001  0.000000E+000  1.000000E+000  0.000000E+000 -5.352169E-001  0.000000E+000 -8.447147E-001
  6.500000E+000 -1.534806E+000  8.000000E-001 -9.639376E-001 -8.468348E-001  0.000000E+000  5.318560E-001  0.000000E+000  1.000000E+000  0.000000E+000 -5.318560E-001  0.000000E+000 -8.468348E-001
  6.550000E+000 -1.537726E+000  8.000000E-001 -9.572446E-001 -8.489484E-001  0.000000E+000  5.284758E-001  0.000000E+000  1.000000E+000  0.000000E+000 -5.284758E-001  0.000000E+000 -8.489484E-001
  6.600000E+000 -1.540700E+000  8.000000E-001 -9.504802E-001 -8.510766E-001  0.000000E+000  5.250416E-001  0.000000E+000  1.000000E+000  0.000000E+000 -5.250416E-001  0.000000E+000 -8.510766E-001
  6.650000E+000 -1.543757E+000  8.000000E-001 -9.435772E-001 -8.532400E-001  0.000000E+000  5.215184E-001  0.000000E+000  1.000000E+000  0.000000E+000 -5.215184E-001  0.000000E+000 -8.532400E-001
  6.700000E+000 -1.546929E+000  8.000000E-001 -9.364682E-001 -8.554586E-001  0.000000E+000  5.178711E-001  0.000000E+000  1.000000E+000  0.000000E+000 -5.178711E-001  0.000000E+000 -8.554586E-001
  6.750000E+000 -1.550243E+000  8.000000E-001 -9.290867E-001 -8.577514E-001  0.000000E+000  5.140648E-001  0.000000E+000  1.000000E+000  0.000000E+000 -5.140648E-001  0.000000E+000 -8.577514E-001
  6.800000E+000 -1.553727E+000  8.000000E-001 -9.213667E-001 -8.601363E-001  0.000000E+000  5.100643E-001  0.000000E+000  1.000000E+000  0.000000E+000 -5.100643E-001  0.000000E+000 -8.601363E-001
  6.850000E+000 -1.557408E+000  8.000000E-001 -9.132429E-001 -8.626303E-001  0.000000E+000  5.058349E-001  0.000000E+000  1.000000E+000  0.000000E+000 -5.058349E-001  0.000000E+000 -8.626303E-001
  6.900000E+000 -1.561308E+000  8.000000E-001 -9.046513E-001 -8.652494E-001  0.000000E+000  5.013417E-001  0.000000E+000  1.000000E+000  0.000000E+000 -5.013417E-001  0.000000E+000 -8.652494E-001
  6.950000E+000 -1.565453E+000  8.000000E-001 -8.955289E-001 -8.680079E-001  0.000000E+000  4.965504E-001  0.000000E+000  1.000000E+000  0.000000E+000 -4.965504E-001  0.000000E+000 -8.680079E-001
  7.000000E+000 -1.569862E+000  8.000000E-001 -8.858143E-001 -8.709189E-001  0.000000E+000  4.914268E-001  0.000000E+000  1.000000E+000  0.000000E+000 -4.914268E-001  0.000000E+000 -8.709189E-001
  7.050000E+000 -1.574557E+000  8.000000E-001 -8.754473E-001 -8.739938E-001  0.000000E+000  4.859370E-001  0.000000E+000  1.000000E+000  0.000000E+000 -4.859370E-001  0.000000E+000 -8.739938E-001
  7.100000E+000 -1.579554E+000  8.000000E-001 -8.643693E-001 -8.772424E-001  0.000000E+000  4.800477E-001  0.000000E+000  1.000000E+000  0.000000E+000 -4.800477E-001  0.000000E+000 -8.772424E-001
  7.150000E+000 -1.584870E+000  8.000000E-001 -8.525235E-001 -8.806724E-001  0.000000E+000  4.737259E-001  0.000000E+000  1.000000E+000  0.000000E+000 -4.737259E-001  0.000000E+000 -8.806724E-001
  7.200000E+000 -1.590517E+000  8.000000E-001 -8.398549E-001 -8.842894E-001  0.000000E+000  4.669392E-001  0.000000E+000  1.000000E+000  0.000000E+000 -4.669392E-001  0.000000E+000 -8.842894E-001
  7.250000E+000 -1.596506E+000  8.000000E-001 -8.263100E-001 -8.880971E-001  0.000000E+000  4.596559E-001  0.000000E+000  1.000000E+000  0.000000E+000 -4.596559E-001  0.000000E+000 -8.880971E-001
  7.300000E+000 -1.602845E+000  8.000000E-001 -8.118375E-001 -8.920965E-001  0.000000E+000  4.518449E-001  0.000000E+000  1.000000E+000  0.000000E+000 -4.518449E-001  0.000000E+000 -8.920965E-001
  7.350000E+000 -1.609538E+000  8.000000E-001 -7.963878E-001 -8.962863E-001  0.000000E+000  4.434759E-001  0.000000E+000  1.000000E+000  0.000000E+000 -4.434759E-001  0.000000E+000 -8.962863E-001
  7.400000E+000 -1.616586E+000  8.000000E-001 -7.799134E-001 -9.006623E-001  0.000000E+000  4.345198E-001  0.000000E+000  1.000000E+000  0.000000E+000 -4.345198E-001  0.000000E+000 -9.006623E-001
  7.450000E+000 -1.623986E+000  8.000000E-001 -7.623690E-001 -9.052177E-001  0.000000E+000  4.249481E-001  0.000000E+000  1.000000E+000  0.000000E+000 -4.249481E-001  0.000000E+000 -9.052177E-001
  7.500000E+000 -1.631732E+000  8.000000E-001 -7.437112E-001 -9.099427E-001  0.000000E+000  4.147340E-001  0.000000E+000  1.000000E+000  0.000000E+000 -4.147340E-001  0.000000E+000 -9.099427E-001
  7.550000E+000 -1.639811E+000  8.000000E-001 -7.238989E-001 -9.148245E-001  0.000000E+000  4.038517E-001  0.000000E+000  1.000000E+000  0.000000E+000 -4.038517E-001  0.000000E+000 -9.148245E-001
  7.600000E+000 -1.648208E+000  8.000000E-001 -7.028933E-001 -9.198471E-001  0.000000E+000  3.922771E-001  0.000000E+000  1.000000E+000  0.000000E+000 -3.922771E-001  0.000000E+000 -9.198471E-001
  7.650000E+000 -1.656902E+000  8.000000E-001 -6.806580E-001 -9.249914E-001  0.000000E+000  3.799880E-001  0.000000E+000  1.000000E+000  0.000000E+000 -3.799880E-001  0.000000E+000 -9.249914E-001
  7.700000E+000 -1.665866E+000  8.000000E-001 -6.571594E-001 -9.302351E-001  0.000000E+000  3.669640E-001  0.000000E+000  1.000000E+000  0.000000E+000 -3.669640E-001  0.000000E+000 -9.302351E-001
  7.750000E+000 -1.675068E+000  8.000000E-001 -6.323664E-001 -9.355528E-001  0.000000E+000  3.531869E-001  0.000000E+000  1.000000E+000  0.000000E+000 -3.531869E-001  0.000000E+000 -9.355528E-001
  7.800000E+000 -1.684472E+000  8.000000E-001 -6.062508E-001 -9.409157E-001  0.000000E+000  3.386409E-001  0.000000E+000  1.000000E+000  0.000000E+000 -3.386409E-001  0.000000E+000 -9.409157E-001
  7.850000E+000 -1.694032E+000  8.000000E-001 -5.787877E-001 -9.462922E-001  0.000000E+000  3.233128E-001  0.000000E+000  1.000000E+000  0.000000E+000 -3.233128E-001  0.000000E+000 -9.462922E-001
  7.900000E+000 -1.703701E+000  8.000000E-001 -5.499556E-001 -9.516475E-001  0.000000E+000  3.071923E-001  0.000000E+000  1.000000E+000  0.000000E+000 -3.071923E-001  0.000000E+000 -9.516475E-001
  7.950000E+000 -1.713422E+000  8.000000E-001 -5.197366E-001 -9.569441E-001  0.000000E+000  2.902723E-001  0.000000E+000  1.000000E+000  0.000000E+000 -2.902723E-001  0.000000E+000 -9.569441E-001
  8.000000E+000 -1.723133E+000  8.000000E-001 -4.881167E-001 -9.621420E-001  0.000000E+000  2.725487E-001  0.000000E+000  1.000000E+000  0.000000E+000 -2.725487E-001  0.000000E+000 -9.621420E-001
  8.050000E+000 -1.732766E+000  8.000000E-001 -4.550863E-001 -9.671987E-001  0.000000E+000  2.540210E-001  0.000000E+000  1.000000E+000  0.000000E+000 -2.540210E-001  0.000000E+000 -9.671987E-001
  8.100000E+000 -1.742247E+000  8.000000E-001 -4.206405E-001 -9.720697E-001  0.000000E+000  2.346922E-001  0.000000E+000  1.000000E+000  0.000000E+000 -2.346922E-001  0.000000E+000 -9.720697E-001
  8.150000E+000 -1.751497E+000  8.000000E-001 -3.847792E-001 -9.767088E-001  0.000000E+000  2.145692E-001  0.000000E+000  1.000000E+000  0.000000E+000 -2.145692E-001  0.000000E+000 -9.767088E-001
  8.200000E+000 -1.760429E+000  8.000000E-001 -3.475080E-001 -9.810682E-001  0.000000E+000  1.936625E-001  0.000000E+000  1.000000E+000  0.000000E+000 -1.936625E-001  0.000000E+000 -9.810682E-001
  8.250000E+000 -1.768952E+000  8.000000E-001 -3.088380E-001 -9.850993E-001  0.000000E+000  1.719866E-001  0.000000E+000  1.000000E+000  0.000000E+000 -1.719866E-001  0.000000E+000 -9.850993E-001
  8.300000E+000 -1.776970E+000  8.000000E-001 -2.687865E-001 -9.887527E-001  0.000000E+000  1.495598E-001  0.000000E+000  1.000000E+000  0.000000E+000 -1.495598E-001  0.000000E+000 -9.887527E-001
  8.350000E+000 -1.784383E+000  8.000000E-001 -2.273774E-001 -9.919788E-001  0.000000E+000  1.264042E-001  0.000000E+000  1.000000E+000  0.000000E+000 -1.264042E-001  0.000000E+000 -9.919788E-001
  8.400000E+000 -1.791087E+000  8.000000E-001 -1.846416E-001 -9.947283E-001  0.000000E+000  1.025457E-001  0.000000E+000  1.000000E+000  0.000000E+000 -1.025457E-001  0.000000E+000 -9.947283E-001
  8.450000E+000 -1.796974E+000  8.000000E-001 -1.406169E-001 -9.969523E-001  0.000000E+000  7.801354E-002  0.000000E+000  1.000000E+000  0.000000E+000 -7.801354E-002  0.000000E+000 -9.969523E-001
  8.500000E+000 -1.801936E+000  8.000000E-001 -9.534887E-002 -9.986030E-001  0.000000E+000  5.284076E-002  0.000000E+000  1.000000E+000  0.000000E+000 -5.284076E-002  0.000000E+000 -9.986030E-001
  8.550000E+000 -1.805861E+000  8.000000E-001 -4.889065E-002 -9.996337E-001  0.000000E+000  2.706341E-002  0.000000E+000  1.000000E+000  0.000000E+000 -2.706341E-002  0.000000E+000 -9.996337E-001
  8.600000E+000 -1.808638E+000  8.000000E-001 -1.303265E-003 -9.999997E-001  0.000000E+000  7.205778E-004  0.000000E+000  1.000000E+000  0.000000E+000 -7.205778E-004  0.000000E+000 -9.999997E-001
  8.650000E+000 -1.810157E+000  8.000000E-001  4.734435E-002 -9.996581E-001  0.000000E+000 -2.614588E-002  0.000000E+000  1.000000E+000  0.000000E+000  2.614588E-002  0.000000E+000 -9.996581E-001
  8.700000E+000 -1.810311E+000  8.000000E-001  9.697536E-002 -9.985683E-001  0.000000E+000 -5.349164E-002  0.000000E+000  1.000000E+000  0.000000E+000  5.349164E-002  0.000000E+000 -9.985683E-001
  8.750000E+000 -1.808995E+000  8.000000E-001  1.475052E-001 -9.966921E-001  0.000000E+000 -8.127013E-002  0.000000E+000  1.000000E+000  0.000000E+000  8.127013E-002  0.000000E+000 -9.966921E-001
  8.800000E+000 -1.806108E+000  8.000000E-001  1.988418E-001 -9.939942E-001  0.000000E+000 -1.094328E-001  0.000000E+000  1.000000E+000  0.000000E+000  1.094328E-001  0.000000E+000 -9.939942E-001
  8.850000E+000 -1.801558E+000  8.000000E-001  2.508859E-001 -9.904420E-001  0.000000E+000 -1.379295E-001  0.000000E+000  1.000000E+000  0.000000E+000  1.379295E-001  0.000000E+000 -9.904420E-001
  8.900000E+000 -1.795257E+000  8.000000E-001  3.035320E-001 -9.860062E-001  0.000000E+000 -1.667084E-001  0.000000E+000  1.000000E+000  0.000000E+000  1.667084E-001  0.000000E+000 -9.860062E-001
  8.950000E+000 -1.787127E+000  8.000000E-001  3.566681E-001 -9.806605E-001  0.000000E+000 -1.957166E-001  0.000000E+000  1.000000E+000  0.000000E+000  1.957166E-001  0.000000E+000 -9.806605E-001
  9.000000E+000 -1.777100E+000  8.000000E-001  4.101777E-001 -9.743819E-001  0.000000E+000 -2.248999E-001  0.000000E+000  1.000000E+000  0.000000E+000  2.248999E-001  0.000000E+000 -9.743819E-001
  9.050000E+000 -1.765119E+000  8.000000E-001  4.639394E-001 -9.671508E-001  0.000000E+000 -2.542035E-001  0.000000E+000  1.000000E+000  0.000000E+000  2.542035E-001  0.000000E+000 -9.671508E-001
  9.100000E+000 -1.751137E+000  8.000000E-001  5.178288E-001 -9.589511E-001  0.000000E+000 -2.835715E-001  0.000000E+000  1.000000E+000  0.000000E+000  2.835715E-001  0.000000E+000 -9.589511E-001
  9.150000E+000 -1.735122E+000  8.000000E-001  5.717192E-001 -9.497704E-001  0.000000E+000 -3.129475E-001  0.000000E+000  1.000000E+000  0.000000E+000  3.129475E-001  0.000000E+000 -9.497704E-001
  9.200000E+000 -1.717052E+000  8.000000E-001  6.254826E-001 -9.396000E-001  0.000000E+000 -3.422746E-001  0.000000E+000  1.000000E+000  0.000000E+000  3.422746E-001  0.000000E+000 -9.396000E-001
  9.250000E+000 -1.696920E+000  8.000000E-001  6.789906E-001 -9.284347E-001  0.000000E+000 -3.714956E-001  0.000000E+000  1.000000E+000  0.000000E+000  3.714956E-001  0.000000E+000 -9.284347E-001
  9.300000E+000 -1.674731E+000  8.000000E-001  7.321158E-001 -9.162736E-001  0.000000E+000 -4.005529E-001  0.000000E+000  1.000000E+000  0.000000E+000  4.005529E-001  0.000000E+000 -9.162736E-001
  9.350000E+000 -1.650503E+000  8.000000E-001  7.847327E-001 -9.031197E-001  0.000000E+000 -4.293889E-001  0.000000E+000  1.000000E+000  0.000000E+000  4.293889E-001  0.000000E+000 -9.031197E-001
  9.400000E+000 -1.624266E+000  8.000000E-001  8.367183E-001 -8.889801E-001  0.000000E+000 -4.579459E-001  0.000000E+000  1.000000E+000  0.000000E+000  4.579459E-001  0.000000E+000 -8.889801E-001
  9.450000E+000 -1.596062E+000  8.000000E-001  8.879532E-001 -8.738661E-001  0.000000E+000 -4.861667E-001  0.000000E+000  1.000000E+000  0.000000E+000  4.861667E-001  0.000000E+000 -8.738661E-001
  9.500000E+000 -1.565944E+000  8.000000E-001  9.383221E-001 -8.577935E-001  0.000000E+000 -5.139944E-001  0.000000E+000  1.000000E+000  0.000000E+000  5.139944E-001  0.000000E+000 -8.577935E-001
  9.550000E+000 -1.533976E+000  8.000000E-001  9.877147E-001 -8.407825E-001  0.000000E+000 -5.413731E-001  0.000000E+000  1.000000E+000  0.000000E+000  5.413731E-001  0.000000E+000 -8.407825E-001
  9.600000E+000 -1.500229E+000  8.000000E-001  1.036026E+000 -8.228575E-001  0.000000E+000 -5.682478E-001  0.000000E+000  1.000000E+000  0.000000E+000  5.682478E-001  0.000000E+000 -8.228575E-001
  9.650000E+000 -1.464783E+000  8.000000E-001  1.083156E+000 -8.040475E-001  0.000000E+000 -5.945650E-001  0.000000E+000  1.000000E+000  0.000000E+000  5.945650E-001  0.000000E+000 -8.040475E-001
  9.700000E+000 -1.427728E+000  8.000000E-001  1.129012E+000 -7.843860E-001  0.000000E+000 -6.202730E-001  0.000000E+000  1.000000E+000  0.000000E+000  6.202730E-001  0.000000E+000 -7.843860E-001
  9.750000E+000 -1.389157E+000  8.000000E-001  1.173506E+000 -7.639104E-001  0.000000E+000 -6.453223E-001  0.000000E+000  1.000000E+000  0.000000E+000  6.453223E-001  0.000000E+000 -7.639104E-001
  9.800000E+000 -1.349169E+000  8.000000E-001  1.216559E+000 -7.426624E-001  0.000000E+000 -6.696660E-001  0.000000E+000  1.000000E+000  0.000000E+000  6.696660E-001  0.000000E+000 -7.426624E-001
  9.850000E+000 -1.307869E+000  8.000000E-001  1.258095E+000 -7.206876E-001  0.000000E+000 -6.932600E-001  0.000000E+000  1.000000E+000  0.000000E+000  6.932600E-001  0.000000E+000 -7.206876E-001
  9.900000E+000 -1.265365E+000  8.000000E-001  1.298047E+000 -6.980350E-001  0.000000E+000 -7.160637E-001  0.000000E+000  1.000000E+000  0.000000E+000  7.160637E-001  0.000000E+000 -6.980350E-001
  9.950000E+000 -1.221769E+000  8.000000E-001  1.336355E+000 -6.747569E-001  0.000000E+000 -7.380400E-001  0.000000E+000  1.000000E+000  0.000000E+000  7.380400E-001  0.000000E+000 -6.747569E-001
