% FILE: robot_arm.6
%
%       t         P_No_Eo[1]     P_No_Eo[2]     P_No_Eo[3]      N_E[1,1]       N_E[1,2]       N_E[1,3]       N_E[2,1]       N_E[2,2]       N_E[2,3]       N_E[3,1]       N_E[3,2]       N_E[3,3]
%   (second)        (meter)        (meter)        (meter)       (NoUnits)      (NoUnits)      (NoUnits)      (NoUnits)      (NoUnits)      (NoUnits)      (NoUnits)      (NoUnits)      (NoUnits)

  0.000000E+000  1.949494E+000  4.000000E-001  0.000000E+000  1.000000E+000  0.000000E+000  0.000000E+000  0.000000E+000  1.000000E+000  0.000000E+000  0.000000E+000  0.000000E+000  1.000000E+000
  5.000000E-002  1.949433E+000  4.000000E-001 -1.011315E-004  1.000000E+000 -1.524607E-004 -1.906075E-008  1.524607E-004  1.000000E+000  2.528288E-004 -1.948572E-008 -2.528288E-004  1.000000E+000
  1.000000E-001  1.949232E+000  4.000000E-001 -4.614495E-004  9.999998E-001 -6.540905E-004 -3.683892E-007  6.540905E-004  9.999991E-001  1.153624E-003 -3.861852E-007 -1.153624E-003  9.999993E-001
  1.500000E-001  1.948876E+000  4.000000E-001 -1.165587E-003  9.999988E-001 -1.543992E-003 -2.164850E-006  1.543992E-003  9.999946E-001  2.913963E-003 -2.334299E-006 -2.913963E-003  9.999958E-001
  2.000000E-001  1.948363E+000  4.000000E-001 -2.297039E-003  9.999960E-001 -2.827914E-003 -7.687914E-006  2.827912E-003  9.999795E-001  5.742560E-003 -8.551712E-006 -5.742559E-003  9.999835E-001
  2.500000E-001  1.947700E+000  4.000000E-001 -3.937999E-003  9.999899E-001 -4.483956E-003 -2.052613E-005  4.483941E-003  9.999415E-001  9.844809E-003 -2.361876E-005 -9.844802E-003  9.999515E-001
  3.000000E-001  1.946906E+000  4.000000E-001 -6.169205E-003  9.999791E-001 -6.469747E-003 -4.549661E-005  6.469679E-003  9.998601E-001  1.542231E-002 -5.428818E-005 -1.542228E-002  9.998811E-001
  3.500000E-001  1.946002E+000  4.000000E-001 -9.069792E-003  9.999619E-001 -8.730109E-003 -8.837391E-005  8.729868E-003  9.997048E-001  2.267230E-002 -1.095838E-004 -2.267220E-002  9.997429E-001
  4.000000E-001  1.945011E+000  4.000000E-001 -1.271714E-002  9.999372E-001 -1.120439E-002 -1.555116E-004  1.120367E-002  9.994319E-001  3.178696E-002 -2.007303E-004 -3.178671E-002  9.994947E-001
  4.500000E-001  1.943959E+000  4.000000E-001 -1.718673E-002  9.999043E-001 -1.383294E-002 -2.534650E-004  1.383106E-002  9.989814E-001  4.295254E-002 -3.409530E-004 -4.295193E-002  9.990771E-001
  5.000000E-001  1.942866E+000  4.000000E-001 -2.255195E-002  9.998628E-001 -1.656244E-002 -3.887292E-004  1.655803E-002  9.982739E-001  5.634806E-002 -5.452031E-004 -5.634677E-002  9.984111E-001
  5.500000E-001  1.941748E+000  4.000000E-001 -2.888393E-002  9.998126E-001 -1.935003E-002 -5.677000E-004  1.934056E-002  9.972067E-001  7.214383E-002 -8.298712E-004 -7.214129E-002  9.973941E-001
  6.000000E-001  1.940618E+000  4.000000E-001 -3.625138E-002  9.997540E-001 -2.216628E-002 -7.969468E-004  2.214744E-002  9.956502E-001  9.049925E-002 -1.212552E-003 -9.049464E-002  9.958962E-001
  6.500000E-001  1.939479E+000  4.000000E-001 -4.472031E-002  9.996869E-001 -2.499712E-002 -1.083872E-003  2.496197E-002  9.934441E-001  1.115602E-001 -1.711917E-003 -1.115523E-001  9.937571E-001
  7.000000E-001  1.938331E+000  4.000000E-001 -5.435387E-002  9.996112E-001 -2.784488E-002 -1.437803E-003  2.778296E-002  9.903938E-001  1.354555E-001 -2.347750E-003 -1.354427E-001  9.907824E-001
  7.500000E-001  1.937164E+000  4.000000E-001 -6.521210E-002  9.995260E-001 -3.072858E-002 -1.871556E-003  3.062485E-002  9.862673E-001  1.622928E-001 -3.141174E-003 -1.622732E-001  9.867409E-001
  8.000000E-001  1.935963E+000  4.000000E-001 -7.735165E-002  9.994297E-001 -3.368350E-002 -2.403460E-003  3.351747E-002  9.807923E-001  1.921535E-001 -4.115108E-003 -1.921245E-001  9.813619E-001
  8.500000E-001  1.934703E+000  4.000000E-001 -9.082557E-002  9.993194E-001 -3.676007E-002 -3.059854E-003  3.650519E-002  9.736546E-001  2.250867E-001 -5.294962E-003 -2.250452E-001  9.743339E-001
  9.000000E-001  1.933357E+000  4.000000E-001 -1.056830E-001  9.991913E-001 -4.002219E-002 -3.877975E-003  3.964588E-002  9.644968E-001  2.611017E-001 -6.709568E-003 -2.610443E-001  9.653035E-001
  9.500000E-001  1.931888E+000  4.000000E-001 -1.219689E-001  9.990394E-001 -4.354478E-002 -4.909211E-003  4.300949E-002  9.529186E-001  3.001606E-001 -8.392348E-003 -3.000834E-001  9.538760E-001
  1.000000E+000  1.930253E+000  4.000000E-001 -1.397240E-001  9.988561E-001 -4.741060E-002 -6.222568E-003  4.667639E-002  9.384785E-001  3.421686E-001 -1.038267E-002 -3.420676E-001  9.396180E-001
  1.050000E+000  1.928404E+000  4.000000E-001 -1.589839E-001  9.986310E-001 -5.170625E-002 -7.908243E-003  5.073550E-002  9.206978E-001  3.869644E-001 -1.272738E-002 -3.868359E-001  9.220607E-001
  1.100000E+000  1.926290E+000  4.000000E-001 -1.797796E-001  9.983507E-001 -5.651720E-002 -1.008109E-002  5.528216E-002  8.990655E-001  4.343098E-001 -1.548241E-002 -4.341509E-001  9.007071E-001
  1.150000E+000  1.923850E+000  4.000000E-001 -2.021367E-001  9.979978E-001 -6.192175E-002 -1.288378E-002  6.041576E-002  8.730472E-001  4.838785E-001 -1.871446E-002 -4.836881E-001  8.750403E-001
  1.200000E+000  1.921023E+000  4.000000E-001 -2.260752E-001  9.975501E-001 -6.798398E-002 -1.648928E-002  6.623710E-002  8.420957E-001  5.352453E-001 -2.250255E-002 -5.350262E-001  8.445357E-001
  1.250000E+000  1.917740E+000  4.000000E-001 -2.516092E-001  9.969793E-001 -7.474542E-002 -2.110248E-002  7.284543E-002  8.056648E-001  5.878757E-001 -2.693948E-002 -5.876371E-001  8.086760E-001
  1.300000E+000  1.913931E+000  4.000000E-001 -2.787468E-001  9.962498E-001 -8.221561E-002 -2.696033E-002  8.033517E-002  7.632270E-001  6.411168E-001 -3.213295E-002 -6.408784E-001  7.669696E-001
  1.350000E+000  1.909520E+000  4.000000E-001 -3.074897E-001  9.953171E-001 -9.036166E-002 -3.433026E-002  8.879234E-002  7.142941E-001  6.941900E-001 -3.820626E-002 -6.939875E-001  7.189726E-001
  1.400000E+000  1.904429E+000  4.000000E-001 -3.378327E-001  9.941263E-001 -9.909687E-002 -4.350626E-002  9.829057E-002  6.584410E-001  7.461865E-001 -4.529844E-002 -7.460799E-001  6.643138E-001
  1.450000E+000  1.898575E+000  4.000000E-001 -3.697635E-001  9.926100E-001 -1.082689E-001 -5.480216E-002  1.088869E-001  5.953332E-001  7.960666E-001 -5.356367E-002 -7.961509E-001  6.027227E-001
  1.500000E+000  1.891875E+000  4.000000E-001 -4.032628E-001  9.906872E-001 -1.176477E-001 -6.854158E-002  1.206172E-001  5.247566E-001  8.426637E-001 -6.316978E-002 -8.430834E-001  5.340599E-001
  1.550000E+000  1.884240E+000  4.000000E-001 -4.383035E-001  9.882612E-001 -1.269146E-001 -8.504408E-002  1.334914E-001  4.466498E-001  8.846943E-001 -7.429570E-002 -8.856617E-001  4.583487E-001
  1.600000E+000  1.875580E+000  4.000000E-001 -4.748503E-001  9.852186E-001 -1.356525E-001 -1.046073E-001  1.474891E-001  3.611373E-001  9.207751E-001 -8.712783E-002 -9.225932E-001  3.758065E-001
  1.650000E+000  1.865804E+000  4.000000E-001 -5.128601E-001  9.814284E-001 -1.433388E-001 -1.274847E-001  1.625543E-001  2.685621E-001  9.494475E-001 -1.018551E-001 -9.525379E-001  2.868748E-001
  1.700000E+000  1.854819E+000  4.000000E-001 -5.522810E-001  9.767416E-001 -1.493425E-001 -1.538591E-001  1.785917E-001  1.695170E-001  9.692105E-001 -1.186626E-001 -9.741462E-001  1.922457E-001
  1.750000E+000  1.842529E+000  4.000000E-001 -5.930526E-001  9.709925E-001 -1.529267E-001 -1.838126E-001  1.954627E-001  6.487150E-002  9.785632E-001 -1.377243E-001 -9.861060E-001  9.288121E-002
  1.800000E+000  1.828840E+000  4.000000E-001 -6.351053E-001  9.639997E-001 -1.532581E-001 -2.172936E-001  2.129829E-001 -4.420729E-002  9.760553E-001 -1.591944E-001 -9.871969E-001 -9.974458E-003
  1.850000E+000  1.813657E+000  4.000000E-001 -6.783607E-001  9.555703E-001 -1.494247E-001 -2.540822E-001  2.309201E-001 -1.562419E-001  9.603460E-001 -1.831976E-001 -9.763507E-001 -1.147950E-001
  1.900000E+000  1.796887E+000  4.000000E-001 -7.227311E-001  9.455037E-001 -1.404632E-001 -2.937564E-001  2.489951E-001 -2.694434E-001  9.302697E-001 -2.098194E-001 -9.527174E-001 -2.197851E-001
  1.950000E+000  1.778438E+000  4.000000E-001 -7.681197E-001  9.335988E-001 -1.253979E-001 -3.356614E-001  2.668833E-001 -3.817229E-001  8.849073E-001 -2.390952E-001 -9.157308E-001 -3.229094E-001
  2.000000E+000  1.758220E+000  4.000000E-001 -8.144208E-001  9.196618E-001 -1.032895E-001 -3.788844E-001  2.842190E-001 -4.907194E-001  8.236589E-001 -2.710013E-001 -8.651738E-001 -4.219391E-001
  2.050000E+000  1.736150E+000  4.000000E-001 -8.615197E-001  9.035160E-001 -7.329470E-002 -4.222401E-001  3.006023E-001 -5.938440E-001  7.463160E-001 -3.054458E-001 -8.012348E-001 -5.145150E-001
  2.100000E+000  1.712147E+000  4.000000E-001 -9.092935E-001  8.850130E-001 -3.473487E-002 -4.642687E-001  3.156085E-001 -6.883418E-001  6.531285E-001 -3.422619E-001 -7.245544E-001 -5.982288E-001
  2.150000E+000  1.686137E+000  4.000000E-001 -9.576109E-001  8.640451E-001  1.282921E-002 -5.032509E-001  3.288003E-001 -7.713728E-001  5.448618E-001 -3.812039E-001 -6.362542E-001 -6.707191E-001
  2.200000E+000  1.658053E+000  4.000000E-001 -1.006334E+000  8.405574E-001  6.952047E-002 -5.372431E-001  3.397420E-001 -8.401081E-001  4.228401E-001 -4.219463E-001 -5.379454E-001 -7.297781E-001
  2.250000E+000  1.627839E+000  4.000000E-001 -1.055317E+000  8.145603E-001  1.350714E-001 -5.641341E-001  3.480164E-001 -8.918411E-001  2.889705E-001 -4.640864E-001 -4.317118E-001 -7.734654E-001
  2.300000E+000  1.595444E+000  4.000000E-001 -1.104409E+000  7.861398E-001  2.087589E-001 -5.817249E-001  3.532433E-001 -9.241093E-001  1.457433E-001 -5.071522E-001 -3.200650E-001 -8.002218E-001
  2.350000E+000  1.560831E+000  4.000000E-001 -1.153454E+000  7.554663E-001  2.893550E-001 -5.878302E-001  3.550984E-001 -9.348212E-001 -3.794231E-003 -5.506141E-001 -2.058711E-001 -8.089754E-001
  2.400000E+000  1.523972E+000  4.000000E-001 -1.202293E+000  7.227987E-001  3.750994E-001 -5.803986E-001  3.533331E-001 -9.223830E-001 -1.560938E-001 -5.939005E-001 -9.224962E-002 -7.992323E-001
  2.450000E+000  1.484853E+000  4.000000E-001 -1.250762E+000  6.884854E-001  4.637014E-001 -5.576459E-001  3.477928E-001 -8.858177E-001 -3.071926E-001 -6.364182E-001  1.755239E-002 -7.711445E-001
  2.500000E+000  1.443469E+000  4.000000E-001 -1.298697E+000  6.529588E-001  5.523750E-001 -5.181956E-001  3.384328E-001 -8.248689E-001 -4.528295E-001 -6.775751E-001  1.203046E-001 -7.255472E-001
  2.550000E+000  1.399831E+000  4.000000E-001 -1.345932E+000  6.167252E-001  6.379108E-001 -4.612157E-001  3.253320E-001 -7.400827E-001 -5.885887E-001 -7.168048E-001  2.129493E-001 -6.639604E-001
  2.600000E+000  1.353962E+000  4.000000E-001 -1.392303E+000  5.803474E-001  7.167857E-001 -3.865424E-001  3.087008E-001 -6.328589E-001 -7.100658E-001 -7.535918E-001  2.927589E-001 -5.885504E-001
  2.650000E+000  1.305898E+000  4.000000E-001 -1.437647E+000  5.444234E-001  7.853072E-001 -2.947809E-001  2.888848E-001 -5.054671E-001 -8.130489E-001 -7.874952E-001  3.574851E-001 -5.020515E-001
  2.700000E+000  1.255687E+000  4.000000E-001 -1.481802E+000  5.095585E-001  8.397870E-001 -1.873708E-001  2.663618E-001 -3.610222E-001 -8.937082E-001 -8.181696E-001  4.054882E-001 -4.076491E-001
  2.750000E+000  1.203391E+000  4.000000E-001 -1.524611E+000  4.763356E-001  8.767369E-001 -6.660930E-002  2.417318E-001 -2.034170E-001 -9.487820E-001 -8.453816E-001  4.358371E-001 -3.088300E-001
  2.800000E+000  1.149084E+000  4.000000E-001 -1.565922E+000  4.452824E-001  8.930730E-001  6.437569E-002  2.157016E-001 -3.721261E-002 -9.757500E-001 -8.690203E-001  4.483703E-001 -2.092074E-001
  2.850000E+000  1.092852E+000  4.000000E-001 -1.605589E+000  4.168398E-001  8.863180E-001  2.017053E-001  1.890615E-001  1.325118E-001 -9.729832E-001 -8.891009E-001  4.437128E-001 -1.123324E-001
  2.900000E+000  1.034792E+000  4.000000E-001 -1.643470E+000  3.913320E-001  8.547855E-001  3.408827E-001  1.626572E-001  3.003432E-001 -9.398599E-001 -9.057604E-001  4.232443E-001 -2.150313E-002
  2.950000E+000  9.750146E-001  4.000000E-001 -1.679435E+000  3.689422E-001  7.977329E-001  4.769737E-001  1.373576E-001  4.607457E-001 -8.768388E-001 -9.192467E-001  3.890187E-001  6.041386E-002
  3.000000E+000  9.136374E-001  4.000000E-001 -1.713359E+000  3.496940E-001  7.154697E-001  6.048282E-001  1.140190E-001  6.082877E-001 -7.854844E-001 -9.298999E-001  3.436411E-001  1.311375E-001
  3.050000E+000  8.507894E-001  4.000000E-001 -1.745129E+000  3.334426E-001  6.094110E-001  7.193290E-001  9.344905E-002  7.378728E-001 -6.684392E-001 -9.381276E-001  2.901067E-001  1.890894E-001
  3.100000E+000  7.866081E-001  4.000000E-001 -1.774642E+000  3.198741E-001  4.820691E-001  8.156531E-001  7.637134E-002  8.449637E-001 -5.293428E-001 -9.443770E-001  2.316155E-001  2.334657E-001
  3.150000E+000  7.212389E-001  4.000000E-001 -1.801805E+000  3.085161E-001  3.369803E-001  8.895291E-001  6.339300E-002  9.257835E-001 -3.727012E-001 -9.491044E-001  1.713742E-001  2.642569E-001
  3.200000E+000  6.548342E-001  4.000000E-001 -1.826539E+000  2.987580E-001  1.785694E-001  9.374735E-001  5.497745E-002  9.774861E-001 -2.037115E-001 -9.527440E-001  1.124003E-001  2.822145E-001
  3.250000E+000  5.875523E-001  4.000000E-001 -1.848777E+000  2.898794E-001  1.195826E-002  9.569885E-001  5.142349E-002  9.982829E-001 -2.805085E-002 -9.556807E-001  5.734305E-002  2.887668E-001
  3.300000E+000  5.195561E-001  4.000000E-001 -1.868467E+000  2.810869E-001 -1.572706E-001  9.467080E-001  5.285225E-002  9.875204E-001  1.483582E-001 -9.582258E-001  8.334113E-003  2.858912E-001
  3.350000E+000  4.510123E-001  4.000000E-001 -1.885567E+000  2.715545E-001 -3.233394E-001  9.064821E-001  5.920263E-002  9.457032E-001  3.195942E-001 -9.606004E-001 -3.312112E-002  2.759525E-001
  3.400000E+000  3.820898E-001  4.000000E-001 -1.900054E+000  2.604671E-001 -4.805540E-001  8.373916E-001  7.023541E-002  8.744626E-001  4.799815E-001 -9.629246E-001 -6.620484E-002  2.615206E-001
  3.450000E+000  3.129587E-001  4.000000E-001 -1.911914E+000  2.470630E-001 -6.235768E-001  7.416952E-001  8.554579E-002  7.764714E-001  6.243189E-001 -9.652159E-001 -9.079723E-002  2.451817E-001
  3.500000E+000  2.437888E-001  4.000000E-001 -1.921152E+000  2.306734E-001 -7.476778E-001  6.227100E-001  1.045835E-001  6.553130E-001  7.480823E-001 -9.673945E-001 -1.074375E-001  2.293580E-001
  3.550000E+000  1.747488E-001  4.000000E-001 -1.927784E+000  2.107551E-001 -8.489460E-001  4.846369E-001  1.266792E-001  5.153109E-001  8.475889E-001 -9.692960E-001 -1.172403E-001  2.161482E-001
  3.600000E+000  1.060047E-001  4.000000E-001 -1.931841E+000  1.869168E-001 -9.244517E-001  3.323420E-001  1.510752E-001  3.613302E-001  9.201178E-001 -9.706896E-001 -1.217768E-001  2.072004E-001
  3.650000E+000  3.771867E-002  4.000000E-001 -1.933365E+000  1.589347E-001 -9.723483E-001  1.711099E-001  1.769597E-001  1.985622E-001  9.639805E-001 -9.713007E-001 -1.229304E-001  2.036249E-001
  3.700000E+000 -2.995183E-002  4.000000E-001 -1.932412E+000  1.267595E-001 -9.919129E-001  6.384731E-003  2.035010E-001  3.230466E-002  9.785416E-001 -9.708344E-001 -1.227401E-001  2.059502E-001
  3.750000E+000 -9.685517E-002  4.000000E-001 -1.929052E+000  9.051291E-002 -9.835245E-001 -1.564829E-001  2.298815E-001 -1.322510E-001  9.641909E-001 -9.690005E-001 -1.232442E-001  2.141237E-001
  3.800000E+000 -1.628465E-001  4.000000E-001 -1.923362E+000  5.047570E-002 -9.485856E-001 -3.124700E-001  2.553286E-001 -2.902151E-001  9.222703E-001 -9.655359E-001 -1.263348E-001  2.275522E-001
  3.850000E+000 -2.277884E-001  4.000000E-001 -1.915432E+000  7.067847E-003 -8.893963E-001 -4.570824E-001  2.791418E-001 -4.371686E-001  8.549640E-001 -9.602239E-001 -1.336336E-001  2.451778E-001
  3.900000E+000 -2.915520E-001  4.000000E-001 -1.905361E+000 -3.917705E-002 -8.089911E-001 -5.865139E-001  3.007146E-001 -5.692990E-001  7.651597E-001 -9.529092E-001 -1.463966E-001  2.655789E-001
  3.950000E+000 -3.540170E-001  4.000000E-001 -1.893254E+000 -8.764119E-002 -7.109528E-001 -6.977573E-001  3.195503E-001 -6.835000E-001  6.562891E-001 -9.435076E-001 -1.654506E-001  2.870879E-001
  4.000000E+000 -4.150729E-001  4.000000E-001 -1.879228E+000 -1.376538E-001 -5.992138E-001 -7.886661E-001  3.352723E-001 -7.774311E-001  5.321592E-001 -9.320107E-001 -1.911642E-001  3.079162E-001
  4.050000E+000 -4.746187E-001  4.000000E-001 -1.863401E+000 -1.885225E-001 -4.778608E-001 -8.579676E-001  3.476280E-001 -8.495403E-001  3.967822E-001 -9.184847E-001 -2.234511E-001  3.262752E-001
  4.100000E+000 -5.325637E-001  4.000000E-001 -1.845900E+000 -2.395620E-001 -3.509503E-001 -9.052314E-001  3.564867E-001 -8.990511E-001  2.542130E-001 -9.030655E-001 -2.618032E-001  3.404876E-001
  4.150000E+000 -5.888276E-001  4.000000E-001 -1.826855E+000 -2.901203E-001 -2.223469E-001 -9.308018E-001  3.618338E-001 -9.259188E-001  1.084009E-001 -8.859495E-001 -3.053462E-001  3.490804E-001
  4.200000E+000 -6.433405E-001  4.000000E-001 -1.806399E+000 -3.396003E-001 -9.558804E-002 -9.357000E-001  3.637593E-001 -9.307603E-001 -3.693835E-002 -8.673816E-001 -3.529139E-001  3.508575E-001
  4.250000E+000 -6.960428E-001  4.000000E-001 -1.784668E+000 -3.874759E-001  2.621803E-002 -9.215069E-001  3.624448E-001 -9.147663E-001 -1.784273E-001 -8.476415E-001 -4.031317E-001  3.449473E-001
  4.300000E+000 -7.468856E-001  4.000000E-001 -1.761799E+000 -4.333037E-001  1.404628E-001 -8.902349E-001  3.581471E-001 -8.795997E-001 -3.131056E-001 -8.270300E-001 -4.545048E-001  3.308274E-001
  4.350000E+000 -7.958297E-001  4.000000E-001 -1.737929E+000 -4.767288E-001  2.450750E-001 -8.441966E-001  3.511815E-001 -8.272873E-001 -4.384829E-001 -8.058543E-001 -5.055036E-001  3.083259E-001
  4.400000E+000 -8.428465E-001  4.000000E-001 -1.713195E+000 -5.174867E-001  3.385289E-001 -7.858789E-001  3.419048E-001 -7.601120E-001 -5.525674E-001 -7.844161E-001 -5.546421E-001  2.776032E-001
  4.450000E+000 -8.879165E-001  4.000000E-001 -1.687732E+000 -5.554003E-001  4.198273E-001 -7.178269E-001  3.306988E-001 -6.805080E-001 -6.538709E-001 -7.629998E-001 -6.005446E-001  2.391180E-001
  4.500000E+000 -9.310298E-001  4.000000E-001 -1.661672E+000 -5.903746E-001  4.884637E-001 -6.425426E-001  3.179549E-001 -5.909647E-001 -7.413942E-001 -7.418642E-001 -6.419999E-001  1.935811E-001
  4.550000E+000 -9.721852E-001  4.000000E-001 -1.635146E+000 -6.223876E-001  5.443694E-001 -5.624017E-001  3.040608E-001 -4.939422E-001 -8.145969E-001 -7.212355E-001 -6.779994E-001  1.419021E-001
  4.600000E+000 -1.011390E+000  4.000000E-001 -1.608279E+000 -6.514811E-001  5.878499E-001 -4.795882E-001  2.893889E-001 -3.917990E-001 -8.733542E-001 -7.013034E-001 -7.077613E-001  8.513236E-002
  4.650000E+000 -1.048659E+000  4.000000E-001 -1.581195E+000 -6.777489E-001  6.195173E-001 -3.960490E-001  2.742873E-001 -2.867352E-001 -9.179049E-001 -6.822191E-001 -7.307403E-001  2.440871E-002
  4.700000E+000 -1.084015E+000  4.000000E-001 -1.554010E+000 -7.013266E-001  6.402197E-001 -3.134642E-001  2.590726E-001 -1.807485E-001 -9.487947E-001 -6.640952E-001 -7.466249E-001 -3.909961E-002
  4.750000E+000 -1.117487E+000  4.000000E-001 -1.526836E+000 -7.223800E-001  6.509749E-001 -2.332354E-001  2.440250E-001 -7.560536E-002 -9.668173E-001 -6.470077E-001 -7.553247E-001 -1.042384E-001
  4.800000E+000 -1.149111E+000  4.000000E-001 -1.499779E+000 -7.410958E-001  6.529085E-001 -1.564852E-001  2.293859E-001  2.717641E-002 -9.729561E-001 -6.309986E-001 -7.569491E-001 -1.699083E-001
  4.850000E+000 -1.178926E+000  4.000000E-001 -1.472938E+000 -7.576720E-001  6.471982E-001 -8.406940E-002  2.153563E-001  1.263331E-001 -9.683293E-001 -6.160802E-001 -7.517809E-001 -2.350973E-001
  4.900000E+000 -1.206980E+000  4.000000E-001 -1.446408E+000 -7.723108E-001  6.350280E-001 -1.659635E-002  2.020976E-001  2.208516E-001 -9.541389E-001 -6.022396E-001 -7.402459E-001 -2.989037E-001
  4.950000E+000 -1.233322E+000  4.000000E-001 -1.420273E+000 -7.852121E-001  6.175494E-001  4.554788E-002  1.897331E-001  3.099579E-001 -9.316262E-001 -5.894432E-001 -7.228823E-001 -3.605522E-001
  5.000000E+000 -1.258007E+000  4.000000E-001 -1.394614E+000 -7.965684E-001  5.958523E-001  1.021707E-001  1.783505E-001  3.931001E-001 -9.020329E-001 -5.776417E-001 -7.003087E-001 -4.194017E-001
  5.050000E+000 -1.281092E+000  4.000000E-001 -1.369504E+000 -8.065611E-001  5.709429E-001  1.532426E-001  1.680051E-001  4.699275E-001 -8.665694E-001 -5.667746E-001 -6.731956E-001 -4.749466E-001
  5.100000E+000 -1.302637E+000  4.000000E-001 -1.345007E+000 -8.153585E-001  5.437299E-001  1.988676E-001  1.587240E-001  5.402663E-001 -8.263892E-001 -5.567739E-001 -6.422384E-001 -5.268137E-001
  5.150000E+000 -1.322705E+000  4.000000E-001 -1.321181E+000 -8.231135E-001  5.150162E-001  2.392539E-001  1.505089E-001  6.040952E-001 -7.825701E-001 -5.475684E-001 -6.081342E-001 -5.747535E-001
  5.200000E+000 -1.341359E+000  4.000000E-001 -1.298078E+000 -8.299636E-001  4.854966E-001  2.746881E-001  1.433410E-001  6.615204E-001 -7.361006E-001 -5.390861E-001 -5.715626E-001 -6.186294E-001
  5.250000E+000 -1.358666E+000  4.000000E-001 -1.275740E+000 -8.360303E-001  4.557590E-001  3.055111E-001  1.371844E-001  7.127509E-001 -6.878711E-001 -5.312567E-001 -5.331697E-001 -6.584044E-001
  5.300000E+000 -1.374691E+000  4.000000E-001 -1.254204E+000 -8.414204E-001  4.262893E-001  3.320980E-001  1.319894E-001  7.580760E-001 -6.386701E-001 -5.240138E-001 -4.935567E-001 -6.941263E-001
  5.350000E+000 -1.389501E+000  4.000000E-001 -1.233498E+000 -8.462262E-001  3.974787E-001  3.548407E-001  1.276964E-001  7.978448E-001 -5.891836E-001 -5.172957E-001 -4.532707E-001 -7.259138E-001
  5.400000E+000 -1.403162E+000  4.000000E-001 -1.213646E+000 -8.505271E-001  3.696318E-001  3.741337E-001  1.242381E-001  8.324472E-001 -5.399969E-001 -5.110466E-001 -4.128003E-001 -7.539412E-001
  5.450000E+000 -1.415742E+000  4.000000E-001 -1.194662E+000 -8.543907E-001  3.429764E-001  3.903637E-001  1.215429E-001  8.622977E-001 -4.915995E-001 -5.052167E-001 -3.725721E-001 -7.784254E-001
  5.500000E+000 -1.427307E+000  4.000000E-001 -1.176556E+000 -8.578744E-001  3.176728E-001  4.039003E-001  1.195365E-001  8.878219E-001 -4.443909E-001 -4.997624E-001 -3.329507E-001 -7.996133E-001
  5.550000E+000 -1.437921E+000  4.000000E-001 -1.159329E+000 -8.610268E-001  2.938239E-001  4.150908E-001  1.181441E-001  9.094451E-001 -3.986874E-001 -4.946461E-001 -2.942400E-001 -8.177702E-001
  5.600000E+000 -1.447648E+000  4.000000E-001 -1.142978E+000 -8.638887E-001  2.714836E-001  4.242558E-001  1.172919E-001  9.275825E-001 -3.547300E-001 -4.898357E-001 -2.566854E-001 -8.331708E-001
  5.650000E+000 -1.456552E+000  4.000000E-001 -1.127493E+000 -8.664945E-001  2.506656E-001  4.316874E-001  1.169082E-001  9.426325E-001 -3.126921E-001 -4.853037E-001 -2.204782E-001 -8.460908E-001
  5.700000E+000 -1.464694E+000  4.000000E-001 -1.112858E+000 -8.688737E-001  2.313510E-001  4.376474E-001  1.169246E-001  9.549713E-001 -2.726873E-001 -4.810273E-001 -1.857591E-001 -8.568001E-001
  5.750000E+000 -1.472133E+000  4.000000E-001 -1.099053E+000 -8.710510E-001  2.134950E-001  4.423686E-001  1.172766E-001  9.649487E-001 -2.347768E-001 -4.769867E-001 -1.526231E-001 -8.655576E-001
  5.800000E+000 -1.478929E+000  4.000000E-001 -1.086051E+000 -8.730483E-001  1.970327E-001  4.460546E-001  1.179041E-001  9.728859E-001 -1.989765E-001 -4.731651E-001 -1.211244E-001 -8.726074E-001
  5.850000E+000 -1.485137E+000  4.000000E-001 -1.073821E+000 -8.748844E-001  1.818842E-001  4.488824E-001  1.187520E-001  9.790740E-001 -1.652635E-001 -4.695479E-001 -9.128082E-002 -8.781757E-001
  5.900000E+000 -1.490812E+000  4.000000E-001 -1.062328E+000 -8.765762E-001  1.679587E-001  4.510034E-001  1.197699E-001  9.837739E-001 -1.335821E-001 -4.661216E-001 -6.307830E-002 -8.824691E-001
  5.950000E+000 -1.496007E+000  4.000000E-001 -1.051531E+000 -8.781390E-001  1.551581E-001  4.525460E-001  1.209127E-001  9.872160E-001 -1.038489E-001 -4.628737E-001 -3.647525E-002 -8.856735E-001
  6.000000E+000 -1.500773E+000  4.000000E-001 -1.041386E+000 -8.795869E-001  1.433796E-001  4.536179E-001  1.221403E-001  9.896020E-001 -7.595764E-002 -4.597919E-001 -1.140632E-002 -8.879534E-001
  6.050000E+000 -1.505160E+000  4.000000E-001 -1.031846E+000 -8.809332E-001  1.325183E-001  4.543078E-001  1.234176E-001  9.911053E-001 -4.978311E-002 -4.568640E-001  1.221400E-002 -8.894527E-001
  6.100000E+000 -1.509214E+000  4.000000E-001 -1.022861E+000 -8.821906E-001  1.224684E-001  4.546880E-001  1.247143E-001  9.918730E-001 -2.518489E-002 -4.540771E-001  3.448824E-002 -8.902946E-001
  6.150000E+000 -1.512982E+000  4.000000E-001 -1.014375E+000 -8.833713E-001  1.131251E-001  4.548163E-001  1.260046E-001  9.920276E-001 -2.010287E-003 -4.514177E-001  5.553313E-002 -8.905830E-001
  6.200000E+000 -1.516506E+000  4.000000E-001 -1.006332E+000 -8.844871E-001  1.043851E-001  4.547376E-001  1.272671E-001  9.916688E-001  1.990301E-002 -4.488715E-001  7.547708E-002 -8.904030E-001
  6.250000E+000 -1.519830E+000  4.000000E-001 -9.986732E-001 -8.855497E-001  9.614767E-002  4.544858E-001  1.284842E-001  9.908750E-001  4.072469E-002 -4.464230E-001  9.445797E-002 -8.898225E-001
  6.300000E+000 -1.522994E+000  4.000000E-001 -9.913369E-001 -8.865705E-001  8.831490E-002  4.540850E-001  1.296421E-001  9.897055E-001  6.062990E-002 -4.440559E-001  1.126212E-001 -8.888930E-001
  6.350000E+000 -1.526036E+000  4.000000E-001 -9.842602E-001 -8.875608E-001  8.079214E-002  4.535509E-001  1.307304E-001  9.882014E-001  7.979752E-002 -4.417526E-001  1.301180E-001 -8.876508E-001
  6.400000E+000 -1.528995E+000  4.000000E-001 -9.773787E-001 -8.885317E-001  7.348819E-002  4.528917E-001  1.317413E-001  9.863873E-001  9.840869E-002 -4.394948E-001  1.471038E-001 -8.861178E-001
  6.450000E+000 -1.531907E+000  4.000000E-001 -9.706266E-001 -8.894941E-001  6.631549E-002  4.521089E-001  1.326698E-001  9.842726E-001  1.166455E-001 -4.372630E-001  1.637367E-001 -8.843027E-001
  6.500000E+000 -1.534806E+000  4.000000E-001 -9.639376E-001 -8.904588E-001  5.919018E-002  4.511980E-001  1.335129E-001  9.818518E-001  1.346897E-001 -4.350373E-001  1.801764E-001 -8.822012E-001
  6.550000E+000 -1.537726E+000  4.000000E-001 -9.572446E-001 -8.914363E-001  5.203224E-002  4.501489E-001  1.342693E-001  9.791056E-001  1.527216E-001 -4.327968E-001  1.965827E-001 -8.797966E-001
  6.600000E+000 -1.540700E+000  4.000000E-001 -9.504802E-001 -8.924369E-001  4.476562E-002  4.489459E-001  1.349390E-001  9.760011E-001  1.709188E-001 -4.305204E-001  2.131145E-001 -8.770601E-001
  6.650000E+000 -1.543757E+000  4.000000E-001 -9.435772E-001 -8.934707E-001  3.731838E-002  4.475685E-001  1.355231E-001  9.724918E-001  1.894550E-001 -4.281865E-001  2.299283E-001 -8.739504E-001
  6.700000E+000 -1.546929E+000  4.000000E-001 -9.364682E-001 -8.945473E-001  2.962301E-002  4.459906E-001  1.360229E-001  9.685174E-001  2.084988E-001 -4.257734E-001  2.471770E-001 -8.704140E-001
  6.750000E+000 -1.550243E+000  4.000000E-001 -9.290867E-001 -8.956761E-001  2.161672E-002  4.441813E-001  1.364403E-001  9.640037E-001  2.282125E-001 -4.232592E-001  2.650087E-001 -8.663844E-001
  6.800000E+000 -1.553727E+000  4.000000E-001 -9.213667E-001 -8.968661E-001  1.324188E-002  4.421039E-001  1.367769E-001  9.588615E-001  2.487502E-001 -4.206225E-001  2.835652E-001 -8.617816E-001
  6.850000E+000 -1.557408E+000  4.000000E-001 -9.132429E-001 -8.981258E-001  4.446639E-003  4.397162E-001  1.370339E-001  9.529864E-001  2.702564E-001 -4.178419E-001  3.029803E-001 -8.565110E-001
  6.900000E+000 -1.561308E+000  4.000000E-001 -9.046513E-001 -8.994630E-001 -4.814377E-003  4.369703E-001  1.372122E-001  9.462576E-001  2.928642E-001 -4.148964E-001  3.233782E-001 -8.504631E-001
  6.950000E+000 -1.565453E+000  4.000000E-001 -8.955289E-001 -9.008853E-001 -1.457922E-002  4.338123E-001  1.373117E-001  9.385367E-001  3.166929E-001 -4.117659E-001  3.448715E-001 -8.435120E-001
  7.000000E+000 -1.569862E+000  4.000000E-001 -8.858143E-001 -9.023992E-001 -2.487758E-002  4.301822E-001  1.373317E-001  9.296674E-001  3.418457E-001 -4.084307E-001  3.675590E-001 -8.355147E-001
  7.050000E+000 -1.574557E+000  4.000000E-001 -8.754473E-001 -9.040108E-001 -3.572963E-002  4.260140E-001  1.372706E-001  9.194743E-001  3.684072E-001 -4.048720E-001  3.915233E-001 -8.263100E-001
  7.100000E+000 -1.579554E+000  4.000000E-001 -8.643693E-001 -9.057249E-001 -4.714470E-002  4.212360E-001  1.371261E-001  9.077621E-001  3.964397E-001 -4.010721E-001  4.168278E-001 -8.157180E-001
  7.150000E+000 -1.584870E+000  4.000000E-001 -8.525235E-001 -9.075457E-001 -5.911982E-002  4.157711E-001  1.368951E-001  8.943156E-001  4.259805E-001 -3.970144E-001  4.435138E-001 -8.035391E-001
  7.200000E+000 -1.590517E+000  4.000000E-001 -8.398549E-001 -9.094762E-001 -7.163816E-002  4.095375E-001  1.365744E-001  8.788995E-001  4.570373E-001 -3.926836E-001  4.715970E-001 -7.895542E-001
  7.250000E+000 -1.596506E+000  4.000000E-001 -8.263100E-001 -9.115181E-001 -8.466748E-002  4.024502E-001  1.361605E-001  8.612591E-001  4.895846E-001 -3.880657E-001  5.010631E-001 -7.735249E-001
  7.300000E+000 -1.602845E+000  4.000000E-001 -8.118375E-001 -9.136719E-001 -9.815841E-002  3.944218E-001  1.356502E-001  8.411215E-001  5.235587E-001 -3.831483E-001  5.318643E-001 -7.551939E-001
  7.350000E+000 -1.609538E+000  4.000000E-001 -7.963878E-001 -9.159367E-001 -1.120430E-001  3.853652E-001  1.350411E-001  8.181977E-001  5.588527E-001 -3.779205E-001  5.639139E-001 -7.342869E-001
  7.400000E+000 -1.616586E+000  4.000000E-001 -7.799134E-001 -9.183100E-001 -1.262334E-001  3.751959E-001  1.343319E-001  7.921859E-001  5.953121E-001 -3.723731E-001  5.970818E-001 -7.105150E-001
  7.450000E+000 -1.623986E+000  4.000000E-001 -7.623690E-001 -9.207878E-001 -1.406205E-001  3.638348E-001  1.335235E-001  7.627752E-001  6.327285E-001 -3.664987E-001  6.311892E-001 -6.835780E-001
  7.500000E+000 -1.631732E+000  4.000000E-001 -7.437112E-001 -9.233646E-001 -1.550737E-001  3.512121E-001  1.326191E-001  7.296519E-001  6.708355E-001 -3.602915E-001  6.660032E-001 -6.531690E-001
  7.550000E+000 -1.639811E+000  4.000000E-001 -7.238989E-001 -9.260333E-001 -1.694407E-001  3.372717E-001  1.316251E-001  6.925056E-001  7.093031E-001 -3.537473E-001  7.012317E-001 -6.189806E-001
  7.600000E+000 -1.648208E+000  4.000000E-001 -7.028933E-001 -9.287852E-001 -1.835480E-001  3.219754E-001  1.305521E-001  6.510385E-001  7.477333E-001 -3.468633E-001  7.365182E-001 -5.807123E-001
  7.650000E+000 -1.656902E+000  4.000000E-001 -6.806580E-001 -9.316104E-001 -1.972031E-001  3.053082E-001  1.294153E-001  6.049750E-001  7.856570E-001 -3.396378E-001  7.714378E-001 -5.380798E-001
  7.700000E+000 -1.665866E+000  4.000000E-001 -6.571594E-001 -9.344973E-001 -2.101967E-001  2.872840E-001  1.282354E-001  5.540736E-001  8.225315E-001 -3.320699E-001  8.054935E-001 -4.908257E-001
  7.750000E+000 -1.675068E+000  4.000000E-001 -6.323664E-001 -9.374337E-001 -2.223077E-001  2.679502E-001  1.270393E-001  4.981405E-001  8.577395E-001 -3.241589E-001  8.381141E-001 -4.387319E-001
  7.800000E+000 -1.684472E+000  4.000000E-001 -6.062508E-001 -9.404063E-001 -2.333080E-001  2.473933E-001  1.258608E-001  4.370441E-001  8.905906E-001 -3.159037E-001  8.686541E-001 -3.816346E-001
  7.850000E+000 -1.694032E+000  4.000000E-001 -5.787877E-001 -9.434010E-001 -2.429702E-001  2.257433E-001  1.247409E-001  3.707308E-001  9.203252E-001 -3.073016E-001  8.963951E-001 -3.194395E-001
  7.900000E+000 -1.703701E+000  4.000000E-001 -5.499556E-001 -9.464037E-001 -2.510765E-001  2.031766E-001  1.237283E-001  2.992424E-001  9.461212E-001 -2.983478E-001  9.205512E-001 -2.521389E-001
  7.950000E+000 -1.713422E+000  4.000000E-001 -5.197366E-001 -9.493998E-001 -2.574286E-001  1.799183E-001  1.228797E-001  2.227329E-001  9.671043E-001 -2.890340E-001  9.402769E-001 -1.798298E-001
  8.000000E+000 -1.723133E+000  4.000000E-001 -4.881167E-001 -9.523750E-001 -2.618597E-001  1.562417E-001  1.222592E-001  1.414852E-001  9.823618E-001 -2.793468E-001  9.546787E-001 -1.027322E-001
  8.050000E+000 -1.732766E+000  4.000000E-001 -4.550863E-001 -9.553148E-001 -2.642470E-001  1.324657E-001  1.219385E-001  5.592715E-002  9.909607E-001 -2.692668E-001  9.628321E-001 -2.120614E-002
  8.100000E+000 -1.742247E+000  4.000000E-001 -4.206405E-001 -9.582050E-001 -2.645247E-001  1.089487E-001  1.219958E-001 -3.335467E-002  9.919700E-001 -2.587666E-001  9.638019E-001  6.423152E-002
  8.150000E+000 -1.751497E+000  4.000000E-001 -3.847792E-001 -9.610310E-001 -2.626970E-001  8.607979E-002  1.225145E-001 -1.256042E-001  9.844865E-001 -2.478097E-001  9.566681E-001  1.528938E-001
  8.200000E+000 -1.760429E+000  4.000000E-001 -3.475080E-001 -9.637774E-001 -2.588496E-001  6.426530E-002  1.235820E-001 -2.198892E-001  9.676654E-001 -2.363486E-001  9.405560E-001  2.439134E-001
  8.250000E+000 -1.768952E+000  4.000000E-001 -3.088380E-001 -9.664274E-001 -2.531596E-001  4.391243E-002  1.252873E-001 -3.150989E-001  9.407528E-001 -2.243239E-001  9.146709E-001  3.362379E-001
  8.300000E+000 -1.776970E+000  4.000000E-001 -2.687865E-001 -9.689617E-001 -2.459018E-001  2.540888E-002  1.277187E-001 -4.099491E-001  9.031222E-001 -2.116630E-001  8.783360E-001  4.286312E-001
  8.350000E+000 -1.784383E+000  4.000000E-001 -2.273774E-001 -9.713569E-001 -2.374508E-001  9.099500E-003  1.309610E-001 -5.029930E-001  8.543110E-001 -1.982798E-001  8.310326E-001  5.196825E-001
  8.400000E+000 -1.791087E+000  4.000000E-001 -1.846416E-001 -9.735845E-001 -2.282779E-001 -4.739242E-003  1.350920E-001 -5.926404E-001  7.940576E-001 -1.840744E-001  7.724419E-001  6.078240E-001
  8.450000E+000 -1.796974E+000  4.000000E-001 -1.406169E-001 -9.756081E-001 -2.189409E-001 -1.592577E-002  1.401789E-001 -6.771850E-001  7.223367E-001 -1.689337E-001  7.024851E-001  6.913581E-001
  8.500000E+000 -1.801936E+000  4.000000E-001 -9.534887E-002 -9.773824E-001 -2.100675E-001 -2.439935E-002  1.462749E-001 -7.548394E-001  6.393913E-001 -1.527329E-001  6.213607E-001  7.684943E-001
  8.550000E+000 -1.805861E+000  4.000000E-001 -4.889065E-002 -9.788502E-001 -2.023305E-001 -3.024351E-002  1.534146E-001 -8.237788E-001  5.457586E-001 -1.353376E-001  5.295761E-001  8.373965E-001
  8.600000E+000 -1.808638E+000  4.000000E-001 -1.303265E-003 -9.799411E-001 -1.964162E-001 -3.370490E-002  1.616110E-001 -8.821912E-001  4.422902E-001 -1.166071E-001  4.279713E-001  8.962385E-001
  8.650000E+000 -1.810157E+000  4.000000E-001  4.734435E-002 -9.805698E-001 -1.929856E-001 -3.520532E-002  1.708513E-001 -9.283336E-001  3.301614E-001 -9.639871E-002  3.177315E-001  9.432677E-001
  8.700000E+000 -1.810311E+000  4.000000E-001  9.697536E-002 -9.806344E-001 -1.926313E-001 -3.534489E-002  1.810939E-001 -9.605926E-001  2.108715E-001 -7.457250E-002  2.003871E-001  9.768746E-001
  8.750000E+000 -1.808995E+000  4.000000E-001  1.475052E-001 -9.800168E-001 -1.958301E-001 -3.489435E-002  1.922662E-001 -9.775469E-001  8.623117E-002 -5.099752E-002  7.779899E-002  9.956639E-001
  8.800000E+000 -1.806108E+000  4.000000E-001  1.988418E-001 -9.785825E-001 -2.028964E-001 -3.477540E-002  2.042623E-001 -9.780292E-001 -4.166223E-002 -2.555824E-002 -4.787323E-002  9.985264E-001
  8.850000E+000 -1.801558E+000  4.000000E-001  2.508859E-001 -9.761826E-001 -2.139379E-001 -3.602820E-002  2.169426E-001 -9.611860E-001 -1.704622E-001  1.838519E-003 -1.742183E-001  9.847053E-001
  8.900000E+000 -1.795257E+000  4.000000E-001  3.035320E-001 -9.726568E-001 -2.288172E-001 -3.976647E-002  2.301342E-001 -9.265305E-001 -2.976232E-001  3.125648E-002 -2.986369E-001  9.538548E-001
  8.950000E+000 -1.787127E+000  4.000000E-001  3.566681E-001 -9.678373E-001 -2.471245E-001 -4.712132E-002  2.436324E-001 -8.739876E-001 -4.204628E-001  6.272323E-002 -4.184199E-001  9.060853E-001
  9.000000E+000 -1.777100E+000  4.000000E-001  4.101777E-001 -9.615545E-001 -2.681625E-001 -5.917627E-002  2.572040E-001 -8.039281E-001 -5.362328E-001  9.622408E-002 -5.308375E-001  8.419932E-001
  9.050000E+000 -1.765119E+000  4.000000E-001  4.639394E-001 -9.536436E-001 -2.909481E-001 -7.689667E-002  2.705914E-001 -7.171892E-001 -6.421993E-001  1.316972E-001 -6.332368E-001  7.626710E-001
  9.100000E+000 -1.751137E+000  4.000000E-001  5.178288E-001 -9.439523E-001 -3.142314E-001 -1.010578E-001  2.835188E-001 -6.150795E-001 -7.357271E-001  1.690300E-001 -7.231431E-001  6.696962E-001
  9.150000E+000 -1.735122E+000  4.000000E-001  5.717192E-001 -9.323487E-001 -3.365342E-001 -1.321762E-001  2.956989E-001 -4.993683E-001 -8.143669E-001  2.080577E-001 -7.983583E-001  5.650982E-001
  9.200000E+000 -1.717052E+000  4.000000E-001  6.254826E-001 -9.187298E-001 -3.562055E-001 -1.704500E-001  3.068414E-001 -3.722576E-001 -8.759410E-001  2.485637E-001 -8.570542E-001  4.513027E-001
  9.250000E+000 -1.696920E+000  4.000000E-001  6.789906E-001 -9.030290E-001 -3.714934E-001 -2.157112E-001  3.166620E-001 -2.363367E-001 -9.186240E-001  2.902823E-001 -8.978516E-001  3.310568E-001
  9.300000E+000 -1.674731E+000  4.000000E-001  7.321158E-001 -8.852231E-001 -3.806298E-001 -2.673968E-001  3.248922E-001 -9.452104E-002 -9.410158E-001  3.329040E-001 -9.198841E-001  2.073359E-001
  9.350000E+000 -1.650503E+000  4.000000E-001  7.847327E-001 -8.653380E-001 -3.819218E-001 -3.245395E-001  3.312888E-001  5.002370E-002 -9.422024E-001  3.760823E-001 -9.228398E-001  8.323900E-002
  9.400000E+000 -1.624266E+000  4.000000E-001  8.367183E-001 -8.434516E-001 -3.738475E-001 -3.857815E-001  3.356436E-001  1.939698E-001 -9.218021E-001  4.194434E-001 -9.069806E-001 -3.812461E-002
  9.450000E+000 -1.596062E+000  4.000000E-001  8.879532E-001 -8.196956E-001 -3.551466E-001 -4.494108E-001  3.377923E-001  3.339247E-001 -8.799947E-001  4.625965E-001 -8.731352E-001 -1.537508E-001
  9.500000E+000 -1.565944E+000  4.000000E-001  9.383221E-001 -7.942534E-001 -3.249032E-001 -5.134194E-001  3.376224E-001  4.665344E-001 -8.175309E-001  5.051462E-001 -8.226686E-001 -2.608520E-001
  9.550000E+000 -1.533976E+000  4.000000E-001  9.877147E-001 -7.673569E-001 -2.826130E-001 -5.755808E-001  3.350788E-001  5.885875E-001 -7.357220E-001  5.467043E-001 -7.574263E-001 -3.569591E-001
  9.600000E+000 -1.500229E+000  4.000000E-001  1.036026E+000 -7.392795E-001 -2.282328E-001 -6.335421E-001  3.301684E-001  6.971174E-001 -6.364088E-001  5.869026E-001 -6.796596E-001 -4.400093E-001
  9.650000E+000 -1.464783E+000  4.000000E-001  1.083156E+000 -7.103275E-001 -1.622063E-001 -6.849262E-001  3.229619E-001  7.894968E-001 -5.219104E-001  6.254042E-001 -5.919324E-001 -5.084148E-001
  9.700000E+000 -1.427728E+000  4.000000E-001  1.129012E+000 -6.808298E-001 -8.546660E-002 -7.274381E-001  3.135933E-001  8.635214E-001 -3.949558E-001  6.619139E-001 -4.970174E-001 -5.611093E-001
  9.750000E+000 -1.389157E+000  4.000000E-001  1.173506E+000 -6.511256E-001  5.863211E-004 -7.589698E-001  3.022572E-001  9.174785E-001 -2.585998E-001  6.961868E-001 -3.977850E-001 -5.975709E-001
  9.800000E+000 -1.349169E+000  4.000000E-001  1.216559E+000 -6.215522E-001  9.413123E-002 -7.776967E-001  2.892032E-001  9.501979E-001 -1.161270E-001  7.280346E-001 -2.970914E-001 -6.178206E-001
  9.850000E+000 -1.307869E+000  4.000000E-001  1.258095E+000 -5.924323E-001  1.929923E-001 -7.821623E-001  2.747289E-001  9.610827E-001  2.905186E-002  7.573295E-001 -1.976714E-001 -6.223970E-001
  9.900000E+000 -1.265365E+000  4.000000E-001  1.298047E+000 -5.640622E-001  2.947228E-001 -7.713445E-001  2.591706E-001  9.501190E-001  1.735066E-001  7.840054E-001 -1.020413E-001 -6.123097E-001
  9.950000E+000 -1.221769E+000  4.000000E-001  1.336355E+000 -5.367010E-001  3.967009E-001 -7.447016E-001  2.428924E-001  9.178640E-001  3.138933E-001  8.080565E-001 -1.241553E-002 -5.889741E-001
