% FILE: disk.2
%
%       t         P_Ao_Do[1]     P_Ao_Do[2]     P_Ao_Do[3]      A_D[1,1]       A_D[1,2]       A_D[1,3]       A_D[2,1]       A_D[2,2]       A_D[2,3]       A_D[3,1]       A_D[3,2]       A_D[3,3]
%     (sec)         (meter)        (meter)        (meter)       (NoUnits)      (NoUnits)      (NoUnits)      (NoUnits)      (NoUnits)      (NoUnits)      (NoUnits)      (NoUnits)      (NoUnits)

  0.000000E+000  0.000000E+000  5.954396E-002  3.376906E-001  1.000000E+000  0.000000E+000  0.000000E+000  0.000000E+000  9.848078E-001  1.736482E-001  0.000000E+000 -1.736482E-001  9.848078E-001
  5.000000E-002 -1.469132E-004  6.083945E-002  3.374583E-001  9.689471E-001 -2.472644E-001 -1.347371E-003  2.433371E-001  9.525613E-001  1.827951E-001 -4.391526E-002 -1.774467E-001  9.831501E-001
  1.000000E-001 -1.170695E-003  6.462596E-002  3.367333E-001  8.781506E-001 -4.782630E-001 -1.077448E-002  4.696830E-001  8.576830E-001  2.092313E-001 -9.082648E-002 -1.887971E-001  9.778068E-001
  1.500000E-001 -3.922778E-003  7.059832E-002  3.354327E-001  7.346721E-001 -6.774515E-001 -3.628179E-002  6.630495E-001  7.056768E-001  2.497711E-001 -1.436046E-001 -2.075565E-001  9.676249E-001
  2.000000E-001 -9.192996E-003  7.823281E-002  3.334247E-001  5.501951E-001 -8.306525E-001 -8.545026E-002  8.095245E-001  5.054845E-001  2.985892E-001 -2.048301E-001 -2.334564E-001  9.505487E-001
  2.500000E-001 -1.765412E-002  8.677463E-002  3.305413E-001  3.408580E-001 -9.255933E-001 -1.645992E-001  8.985228E-001  2.692444E-001  3.466470E-001 -2.765367E-001 -2.660536E-001  9.234408E-001
  3.000000E-001 -2.978337E-002  9.523973E-002  3.265998E-001  1.268627E-001 -9.523866E-001 -2.772465E-001  9.243650E-001  1.212608E-002  3.813166E-001 -3.597989E-001 -3.046518E-001  8.818912E-001
  3.500000E-001 -4.576570E-002  1.024479E-001  3.214423E-001 -6.847880E-002 -9.041113E-001 -4.217741E-001  8.883263E-001 -2.476784E-001  3.866935E-001 -4.540783E-001 -3.481927E-001  8.201066E-001
  4.000000E-001 -6.539522E-002  1.071019E-001  3.149975E-001 -2.209155E-001 -7.777656E-001 -5.884531E-001  8.011103E-001 -4.888334E-001  3.453464E-001 -5.562541E-001 -3.951235E-001  7.310669E-001
  4.500000E-001 -8.800327E-002  1.079179E-001  3.073720E-001 -3.096358E-001 -5.759446E-001 -7.565801E-001  6.851243E-001 -6.868785E-001  2.424924E-001 -6.593408E-001 -4.432671E-001  6.072758E-001
  5.000000E-001 -1.124435E-001  1.037888E-001  2.989614E-001 -3.247832E-001 -3.095181E-001 -8.937082E-001  5.746874E-001 -8.150715E-001  7.343623E-002 -7.511659E-001 -4.897520E-001  4.425977E-001
  5.500000E-001 -1.371472E-001  9.395093E-002  2.905441E-001 -2.774761E-001 -1.052016E-003 -9.607320E-001  5.104845E-001 -8.473138E-001 -1.465090E-001 -8.138874E-001 -5.310915E-001  2.356464E-001
  6.000000E-001 -1.602345E-001  7.813450E-002  2.832731E-001 -2.070654E-001  3.127103E-001 -9.270039E-001  5.241155E-001 -7.646373E-001 -3.750104E-001 -8.260913E-001 -5.635088E-001 -5.566418E-003
  6.500000E-001 -1.796879E-001  5.671996E-002  2.784632E-001 -1.740210E-001  5.831441E-001 -7.935110E-001  6.147406E-001 -5.651738E-001 -5.501568E-001 -7.692923E-001 -5.835423E-001 -2.601303E-001
  7.000000E-001 -1.936648E-001  3.087760E-002  2.771555E-001 -2.298980E-001  7.608172E-001 -6.068806E-001  7.351460E-001 -2.728669E-001 -6.205675E-001 -6.377361E-001 -5.888130E-001 -4.965802E-001
  7.500000E-001 -2.009532E-001  2.505106E-003  2.796578E-001 -3.803973E-001  8.130526E-001 -4.407306E-001  8.108237E-001  6.398853E-002 -5.817821E-001 -4.448177E-001 -5.786631E-001 -6.835834E-001
  8.000000E-001 -2.013017E-001 -2.617343E-002  2.853906E-001 -5.786041E-001  7.363867E-001 -3.506449E-001  7.856869E-001  3.878575E-001 -4.819364E-001 -2.188913E-001 -5.543475E-001 -8.029853E-001
  8.500000E-001 -1.953607E-001 -5.311262E-002  2.931700E-001 -7.577899E-001  5.542177E-001 -3.443794E-001  6.524340E-001  6.510149E-001 -3.879555E-001  9.184327E-003 -5.186736E-001 -8.549230E-001
  9.000000E-001 -1.843726E-001 -7.673925E-002  3.016945E-001 -8.692209E-001  3.037059E-001 -3.901509E-001  4.444123E-001  8.257529E-001 -3.473180E-001  2.166857E-001 -4.752840E-001 -8.527323E-001
  9.500000E-001 -1.698817E-001 -9.603535E-002  3.099194E-001 -8.959449E-001  2.296634E-002 -4.435711E-001  2.085125E-001  9.035268E-001 -3.743820E-001  3.921802E-001 -4.279157E-001 -8.142990E-001
  1.000000E+000 -1.535215E-001 -1.105444E-001  3.171946E-001 -8.458294E-001 -2.557794E-001 -4.681341E-001 -1.550398E-002  8.889699E-001 -4.577032E-001  5.332282E-001 -3.798808E-001 -7.558824E-001
  1.050000E+000 -1.368364E-001 -1.203366E-001  3.232291E-001 -7.389224E-001 -5.079416E-001 -4.427065E-001 -2.024964E-001  7.940742E-001 -5.730980E-001  6.426421E-001 -3.338284E-001 -6.896156E-001
  1.100000E+000 -1.211354E-001 -1.259182E-001  3.279847E-001 -5.978169E-001 -7.158762E-001 -3.607440E-001 -3.410039E-001  6.343645E-001 -6.937565E-001  7.254869E-001 -2.917242E-001 -6.233504E-001
  1.150000E+000 -1.074007E-001 -1.280997E-001  3.315688E-001 -4.425649E-001 -8.676389E-001 -2.265811E-001 -4.293632E-001  4.268538E-001 -7.958914E-001  7.872633E-001 -2.549480E-001 -5.614427E-001
  1.200000E+000 -9.626162E-002 -1.278561E-001  3.341528E-001 -2.888786E-001 -9.559744E-001 -5.159440E-002 -4.718500E-001  1.890625E-001 -8.611695E-001  8.330106E-001 -2.244287E-001 -5.056926E-001
  1.250000E+000 -8.801566E-002 -1.262102E-001  3.359179E-001 -1.480960E-001 -9.777054E-001  1.488612E-001 -4.758558E-001 -6.150532E-002 -8.773701E-001  8.669653E-001 -2.007714E-001 -4.561381E-001
  1.300000E+000 -8.267558E-002 -1.241508E-001  3.370225E-001 -2.783269E-002 -9.334230E-001  3.576965E-001 -4.501771E-001 -3.077890E-001 -8.382162E-001  8.925054E-001 -1.843566E-001 -4.116391E-001
  1.350000E+000 -8.002101E-002 -1.225829E-001  3.375836E-001  6.729915E-002 -8.273042E-001  5.577084E-001 -4.041588E-001 -5.336664E-001 -7.428700E-001  9.122097E-001 -1.754082E-001 -3.702775E-001
  1.400000E+000 -7.964176E-002 -1.223022E-001  3.376671E-001  1.352177E-001 -6.669013E-001  7.327747E-001 -3.473541E-001 -7.245371E-001 -5.953076E-001  9.279339E-001 -1.740362E-001 -3.296211E-001
  1.450000E+000 -8.096759E-002 -1.239792E-001  3.372832E-001  1.762435E-001 -4.628104E-001  8.687605E-001 -2.893779E-001 -8.679367E-001 -4.036661E-001  9.408500E-001 -1.802566E-001 -2.868953E-001
  1.500000E+000 -8.328621E-002 -1.281427E-001  3.363858E-001  1.932815E-001 -2.281966E-001  9.542372E-001 -2.396794E-001 -9.540924E-001 -1.796147E-001  9.514179E-001 -1.939948E-001 -2.391024E-001
  1.550000E+000 -8.575580E-002 -1.351539E-001  3.348755E-001  1.921741E-001  2.177654E-002  9.811192E-001 -2.070232E-001 -9.763555E-001  6.222092E-002  9.592760E-001 -2.150716E-001 -1.831220E-001
  1.600000E+000 -8.742280E-002 -1.451660E-001  3.326074E-001  1.820195E-001  2.705289E-001  9.453481E-001 -1.985421E-001 -9.314949E-001  3.047923E-001  9.630420E-001 -2.431696E-001 -1.158388E-001
  1.650000E+000 -8.725732E-002 -1.580717E-001  3.294056E-001  1.751755E-001  5.005780E-001  8.477825E-001 -2.182945E-001 -8.199165E-001  5.292301E-001  9.600318E-001 -2.777744E-001 -3.435587E-002
  1.700000E+000 -8.421841E-002 -1.734471E-001  3.250902E-001  1.865894E-001  6.939604E-001  6.954160E-001 -2.653513E-001 -6.459406E-001  7.157859E-001  9.459245E-001 -3.180875E-001  6.361761E-002
  1.750000E+000 -7.735584E-002 -1.905102E-001  3.195228E-001  2.319609E-001  8.326497E-001  5.028803E-001 -3.316126E-001 -4.183209E-001  8.456008E-001  9.144546E-001 -3.629078E-001  1.790831E-001
  1.800000E+000 -6.594399E-002 -2.081169E-001  3.126777E-001  3.241272E-001  8.992452E-001  2.937681E-001 -3.999293E-001 -1.511674E-001  9.039939E-001  8.573203E-001 -4.104955E-001  3.106370E-001
  1.850000E+000 -4.962583E-002 -2.248173E-001  3.047414E-001  4.671571E-001  8.784474E-001  1.004715E-001 -4.438648E-001  1.347218E-001  8.859086E-001  7.646884E-001 -4.584542E-001  4.528481E-001
  1.900000E+000 -2.853156E-002 -2.389749E-001  2.962245E-001  6.486019E-001  7.600753E-001 -4.001411E-002 -4.315905E-001  4.105782E-001  8.032155E-001  6.269332E-001 -5.036974E-001  5.943431E-001
  1.950000E+000 -3.345916E-003 -2.489318E-001  2.880338E-001  8.332257E-001  5.442564E-001 -9.756987E-002 -3.370510E-001  6.398234E-001  6.906683E-001  4.383281E-001 -5.425965E-001  7.165595E-001
  2.000000E+000  2.466876E-002 -2.532033E-001  2.814089E-001  9.663444E-001  2.481272E-001 -6.790742E-002 -1.585263E-001  7.822643E-001  6.024383E-001  2.026029E-001 -5.713978E-001  7.952714E-001
  2.050000E+000  5.369543E-002 -2.507390E-001  2.776320E-001  9.958925E-001 -8.981066E-002  1.150071E-002  6.575097E-002  8.046621E-001  5.900810E-001 -6.224975E-002 -5.869011E-001  8.072621E-001
  2.100000E+000  8.153826E-002 -2.412627E-001  2.775517E-001  9.074044E-001 -4.143864E-001  7.000792E-002  2.660155E-001  6.953070E-001  6.676705E-001 -3.253506E-001 -5.872240E-001  7.411579E-001
  2.150000E+000  1.060577E-001 -2.254921E-001  2.811870E-001  7.410088E-001 -6.700519E-001  4.400457E-002  3.802551E-001  4.727298E-001  7.949419E-001 -5.534546E-001 -5.723260E-001  6.050876E-001
  2.200000E+000  1.256678E-001 -2.049757E-001  2.877177E-001  5.667779E-001 -8.196325E-001 -8.345892E-002  3.925044E-001  1.795666E-001  9.020511E-001 -7.243639E-001 -5.440206E-001  4.234838E-001
  2.250000E+000  1.395573E-001 -1.816553E-001  2.958697E-001  4.413399E-001 -8.523468E-001 -2.805780E-001  3.339750E-001 -1.341912E-001  9.329809E-001 -8.328744E-001 -5.054678E-001  2.254386E-001
  2.300000E+000  1.476251E-001 -1.574836E-001  3.043939E-001  3.851195E-001 -7.788847E-001 -4.949965E-001  2.546408E-001 -4.258616E-001  8.682166E-001 -8.870406E-001 -4.604135E-001  3.432819E-002
  2.350000E+000  1.503371E-001 -1.341996E-001  3.123671E-001  3.874001E-001 -6.214734E-001 -6.809493E-001  1.963874E-001 -6.660430E-001  7.195962E-001 -9.007514E-001 -4.125015E-001 -1.359755E-001
  2.400000E+000  1.485876E-001 -1.131872E-001  3.192632E-001  4.222283E-001 -4.058678E-001 -8.105520E-001  1.821302E-001 -8.379492E-001  5.144606E-001 -8.880044E-001 -3.648458E-001 -2.798851E-001
  2.450000E+000  1.435458E-001 -9.538505E-002  3.248843E-001  4.615943E-001 -1.570314E-001 -8.730818E-001  2.168958E-001 -9.343571E-001  2.827242E-001 -8.601668E-001 -3.198717E-001 -3.972345E-001
  2.500000E+000  1.364881E-001 -8.126310E-002  3.292495E-001  4.825190E-001  1.025206E-001 -8.698649E-001  2.933015E-001 -9.547023E-001  5.017665E-002 -8.253179E-001 -2.793439E-001 -4.907315E-001
  2.550000E+000  1.286492E-001 -7.086491E-002  3.324942E-001  4.695644E-001  3.530899E-001 -8.092199E-001  3.970745E-001 -9.030811E-001 -1.636351E-001 -7.885690E-001 -2.444834E-001 -5.642577E-001
  2.600000E+000  1.211172E-001 -6.389240E-002  3.347975E-001  4.148861E-001  5.777693E-001 -7.028885E-001  5.112173E-001 -7.870719E-001 -3.452169E-001 -7.526795E-001 -2.161030E-001 -6.219108E-001
  2.650000E+000  1.147769E-001 -5.980168E-002  3.363360E-001  3.172401E-001  7.624460E-001 -5.639457E-001  6.187785E-001 -6.170556E-001 -4.861641E-001 -7.186598E-001 -1.947267E-001 -6.675400E-001
  2.700000E+000  1.102925E-001 -5.788804E-002  3.372566E-001  1.806698E-001  8.959553E-001 -4.057371E-001  7.045627E-001 -4.057330E-001 -5.822131E-001 -6.862578E-001 -1.806789E-001 -7.045604E-001
  2.750000E+000  1.081114E-001 -5.735023E-002  3.376606E-001  1.319989E-002  9.703459E-001 -2.413600E-001  7.561079E-001 -1.676390E-001 -6.326121E-001 -6.543139E-001 -1.741438E-001 -7.358990E-001
  2.800000E+000  1.084749E-001 -5.733374E-002  3.375963E-001 -1.743220E-001  9.811584E-001 -8.330698E-002  7.641798E-001  8.144470E-002 -6.398405E-001 -6.210000E-001 -1.751998E-001 -7.639791E-001
  2.850000E+000  1.114252E-001 -5.695959E-002  3.370560E-001 -3.691724E-001  9.276122E-001  5.698580E-002  7.229747E-001  3.251776E-001 -6.095631E-001 -5.839686E-001 -1.838346E-001 -7.906867E-001
  2.900000E+000  1.168018E-001 -5.534825E-002  3.359760E-001 -5.574707E-001  8.126410E-001  1.698261E-001  6.302023E-001  5.473916E-001 -5.506429E-001 -5.404364E-001 -1.999425E-001 -8.172830E-001
  2.950000E+000  1.242277E-001 -5.164982E-002  3.342413E-001 -7.247156E-001  6.427803E-001  2.482355E-001  4.872275E-001  7.327813E-001 -4.750167E-001 -4.872336E-001 -2.233048E-001 -8.442383E-001
  3.000000E+000  1.330920E-001 -4.509053E-002  3.316949E-001 -8.562802E-001  4.279722E-001  2.891783E-001  2.994296E-001  8.674980E-001 -3.972269E-001 -4.208636E-001 -2.535490E-001 -8.709688E-001
  3.050000E+000  1.425388E-001 -3.504223E-002  3.281560E-001 -9.381313E-001  1.814005E-001  2.949635E-001  7.687406E-002  9.396526E-001 -3.333818E-001 -3.376389E-001 -2.900809E-001 -8.954625E-001
  3.100000E+000  1.514795E-001 -2.111511E-002  3.234520E-001 -9.581727E-001 -8.053828E-002  2.746247E-001 -1.647677E-001  9.398393E-001 -2.992552E-001 -2.340016E-001 -3.319875E-001 -9.137984E-001
  3.150000E+000  1.586466E-001 -3.262826E-003  3.174713E-001 -9.087069E-001 -3.380840E-001  2.448489E-001 -4.034387E-001  8.619066E-001 -3.071715E-001 -1.071871E-001 -3.779104E-001 -9.196166E-001
  3.200000E+000  1.626983E-001  1.812350E-002  3.102440E-001 -7.904259E-001 -5.679195E-001  2.295522E-001 -6.110066E-001  7.043206E-001 -3.613909E-001  4.356261E-002 -4.259107E-001 -9.037159E-001
  3.250000E+000  1.623702E-001  4.216480E-002  3.020484E-001 -6.177062E-001 -7.434177E-001  2.564551E-001 -7.564309E-001  4.724959E-001 -4.522829E-001  2.150611E-001 -4.733685E-001 -8.542078E-001
  3.300000E+000  1.566462E-001  6.751080E-002  2.935181E-001 -4.231464E-001 -8.363735E-001  3.484631E-001 -8.141443E-001  1.821923E-001 -5.513393E-001  3.976383E-001 -5.169965E-001 -7.580227E-001
  3.350000E+000  1.449212E-001  9.242059E-002  2.856826E-001 -2.558927E-001 -8.218051E-001  5.090730E-001 -7.785725E-001 -1.369436E-001 -6.124307E-001  5.730129E-001 -5.530668E-001 -6.047919E-001
  3.400000E+000  1.271631E-001  1.148961E-001  2.798386E-001 -1.659715E-001 -6.868798E-001  7.075660E-001 -6.790593E-001 -4.406876E-001 -5.870885E-001  7.150748E-001 -5.779192E-001 -3.932906E-001
  3.450000E+000  1.040904E-001  1.329205E-001  2.771848E-001 -1.742923E-001 -4.415771E-001  8.801317E-001 -5.788986E-001 -6.770870E-001 -4.543453E-001  7.965542E-001 -5.886959E-001 -1.376173E-001
  3.500000E+000  7.724394E-002  1.448734E-001  2.783339E-001 -2.494813E-001 -1.231458E-001  9.605177E-001 -5.446164E-001 -8.023099E-001 -2.443190E-001  8.007197E-001 -5.840667E-001  1.330941E-001
  3.550000E+000  4.873604E-002  1.499717E-001  2.830152E-001 -3.213898E-001  2.132316E-001  9.226271E-001 -6.029826E-001 -7.973380E-001 -2.576855E-002  7.301510E-001 -5.646099E-001  3.848313E-001
  3.600000E+000  2.074636E-002  1.483974E-001  2.902099E-001 -3.254564E-001  5.134533E-001  7.940049E-001 -7.270171E-001 -6.727977E-001  1.370745E-001  6.045860E-001 -5.326434E-001  5.922556E-001
  3.650000E+000 -4.884970E-003  1.410744E-001  2.986047E-001 -2.359119E-001  7.396162E-001  6.303281E-001 -8.611524E-001 -4.596715E-001  2.170684E-001  4.502912E-001 -4.915995E-001  7.453642E-001
  3.700000E+000 -2.682453E-002  1.293639E-001  3.070339E-001 -6.581103E-002  8.737881E-001  4.818333E-001 -9.547133E-001 -1.955553E-001  2.242335E-001  2.901576E-001 -4.452556E-001  8.470868E-001
  3.750000E+000 -4.428796E-002  1.148318E-001  3.147024E-001  1.514692E-001  9.138363E-001  3.767763E-001 -9.785737E-001  8.485170E-002  1.875999E-001  1.394655E-001 -3.971190E-001  9.071085E-001
  3.800000E+000 -5.703640E-002  9.905971E-002  3.212000E-001  3.795206E-001  8.674488E-001  3.217090E-001 -9.251627E-001  3.535107E-001  1.382175E-001  6.169048E-003 -3.500896E-001  9.366959E-001
  3.850000E+000 -6.531965E-002  8.347978E-002  3.264105E-001  5.880988E-001  7.475558E-001  3.087073E-001 -8.016709E-001  5.893183E-001  1.001383E-001 -1.070679E-001 -3.063728E-001  9.458711E-001
  3.900000E+000 -6.976478E-002  6.925192E-002  3.303997E-001  7.558623E-001  5.696341E-001  3.227835E-001 -6.231755E-001  7.771336E-001  8.783912E-002 -2.008098E-001 -2.675451E-001  9.423880E-001
  3.950000E+000 -7.123953E-002  5.720389E-002  3.333235E-001  8.698950E-001  3.503376E-001  3.471976E-001 -4.078800E-001  9.067457E-001  1.069869E-001 -2.773384E-001 -2.346824E-001  9.316693E-001
  4.000000E+000 -7.072494E-002  4.782773E-002  3.353643E-001  9.242221E-001  1.068050E-001  3.666145E-001 -1.743910E-001  9.721744E-001  1.564120E-001 -3.397076E-001 -2.084937E-001  9.171309E-001
  4.050000E+000 -6.921738E-002  4.131260E-002  3.366915E-001  9.183642E-001 -1.438046E-001  3.686833E-001  5.966953E-002  9.713064E-001  2.302247E-001 -3.912118E-001 -1.894310E-001  9.005938E-001
  4.100000E+000 -6.766442E-002  3.759166E-002  3.374384E-001  8.562635E-001 -3.847888E-001  3.446019E-001  2.783760E-001  9.057239E-001  3.196419E-001 -4.351088E-001 -1.777688E-001  8.826543E-001
  4.150000E+000 -6.692809E-002  3.638657E-002  3.376902E-001  7.455610E-001 -6.004697E-001  2.890933E-001  4.679838E-001  7.805640E-001  4.143802E-001 -4.744786E-001 -1.736548E-001  8.629682E-001
  4.200000E+000 -6.776426E-002  3.724080E-002  3.374774E-001  5.970734E-001 -7.768275E-001  2.001062E-001  6.174305E-001  6.042858E-001  5.036052E-001 -5.121357E-001 -1.771376E-001  8.404399E-001
  4.250000E+000 -7.080601E-002  3.954011E-002  3.367742E-001  4.242907E-001 -9.021185E-001  7.848316E-002  7.189452E-001  3.882936E-001  5.764944E-001 -5.505408E-001 -1.881761E-001  8.133232E-001
  4.300000E+000 -7.654078E-002  4.252418E-002  3.354998E-001  2.427439E-001 -9.673991E-001 -7.221101E-002  7.687639E-001  1.464321E-001  6.225430E-001 -5.916735E-001 -2.066317E-001  7.792470E-001
  4.350000E+000 -8.527434E-002  4.529837E-002  3.335244E-001  6.911707E-002 -9.669116E-001 -2.455705E-001  7.678976E-001 -1.055731E-001  6.318130E-001 -6.368329E-001 -2.322421E-001  7.351921E-001
  4.400000E+000 -9.708002E-002  4.685724E-002  3.306810E-001 -8.001651E-002 -8.983611E-001 -4.319083E-001  7.228727E-001 -3.506405E-001  5.954043E-001 -6.863326E-001 -2.645725E-001  6.774577E-001
  4.450000E+000 -1.117382E-001  4.613329E-002  3.267871E-001 -1.899895E-001 -7.631877E-001 -6.176152E-001  6.463010E-001 -5.707647E-001  5.064807E-001 -7.390527E-001 -3.029393E-001  6.016883E-001
  4.500000E+000 -1.286804E-001  4.208107E-002  3.216824E-001 -2.505643E-001 -5.670066E-001 -7.846789E-001  5.569866E-001 -7.473811E-001  3.621980E-001 -7.918229E-001 -3.463017E-001  5.030821E-001
  4.550000E+000 -1.469586E-001  3.379908E-002  3.152906E-001 -2.593366E-001 -3.204132E-001 -9.110872E-001  4.789639E-001 -8.618492E-001  1.667623E-001 -8.386526E-001 -3.931303E-001  3.769753E-001
  4.600000E+000 -1.652672E-001  2.067589E-002  3.077087E-001 -2.258100E-001 -4.027094E-002 -9.733386E-001  4.383739E-001 -8.964674E-001 -6.461020E-002 -8.699645E-001 -4.412759E-001  2.200850E-001
  4.650000E+000 -1.820292E-001  2.529447E-003  2.993181E-001 -1.748330E-001  2.487038E-001 -9.526698E-001  4.566680E-001 -8.367223E-001 -3.022418E-001 -8.722888E-001 -4.878957E-001  3.271163E-002
  4.700000E+000 -1.955409E-001 -2.029428E-002  2.908803E-001 -1.458875E-001  5.129963E-001 -8.459028E-001  5.392850E-001 -6.756027E-001 -5.027252E-001 -8.293904E-001 -5.295241E-001 -1.780892E-001
  4.750000E+000 -2.041512E-001 -4.687024E-002  2.835354E-001 -1.824190E-001  7.121687E-001 -6.778931E-001  6.628296E-001 -4.201639E-001 -6.197736E-001 -7.262095E-001 -5.623861E-001 -3.954006E-001
  4.800000E+000 -2.064912E-001 -7.567685E-002  2.785987E-001 -3.081551E-001  8.065391E-001 -5.045147E-001  7.718498E-001 -9.805573E-002 -6.281982E-001 -5.561369E-001 -5.829921E-001 -5.923107E-001
  4.850000E+000 -2.018021E-001 -1.046720E-001  2.771330E-001 -5.020699E-001  7.711032E-001 -3.915682E-001  7.999722E-001  2.420596E-001 -5.490461E-001 -3.285883E-001 -5.889032E-001 -7.383920E-001
  4.900000E+000 -1.902616E-001 -1.316122E-001  2.794827E-001 -6.996411E-001  6.087254E-001 -3.741067E-001  7.110692E-001  5.420051E-001 -4.478962E-001 -6.987802E-002 -5.793823E-001 -8.120549E-001
  4.950000E+000 -1.730122E-001 -1.545703E-001  2.851022E-001 -8.306917E-001  3.512520E-001 -4.319413E-001  5.246034E-001  7.536055E-001 -3.960681E-001  1.863936E-001 -5.556084E-001 -8.102819E-001
  5.000000E+000 -1.518137E-001 -1.723085E-001  2.928232E-001 -8.604755E-001  4.630467E-002 -5.073833E-001  2.986259E-001  8.527045E-001 -4.286229E-001  4.128007E-001 -5.203374E-001 -7.475591E-001
  5.050000E+000 -1.286146E-001 -1.843295E-001  3.013401E-001 -7.982419E-001 -2.594605E-001 -5.435900E-001  9.167219E-002  8.396234E-001 -5.353772E-001  5.953201E-001 -4.771926E-001 -6.464373E-001
  5.100000E+000 -1.052662E-001 -1.907639E-001  3.095931E-001 -6.783323E-001 -5.302617E-001 -5.086136E-001 -6.146465E-002  7.307473E-001 -6.798754E-001  7.321798E-001 -4.299197E-001 -5.282819E-001
  5.150000E+000 -8.334917E-002 -1.922445E-001  3.169158E-001 -5.383316E-001 -7.431322E-001 -3.974338E-001 -1.520098E-001  5.494919E-001 -8.215544E-001  8.289102E-001 -3.818549E-001 -4.087722E-001
  5.200000E+000 -6.405234E-002 -1.897692E-001  3.230040E-001 -4.069280E-001 -8.857747E-001 -2.231876E-001 -1.885150E-001  3.205067E-001 -9.282982E-001  8.937962E-001 -3.356763E-001 -2.974050E-001
  5.250000E+000 -4.811079E-002 -1.845401E-001  3.278113E-001 -3.008293E-001 -9.536470E-001 -7.690534E-003 -1.873041E-001  6.698853E-002 -9.800152E-001  9.351037E-001 -2.933768E-001 -1.987741E-001
  5.300000E+000 -3.581347E-002 -1.778027E-001  3.314410E-001 -2.263497E-001 -9.476833E-001  2.250827E-001 -1.658720E-001 -1.902027E-001 -9.676308E-001  9.598189E-001 -2.563578E-001 -1.141418E-001
  5.350000E+000 -2.706639E-002 -1.707181E-001  3.340629E-001 -1.824281E-001 -8.728613E-001  4.525850E-001 -1.393685E-001 -4.327053E-001 -8.906978E-001  9.732915E-001 -2.255644E-001 -4.271181E-002
  5.400000E+000 -2.148149E-002 -1.642820E-001  3.358586E-001 -1.635148E-001 -7.373804E-001  6.553877E-001 -1.192342E-001 -6.446878E-001 -7.550900E-001  9.793090E-001 -2.016130E-001  1.749502E-002
  5.450000E+000 -1.846466E-002 -1.592884E-001  3.369880E-001 -1.617801E-001 -5.521469E-001  8.179003E-001 -1.130741E-001 -8.129876E-001 -5.711964E-001  9.803272E-001 -1.848915E-001  6.909166E-002
  5.500000E+000 -1.728751E-002 -1.563213E-001  3.375701E-001 -1.685672E-001 -3.303256E-001  9.286927E-001 -1.251200E-001 -9.273830E-001 -3.525703E-001  9.777168E-001 -1.756298E-001  1.149960E-001
  5.550000E+000 -1.713849E-002 -1.557609E-001  3.376728E-001 -1.751927E-001 -8.681830E-002  9.806988E-001 -1.568469E-001 -9.809214E-001 -1.148573E-001  9.719602E-001 -1.739418E-001  1.582331E-001
  5.600000E+000 -1.715645E-002 -1.577899E-001  3.373089E-001 -1.732780E-001  1.623718E-001  9.713960E-001 -2.074698E-001 -9.702012E-001  1.251636E-001  9.627726E-001 -1.798472E-001  2.018017E-001
  5.650000E+000 -1.645507E-002 -1.623923E-001  3.364345E-001 -1.548375E-001  4.008555E-001  9.029619E-001 -2.741561E-001 -8.955219E-001  3.505410E-001  9.491384E-001 -1.932756E-001  2.485573E-001
  5.700000E+000 -1.414864E-002 -1.693411E-001  3.349523E-001 -1.123797E-001  6.125743E-001  7.823833E-001 -3.519001E-001 -7.608773E-001  5.451899E-001  9.292670E-001 -2.140525E-001  3.010721E-001
  5.750000E+000 -9.390090E-003 -1.781772E-001  3.327191E-001 -3.928429E-002  7.824443E-001  6.214802E-001 -4.331153E-001 -5.738303E-001  6.950755E-001  9.004820E-001 -2.418670E-001  3.614311E-001
  5.800000E+000 -1.430426E-003 -1.881907E-001  3.295598E-001  6.928890E-002  8.968993E-001  4.367730E-001 -5.071311E-001 -3.453649E-001  7.896462E-001  8.590792E-001 -2.762149E-001  4.309156E-001
  5.850000E+000  1.029651E-002 -1.984152E-001  3.252940E-001  2.147556E-001  9.443920E-001  2.490057E-001 -5.599405E-001 -8.983840E-002  8.236478E-001  8.002167E-001 -3.163113E-001  5.095100E-001
  5.900000E+000  2.606873E-002 -2.076567E-001  3.197802E-001  3.926507E-001  9.160321E-001  8.191792E-002 -5.747622E-001  1.748785E-001  7.994160E-001  7.179650E-001 -3.609746E-001  5.951668E-001
  5.950000E+000  4.576812E-002 -2.145713E-001  3.129863E-001  5.896126E-001  8.066713E-001 -4.047588E-002 -5.342581E-001  4.271032E-001  7.294869E-001  6.057435E-001 -4.084901E-001  6.827962E-001
  6.000000E+000  6.879989E-002 -2.177955E-001  3.050879E-001  7.808195E-001  6.168417E-001 -9.913253E-002 -4.254522E-001  6.411886E-001  6.386451E-001  4.575056E-001 -4.564903E-001  7.630893E-001
  6.050000E+000  9.407053E-002 -2.161138E-001  2.965798E-001  9.303379E-001  3.558709E-001 -8.847175E-002 -2.479965E-001  7.883122E-001  5.630822E-001  2.701279E-001 -5.019160E-001  8.216515E-001
  6.100000E+000  1.200340E-001 -2.086290E-001  2.883525E-001  9.985945E-001  4.585471E-002 -2.657846E-002 -2.411643E-002  8.396718E-001  5.425585E-001  4.719605E-002 -5.411549E-001  8.395975E-001
  6.150000E+000  1.447919E-001 -1.949301E-001  2.816357E-001  9.604589E-001 -2.755389E-001  3.996365E-002  1.969180E-001  7.737372E-001  6.021246E-001 -1.968301E-001 -5.704463E-001  7.974013E-001
  6.200000E+000  1.662680E-001 -1.752819E-001  2.777188E-001  8.284986E-001 -5.578338E-001  4.910725E-002  3.521510E-001  5.871785E-001  7.288423E-001 -4.354076E-001 -5.865517E-001  6.829183E-001
  6.250000E+000  1.825487E-001 -1.507888E-001  2.774779E-001  6.600630E-001 -7.500514E-001 -4.171006E-002  3.997714E-001  3.037151E-001  8.648352E-001 -6.360029E-001 -5.875202E-001  5.003202E-001
  6.300000E+000  1.923597E-001 -1.233134E-001  2.809702E-001  5.288126E-001 -8.188985E-001 -2.230749E-001  3.507418E-001 -2.848948E-002  9.360387E-001 -7.728760E-001 -5.732308E-001  2.721564E-001
  6.350000E+000  1.953714E-001 -9.505072E-002  2.874045E-001  4.791178E-001 -7.602641E-001 -4.386850E-001  2.624187E-001 -3.528569E-001  8.981249E-001 -8.376052E-001 -5.454268E-001  3.044749E-002
  6.400000E+000  1.921163E-001 -6.804269E-002  2.955155E-001  5.061167E-001 -5.957545E-001 -6.236366E-001  1.992908E-001 -6.227338E-001  7.566279E-001 -8.391240E-001 -5.072270E-001 -1.964476E-001
  6.450000E+000  1.837039E-001 -4.390725E-002  3.040454E-001  5.718646E-001 -3.599035E-001 -7.371841E-001  1.999666E-001 -8.103613E-001  5.507521E-001 -7.956031E-001 -4.623678E-001 -3.914482E-001
  6.500000E+000  1.715662E-001 -2.374578E-002  3.120546E-001  6.322617E-001 -8.847695E-002 -7.696862E-001  2.704914E-001 -9.057344E-001  3.263121E-001 -7.260024E-001 -4.145082E-001 -5.487290E-001
  6.550000E+000  1.572604E-001 -8.116018E-003  3.190013E-001  6.540032E-001  1.876431E-001 -7.328505E-001  3.945117E-001 -9.111840E-001  1.187617E-001 -6.454768E-001 -3.667886E-001 -6.699446E-001
  6.600000E+000  1.422915E-001  2.946308E-003  3.246763E-001  6.193254E-001  4.440986E-001 -6.474662E-001  5.459415E-001 -8.362470E-001 -5.137062E-002 -5.642553E-001 -3.216635E-001 -7.603608E-001
  6.650000E+000  1.279641E-001  9.845060E-003  3.290915E-001  5.241298E-001  6.626089E-001 -5.350116E-001  6.977768E-001 -6.942849E-001 -1.762836E-001 -4.882576E-001 -2.809232E-001 -8.262486E-001
  6.700000E+000  1.152892E-001  1.329896E-002  3.323793E-001  3.741877E-001  8.300256E-001 -4.135712E-001  8.266937E-001 -5.006354E-001 -2.567914E-001 -4.201918E-001 -2.458085E-001 -8.735085E-001
  6.750000E+000  1.049513E-001  1.420976E-002  3.347181E-001  1.815931E-001  9.375712E-001 -2.966212E-001  9.148859E-001 -2.716755E-001 -2.986238E-001 -3.605658E-001 -2.171465E-001 -9.071051E-001
  6.800000E+000  9.732223E-002  1.355097E-002  3.362853E-001 -3.796114E-002  9.804089E-001 -1.932807E-001  9.504827E-001 -2.427794E-002 -3.098278E-001 -3.084503E-001 -1.954713E-001 -9.309400E-001
  6.850000E+000  9.249897E-002  1.228858E-002  3.372291E-001 -2.671588E-001  9.574574E-001 -1.090944E-001  9.273513E-001  2.246620E-001 -2.992434E-001 -2.620034E-001 -1.811143E-001 -9.479197E-001
  6.900000E+000  9.034674E-002  1.133203E-002  3.376532E-001 -4.885138E-001  8.712995E-001 -4.681209E-002  8.446745E-001  4.587690E-001 -2.757824E-001 -2.188131E-001 -1.742645E-001 -9.600795E-001
  6.950000E+000  9.053476E-002  1.150623E-002  3.376082E-001 -6.854976E-001  7.280422E-001 -6.897611E-003  7.064525E-001  6.628182E-001 -2.481870E-001 -1.761188E-001 -1.750044E-001 -9.686876E-001
  7.000000E+000  9.255972E-002  1.353293E-002  3.370886E-001 -8.434642E-001  5.370440E-001  1.232242E-002  5.209777E-001  8.233927E-001 -2.249594E-001 -1.309593E-001 -1.833255E-001 -9.742902E-001
  7.050000E+000  9.575829E-002  1.801001E-002  3.360330E-001 -9.504586E-001  3.104974E-001  1.482960E-002  3.003034E-001  9.294838E-001 -2.141908E-001 -8.028955E-002 -1.991261E-001 -9.766793E-001
  7.100000E+000  9.931502E-002  2.538006E-002  3.343284E-001 -9.979925E-001  6.291447E-002  7.264427E-003  5.971330E-002  9.729707E-001 -2.230745E-001 -2.110269E-002 -2.221929E-001 -9.747743E-001
  7.150000E+000  1.022765E-001  3.588336E-002  3.318193E-001 -9.819010E-001 -1.893935E-001 -7.684771E-004 -1.828406E-001  9.489705E-001 -2.569520E-001  4.939431E-002 -2.521609E-001 -9.664239E-001
  7.200000E+000  1.035849E-001  4.949707E-002  3.283253E-001 -9.034113E-001 -4.287627E-001  3.250201E-003 -4.074669E-001  8.561313E-001 -3.178205E-001  1.334870E-001 -2.884469E-001 -9.481453E-001
  7.250000E+000  1.021431E-001  6.586986E-002  3.236727E-001 -7.705093E-001 -6.365248E-001  3.393399E-002 -5.935332E-001  6.970185E-001 -4.023476E-001  2.324516E-001 -3.301535E-001 -9.148579E-001
  7.300000E+000  9.692053E-002  8.427106E-002  3.177457E-001 -5.994800E-001 -7.933602E-001  1.058453E-001 -7.218670E-001  4.787964E-001 -4.996620E-001  3.457336E-001 -3.759436E-001 -8.597294E-001
  7.350000E+000  8.709213E-002  1.035795E-001  3.105668E-001 -4.159902E-001 -8.799650E-001  2.293769E-001 -7.786687E-001  2.143975E-001 -5.896683E-001  4.697097E-001 -4.239048E-001 -7.743885E-001
  7.400000E+000  7.218944E-002  1.223346E-001  3.024017E-001 -2.541163E-001 -8.786300E-001  4.042701E-001 -7.616559E-001 -7.581272E-002 -6.435314E-001  5.960748E-001 -4.714465E-001 -6.499485E-001
  7.450000E+000  5.222623E-002  1.388530E-001  2.938674E-001 -1.504465E-001 -7.766075E-001  6.117570E-001 -6.876100E-001 -3.624087E-001 -6.291680E-001  7.103227E-001 -5.153064E-001 -4.794800E-001
  7.500000E+000  2.777819E-002  1.513905E-001  2.859781E-001 -1.302530E-001 -5.719722E-001  8.098654E-001 -5.969217E-001 -6.069608E-001 -5.246743E-001  7.916556E-001 -5.517666E-001 -2.623641E-001
  7.550000E+000  2.914546E-005  1.583451E-001  2.800250E-001 -1.876177E-001 -2.810671E-001  9.411700E-001 -5.458885E-001 -7.667453E-001 -3.377979E-001  8.165815E-001 -5.771507E-001 -9.576383E-003
  7.600000E+000 -2.923242E-002  1.585494E-001  2.772208E-001 -2.738179E-001  5.706306E-002  9.600873E-001 -5.795489E-001 -8.064431E-001 -1.173568E-001  7.675590E-001 -5.885519E-001  2.538894E-001
  7.650000E+000 -5.780262E-002  1.516415E-001  2.782108E-001 -3.152357E-001  3.864315E-001  8.667740E-001 -6.977923E-001 -7.134103E-001  6.427882E-002  6.432048E-001 -5.845652E-001  4.945413E-001
  7.700000E+000 -8.352314E-002  1.382709E-001  2.827617E-001 -2.579806E-001  6.514437E-001  7.134894E-001 -8.487908E-001 -5.055857E-001  1.547171E-001  4.615195E-001 -5.656892E-001  6.833707E-001
  7.750000E+000 -1.047644E-001  1.199027E-001  2.898777E-001 -9.965772E-002  8.151163E-001  5.706608E-001 -9.626242E-001 -2.241374E-001  1.520432E-001  2.518393E-001 -5.341796E-001  8.069877E-001
  7.800000E+000 -1.206209E-001  9.839289E-002  2.982479E-001  1.192789E-001  8.658037E-001  4.859594E-001 -9.919608E-001  8.308453E-002  9.545052E-002  4.226571E-002 -4.934379E-001  8.687535E-001
  7.850000E+000 -1.308603E-001  7.563944E-002  3.066944E-001  3.462185E-001  8.120071E-001  4.698694E-001 -9.263835E-001  3.749933E-001  3.454990E-002 -1.481431E-001 -4.472411E-001  8.820595E-001
  7.900000E+000 -1.358126E-001  5.336860E-002  3.144051E-001  5.396525E-001  6.732178E-001  5.055224E-001 -7.826074E-001  6.224820E-001  6.468659E-003 -3.103238E-001 -3.991164E-001  8.627892E-001
  7.950000E+000 -1.362522E-001  3.298729E-002  3.209554E-001  6.764681E-001  4.727549E-001  5.647067E-001 -5.886938E-001  8.078392E-001  2.890451E-002 -4.425275E-001 -3.519923E-001  8.247853E-001
  8.000000E+000 -1.332517E-001  1.548536E-002  3.262190E-001  7.493953E-001  2.338748E-001  6.194427E-001 -3.728685E-001  9.221580E-001  1.029254E-001 -5.471524E-001 -3.081024E-001  7.782655E-001
  8.050000E+000 -1.280188E-001  1.405352E-003  3.302563E-001  7.616049E-001 -2.181464E-002  6.476744E-001 -1.583327E-001  9.628800E-001  2.186158E-001 -6.284017E-001 -2.690469E-001  7.298801E-001
  8.100000E+000 -1.217502E-001 -9.122658E-003  3.332208E-001  7.219555E-001 -2.748194E-001  6.350232E-001  3.799082E-002  9.321030E-001  3.601952E-001 -6.908957E-001 -2.359199E-001  6.833775E-001
  8.150000E+000 -1.155277E-001 -1.630605E-002  3.352948E-001  6.418222E-001 -5.078754E-001  5.745666E-001  2.048773E-001  8.355813E-001  5.097344E-001 -7.389787E-001 -2.094432E-001  6.403468E-001
  8.200000E+000 -1.102593E-001 -2.060328E-002  3.366486E-001  5.333348E-001 -7.060838E-001  4.658323E-001  3.357006E-001  6.821409E-001  6.496067E-001 -7.764400E-001 -1.900777E-001  6.008422E-001
  8.250000E+000 -1.066569E-001 -2.264674E-002  3.374176E-001  4.085554E-001 -8.571756E-001  3.135801E-001  4.274665E-001  4.832483E-001  7.640311E-001 -8.064459E-001 -1.781040E-001  5.638475E-001
  8.300000E+000 -1.052343E-001 -2.318420E-002  3.376890E-001  2.791340E-001 -9.518689E-001  1.266091E-001  4.802158E-001  2.525526E-001  8.400059E-001 -8.315510E-001 -1.736745E-001  5.275985E-001
  8.350000E+000 -1.063116E-001 -2.303922E-002  3.374957E-001  1.560752E-001 -9.842250E-001 -8.331696E-002  4.968019E-001  5.315904E-003  8.678477E-001 -8.537145E-001 -1.768416E-001  4.897945E-001
  8.400000E+000 -1.100149E-001 -2.308440E-002  3.368141E-001  4.936770E-002 -9.519073E-001 -3.023827E-001  4.829166E-001 -2.422617E-001  8.414872E-001 -8.742736E-001 -1.875679E-001  4.477320E-001
  8.450000E+000 -1.162664E-001 -2.421822E-002  3.355657E-001 -3.266906E-002 -8.562877E-001 -5.154649E-001  4.471776E-001 -4.737625E-001  7.586707E-001 -8.938484E-001 -2.057193E-001  3.983901E-001
  8.500000E+000 -1.247635E-001 -2.733409E-002  3.336226E-001 -8.436773E-002 -7.024090E-001 -7.067557E-001  4.010580E-001 -6.732328E-001  6.212167E-001 -9.121593E-001 -2.310394E-001  3.385059E-001
  8.550000E+000 -1.349533E-001 -3.327137E-002  3.308190E-001 -1.039995E-001 -4.988785E-001 -8.604094E-001  3.584233E-001 -8.257709E-001  4.354712E-001 -9.277483E-001 -2.631020E-001  2.646894E-001
  8.600000E+000 -1.460145E-001 -4.274094E-002  3.269722E-001 -9.525101E-002 -2.578100E-001 -9.614891E-001  3.344052E-001 -9.180366E-001  2.130306E-001 -9.376035E-001 -3.012356E-001  1.736569E-001
  8.650000E+000 -1.568643E-001 -5.622512E-002  3.219203E-001 -6.863716E-002  5.064229E-003 -9.976288E-001  3.432827E-001 -9.388032E-001 -2.838356E-002 -9.367208E-001 -3.444169E-001  6.269832E-002
  8.700000E+000 -1.662073E-001 -7.386349E-002  3.155816E-001 -4.230109E-002  2.700671E-001 -9.619118E-001  3.950004E-001 -8.798146E-001 -2.643880E-001 -9.177065E-001 -3.911395E-001 -6.945951E-002
  8.750000E+000 -1.726404E-001 -9.534983E-002  3.080439E-001 -4.109680E-002  5.131859E-001 -8.572930E-001  4.901208E-001 -7.373408E-001 -4.648764E-001 -8.706852E-001 -4.392821E-001 -2.212207E-001
  8.800000E+000 -1.748060E-001 -1.198739E-001  2.996746E-001 -9.207924E-002  7.061745E-001 -7.020249E-001  6.138360E-001 -5.148705E-001 -5.984261E-001 -7.840452E-001 -4.860307E-001 -3.860664E-001
  8.850000E+000 -1.715656E-001 -1.461303E-001  2.912184E-001 -2.142509E-001  8.183688E-001 -5.332626E-001  7.318862E-001 -2.270469E-001 -6.424891E-001 -6.468687E-001 -5.279414E-001 -5.503079E-001
  8.900000E+000 -1.621728E-001 -1.723866E-001  2.838018E-001 -4.029107E-001  8.220327E-001 -4.023993E-001  7.948240E-001  9.627849E-002 -5.991538E-001 -4.537816E-001 -5.612421E-001 -6.921630E-001
  8.950000E+000 -1.464631E-001 -1.966092E-001  2.787402E-001 -6.171577E-001  7.022665E-001 -3.548777E-001  7.579129E-001  4.094059E-001 -5.078926E-001 -2.113869E-001 -5.824162E-001 -7.849248E-001
  9.000000E+000 -1.250658E-001 -2.167170E-001  2.771172E-001 -7.883940E-001  4.683147E-001 -3.988939E-001  6.124316E-001  6.586349E-001 -4.371814E-001  5.798693E-002 -5.889664E-001 -8.060745E-001
  9.050000E+000 -9.947435E-002 -2.310287E-001  2.793133E-001 -8.575578E-001  1.573556E-001 -4.897283E-001  4.018785E-001  7.992186E-001 -4.469265E-001  3.210736E-001 -5.800766E-001 -7.486140E-001
  9.100000E+000 -7.176483E-002 -2.386958E-001  2.848174E-001 -8.135221E-001 -1.761171E-001 -5.542244E-001  1.984752E-001  8.117276E-001 -5.492777E-001  5.466164E-001 -5.568493E-001 -6.254034E-001
  9.150000E+000 -4.409210E-002 -2.397980E-001  2.924776E-001 -6.946904E-001 -4.792928E-001 -5.363615E-001  5.848844E-002  7.055548E-001 -7.062376E-001  7.169270E-001 -5.219875E-001 -4.621091E-001
  9.200000E+000 -1.831250E-002 -2.351251E-001  3.009851E-001 -5.576676E-001 -7.149118E-001 -4.217914E-001 -1.973884E-003  5.092837E-001 -8.605964E-001  8.300620E-001 -4.790942E-001 -2.854222E-001
  9.250000E+000  4.178552E-003 -2.259105E-001  3.092652E-001 -4.470360E-001 -8.642604E-001 -2.306790E-001  2.306453E-005  2.578702E-001 -9.661796E-001  8.945160E-001 -4.319224E-001 -1.152573E-001
  9.300000E+000  2.250731E-002 -2.136229E-001  3.166348E-001 -3.841567E-001 -9.232661E-001  1.816078E-003  3.346590E-002 -1.589031E-002 -9.993135E-001  9.226612E-001 -3.838322E-001  3.700230E-002
  9.350000E+000  3.633423E-002 -1.997830E-001  3.227767E-001 -3.702352E-001 -8.972070E-001  2.407186E-001  6.842036E-002 -2.847673E-001 -9.561518E-001  9.264149E-001 -3.375310E-001  1.668181E-001
  9.400000E+000  4.580618E-002 -1.857981E-001  3.276359E-001 -3.939991E-001 -7.966898E-001  4.583122E-001  8.309749E-002 -5.274823E-001 -8.454923E-001  9.153467E-001 -2.950386E-001  2.740305E-001
  9.450000E+000  5.145268E-002 -1.728375E-001  3.313114E-001 -4.386193E-001 -6.352529E-001  6.356626E-001  6.536861E-002 -7.280137E-001 -6.824390E-001  8.962924E-001 -2.577785E-001  3.608464E-001
  9.500000E+000  5.405736E-002 -1.617689E-001  3.339715E-001 -4.864304E-001 -4.281057E-001  7.616502E-001  1.163482E-002 -8.748298E-001 -4.842907E-001  8.736419E-001 -2.267120E-001  4.305247E-001
  9.550000E+000  5.453752E-002 -1.531481E-001  3.357982E-001 -5.216785E-001 -1.914487E-001  8.313838E-001 -7.516383E-002 -9.603929E-001 -2.683205E-001  8.498247E-001 -2.024670E-001  4.866263E-001
  9.600000E+000  5.385071E-002 -1.472430E-001  3.369526E-001 -5.318883E-001  5.801935E-002  8.448246E-001 -1.875668E-001 -9.809414E-001 -5.072181E-002  8.257805E-001 -1.854394E-001  5.326338E-001
  9.650000E+000  5.293237E-002 -1.440721E-001  3.375557E-001 -5.083595E-001  3.036180E-001  8.058454E-001 -3.153213E-001 -9.364229E-001  1.538984E-001  8.013383E-001 -1.758645E-001  5.717767E-001
  9.700000E+000  5.265850E-002 -1.434408E-001  3.376777E-001 -4.461556E-001  5.292950E-001  7.216592E-001 -4.467243E-001 -8.304332E-001  3.328934E-001  7.754886E-001 -1.738605E-001  6.069514E-001
  9.750000E+000  5.382287E-002 -1.449680E-001  3.373337E-001 -3.438506E-001  7.202986E-001  6.024423E-001 -5.695775E-001 -6.700502E-001  4.760401E-001  7.465576E-001 -1.794509E-001  6.406630E-001
  9.800000E+000  5.711711E-002 -1.481003E-001  3.364821E-001 -2.032444E-001  8.638354E-001  4.609557E-001 -6.718053E-001 -4.655164E-001  5.761702E-001  7.122987E-001 -1.925691E-001  6.749428E-001
  9.850000E+000  6.310325E-002 -1.521185E-001  3.350278E-001 -2.922171E-002  9.496348E-001  3.119934E-001 -7.418550E-001 -2.297943E-001  6.299569E-001  6.699233E-001 -2.130455E-001  7.112063E-001
  9.900000E+000  7.217191E-002 -1.561446E-001  3.328291E-001  1.701240E-001  9.703826E-001  1.715094E-001 -7.690740E-001  2.193009E-002  6.387834E-001  6.161030E-001 -2.405758E-001  7.500269E-001
  9.950000E+000  8.448399E-002 -1.591623E-001  3.297120E-001  3.830820E-001  9.220589E-001  5.527796E-002 -7.443414E-001  2.727021E-001  6.095814E-001  5.469955E-001 -2.746653E-001  7.907938E-001
