% FILE: disk.4
%
%       t         P_Ao_Co[1]     P_Ao_Co[2]     P_Ao_Co[3]      A_C[1,1]       A_C[1,2]       A_C[1,3]       A_C[2,1]       A_C[2,2]       A_C[2,3]       A_C[3,1]       A_C[3,2]       A_C[3,3]
%     (sec)         (meter)        (meter)        (meter)       (NoUnits)      (NoUnits)      (NoUnits)      (NoUnits)      (NoUnits)      (NoUnits)      (NoUnits)      (NoUnits)      (NoUnits)

  0.000000E+000  0.000000E+000  0.000000E+000  0.000000E+000  1.000000E+000  0.000000E+000  0.000000E+000  0.000000E+000  9.848078E-001  1.736482E-001  0.000000E+000 -1.736482E-001  9.848078E-001
  5.000000E-002  1.514086E-002  1.944834E-003  0.000000E+000  9.679218E-001 -2.472644E-001 -4.458376E-002  2.512516E-001  9.525613E-001  1.717545E-001  0.000000E+000 -1.774467E-001  9.841304E-001
  1.000000E-001  3.035837E-002  8.083971E-003  0.000000E+000  8.733900E-001 -4.782630E-001 -9.194828E-002  4.870215E-001  8.576830E-001  1.648935E-001  0.000000E+000 -1.887971E-001  9.820161E-001
  1.500000E-001  4.536556E-002  1.925644E-002  0.000000E+000  7.213864E-001 -6.774515E-001 -1.437397E-001  6.925328E-001  7.056768E-001  1.497284E-001  0.000000E+000 -2.075565E-001  9.782230E-001
  2.000000E-001  5.919223E-002  3.661773E-002  0.000000E+000  5.198493E-001 -8.306525E-001 -1.994320E-001  8.542580E-001  5.054845E-001  1.213622E-001  0.000000E+000 -2.334564E-001  9.723673E-001
  2.500000E-001  6.994477E-002  6.129312E-002  0.000000E+000  2.793113E-001 -9.255933E-001 -2.554648E-001  9.602006E-001  2.692444E-001  7.431178E-002  0.000000E+000 -2.660536E-001  9.639582E-001
  3.000000E-001  7.467325E-002  9.390976E-002  0.000000E+000  1.273128E-002 -9.523866E-001 -3.046271E-001  9.999190E-001  1.212608E-002  3.878606E-003  0.000000E+000 -3.046518E-001  9.524638E-001
  3.500000E-001  6.938682E-002  1.339935E-001  0.000000E+000 -2.642119E-001 -9.041113E-001 -3.358195E-001  9.644646E-001 -2.476784E-001 -9.199667E-002  0.000000E+000 -3.481927E-001  9.374230E-001
  4.000000E-001  4.931693E-002  1.791997E-001  0.000000E+000 -5.321343E-001 -7.777656E-001 -3.345353E-001  8.466600E-001 -4.888334E-001 -2.102588E-001  0.000000E+000 -3.951235E-001  9.186280E-001
  4.500000E-001  9.656776E-003  2.243885E-001  0.000000E+000 -7.662723E-001 -5.759446E-001 -2.848062E-001  6.425159E-001 -6.868785E-001 -3.396633E-001  0.000000E+000 -4.432671E-001  8.963896E-001
  5.000000E-001 -5.282490E-002  2.607859E-001  0.000000E+000 -9.348632E-001 -3.095181E-001 -1.738660E-001  3.550082E-001 -8.150715E-001 -4.578511E-001  0.000000E+000 -4.897520E-001  8.718618E-001
  5.500000E-001 -1.369211E-001  2.760621E-001  0.000000E+000 -9.999992E-001 -1.052016E-003 -6.593969E-004  1.241588E-003 -8.473138E-001 -5.310911E-001  0.000000E+000 -5.310915E-001  8.473145E-001
  6.000000E-001 -2.333774E-001  2.569832E-001  0.000000E+000 -9.255876E-001  3.127103E-001  2.133069E-001 -3.785335E-001 -7.646373E-001 -5.215767E-001  0.000000E+000 -5.635088E-001  8.261101E-001
  6.500000E-001 -3.233742E-001  1.959784E-001  0.000000E+000 -6.959559E-001  5.831441E-001  4.190327E-001 -7.180845E-001 -5.651738E-001 -4.061197E-001  0.000000E+000 -5.835423E-001  8.120828E-001
  7.000000E-001 -3.837154E-001  9.903918E-002  0.000000E+000 -3.375940E-001  7.608172E-001  5.542449E-001 -9.412918E-001 -2.728669E-001 -1.987797E-001  0.000000E+000 -5.888130E-001  8.082693E-001
  7.500000E-001 -3.987651E-001 -1.306301E-002  0.000000E+000  7.845898E-002  8.130526E-001  5.768793E-001 -9.969173E-001  6.398853E-002  4.540132E-002  0.000000E+000 -5.786631E-001  8.155667E-001
  8.000000E-001 -3.694852E-001 -1.147563E-001  0.000000E+000  4.660151E-001  7.363867E-001  4.904738E-001 -8.847768E-001  3.878575E-001  2.583343E-001  0.000000E+000 -5.543475E-001  8.322853E-001
  8.500000E-001 -3.106502E-001 -1.885381E-001  0.000000E+000  7.614456E-001  5.542177E-001  3.362192E-001 -6.482288E-001  6.510149E-001  3.949418E-001  0.000000E+000 -5.186736E-001  8.549723E-001
  9.000000E-001 -2.406293E-001 -2.296968E-001  0.000000E+000  9.385343E-001  3.037059E-001  1.640614E-001 -3.451860E-001  8.257529E-001  4.460703E-001  0.000000E+000 -4.752840E-001  8.798324E-001
  9.500000E-001 -1.736102E-001 -2.427203E-001  0.000000E+000  9.996771E-001  2.296634E-002  1.087348E-002 -2.541034E-002  9.035268E-001  4.277775E-001  0.000000E+000 -4.279157E-001  9.038186E-001
  1.000000E+000 -1.175033E-001 -2.357269E-001  0.000000E+000  9.610117E-001 -2.557794E-001 -1.050400E-001  2.765077E-001  8.889699E-001  3.650699E-001  0.000000E+000 -3.798808E-001  9.250354E-001
  1.050000E+000 -7.515400E-002 -2.167659E-001  0.000000E+000  8.423995E-001 -5.079416E-001 -1.798846E-001  5.388536E-001  7.940742E-001  2.812169E-001  0.000000E+000 -3.338284E-001  9.426338E-001
  1.100000E+000 -4.626813E-002 -1.922609E-001  0.000000E+000  6.632126E-001 -7.158762E-001 -2.183355E-001  7.484311E-001  6.343645E-001  1.934752E-001  0.000000E+000 -2.917242E-001  9.565025E-001
  1.150000E+000 -2.895812E-002 -1.666912E-001  0.000000E+000  4.414414E-001 -8.676389E-001 -2.287623E-001  8.972901E-001  4.268538E-001  1.125446E-001  0.000000E+000 -2.549480E-001  9.669548E-001
  1.200000E+000 -2.076726E-002 -1.427865E-001  0.000000E+000  1.940116E-001 -9.559744E-001 -2.201644E-001  9.809992E-001  1.890625E-001  4.354177E-002  0.000000E+000 -2.244287E-001  9.744905E-001
  1.250000E+000 -1.930695E-002 -1.218879E-001  0.000000E+000 -6.278371E-002 -9.777054E-001 -2.003754E-001  9.980272E-001 -6.150532E-002 -1.260518E-002  0.000000E+000 -2.007714E-001  9.796381E-001
  1.300000E+000 -2.263937E-002 -1.043543E-001  0.000000E+000 -3.131567E-001 -9.334230E-001 -1.750837E-001  9.497015E-001 -3.077890E-001 -5.773250E-002  0.000000E+000 -1.843566E-001  9.828594E-001
  1.350000E+000 -2.947711E-002 -8.997872E-002  0.000000E+000 -5.420707E-001 -8.273042E-001 -1.474013E-001  8.403329E-001 -5.336664E-001 -9.508367E-002  0.000000E+000 -1.754082E-001  9.844958E-001
  1.400000E+000 -3.922631E-002 -7.839395E-002  0.000000E+000 -7.357655E-001 -6.669013E-001 -1.178637E-001  6.772364E-001 -7.245371E-001 -1.280498E-001  0.000000E+000 -1.740362E-001  9.847393E-001
  1.450000E+000 -5.188490E-002 -6.943865E-002  0.000000E+000 -8.823906E-001 -4.628104E-001 -8.481390E-002  4.705177E-001 -8.679367E-001 -1.590567E-001  0.000000E+000 -1.802566E-001  9.836196E-001
  1.500000E+000 -6.781243E-002 -6.344662E-002  0.000000E+000 -9.725687E-001 -2.281966E-001 -4.512623E-002  2.326157E-001 -9.540924E-001 -1.886733E-001  0.000000E+000 -1.939948E-001  9.810026E-001
  1.550000E+000 -8.740026E-002 -6.142413E-002  0.000000E+000 -9.997514E-001  2.177654E-002  4.795745E-003 -2.229836E-002 -9.763555E-001 -2.150182E-001  0.000000E+000 -2.150716E-001  9.765983E-001
  1.600000E+000 -1.106783E-001 -6.509175E-002  0.000000E+000 -9.603200E-001  2.705289E-001  6.782009E-002 -2.789004E-001 -9.314949E-001 -2.335206E-001  0.000000E+000 -2.431696E-001  9.699838E-001
  1.650000E+000 -1.368900E-001 -7.677629E-002  0.000000E+000 -8.535050E-001  5.005780E-001  1.447440E-001 -5.210846E-001 -8.199165E-001 -2.370819E-001  0.000000E+000 -2.777744E-001  9.606463E-001
  1.700000E+000 -1.640569E-001 -9.913315E-002  0.000000E+000 -6.813279E-001  6.939604E-001  2.328332E-001 -7.319784E-001 -6.459406E-001 -2.167219E-001  0.000000E+000 -3.180875E-001  9.480613E-001
  1.750000E+000 -1.885525E-001 -1.346453E-001  0.000000E+000 -4.489264E-001  8.326497E-001  3.242830E-001 -8.935687E-001 -4.183209E-001 -1.629189E-001  0.000000E+000 -3.629078E-001  9.318251E-001
  1.800000E+000 -2.047552E-001 -1.847821E-001  0.000000E+000 -1.657787E-001  8.992452E-001  4.048154E-001 -9.861630E-001 -1.511674E-001 -6.805142E-002  0.000000E+000 -4.104955E-001  9.118626E-001
  1.850000E+000 -2.050130E-001 -2.486480E-001  0.000000E+000  1.515912E-001  8.784474E-001  4.531560E-001 -9.884433E-001  1.347218E-001  6.949762E-002  0.000000E+000 -4.584542E-001  8.887180E-001
  1.900000E+000 -1.804954E-001 -3.210629E-001  0.000000E+000  4.752722E-001  7.600753E-001  4.431725E-001 -8.798388E-001  4.105782E-001  2.393934E-001  0.000000E+000 -5.036974E-001  8.638802E-001
  1.950000E+000 -1.238973E-001 -3.906510E-001  0.000000E+000  7.617004E-001  5.442564E-001  3.515642E-001 -6.479294E-001  6.398234E-001  4.132960E-001  0.000000E+000 -5.425965E-001  8.399935E-001
  2.000000E+000 -3.457057E-002 -4.399656E-001  0.000000E+000  9.531983E-001  2.481272E-001  1.727598E-001 -3.023459E-001  7.822643E-001  5.446553E-001  0.000000E+000 -5.713978E-001  8.206733E-001
  2.050000E+000  7.601873E-002 -4.507454E-001  0.000000E+000  9.938289E-001 -8.981066E-002 -6.510148E-002  1.109241E-001  8.046621E-001  5.832792E-001  0.000000E+000 -5.869011E-001  8.096586E-001
  2.100000E+000  1.846244E-001 -4.142330E-001  0.000000E+000  8.590141E-001 -4.143864E-001 -3.006305E-001  5.119519E-001  6.953070E-001  5.044337E-001  0.000000E+000 -5.872240E-001  8.094245E-001
  2.150000E+000  2.664161E-001 -3.386269E-001  0.000000E+000  5.764813E-001 -6.700519E-001 -4.676535E-001  8.171103E-001  4.727298E-001  3.299352E-001  0.000000E+000 -5.723260E-001  8.200262E-001
  2.200000E+000  3.078906E-001 -2.448974E-001  0.000000E+000  2.140062E-001 -8.196325E-001 -5.314169E-001  9.768323E-001  1.795666E-001  1.164238E-001  0.000000E+000 -5.440206E-001  8.390719E-001
  2.250000E+000  3.107733E-001 -1.546995E-001  0.000000E+000 -1.555217E-001 -8.523468E-001 -4.993175E-001  9.878325E-001 -1.341912E-001 -7.861122E-002  0.000000E+000 -5.054678E-001  8.628455E-001
  2.300000E+000  2.861476E-001 -8.174535E-002  0.000000E+000 -4.797334E-001 -7.788847E-001 -4.039734E-001  8.774143E-001 -4.258616E-001 -2.208757E-001  0.000000E+000 -4.604135E-001  8.877046E-001
  2.350000E+000  2.468350E-001 -3.078130E-002  0.000000E+000 -7.311465E-001 -6.214734E-001 -2.814170E-001  6.822205E-001 -6.660430E-001 -3.015991E-001  0.000000E+000 -4.125015E-001  9.109569E-001
  2.400000E+000  2.031232E-001 -5.937015E-004  0.000000E+000 -8.999871E-001 -4.058678E-001 -1.590423E-001  4.359164E-001 -8.379492E-001 -3.283565E-001  0.000000E+000 -3.648458E-001  9.310680E-001
  2.450000E+000  1.617247E-001  1.278197E-002  0.000000E+000 -9.861696E-001 -1.570314E-001 -5.301528E-002  1.657392E-001 -9.343571E-001 -3.154477E-001  0.000000E+000 -3.198717E-001  9.474609E-001
  2.500000E+000  1.262608E-001  1.397637E-002  0.000000E+000 -9.942836E-001  1.025206E-001  2.982584E-002 -1.067711E-001 -9.547023E-001 -2.777471E-001  0.000000E+000 -2.793439E-001  9.601911E-001
  2.550000E+000  9.812212E-002  7.212788E-003  0.000000E+000 -9.313441E-001  3.530899E-001  8.902625E-002 -3.641403E-001 -9.030811E-001 -2.276982E-001  0.000000E+000 -2.444834E-001  9.696535E-001
  2.600000E+000  7.726733E-002 -4.157519E-003  0.000000E+000 -8.061201E-001  5.777693E-001  1.278794E-001 -5.917520E-001 -7.870719E-001 -1.742050E-001  0.000000E+000 -2.161030E-001  9.763706E-001
  2.650000E+000  6.287346E-002 -1.779567E-002  0.000000E+000 -6.290980E-001  7.624460E-001  1.513661E-001 -7.773260E-001 -6.170556E-001 -1.225022E-001  0.000000E+000 -1.947267E-001  9.808575E-001
  2.700000E+000  5.385496E-002 -3.233031E-002  0.000000E+000 -4.125223E-001  8.959553E-001  1.645890E-001 -9.109475E-001 -4.057330E-001 -7.453408E-002  0.000000E+000 -1.806789E-001  9.835421E-001
  2.750000E+000  4.926916E-002 -4.718452E-002  0.000000E+000 -1.702402E-001  9.703459E-001  1.716017E-001 -9.854026E-001 -1.676390E-001 -2.964627E-002  0.000000E+000 -1.741438E-001  9.847202E-001
  2.800000E+000  4.860481E-002 -6.230348E-002  0.000000E+000  8.272420E-002  9.811584E-001  1.745993E-001 -9.965725E-001  8.144470E-002  1.449326E-002  0.000000E+000 -1.751998E-001  9.845329E-001
  2.850000E+000  5.193762E-002 -7.781317E-002  0.000000E+000  3.308157E-001  9.276122E-001  1.734838E-001 -9.436954E-001  3.251776E-001  6.081535E-002  0.000000E+000 -1.838346E-001  9.829572E-001
  2.900000E+000  5.993868E-002 -9.365099E-002  0.000000E+000  5.586725E-001  8.126410E-001  1.658300E-001 -8.293884E-001  5.473916E-001  1.117024E-001  0.000000E+000 -1.999425E-001  9.798076E-001
  2.950000E+000  7.373422E-002 -1.092133E-001  0.000000E+000  7.517644E-001  6.427803E-001  1.472543E-001 -6.594318E-001  7.327813E-001  1.678726E-001  0.000000E+000 -2.233048E-001  9.747487E-001
  3.000000E+000  9.462634E-002 -1.230603E-001  0.000000E+000  8.968032E-001  4.279722E-001  1.121776E-001 -4.424297E-001  8.674980E-001  2.273835E-001  0.000000E+000 -2.535490E-001  9.673226E-001
  3.050000E+000  1.236844E-001 -1.327077E-001  0.000000E+000  9.818709E-001  1.814005E-001  5.498507E-002 -1.895508E-001  9.396526E-001  2.848220E-001  0.000000E+000 -2.900809E-001  9.570021E-001
  3.100000E+000  1.611991E-001 -1.345379E-001  0.000000E+000  9.963484E-001 -8.053828E-002 -2.834534E-002  8.538075E-002  9.398393E-001  3.307752E-001  0.000000E+000 -3.319875E-001  9.432838E-001
  3.150000E+000  2.059665E-001 -1.238995E-001  0.000000E+000  9.309433E-001 -3.380840E-001 -1.379992E-001  3.651638E-001  8.619066E-001  3.518131E-001  0.000000E+000 -3.779104E-001  9.258422E-001
  3.200000E+000  2.543704E-001 -9.556604E-002  0.000000E+000  7.784567E-001 -5.679195E-001 -2.673434E-001  6.276982E-001  7.043206E-001  3.315531E-001  0.000000E+000 -4.259107E-001  9.047652E-001
  3.250000E+000  2.993607E-001 -4.490265E-002  0.000000E+000  5.364002E-001 -7.434177E-001 -3.995059E-001  8.439637E-001  4.724959E-001  2.539150E-001  0.000000E+000 -4.733685E-001  8.808645E-001
  3.300000E+000  3.298622E-001  2.977811E-002  0.000000E+000  2.128446E-001 -8.363735E-001 -5.051501E-001  9.770861E-001  1.821923E-001  1.100399E-001  0.000000E+000 -5.169965E-001  8.559875E-001
  3.350000E+000  3.319884E-001  1.235930E-001  0.000000E+000 -1.643710E-001 -8.218051E-001 -5.455443E-001  9.863986E-001 -1.369436E-001 -9.090816E-002  0.000000E+000 -5.530668E-001  8.331369E-001
  3.400000E+000  2.939551E-001  2.219064E-001  0.000000E+000 -5.399961E-001 -6.868798E-001 -4.864158E-001  8.416675E-001 -4.406876E-001 -3.120741E-001  0.000000E+000 -5.779192E-001  8.160940E-001
  3.450000E+000  2.143619E-001  3.020039E-001  0.000000E+000 -8.376114E-001 -4.415771E-001 -3.215849E-001  5.462666E-001 -6.770870E-001 -4.930984E-001  0.000000E+000 -5.886959E-001  8.083546E-001
  3.500000E+000  1.076284E-001  3.428316E-001  0.000000E+000 -9.884247E-001 -1.231458E-001 -8.861013E-002  1.517124E-001 -8.023099E-001 -5.773059E-001  0.000000E+000 -5.840667E-001  8.117057E-001
  3.550000E+000 -1.281845E-003  3.370038E-001  0.000000E+000 -9.660512E-001  2.132316E-001  1.458673E-001 -2.583505E-001 -7.973380E-001 -5.454421E-001  0.000000E+000 -5.646099E-001  8.253579E-001
  3.600000E+000 -9.005887E-002  2.935898E-001  0.000000E+000 -7.949499E-001  5.134533E-001  3.231415E-001 -6.066751E-001 -6.727977E-001 -4.234248E-001  0.000000E+000 -5.326434E-001  8.463398E-001
  3.650000E+000 -1.480563E-001  2.300554E-001  0.000000E+000 -5.278596E-001  7.396162E-001  4.175310E-001 -8.493316E-001 -4.596715E-001 -2.594955E-001  0.000000E+000 -4.915995E-001  8.708214E-001
  3.700000E+000 -1.758170E-001  1.627087E-001  0.000000E+000 -2.183990E-001  8.737881E-001  4.345069E-001 -9.758596E-001 -1.955553E-001 -9.724339E-002  0.000000E+000 -4.452556E-001  8.954035E-001
  3.750000E+000 -1.798768E-001  1.022420E-001  0.000000E+000  9.245450E-002  9.138363E-001  3.954181E-001 -9.957169E-001  8.485170E-002  3.671544E-002  0.000000E+000 -3.971190E-001  9.177671E-001
  3.800000E+000 -1.682051E-001  5.375522E-002  0.000000E+000  3.773936E-001  8.674488E-001  3.242015E-001 -9.260529E-001  3.535107E-001  1.321216E-001  0.000000E+000 -3.500896E-001  9.367162E-001
  3.850000E+000 -1.478217E-001  1.844119E-002  0.000000E+000  6.190893E-001  7.475558E-001  2.406009E-001 -7.853206E-001  5.893183E-001  1.896722E-001  0.000000E+000 -3.063728E-001  9.519116E-001
  3.900000E+000 -1.240009E-001 -4.740623E-003  0.000000E+000  8.065356E-001  5.696341E-001  1.581688E-001 -5.911856E-001  7.771336E-001  2.157846E-001  0.000000E+000 -2.675451E-001  9.635453E-001
  3.950000E+000 -1.002421E-001 -1.786067E-002  0.000000E+000  9.327967E-001  3.503376E-001  8.458021E-002 -3.604029E-001  9.067457E-001  2.189109E-001  0.000000E+000 -2.346824E-001  9.720721E-001
  4.000000E+000 -7.853227E-002 -2.323717E-002  0.000000E+000  9.940193E-001  1.068050E-001  2.276854E-002 -1.092049E-001  9.721744E-001  2.072467E-001  0.000000E+000 -2.084937E-001  9.780237E-001
  4.050000E+000 -5.970417E-002 -2.294288E-002  0.000000E+000  9.892171E-001 -1.438046E-001 -2.774338E-002  1.464564E-001  9.713064E-001  1.873884E-001  0.000000E+000 -1.894310E-001  9.818940E-001
  4.100000E+000 -4.382924E-002 -1.851209E-002  0.000000E+000  9.203835E-001 -3.847888E-001 -6.951059E-002  3.910168E-001  9.057239E-001  1.636155E-001  0.000000E+000 -1.777688E-001  9.840723E-001
  4.150000E+000 -3.062076E-002 -1.081015E-002  0.000000E+000  7.926064E-001 -6.004697E-001 -1.058831E-001  6.097336E-001  7.805640E-001  1.376399E-001  0.000000E+000 -1.736548E-001  9.848066E-001
  4.200000E+000 -1.982123E-002 -5.357801E-005  0.000000E+000  6.139955E-001 -7.768275E-001 -1.398164E-001  7.893095E-001  6.042858E-001  1.087617E-001  0.000000E+000 -1.771376E-001  9.841861E-001
  4.250000E+000 -1.153747E-002  1.402949E-002  0.000000E+000  3.953565E-001 -9.021185E-001 -1.728450E-001  9.185277E-001  3.882936E-001  7.439666E-002  0.000000E+000 -1.881761E-001  9.821353E-001
  4.300000E+000 -6.484776E-003  3.192003E-002  0.000000E+000  1.496620E-001 -9.673991E-001 -2.043045E-001  9.887372E-001  1.464321E-001  3.092491E-002  0.000000E+000 -2.066317E-001  9.784188E-001
  4.350000E+000 -6.109027E-003  5.394210E-002  0.000000E+000 -1.085408E-001 -9.669116E-001 -2.308700E-001  9.940920E-001 -1.055731E-001 -2.520773E-002  0.000000E+000 -2.322421E-001  9.726580E-001
  4.400000E+000 -1.256744E-002  7.984346E-002  0.000000E+000 -3.635970E-001 -8.983611E-001 -2.464642E-001  9.315563E-001 -3.506405E-001 -9.619778E-002  0.000000E+000 -2.645725E-001  9.643658E-001
  4.450000E+000 -2.855093E-002  1.083465E-001  0.000000E+000 -5.989074E-001 -7.631877E-001 -2.425993E-001  8.008183E-001 -5.707647E-001 -1.814326E-001  0.000000E+000 -3.029393E-001  9.530098E-001
  4.500000E+000 -5.690914E-002  1.366840E-001  0.000000E+000 -7.966770E-001 -5.670066E-001 -2.093066E-001  6.044053E-001 -7.473811E-001 -2.758906E-001  0.000000E+000 -3.463017E-001  9.381232E-001
  4.550000E+000 -9.998321E-002  1.601539E-001  0.000000E+000 -9.373195E-001 -3.204132E-001 -1.369945E-001  3.484711E-001 -8.618492E-001 -3.684887E-001  0.000000E+000 -3.931303E-001  9.194828E-001
  4.600000E+000 -1.584767E-001  1.718369E-001  0.000000E+000 -9.989925E-001 -4.027094E-002 -1.980294E-002  4.487656E-002 -8.964674E-001 -4.408313E-001  0.000000E+000 -4.412759E-001  8.973715E-001
  4.650000E+000 -2.296954E-001  1.628947E-001  0.000000E+000 -9.585525E-001  2.487038E-001  1.390093E-001 -2.849161E-001 -8.367223E-001 -4.676736E-001  0.000000E+000 -4.878957E-001  8.729020E-001
  4.700000E+000 -3.053455E-001  1.243155E-001  0.000000E+000 -7.964244E-001  5.129963E-001  3.202234E-001 -6.047382E-001 -6.756027E-001 -4.217259E-001  0.000000E+000 -5.295241E-001  8.482949E-001
  4.750000E+000 -3.702418E-001  5.111960E-002  0.000000E+000 -5.081349E-001  7.121687E-001  4.843705E-001 -8.612775E-001 -4.201639E-001 -2.857680E-001  0.000000E+000 -5.623861E-001  8.268748E-001
  4.800000E+000 -4.049379E-001 -5.155050E-002  0.000000E+000 -1.206873E-001  8.065391E-001  5.787307E-001 -9.926906E-001 -9.805573E-002 -7.035972E-002  0.000000E+000 -5.829921E-001  8.124778E-001
  4.850000E+000 -3.944673E-001 -1.651522E-001  0.000000E+000  2.995033E-001  7.711032E-001  5.618698E-001 -9.540953E-001  2.420596E-001  1.763785E-001  0.000000E+000 -5.889032E-001  8.082036E-001
  4.900000E+000 -3.386387E-001 -2.637262E-001  0.000000E+000  6.649914E-001  6.087254E-001  4.327123E-001 -7.468511E-001  5.420051E-001  3.852842E-001  0.000000E+000 -5.793823E-001  8.150559E-001
  4.950000E+000 -2.534986E-001 -3.272524E-001  0.000000E+000  9.063815E-001  3.512520E-001  2.347224E-001 -4.224602E-001  7.536055E-001  5.035932E-001  0.000000E+000 -5.556084E-001  8.314441E-001
  5.000000E+000 -1.614885E-001 -3.504697E-001  0.000000E+000  9.985288E-001  4.630467E-002  2.821447E-002 -5.422342E-002  8.527045E-001  5.195719E-001  0.000000E+000 -5.203374E-001  8.539608E-001
  5.050000E+000 -8.030392E-002 -3.406645E-001  0.000000E+000  9.554217E-001 -2.594605E-001 -1.408885E-001  2.952445E-001  8.396234E-001  4.559202E-001  0.000000E+000 -4.771926E-001  8.787987E-001
  5.100000E+000 -1.868551E-002 -3.100798E-001  0.000000E+000  8.093630E-001 -5.302617E-001 -2.524956E-001  5.873087E-001  7.307473E-001  3.479611E-001  0.000000E+000 -4.299197E-001  9.028671E-001
  5.150000E+000  2.193315E-002 -2.700931E-001  0.000000E+000  5.945452E-001 -7.431322E-001 -3.070351E-001  8.040622E-001  5.494919E-001  2.270300E-001  0.000000E+000 -3.818549E-001  9.242223E-001
  5.200000E+000  4.418348E-002 -2.289330E-001  0.000000E+000  3.402488E-001 -8.857747E-001 -3.156484E-001  9.403354E-001  3.205067E-001  1.142135E-001  0.000000E+000 -3.356763E-001  9.419774E-001
  5.250000E+000  5.224084E-002 -1.915893E-001  0.000000E+000  7.007191E-002 -9.536470E-001 -2.926557E-001  9.975419E-001  6.698853E-002  2.055748E-002  0.000000E+000 -2.933768E-001  9.559969E-001
  5.300000E+000  5.037291E-002 -1.605049E-001  0.000000E+000 -1.967786E-001 -9.476833E-001 -2.513455E-001  9.804479E-001 -1.902027E-001 -5.044574E-002  0.000000E+000 -2.563578E-001  9.665819E-001
  5.350000E+000  4.223192E-002 -1.363647E-001  0.000000E+000 -4.441518E-001 -8.728613E-001 -2.020948E-001  8.959515E-001 -4.327053E-001 -1.001849E-001  0.000000E+000 -2.255644E-001  9.742283E-001
  5.400000E+000  3.056465E-002 -1.187784E-001  0.000000E+000 -6.582038E-001 -7.373804E-001 -1.517823E-001  7.528398E-001 -6.446878E-001 -1.327024E-001  0.000000E+000 -2.016130E-001  9.794653E-001
  5.450000E+000  1.715520E-002 -1.068413E-001  0.000000E+000 -8.272503E-001 -5.521469E-001 -1.038783E-001  5.618336E-001 -8.129876E-001 -1.529516E-001  0.000000E+000 -1.848915E-001  9.827589E-001
  5.500000E+000  2.919935E-003 -9.958928E-002  0.000000E+000 -9.420255E-001 -3.303256E-001 -5.893103E-002  3.355411E-001 -9.273830E-001 -1.654478E-001  0.000000E+000 -1.756298E-001  9.844563E-001
  5.550000E+000 -1.188009E-002 -9.634848E-002  0.000000E+000 -9.961061E-001 -8.681830E-002 -1.533510E-002  8.816225E-002 -9.809214E-001 -1.732645E-001  0.000000E+000 -1.739418E-001  9.847559E-001
  5.600000E+000 -2.733583E-002 -9.696619E-002  0.000000E+000 -9.862830E-001  1.623718E-001  2.968617E-002 -1.650632E-001 -9.702012E-001 -1.773803E-001  0.000000E+000 -1.798472E-001  9.836946E-001
  5.650000E+000 -4.353199E-002 -1.019018E-001  0.000000E+000 -9.127319E-001  4.008555E-001  7.896449E-002 -4.085591E-001 -8.955219E-001 -1.764088E-001  0.000000E+000 -1.932756E-001  9.811445E-001
  5.700000E+000 -6.017757E-002 -1.121686E-001  0.000000E+000 -7.789313E-001  6.125743E-001  1.342343E-001 -6.271093E-001 -7.608773E-001 -1.667322E-001  0.000000E+000 -2.140525E-001  9.768222E-001
  5.750000E+000 -7.626872E-002 -1.291297E-001  0.000000E+000 -5.913890E-001  7.824443E-001  1.950383E-001 -8.063864E-001 -5.738303E-001 -1.430375E-001  0.000000E+000 -2.418670E-001  9.703094E-001
  5.800000E+000 -8.981806E-002 -1.541557E-001  0.000000E+000 -3.593449E-001  8.968993E-001  2.577651E-001 -9.332048E-001 -3.453649E-001 -9.925641E-002  0.000000E+000 -2.762149E-001  9.610959E-001
  5.850000E+000 -9.767918E-002 -1.881436E-001  0.000000E+000 -9.470077E-002  9.443920E-001  3.148897E-001 -9.955058E-001 -8.983840E-002 -2.995493E-002  0.000000E+000 -3.163113E-001  9.486554E-001
  5.900000E+000 -9.551367E-002 -2.308678E-001  0.000000E+000  1.875220E-001  9.160321E-001  3.545710E-001 -9.822604E-001  1.748785E-001  6.769068E-002  0.000000E+000 -3.609746E-001  9.325757E-001
  5.950000E+000 -7.802251E-002 -2.801139E-001  0.000000E+000  4.679236E-001  8.066713E-001  3.610109E-001 -8.837689E-001  4.271032E-001  1.911422E-001  0.000000E+000 -4.084901E-001  9.127627E-001
  6.000000E+000 -3.972151E-002 -3.306003E-001  0.000000E+000  7.206566E-001  6.168417E-001  3.164812E-001 -6.932922E-001  6.411886E-001  3.289728E-001  0.000000E+000 -4.564903E-001  8.897284E-001
  6.050000E+000  2.325689E-002 -3.729776E-001  0.000000E+000  9.114318E-001  3.558709E-001  2.065140E-001 -4.114513E-001  7.883122E-001  4.574622E-001  0.000000E+000 -5.019160E-001  8.649164E-001
  6.100000E+000  1.099155E-001 -3.939149E-001  0.000000E+000  9.985122E-001  4.585471E-002  2.950865E-002 -5.452903E-002  8.396718E-001  5.403498E-001  0.000000E+000 -5.411549E-001  8.409229E-001
  6.150000E+000  2.104132E-001 -3.792004E-001  0.000000E+000  9.420484E-001 -2.755389E-001 -1.913716E-001  3.354769E-001  7.737372E-001  5.373881E-001  0.000000E+000 -5.704463E-001  8.213349E-001
  6.200000E+000  3.047971E-001 -3.210982E-001  0.000000E+000  7.249906E-001 -5.578338E-001 -4.039926E-001  6.887587E-001  5.871785E-001  4.252445E-001  0.000000E+000 -5.865517E-001  8.099118E-001
  6.250000E+000  3.692814E-001 -2.264017E-001  0.000000E+000  3.753233E-001 -7.500514E-001 -5.445690E-001  9.268940E-001  3.037151E-001  2.205100E-001  0.000000E+000 -5.875202E-001  8.092095E-001
  6.300000E+000  3.888017E-001 -1.164792E-001  0.000000E+000 -3.476897E-002 -8.188985E-001 -5.728842E-001  9.993954E-001 -2.848948E-002 -1.993064E-002  0.000000E+000 -5.732308E-001  8.193940E-001
  6.350000E+000  3.650169E-001 -1.631414E-002  0.000000E+000 -4.209907E-001 -7.602641E-001 -4.947376E-001  9.070649E-001 -3.528569E-001 -2.296196E-001  0.000000E+000 -5.454268E-001  8.381584E-001
  6.400000E+000  3.123495E-001  5.763538E-002  0.000000E+000 -7.225862E-001 -5.957545E-001 -3.506363E-001  6.912808E-001 -6.227338E-001 -3.665152E-001  0.000000E+000 -5.072270E-001  8.618125E-001
  6.450000E+000  2.480571E-001  1.009909E-001  0.000000E+000 -9.139191E-001 -3.599035E-001 -1.876734E-001  4.058964E-001 -8.103613E-001 -4.225668E-001  0.000000E+000 -4.623678E-001  8.866882E-001
  6.500000E+000  1.853849E-001  1.177157E-001  0.000000E+000 -9.952627E-001 -8.847695E-002 -4.029954E-002  9.722255E-002 -9.057344E-001 -4.125445E-001  0.000000E+000 -4.145082E-001  9.100456E-001
  6.550000E+000  1.318921E-001  1.150708E-001  0.000000E+000 -9.794472E-001  1.876431E-001  7.398153E-002 -2.017007E-001 -9.111840E-001 -3.592501E-001  0.000000E+000 -3.667886E-001  9.303043E-001
  6.600000E+000  9.055872E-002  1.003602E-001  0.000000E+000 -8.831847E-001  4.440986E-001  1.508684E-001 -4.690254E-001 -8.362470E-001 -2.840883E-001  0.000000E+000 -3.216635E-001  9.468540E-001
  6.650000E+000  6.145775E-002  7.953077E-002  0.000000E+000 -7.234168E-001  6.626089E-001  1.939527E-001 -6.904116E-001 -6.942849E-001 -2.032246E-001  0.000000E+000 -2.809232E-001  9.597302E-001
  6.700000E+000  4.311379E-002  5.683204E-002  0.000000E+000 -5.164818E-001  8.300256E-001  2.104853E-001 -8.562981E-001 -5.006354E-001 -1.269556E-001  0.000000E+000 -2.458085E-001  9.693184E-001
  6.750000E+000  3.343371E-002  3.493307E-002  0.000000E+000 -2.783164E-001  9.375712E-001  2.085669E-001 -9.604894E-001 -2.716755E-001 -6.043543E-002  0.000000E+000 -2.171465E-001  9.761390E-001
  6.800000E+000  3.031565E-002  1.521026E-002  0.000000E+000 -2.475548E-002  9.804089E-001  1.954114E-001 -9.996935E-001 -2.427794E-002 -4.838988E-003  0.000000E+000 -1.954713E-001  9.807094E-001
  6.850000E+000  3.203704E-002 -1.898473E-003  0.000000E+000  2.284399E-001  9.574574E-001  1.763253E-001 -9.735580E-001  2.246620E-001  4.137373E-002  0.000000E+000 -1.811143E-001  9.834621E-001
  6.900000E+000  3.747295E-002 -1.650783E-002  0.000000E+000  4.658978E-001  8.712995E-001  1.541959E-001 -8.848385E-001  4.587690E-001  8.118944E-002  0.000000E+000 -1.742645E-001  9.846989E-001
  6.950000E+000  4.616086E-002 -2.889229E-002  0.000000E+000  6.732074E-001  7.280422E-001  1.294077E-001 -7.394537E-001  6.628182E-001  1.178143E-001  0.000000E+000 -1.750044E-001  9.845676E-001
  7.000000E+000  5.821788E-002 -3.911978E-002  0.000000E+000  8.375879E-001  5.370440E-001  1.001512E-001 -5.463026E-001  8.233927E-001  1.535512E-001  0.000000E+000 -1.833255E-001  9.830523E-001
  7.050000E+000  7.412418E-002 -4.675239E-002  0.000000E+000  9.484782E-001  3.104974E-001  6.309161E-002 -3.168425E-001  9.294838E-001  1.888667E-001  0.000000E+000 -1.991261E-001  9.799739E-001
  7.100000E+000  9.439868E-002 -5.065112E-002  0.000000E+000  9.979159E-001  6.291447E-002  1.433755E-002 -6.452748E-002  9.729707E-001  2.217299E-001  0.000000E+000 -2.221929E-001  9.750027E-001
  7.150000E+000  1.191995E-001 -4.891037E-002  0.000000E+000  9.806602E-001 -1.893935E-001 -4.935245E-002  1.957181E-001  9.489705E-001  2.472842E-001  0.000000E+000 -2.521609E-001  9.676853E-001
  7.200000E+000  1.478757E-001 -3.894052E-002  0.000000E+000  8.941358E-001 -4.287627E-001 -1.291654E-001  4.477959E-001  8.561313E-001  2.579107E-001  0.000000E+000 -2.884469E-001  9.574959E-001
  7.250000E+000  1.784845E-001 -1.772684E-002  0.000000E+000  7.384240E-001 -6.365248E-001 -2.226346E-001  6.743367E-001  6.970185E-001  2.437933E-001  0.000000E+000 -3.301535E-001  9.439273E-001
  7.300000E+000  2.072898E-001  1.766270E-002  0.000000E+000  5.167002E-001 -7.933602E-001 -3.218703E-001  8.561664E-001  4.787964E-001  1.942501E-001  0.000000E+000 -3.759436E-001  9.266426E-001
  7.350000E+000  2.283178E-001  6.917082E-002  0.000000E+000  2.367184E-001 -8.799650E-001 -4.118567E-001  9.715783E-001  2.143975E-001  1.003461E-001  0.000000E+000 -4.239048E-001  9.057067E-001
  7.400000E+000  2.332500E-001  1.362317E-001  0.000000E+000 -8.596574E-002 -8.786300E-001 -4.697013E-001  9.962981E-001 -7.581272E-002 -4.052825E-002  0.000000E+000 -4.714465E-001  8.818946E-001
  7.450000E+000  2.123481E-001  2.135748E-001  0.000000E+000 -4.228777E-001 -7.766075E-001 -4.669638E-001  9.061868E-001 -3.624087E-001 -2.179116E-001  0.000000E+000 -5.153064E-001  8.570060E-001
  7.500000E+000  1.575357E-001  2.890855E-001  0.000000E+000 -7.277720E-001 -5.719722E-001 -3.784121E-001  6.858192E-001 -6.069608E-001 -4.015603E-001  0.000000E+000 -5.517666E-001  8.339986E-001
  7.550000E+000  6.814331E-002  3.441591E-001  0.000000E+000 -9.389051E-001 -2.810671E-001 -1.986415E-001  3.441761E-001 -7.667453E-001 -5.418898E-001  0.000000E+000 -5.771507E-001  8.166376E-001
  7.600000E+000 -4.347698E-002  3.598605E-001  0.000000E+000 -9.975059E-001  5.706306E-002  4.154144E-002 -7.058247E-002 -8.064431E-001 -5.870840E-001  0.000000E+000 -5.885519E-001  8.084595E-001
  7.650000E+000 -1.532725E-001  3.278932E-001  0.000000E+000 -8.792915E-001  3.864315E-001  2.784191E-001 -4.762841E-001 -7.134103E-001 -5.140032E-001  0.000000E+000 -5.845652E-001  8.113467E-001
  7.700000E+000 -2.367621E-001  2.571997E-001  0.000000E+000 -6.131146E-001  6.514437E-001  4.468911E-001 -7.899940E-001 -5.055857E-001 -3.468323E-001  0.000000E+000 -5.656892E-001  8.246185E-001
  7.750000E+000 -2.813792E-001  1.684675E-001  0.000000E+000 -2.651349E-001  8.151163E-001  5.150621E-001 -9.642113E-001 -2.241374E-001 -1.416297E-001  0.000000E+000 -5.341796E-001  8.453710E-001
  7.800000E+000 -2.890471E-001  8.223033E-002  0.000000E+000  9.552350E-002  8.658037E-001  4.911814E-001 -9.954272E-001  8.308453E-002  4.713491E-002  0.000000E+000 -4.934379E-001  8.697811E-001
  7.850000E+000 -2.700896E-001  1.134191E-002  0.000000E+000  4.192617E-001  8.120071E-001  4.060347E-001 -9.078654E-001  3.749933E-001  1.875110E-001  0.000000E+000 -4.472411E-001  8.944134E-001
  7.900000E+000 -2.362974E-001 -3.954339E-002  0.000000E+000  6.788983E-001  6.732178E-001  2.930442E-001 -7.342323E-001  6.224820E-001  2.709595E-001  0.000000E+000 -3.991164E-001  9.169003E-001
  7.950000E+000 -1.972143E-001 -7.118409E-002  0.000000E+000  8.630734E-001  4.727549E-001  1.777838E-001 -5.050785E-001  8.078392E-001  3.037952E-001  0.000000E+000 -3.519923E-001  9.360029E-001
  8.000000E+000 -1.592236E-001 -8.692083E-002  0.000000E+000  9.693120E-001  2.338748E-001  7.574201E-002 -2.458339E-001  9.221580E-001  2.986474E-001  0.000000E+000 -3.081024E-001  9.513532E-001
  8.050000E+000 -1.259292E-001 -9.082717E-002  0.000000E+000  9.997435E-001 -2.181464E-002 -6.093860E-003  2.264980E-002  9.628800E-001  2.689779E-001  0.000000E+000 -2.690469E-001  9.631271E-001
  8.100000E+000 -9.887237E-002 -8.671723E-002  0.000000E+000  9.591782E-001 -2.748194E-001 -6.671867E-002  2.828022E-001  9.321030E-001  2.262892E-001  0.000000E+000 -2.359199E-001  9.717725E-001
  8.150000E+000 -7.822572E-002 -7.767704E-002  0.000000E+000  8.545342E-001 -5.078754E-001 -1.087838E-001  5.193951E-001  8.355813E-001  1.789764E-001  0.000000E+000 -2.094432E-001  9.778208E-001
  8.200000E+000 -6.338382E-002 -6.588922E-002  0.000000E+000  6.948079E-001 -7.060838E-001 -1.367030E-001  7.191954E-001  6.821409E-001  1.320675E-001  0.000000E+000 -1.900777E-001  9.817691E-001
  8.250000E+000 -5.345700E-002 -5.263915E-002  0.000000E+000  4.911002E-001 -8.571756E-001 -1.551470E-001  8.711031E-001  4.832483E-001  8.746693E-002  0.000000E+000 -1.781040E-001  9.840117E-001
  8.300000E+000 -4.767293E-002 -3.845656E-002  0.000000E+000  2.564498E-001 -9.518689E-001 -1.678664E-001  9.665575E-001  2.525526E-001  4.453879E-002  0.000000E+000 -1.736745E-001  9.848031E-001
  8.350000E+000 -4.567348E-002 -2.336673E-002  0.000000E+000  5.401028E-003 -9.842250E-001 -1.768390E-001  9.999854E-001  5.315904E-003  9.551262E-004  0.000000E+000 -1.768416E-001  9.842393E-001
  8.400000E+000 -4.768477E-002 -7.221300E-003  0.000000E+000 -2.466392E-001 -9.519073E-001 -1.817735E-001  9.691074E-001 -2.422617E-001 -4.626160E-002  0.000000E+000 -1.875679E-001  9.822516E-001
  8.450000E+000 -5.454271E-002  9.931977E-003  0.000000E+000 -4.841173E-001 -8.562877E-001 -1.800050E-001  8.750031E-001 -4.737625E-001 -9.959228E-002  0.000000E+000 -2.057193E-001  9.786110E-001
  8.500000E+000 -6.756885E-002  2.748487E-002  0.000000E+000 -6.919540E-001 -7.024090E-001 -1.667969E-001  7.219416E-001 -6.732328E-001 -1.598686E-001  0.000000E+000 -2.310394E-001  9.729444E-001
  8.550000E+000 -8.830200E-002  4.394836E-002  0.000000E+000 -8.559269E-001 -4.988785E-001 -1.360492E-001  5.170968E-001 -8.257709E-001 -2.251961E-001  0.000000E+000 -2.631020E-001  9.647680E-001
  8.600000E+000 -1.180872E-001  5.670576E-002  0.000000E+000 -9.627569E-001 -2.578100E-001 -8.144467E-002  2.703687E-001 -9.180366E-001 -2.900166E-001  0.000000E+000 -3.012356E-001  9.535498E-001
  8.650000E+000 -1.575014E-001  6.187371E-002  0.000000E+000 -9.999855E-001  5.064229E-003  1.857877E-003 -5.394268E-003 -9.388032E-001 -3.444119E-001  0.000000E+000 -3.444169E-001  9.388168E-001
  8.700000E+000 -2.055647E-001  5.435363E-002  0.000000E+000 -9.559758E-001  2.700671E-001  1.147781E-001 -2.934455E-001 -8.798146E-001 -3.739199E-001  0.000000E+000 -3.911395E-001  9.203314E-001
  8.750000E+000 -2.586883E-001  2.828308E-002  0.000000E+000 -8.207731E-001  5.131859E-001  2.509418E-001 -5.712543E-001 -7.373408E-001 -3.605509E-001  0.000000E+000 -4.392821E-001  8.983492E-001
  8.800000E+000 -3.094728E-001 -2.168857E-002  0.000000E+000 -5.891360E-001  7.061745E-001  3.927293E-001 -8.080339E-001 -5.148705E-001 -2.863382E-001  0.000000E+000 -4.860307E-001  8.739417E-001
  8.850000E+000 -3.460076E-001 -9.773338E-002  0.000000E+000 -2.673402E-001  8.183688E-001  5.087255E-001 -9.636022E-001 -2.270469E-001 -1.411400E-001  0.000000E+000 -5.279414E-001  8.492808E-001
  8.900000E+000 -3.533162E-001 -1.947738E-001  0.000000E+000  1.163273E-001  8.220327E-001  5.574317E-001 -9.932109E-001  9.627849E-002  6.528777E-002  0.000000E+000 -5.612421E-001  8.276517E-001
  8.950000E+000 -3.189956E-001 -2.971918E-001  0.000000E+000  5.036419E-001  7.022665E-001  5.031566E-001 -8.639125E-001  4.094059E-001  2.933292E-001  0.000000E+000 -5.824162E-001  8.128908E-001
  9.000000E+000 -2.420964E-001 -3.813082E-001  0.000000E+000  8.149833E-001  4.683147E-001  3.412969E-001 -5.794844E-001  6.586349E-001  4.799978E-001  0.000000E+000 -5.889664E-001  8.081575E-001
  9.050000E+000 -1.378991E-001 -4.261902E-001  0.000000E+000  9.811637E-001  1.573556E-001  1.120581E-001 -1.931782E-001  7.992186E-001  5.691501E-001  0.000000E+000 -5.800766E-001  8.145619E-001
  9.100000E+000 -3.127857E-002 -4.252979E-001  0.000000E+000  9.772626E-001 -1.761171E-001 -1.180702E-001  2.120325E-001  8.117276E-001  5.441880E-001  0.000000E+000 -5.568493E-001  8.306136E-001
  9.150000E+000  5.648596E-002 -3.878564E-001  0.000000E+000  8.271905E-001 -4.792928E-001 -2.933160E-001  5.619215E-001  7.055548E-001  4.317831E-001  0.000000E+000 -5.219875E-001  8.529532E-001
  9.200000E+000  1.154897E-001 -3.304421E-001  0.000000E+000  5.802060E-001 -7.149118E-001 -3.902077E-001  8.144697E-001  5.092837E-001  2.779733E-001  0.000000E+000 -4.790942E-001  8.777635E-001
  9.250000E+000  1.461020E-001 -2.682564E-001  0.000000E+000  2.859154E-001 -8.642604E-001 -4.138917E-001  9.582549E-001  2.578702E-001  1.234933E-001  0.000000E+000 -4.319224E-001  9.019108E-001
  9.300000E+000  1.541039E-001 -2.113580E-001  0.000000E+000 -1.720842E-002 -9.232661E-001 -3.837754E-001  9.998519E-001 -1.589031E-002 -6.605148E-003  0.000000E+000 -3.838322E-001  9.234028E-001
  9.350000E+000  1.466504E-001 -1.647694E-001  0.000000E+000 -3.025209E-001 -8.972070E-001 -3.217153E-001  9.531428E-001 -2.847673E-001 -1.021102E-001  0.000000E+000 -3.375310E-001  9.413144E-001
  9.400000E+000  1.301613E-001 -1.299472E-001  0.000000E+000 -5.520569E-001 -7.966898E-001 -2.460051E-001  8.338064E-001 -5.274823E-001 -1.628781E-001  0.000000E+000 -2.950386E-001  9.554853E-001
  9.450000E+000  1.095682E-001 -1.062359E-001  0.000000E+000 -7.534782E-001 -6.352529E-001 -1.694824E-001  6.574728E-001 -7.280137E-001 -1.942305E-001  0.000000E+000 -2.577785E-001  9.662040E-001
  9.500000E+000  8.822784E-002 -9.194190E-002  0.000000E+000 -8.982177E-001 -4.281057E-001 -9.965145E-002  4.395508E-001 -8.748298E-001 -2.036368E-001  0.000000E+000 -2.267120E-001  9.739618E-001
  9.550000E+000  6.811012E-002 -8.506182E-002  0.000000E+000 -9.807042E-001 -1.914487E-001 -3.958181E-002  1.954976E-001 -9.603929E-001 -1.985602E-001  0.000000E+000 -2.024670E-001  9.792891E-001
  9.600000E+000  5.009631E-002 -8.376676E-002  0.000000E+000 -9.982554E-001  5.801935E-002  1.094898E-002 -5.904342E-002 -9.809414E-001 -1.851159E-001  0.000000E+000 -1.854394E-001  9.826557E-001
  9.650000E+000  3.433313E-002 -8.670803E-002  0.000000E+000 -9.512487E-001  3.036180E-001  5.424100E-002 -3.084250E-001 -9.364229E-001 -1.672909E-001  0.000000E+000 -1.758645E-001  9.844144E-001
  9.700000E+000  2.061565E-002 -9.316741E-002  0.000000E+000 -8.432761E-001  5.292950E-001  9.344664E-002 -5.374807E-001 -8.304332E-001 -1.466124E-001  0.000000E+000 -1.738605E-001  9.847703E-001
  9.750000E+000  8.768858E-003 -1.030570E-001  0.000000E+000 -6.811067E-001  7.202986E-001  1.313911E-001 -7.321842E-001 -6.700502E-001 -1.222252E-001  0.000000E+000 -1.794509E-001  9.837669E-001
  9.800000E+000 -1.011593E-003 -1.167751E-001  0.000000E+000 -4.743955E-001  8.638354E-001  1.695209E-001 -8.803118E-001 -4.655164E-001 -9.135392E-002  0.000000E+000 -1.925691E-001  9.812834E-001
  9.850000E+000 -7.900786E-003 -1.349368E-001  0.000000E+000 -2.351938E-001  9.496348E-001  2.070692E-001 -9.719485E-001 -2.297943E-001 -5.010698E-002  0.000000E+000 -2.130455E-001  9.770423E-001
  9.900000E+000 -1.030048E-002 -1.580084E-001  0.000000E+000  2.259366E-002  9.703826E-001  2.405144E-001 -9.997447E-001  2.193009E-002  5.435489E-003  0.000000E+000 -2.405758E-001  9.706303E-001
  9.950000E+000 -5.831587E-003 -1.858735E-001  0.000000E+000  2.836098E-001  9.220589E-001  2.633875E-001 -9.589398E-001  2.727021E-001  7.789777E-002  0.000000E+000 -2.746653E-001  9.615399E-001
