% FILE: disk.3
%
%       t         P_Ao_Bo[1]     P_Ao_Bo[2]     P_Ao_Bo[3]      A_B[1,1]       A_B[1,2]       A_B[1,3]       A_B[2,1]       A_B[2,2]       A_B[2,3]       A_B[3,1]       A_B[3,2]       A_B[3,3]
%     (sec)         (meter)        (meter)        (meter)       (NoUnits)      (NoUnits)      (NoUnits)      (NoUnits)      (NoUnits)      (NoUnits)      (NoUnits)      (NoUnits)      (NoUnits)

  0.000000E+000  0.000000E+000  0.000000E+000  0.000000E+000  1.000000E+000  0.000000E+000  0.000000E+000  0.000000E+000  1.000000E+000  0.000000E+000  0.000000E+000  0.000000E+000  1.000000E+000
  5.000000E-002  1.514086E-002  1.944834E-003  0.000000E+000  9.679218E-001 -2.512516E-001  0.000000E+000  2.512516E-001  9.679218E-001  0.000000E+000  0.000000E+000  0.000000E+000  1.000000E+000
  1.000000E-001  3.035837E-002  8.083971E-003  0.000000E+000  8.733900E-001 -4.870215E-001  0.000000E+000  4.870215E-001  8.733900E-001  0.000000E+000  0.000000E+000  0.000000E+000  1.000000E+000
  1.500000E-001  4.536556E-002  1.925644E-002  0.000000E+000  7.213864E-001 -6.925328E-001  0.000000E+000  6.925328E-001  7.213864E-001  0.000000E+000  0.000000E+000  0.000000E+000  1.000000E+000
  2.000000E-001  5.919223E-002  3.661773E-002  0.000000E+000  5.198493E-001 -8.542580E-001  0.000000E+000  8.542580E-001  5.198493E-001  0.000000E+000  0.000000E+000  0.000000E+000  1.000000E+000
  2.500000E-001  6.994477E-002  6.129312E-002  0.000000E+000  2.793113E-001 -9.602006E-001  0.000000E+000  9.602006E-001  2.793113E-001  0.000000E+000  0.000000E+000  0.000000E+000  1.000000E+000
  3.000000E-001  7.467325E-002  9.390976E-002  0.000000E+000  1.273128E-002 -9.999190E-001  0.000000E+000  9.999190E-001  1.273128E-002  0.000000E+000  0.000000E+000  0.000000E+000  1.000000E+000
  3.500000E-001  6.938682E-002  1.339935E-001  0.000000E+000 -2.642119E-001 -9.644646E-001  0.000000E+000  9.644646E-001 -2.642119E-001  0.000000E+000  0.000000E+000  0.000000E+000  1.000000E+000
  4.000000E-001  4.931693E-002  1.791997E-001  0.000000E+000 -5.321343E-001 -8.466600E-001  0.000000E+000  8.466600E-001 -5.321343E-001  0.000000E+000  0.000000E+000  0.000000E+000  1.000000E+000
  4.500000E-001  9.656776E-003  2.243885E-001  0.000000E+000 -7.662723E-001 -6.425159E-001  0.000000E+000  6.425159E-001 -7.662723E-001  0.000000E+000  0.000000E+000  0.000000E+000  1.000000E+000
  5.000000E-001 -5.282490E-002  2.607859E-001  0.000000E+000 -9.348632E-001 -3.550082E-001  0.000000E+000  3.550082E-001 -9.348632E-001  0.000000E+000  0.000000E+000  0.000000E+000  1.000000E+000
  5.500000E-001 -1.369211E-001  2.760621E-001  0.000000E+000 -9.999992E-001 -1.241588E-003  0.000000E+000  1.241588E-003 -9.999992E-001  0.000000E+000  0.000000E+000  0.000000E+000  1.000000E+000
  6.000000E-001 -2.333774E-001  2.569832E-001  0.000000E+000 -9.255876E-001  3.785335E-001  0.000000E+000 -3.785335E-001 -9.255876E-001  0.000000E+000  0.000000E+000  0.000000E+000  1.000000E+000
  6.500000E-001 -3.233742E-001  1.959784E-001  0.000000E+000 -6.959559E-001  7.180845E-001  0.000000E+000 -7.180845E-001 -6.959559E-001  0.000000E+000  0.000000E+000  0.000000E+000  1.000000E+000
  7.000000E-001 -3.837154E-001  9.903918E-002  0.000000E+000 -3.375940E-001  9.412918E-001  0.000000E+000 -9.412918E-001 -3.375940E-001  0.000000E+000  0.000000E+000  0.000000E+000  1.000000E+000
  7.500000E-001 -3.987651E-001 -1.306301E-002  0.000000E+000  7.845898E-002  9.969173E-001  0.000000E+000 -9.969173E-001  7.845898E-002  0.000000E+000  0.000000E+000  0.000000E+000  1.000000E+000
  8.000000E-001 -3.694852E-001 -1.147563E-001  0.000000E+000  4.660151E-001  8.847768E-001  0.000000E+000 -8.847768E-001  4.660151E-001  0.000000E+000  0.000000E+000  0.000000E+000  1.000000E+000
  8.500000E-001 -3.106502E-001 -1.885381E-001  0.000000E+000  7.614456E-001  6.482288E-001  0.000000E+000 -6.482288E-001  7.614456E-001  0.000000E+000  0.000000E+000  0.000000E+000  1.000000E+000
  9.000000E-001 -2.406293E-001 -2.296968E-001  0.000000E+000  9.385343E-001  3.451860E-001  0.000000E+000 -3.451860E-001  9.385343E-001  0.000000E+000  0.000000E+000  0.000000E+000  1.000000E+000
  9.500000E-001 -1.736102E-001 -2.427203E-001  0.000000E+000  9.996771E-001  2.541034E-002  0.000000E+000 -2.541034E-002  9.996771E-001  0.000000E+000  0.000000E+000  0.000000E+000  1.000000E+000
  1.000000E+000 -1.175033E-001 -2.357269E-001  0.000000E+000  9.610117E-001 -2.765077E-001  0.000000E+000  2.765077E-001  9.610117E-001  0.000000E+000  0.000000E+000  0.000000E+000  1.000000E+000
  1.050000E+000 -7.515400E-002 -2.167659E-001  0.000000E+000  8.423995E-001 -5.388536E-001  0.000000E+000  5.388536E-001  8.423995E-001  0.000000E+000  0.000000E+000  0.000000E+000  1.000000E+000
  1.100000E+000 -4.626813E-002 -1.922609E-001  0.000000E+000  6.632126E-001 -7.484311E-001  0.000000E+000  7.484311E-001  6.632126E-001  0.000000E+000  0.000000E+000  0.000000E+000  1.000000E+000
  1.150000E+000 -2.895812E-002 -1.666912E-001  0.000000E+000  4.414414E-001 -8.972901E-001  0.000000E+000  8.972901E-001  4.414414E-001  0.000000E+000  0.000000E+000  0.000000E+000  1.000000E+000
  1.200000E+000 -2.076726E-002 -1.427865E-001  0.000000E+000  1.940116E-001 -9.809992E-001  0.000000E+000  9.809992E-001  1.940116E-001  0.000000E+000  0.000000E+000  0.000000E+000  1.000000E+000
  1.250000E+000 -1.930695E-002 -1.218879E-001  0.000000E+000 -6.278371E-002 -9.980272E-001  0.000000E+000  9.980272E-001 -6.278371E-002  0.000000E+000  0.000000E+000  0.000000E+000  1.000000E+000
  1.300000E+000 -2.263937E-002 -1.043543E-001  0.000000E+000 -3.131567E-001 -9.497015E-001  0.000000E+000  9.497015E-001 -3.131567E-001  0.000000E+000  0.000000E+000  0.000000E+000  1.000000E+000
  1.350000E+000 -2.947711E-002 -8.997872E-002  0.000000E+000 -5.420707E-001 -8.403329E-001  0.000000E+000  8.403329E-001 -5.420707E-001  0.000000E+000  0.000000E+000  0.000000E+000  1.000000E+000
  1.400000E+000 -3.922631E-002 -7.839395E-002  0.000000E+000 -7.357655E-001 -6.772364E-001  0.000000E+000  6.772364E-001 -7.357655E-001  0.000000E+000  0.000000E+000  0.000000E+000  1.000000E+000
  1.450000E+000 -5.188490E-002 -6.943865E-002  0.000000E+000 -8.823906E-001 -4.705177E-001  0.000000E+000  4.705177E-001 -8.823906E-001  0.000000E+000  0.000000E+000  0.000000E+000  1.000000E+000
  1.500000E+000 -6.781243E-002 -6.344662E-002  0.000000E+000 -9.725687E-001 -2.326157E-001  0.000000E+000  2.326157E-001 -9.725687E-001  0.000000E+000  0.000000E+000  0.000000E+000  1.000000E+000
  1.550000E+000 -8.740026E-002 -6.142413E-002  0.000000E+000 -9.997514E-001  2.229836E-002  0.000000E+000 -2.229836E-002 -9.997514E-001  0.000000E+000  0.000000E+000  0.000000E+000  1.000000E+000
  1.600000E+000 -1.106783E-001 -6.509175E-002  0.000000E+000 -9.603200E-001  2.789004E-001  0.000000E+000 -2.789004E-001 -9.603200E-001  0.000000E+000  0.000000E+000  0.000000E+000  1.000000E+000
  1.650000E+000 -1.368900E-001 -7.677629E-002  0.000000E+000 -8.535050E-001  5.210846E-001  0.000000E+000 -5.210846E-001 -8.535050E-001  0.000000E+000  0.000000E+000  0.000000E+000  1.000000E+000
  1.700000E+000 -1.640569E-001 -9.913315E-002  0.000000E+000 -6.813279E-001  7.319784E-001  0.000000E+000 -7.319784E-001 -6.813279E-001  0.000000E+000  0.000000E+000  0.000000E+000  1.000000E+000
  1.750000E+000 -1.885525E-001 -1.346453E-001  0.000000E+000 -4.489264E-001  8.935687E-001  0.000000E+000 -8.935687E-001 -4.489264E-001  0.000000E+000  0.000000E+000  0.000000E+000  1.000000E+000
  1.800000E+000 -2.047552E-001 -1.847821E-001  0.000000E+000 -1.657787E-001  9.861630E-001  0.000000E+000 -9.861630E-001 -1.657787E-001  0.000000E+000  0.000000E+000  0.000000E+000  1.000000E+000
  1.850000E+000 -2.050130E-001 -2.486480E-001  0.000000E+000  1.515912E-001  9.884433E-001  0.000000E+000 -9.884433E-001  1.515912E-001  0.000000E+000  0.000000E+000  0.000000E+000  1.000000E+000
  1.900000E+000 -1.804954E-001 -3.210629E-001  0.000000E+000  4.752722E-001  8.798388E-001  0.000000E+000 -8.798388E-001  4.752722E-001  0.000000E+000  0.000000E+000  0.000000E+000  1.000000E+000
  1.950000E+000 -1.238973E-001 -3.906510E-001  0.000000E+000  7.617004E-001  6.479294E-001  0.000000E+000 -6.479294E-001  7.617004E-001  0.000000E+000  0.000000E+000  0.000000E+000  1.000000E+000
  2.000000E+000 -3.457057E-002 -4.399656E-001  0.000000E+000  9.531983E-001  3.023459E-001  0.000000E+000 -3.023459E-001  9.531983E-001  0.000000E+000  0.000000E+000  0.000000E+000  1.000000E+000
  2.050000E+000  7.601873E-002 -4.507454E-001  0.000000E+000  9.938289E-001 -1.109241E-001  0.000000E+000  1.109241E-001  9.938289E-001  0.000000E+000  0.000000E+000  0.000000E+000  1.000000E+000
  2.100000E+000  1.846244E-001 -4.142330E-001  0.000000E+000  8.590141E-001 -5.119519E-001  0.000000E+000  5.119519E-001  8.590141E-001  0.000000E+000  0.000000E+000  0.000000E+000  1.000000E+000
  2.150000E+000  2.664161E-001 -3.386269E-001  0.000000E+000  5.764813E-001 -8.171103E-001  0.000000E+000  8.171103E-001  5.764813E-001  0.000000E+000  0.000000E+000  0.000000E+000  1.000000E+000
  2.200000E+000  3.078906E-001 -2.448974E-001  0.000000E+000  2.140062E-001 -9.768323E-001  0.000000E+000  9.768323E-001  2.140062E-001  0.000000E+000  0.000000E+000  0.000000E+000  1.000000E+000
  2.250000E+000  3.107733E-001 -1.546995E-001  0.000000E+000 -1.555217E-001 -9.878325E-001  0.000000E+000  9.878325E-001 -1.555217E-001  0.000000E+000  0.000000E+000  0.000000E+000  1.000000E+000
  2.300000E+000  2.861476E-001 -8.174535E-002  0.000000E+000 -4.797334E-001 -8.774143E-001  0.000000E+000  8.774143E-001 -4.797334E-001  0.000000E+000  0.000000E+000  0.000000E+000  1.000000E+000
  2.350000E+000  2.468350E-001 -3.078130E-002  0.000000E+000 -7.311465E-001 -6.822205E-001  0.000000E+000  6.822205E-001 -7.311465E-001  0.000000E+000  0.000000E+000  0.000000E+000  1.000000E+000
  2.400000E+000  2.031232E-001 -5.937015E-004  0.000000E+000 -8.999871E-001 -4.359164E-001  0.000000E+000  4.359164E-001 -8.999871E-001  0.000000E+000  0.000000E+000  0.000000E+000  1.000000E+000
  2.450000E+000  1.617247E-001  1.278197E-002  0.000000E+000 -9.861696E-001 -1.657392E-001  0.000000E+000  1.657392E-001 -9.861696E-001  0.000000E+000  0.000000E+000  0.000000E+000  1.000000E+000
  2.500000E+000  1.262608E-001  1.397637E-002  0.000000E+000 -9.942836E-001  1.067711E-001  0.000000E+000 -1.067711E-001 -9.942836E-001  0.000000E+000  0.000000E+000  0.000000E+000  1.000000E+000
  2.550000E+000  9.812212E-002  7.212788E-003  0.000000E+000 -9.313441E-001  3.641403E-001  0.000000E+000 -3.641403E-001 -9.313441E-001  0.000000E+000  0.000000E+000  0.000000E+000  1.000000E+000
  2.600000E+000  7.726733E-002 -4.157519E-003  0.000000E+000 -8.061201E-001  5.917520E-001  0.000000E+000 -5.917520E-001 -8.061201E-001  0.000000E+000  0.000000E+000  0.000000E+000  1.000000E+000
  2.650000E+000  6.287346E-002 -1.779567E-002  0.000000E+000 -6.290980E-001  7.773260E-001  0.000000E+000 -7.773260E-001 -6.290980E-001  0.000000E+000  0.000000E+000  0.000000E+000  1.000000E+000
  2.700000E+000  5.385496E-002 -3.233031E-002  0.000000E+000 -4.125223E-001  9.109475E-001  0.000000E+000 -9.109475E-001 -4.125223E-001  0.000000E+000  0.000000E+000  0.000000E+000  1.000000E+000
  2.750000E+000  4.926916E-002 -4.718452E-002  0.000000E+000 -1.702402E-001  9.854026E-001  0.000000E+000 -9.854026E-001 -1.702402E-001  0.000000E+000  0.000000E+000  0.000000E+000  1.000000E+000
  2.800000E+000  4.860481E-002 -6.230348E-002  0.000000E+000  8.272420E-002  9.965725E-001  0.000000E+000 -9.965725E-001  8.272420E-002  0.000000E+000  0.000000E+000  0.000000E+000  1.000000E+000
  2.850000E+000  5.193762E-002 -7.781317E-002  0.000000E+000  3.308157E-001  9.436954E-001  0.000000E+000 -9.436954E-001  3.308157E-001  0.000000E+000  0.000000E+000  0.000000E+000  1.000000E+000
  2.900000E+000  5.993868E-002 -9.365099E-002  0.000000E+000  5.586725E-001  8.293884E-001  0.000000E+000 -8.293884E-001  5.586725E-001  0.000000E+000  0.000000E+000  0.000000E+000  1.000000E+000
  2.950000E+000  7.373422E-002 -1.092133E-001  0.000000E+000  7.517644E-001  6.594318E-001  0.000000E+000 -6.594318E-001  7.517644E-001  0.000000E+000  0.000000E+000  0.000000E+000  1.000000E+000
  3.000000E+000  9.462634E-002 -1.230603E-001  0.000000E+000  8.968032E-001  4.424297E-001  0.000000E+000 -4.424297E-001  8.968032E-001  0.000000E+000  0.000000E+000  0.000000E+000  1.000000E+000
  3.050000E+000  1.236844E-001 -1.327077E-001  0.000000E+000  9.818709E-001  1.895508E-001  0.000000E+000 -1.895508E-001  9.818709E-001  0.000000E+000  0.000000E+000  0.000000E+000  1.000000E+000
  3.100000E+000  1.611991E-001 -1.345379E-001  0.000000E+000  9.963484E-001 -8.538075E-002  0.000000E+000  8.538075E-002  9.963484E-001  0.000000E+000  0.000000E+000  0.000000E+000  1.000000E+000
  3.150000E+000  2.059665E-001 -1.238995E-001  0.000000E+000  9.309433E-001 -3.651638E-001  0.000000E+000  3.651638E-001  9.309433E-001  0.000000E+000  0.000000E+000  0.000000E+000  1.000000E+000
  3.200000E+000  2.543704E-001 -9.556604E-002  0.000000E+000  7.784567E-001 -6.276982E-001  0.000000E+000  6.276982E-001  7.784567E-001  0.000000E+000  0.000000E+000  0.000000E+000  1.000000E+000
  3.250000E+000  2.993607E-001 -4.490265E-002  0.000000E+000  5.364002E-001 -8.439637E-001  0.000000E+000  8.439637E-001  5.364002E-001  0.000000E+000  0.000000E+000  0.000000E+000  1.000000E+000
  3.300000E+000  3.298622E-001  2.977811E-002  0.000000E+000  2.128446E-001 -9.770861E-001  0.000000E+000  9.770861E-001  2.128446E-001  0.000000E+000  0.000000E+000  0.000000E+000  1.000000E+000
  3.350000E+000  3.319884E-001  1.235930E-001  0.000000E+000 -1.643710E-001 -9.863986E-001  0.000000E+000  9.863986E-001 -1.643710E-001  0.000000E+000  0.000000E+000  0.000000E+000  1.000000E+000
  3.400000E+000  2.939551E-001  2.219064E-001  0.000000E+000 -5.399961E-001 -8.416675E-001  0.000000E+000  8.416675E-001 -5.399961E-001  0.000000E+000  0.000000E+000  0.000000E+000  1.000000E+000
  3.450000E+000  2.143619E-001  3.020039E-001  0.000000E+000 -8.376114E-001 -5.462666E-001  0.000000E+000  5.462666E-001 -8.376114E-001  0.000000E+000  0.000000E+000  0.000000E+000  1.000000E+000
  3.500000E+000  1.076284E-001  3.428316E-001  0.000000E+000 -9.884247E-001 -1.517124E-001  0.000000E+000  1.517124E-001 -9.884247E-001  0.000000E+000  0.000000E+000  0.000000E+000  1.000000E+000
  3.550000E+000 -1.281845E-003  3.370038E-001  0.000000E+000 -9.660512E-001  2.583505E-001  0.000000E+000 -2.583505E-001 -9.660512E-001  0.000000E+000  0.000000E+000  0.000000E+000  1.000000E+000
  3.600000E+000 -9.005887E-002  2.935898E-001  0.000000E+000 -7.949499E-001  6.066751E-001  0.000000E+000 -6.066751E-001 -7.949499E-001  0.000000E+000  0.000000E+000  0.000000E+000  1.000000E+000
  3.650000E+000 -1.480563E-001  2.300554E-001  0.000000E+000 -5.278596E-001  8.493316E-001  0.000000E+000 -8.493316E-001 -5.278596E-001  0.000000E+000  0.000000E+000  0.000000E+000  1.000000E+000
  3.700000E+000 -1.758170E-001  1.627087E-001  0.000000E+000 -2.183990E-001  9.758596E-001  0.000000E+000 -9.758596E-001 -2.183990E-001  0.000000E+000  0.000000E+000  0.000000E+000  1.000000E+000
  3.750000E+000 -1.798768E-001  1.022420E-001  0.000000E+000  9.245450E-002  9.957169E-001  0.000000E+000 -9.957169E-001  9.245450E-002  0.000000E+000  0.000000E+000  0.000000E+000  1.000000E+000
  3.800000E+000 -1.682051E-001  5.375522E-002  0.000000E+000  3.773936E-001  9.260529E-001  0.000000E+000 -9.260529E-001  3.773936E-001  0.000000E+000  0.000000E+000  0.000000E+000  1.000000E+000
  3.850000E+000 -1.478217E-001  1.844119E-002  0.000000E+000  6.190893E-001  7.853206E-001  0.000000E+000 -7.853206E-001  6.190893E-001  0.000000E+000  0.000000E+000  0.000000E+000  1.000000E+000
  3.900000E+000 -1.240009E-001 -4.740623E-003  0.000000E+000  8.065356E-001  5.911856E-001  0.000000E+000 -5.911856E-001  8.065356E-001  0.000000E+000  0.000000E+000  0.000000E+000  1.000000E+000
  3.950000E+000 -1.002421E-001 -1.786067E-002  0.000000E+000  9.327967E-001  3.604029E-001  0.000000E+000 -3.604029E-001  9.327967E-001  0.000000E+000  0.000000E+000  0.000000E+000  1.000000E+000
  4.000000E+000 -7.853227E-002 -2.323717E-002  0.000000E+000  9.940193E-001  1.092049E-001  0.000000E+000 -1.092049E-001  9.940193E-001  0.000000E+000  0.000000E+000  0.000000E+000  1.000000E+000
  4.050000E+000 -5.970417E-002 -2.294288E-002  0.000000E+000  9.892171E-001 -1.464564E-001  0.000000E+000  1.464564E-001  9.892171E-001  0.000000E+000  0.000000E+000  0.000000E+000  1.000000E+000
  4.100000E+000 -4.382924E-002 -1.851209E-002  0.000000E+000  9.203835E-001 -3.910168E-001  0.000000E+000  3.910168E-001  9.203835E-001  0.000000E+000  0.000000E+000  0.000000E+000  1.000000E+000
  4.150000E+000 -3.062076E-002 -1.081015E-002  0.000000E+000  7.926064E-001 -6.097336E-001  0.000000E+000  6.097336E-001  7.926064E-001  0.000000E+000  0.000000E+000  0.000000E+000  1.000000E+000
  4.200000E+000 -1.982123E-002 -5.357801E-005  0.000000E+000  6.139955E-001 -7.893095E-001  0.000000E+000  7.893095E-001  6.139955E-001  0.000000E+000  0.000000E+000  0.000000E+000  1.000000E+000
  4.250000E+000 -1.153747E-002  1.402949E-002  0.000000E+000  3.953565E-001 -9.185277E-001  0.000000E+000  9.185277E-001  3.953565E-001  0.000000E+000  0.000000E+000  0.000000E+000  1.000000E+000
  4.300000E+000 -6.484776E-003  3.192003E-002  0.000000E+000  1.496620E-001 -9.887372E-001  0.000000E+000  9.887372E-001  1.496620E-001  0.000000E+000  0.000000E+000  0.000000E+000  1.000000E+000
  4.350000E+000 -6.109027E-003  5.394210E-002  0.000000E+000 -1.085408E-001 -9.940920E-001  0.000000E+000  9.940920E-001 -1.085408E-001  0.000000E+000  0.000000E+000  0.000000E+000  1.000000E+000
  4.400000E+000 -1.256744E-002  7.984346E-002  0.000000E+000 -3.635970E-001 -9.315563E-001  0.000000E+000  9.315563E-001 -3.635970E-001  0.000000E+000  0.000000E+000  0.000000E+000  1.000000E+000
  4.450000E+000 -2.855093E-002  1.083465E-001  0.000000E+000 -5.989074E-001 -8.008183E-001  0.000000E+000  8.008183E-001 -5.989074E-001  0.000000E+000  0.000000E+000  0.000000E+000  1.000000E+000
  4.500000E+000 -5.690914E-002  1.366840E-001  0.000000E+000 -7.966770E-001 -6.044053E-001  0.000000E+000  6.044053E-001 -7.966770E-001  0.000000E+000  0.000000E+000  0.000000E+000  1.000000E+000
  4.550000E+000 -9.998321E-002  1.601539E-001  0.000000E+000 -9.373195E-001 -3.484711E-001  0.000000E+000  3.484711E-001 -9.373195E-001  0.000000E+000  0.000000E+000  0.000000E+000  1.000000E+000
  4.600000E+000 -1.584767E-001  1.718369E-001  0.000000E+000 -9.989925E-001 -4.487656E-002  0.000000E+000  4.487656E-002 -9.989925E-001  0.000000E+000  0.000000E+000  0.000000E+000  1.000000E+000
  4.650000E+000 -2.296954E-001  1.628947E-001  0.000000E+000 -9.585525E-001  2.849161E-001  0.000000E+000 -2.849161E-001 -9.585525E-001  0.000000E+000  0.000000E+000  0.000000E+000  1.000000E+000
  4.700000E+000 -3.053455E-001  1.243155E-001  0.000000E+000 -7.964244E-001  6.047382E-001  0.000000E+000 -6.047382E-001 -7.964244E-001  0.000000E+000  0.000000E+000  0.000000E+000  1.000000E+000
  4.750000E+000 -3.702418E-001  5.111960E-002  0.000000E+000 -5.081349E-001  8.612775E-001  0.000000E+000 -8.612775E-001 -5.081349E-001  0.000000E+000  0.000000E+000  0.000000E+000  1.000000E+000
  4.800000E+000 -4.049379E-001 -5.155050E-002  0.000000E+000 -1.206873E-001  9.926906E-001  0.000000E+000 -9.926906E-001 -1.206873E-001  0.000000E+000  0.000000E+000  0.000000E+000  1.000000E+000
  4.850000E+000 -3.944673E-001 -1.651522E-001  0.000000E+000  2.995033E-001  9.540953E-001  0.000000E+000 -9.540953E-001  2.995033E-001  0.000000E+000  0.000000E+000  0.000000E+000  1.000000E+000
  4.900000E+000 -3.386387E-001 -2.637262E-001  0.000000E+000  6.649914E-001  7.468511E-001  0.000000E+000 -7.468511E-001  6.649914E-001  0.000000E+000  0.000000E+000  0.000000E+000  1.000000E+000
  4.950000E+000 -2.534986E-001 -3.272524E-001  0.000000E+000  9.063815E-001  4.224602E-001  0.000000E+000 -4.224602E-001  9.063815E-001  0.000000E+000  0.000000E+000  0.000000E+000  1.000000E+000
  5.000000E+000 -1.614885E-001 -3.504697E-001  0.000000E+000  9.985288E-001  5.422342E-002  0.000000E+000 -5.422342E-002  9.985288E-001  0.000000E+000  0.000000E+000  0.000000E+000  1.000000E+000
  5.050000E+000 -8.030392E-002 -3.406645E-001  0.000000E+000  9.554217E-001 -2.952445E-001  0.000000E+000  2.952445E-001  9.554217E-001  0.000000E+000  0.000000E+000  0.000000E+000  1.000000E+000
  5.100000E+000 -1.868551E-002 -3.100798E-001  0.000000E+000  8.093630E-001 -5.873087E-001  0.000000E+000  5.873087E-001  8.093630E-001  0.000000E+000  0.000000E+000  0.000000E+000  1.000000E+000
  5.150000E+000  2.193315E-002 -2.700931E-001  0.000000E+000  5.945452E-001 -8.040622E-001  0.000000E+000  8.040622E-001  5.945452E-001  0.000000E+000  0.000000E+000  0.000000E+000  1.000000E+000
  5.200000E+000  4.418348E-002 -2.289330E-001  0.000000E+000  3.402488E-001 -9.403354E-001  0.000000E+000  9.403354E-001  3.402488E-001  0.000000E+000  0.000000E+000  0.000000E+000  1.000000E+000
  5.250000E+000  5.224084E-002 -1.915893E-001  0.000000E+000  7.007191E-002 -9.975419E-001  0.000000E+000  9.975419E-001  7.007191E-002  0.000000E+000  0.000000E+000  0.000000E+000  1.000000E+000
  5.300000E+000  5.037291E-002 -1.605049E-001  0.000000E+000 -1.967786E-001 -9.804479E-001  0.000000E+000  9.804479E-001 -1.967786E-001  0.000000E+000  0.000000E+000  0.000000E+000  1.000000E+000
  5.350000E+000  4.223192E-002 -1.363647E-001  0.000000E+000 -4.441518E-001 -8.959515E-001  0.000000E+000  8.959515E-001 -4.441518E-001  0.000000E+000  0.000000E+000  0.000000E+000  1.000000E+000
  5.400000E+000  3.056465E-002 -1.187784E-001  0.000000E+000 -6.582038E-001 -7.528398E-001  0.000000E+000  7.528398E-001 -6.582038E-001  0.000000E+000  0.000000E+000  0.000000E+000  1.000000E+000
  5.450000E+000  1.715520E-002 -1.068413E-001  0.000000E+000 -8.272503E-001 -5.618336E-001  0.000000E+000  5.618336E-001 -8.272503E-001  0.000000E+000  0.000000E+000  0.000000E+000  1.000000E+000
  5.500000E+000  2.919935E-003 -9.958928E-002  0.000000E+000 -9.420255E-001 -3.355411E-001  0.000000E+000  3.355411E-001 -9.420255E-001  0.000000E+000  0.000000E+000  0.000000E+000  1.000000E+000
  5.550000E+000 -1.188009E-002 -9.634848E-002  0.000000E+000 -9.961061E-001 -8.816225E-002  0.000000E+000  8.816225E-002 -9.961061E-001  0.000000E+000  0.000000E+000  0.000000E+000  1.000000E+000
  5.600000E+000 -2.733583E-002 -9.696619E-002  0.000000E+000 -9.862830E-001  1.650632E-001  0.000000E+000 -1.650632E-001 -9.862830E-001  0.000000E+000  0.000000E+000  0.000000E+000  1.000000E+000
  5.650000E+000 -4.353199E-002 -1.019018E-001  0.000000E+000 -9.127319E-001  4.085591E-001  0.000000E+000 -4.085591E-001 -9.127319E-001  0.000000E+000  0.000000E+000  0.000000E+000  1.000000E+000
  5.700000E+000 -6.017757E-002 -1.121686E-001  0.000000E+000 -7.789313E-001  6.271093E-001  0.000000E+000 -6.271093E-001 -7.789313E-001  0.000000E+000  0.000000E+000  0.000000E+000  1.000000E+000
  5.750000E+000 -7.626872E-002 -1.291297E-001  0.000000E+000 -5.913890E-001  8.063864E-001  0.000000E+000 -8.063864E-001 -5.913890E-001  0.000000E+000  0.000000E+000  0.000000E+000  1.000000E+000
  5.800000E+000 -8.981806E-002 -1.541557E-001  0.000000E+000 -3.593449E-001  9.332048E-001  0.000000E+000 -9.332048E-001 -3.593449E-001  0.000000E+000  0.000000E+000  0.000000E+000  1.000000E+000
  5.850000E+000 -9.767918E-002 -1.881436E-001  0.000000E+000 -9.470077E-002  9.955058E-001  0.000000E+000 -9.955058E-001 -9.470077E-002  0.000000E+000  0.000000E+000  0.000000E+000  1.000000E+000
  5.900000E+000 -9.551367E-002 -2.308678E-001  0.000000E+000  1.875220E-001  9.822604E-001  0.000000E+000 -9.822604E-001  1.875220E-001  0.000000E+000  0.000000E+000  0.000000E+000  1.000000E+000
  5.950000E+000 -7.802251E-002 -2.801139E-001  0.000000E+000  4.679236E-001  8.837689E-001  0.000000E+000 -8.837689E-001  4.679236E-001  0.000000E+000  0.000000E+000  0.000000E+000  1.000000E+000
  6.000000E+000 -3.972151E-002 -3.306003E-001  0.000000E+000  7.206566E-001  6.932922E-001  0.000000E+000 -6.932922E-001  7.206566E-001  0.000000E+000  0.000000E+000  0.000000E+000  1.000000E+000
  6.050000E+000  2.325689E-002 -3.729776E-001  0.000000E+000  9.114318E-001  4.114513E-001  0.000000E+000 -4.114513E-001  9.114318E-001  0.000000E+000  0.000000E+000  0.000000E+000  1.000000E+000
  6.100000E+000  1.099155E-001 -3.939149E-001  0.000000E+000  9.985122E-001  5.452903E-002  0.000000E+000 -5.452903E-002  9.985122E-001  0.000000E+000  0.000000E+000  0.000000E+000  1.000000E+000
  6.150000E+000  2.104132E-001 -3.792004E-001  0.000000E+000  9.420484E-001 -3.354769E-001  0.000000E+000  3.354769E-001  9.420484E-001  0.000000E+000  0.000000E+000  0.000000E+000  1.000000E+000
  6.200000E+000  3.047971E-001 -3.210982E-001  0.000000E+000  7.249906E-001 -6.887587E-001  0.000000E+000  6.887587E-001  7.249906E-001  0.000000E+000  0.000000E+000  0.000000E+000  1.000000E+000
  6.250000E+000  3.692814E-001 -2.264017E-001  0.000000E+000  3.753233E-001 -9.268940E-001  0.000000E+000  9.268940E-001  3.753233E-001  0.000000E+000  0.000000E+000  0.000000E+000  1.000000E+000
  6.300000E+000  3.888017E-001 -1.164792E-001  0.000000E+000 -3.476897E-002 -9.993954E-001  0.000000E+000  9.993954E-001 -3.476897E-002  0.000000E+000  0.000000E+000  0.000000E+000  1.000000E+000
  6.350000E+000  3.650169E-001 -1.631414E-002  0.000000E+000 -4.209907E-001 -9.070649E-001  0.000000E+000  9.070649E-001 -4.209907E-001  0.000000E+000  0.000000E+000  0.000000E+000  1.000000E+000
  6.400000E+000  3.123495E-001  5.763538E-002  0.000000E+000 -7.225862E-001 -6.912808E-001  0.000000E+000  6.912808E-001 -7.225862E-001  0.000000E+000  0.000000E+000  0.000000E+000  1.000000E+000
  6.450000E+000  2.480571E-001  1.009909E-001  0.000000E+000 -9.139191E-001 -4.058964E-001  0.000000E+000  4.058964E-001 -9.139191E-001  0.000000E+000  0.000000E+000  0.000000E+000  1.000000E+000
  6.500000E+000  1.853849E-001  1.177157E-001  0.000000E+000 -9.952627E-001 -9.722255E-002  0.000000E+000  9.722255E-002 -9.952627E-001  0.000000E+000  0.000000E+000  0.000000E+000  1.000000E+000
  6.550000E+000  1.318921E-001  1.150708E-001  0.000000E+000 -9.794472E-001  2.017007E-001  0.000000E+000 -2.017007E-001 -9.794472E-001  0.000000E+000  0.000000E+000  0.000000E+000  1.000000E+000
  6.600000E+000  9.055872E-002  1.003602E-001  0.000000E+000 -8.831847E-001  4.690254E-001  0.000000E+000 -4.690254E-001 -8.831847E-001  0.000000E+000  0.000000E+000  0.000000E+000  1.000000E+000
  6.650000E+000  6.145775E-002  7.953077E-002  0.000000E+000 -7.234168E-001  6.904116E-001  0.000000E+000 -6.904116E-001 -7.234168E-001  0.000000E+000  0.000000E+000  0.000000E+000  1.000000E+000
  6.700000E+000  4.311379E-002  5.683204E-002  0.000000E+000 -5.164818E-001  8.562981E-001  0.000000E+000 -8.562981E-001 -5.164818E-001  0.000000E+000  0.000000E+000  0.000000E+000  1.000000E+000
  6.750000E+000  3.343371E-002  3.493307E-002  0.000000E+000 -2.783164E-001  9.604894E-001  0.000000E+000 -9.604894E-001 -2.783164E-001  0.000000E+000  0.000000E+000  0.000000E+000  1.000000E+000
  6.800000E+000  3.031565E-002  1.521026E-002  0.000000E+000 -2.475548E-002  9.996935E-001  0.000000E+000 -9.996935E-001 -2.475548E-002  0.000000E+000  0.000000E+000  0.000000E+000  1.000000E+000
  6.850000E+000  3.203704E-002 -1.898473E-003  0.000000E+000  2.284399E-001  9.735580E-001  0.000000E+000 -9.735580E-001  2.284399E-001  0.000000E+000  0.000000E+000  0.000000E+000  1.000000E+000
  6.900000E+000  3.747295E-002 -1.650783E-002  0.000000E+000  4.658978E-001  8.848385E-001  0.000000E+000 -8.848385E-001  4.658978E-001  0.000000E+000  0.000000E+000  0.000000E+000  1.000000E+000
  6.950000E+000  4.616086E-002 -2.889229E-002  0.000000E+000  6.732074E-001  7.394537E-001  0.000000E+000 -7.394537E-001  6.732074E-001  0.000000E+000  0.000000E+000  0.000000E+000  1.000000E+000
  7.000000E+000  5.821788E-002 -3.911978E-002  0.000000E+000  8.375879E-001  5.463026E-001  0.000000E+000 -5.463026E-001  8.375879E-001  0.000000E+000  0.000000E+000  0.000000E+000  1.000000E+000
  7.050000E+000  7.412418E-002 -4.675239E-002  0.000000E+000  9.484782E-001  3.168425E-001  0.000000E+000 -3.168425E-001  9.484782E-001  0.000000E+000  0.000000E+000  0.000000E+000  1.000000E+000
  7.100000E+000  9.439868E-002 -5.065112E-002  0.000000E+000  9.979159E-001  6.452748E-002  0.000000E+000 -6.452748E-002  9.979159E-001  0.000000E+000  0.000000E+000  0.000000E+000  1.000000E+000
  7.150000E+000  1.191995E-001 -4.891037E-002  0.000000E+000  9.806602E-001 -1.957181E-001  0.000000E+000  1.957181E-001  9.806602E-001  0.000000E+000  0.000000E+000  0.000000E+000  1.000000E+000
  7.200000E+000  1.478757E-001 -3.894052E-002  0.000000E+000  8.941358E-001 -4.477959E-001  0.000000E+000  4.477959E-001  8.941358E-001  0.000000E+000  0.000000E+000  0.000000E+000  1.000000E+000
  7.250000E+000  1.784845E-001 -1.772684E-002  0.000000E+000  7.384240E-001 -6.743367E-001  0.000000E+000  6.743367E-001  7.384240E-001  0.000000E+000  0.000000E+000  0.000000E+000  1.000000E+000
  7.300000E+000  2.072898E-001  1.766270E-002  0.000000E+000  5.167002E-001 -8.561664E-001  0.000000E+000  8.561664E-001  5.167002E-001  0.000000E+000  0.000000E+000  0.000000E+000  1.000000E+000
  7.350000E+000  2.283178E-001  6.917082E-002  0.000000E+000  2.367184E-001 -9.715783E-001  0.000000E+000  9.715783E-001  2.367184E-001  0.000000E+000  0.000000E+000  0.000000E+000  1.000000E+000
  7.400000E+000  2.332500E-001  1.362317E-001  0.000000E+000 -8.596574E-002 -9.962981E-001  0.000000E+000  9.962981E-001 -8.596574E-002  0.000000E+000  0.000000E+000  0.000000E+000  1.000000E+000
  7.450000E+000  2.123481E-001  2.135748E-001  0.000000E+000 -4.228777E-001 -9.061868E-001  0.000000E+000  9.061868E-001 -4.228777E-001  0.000000E+000  0.000000E+000  0.000000E+000  1.000000E+000
  7.500000E+000  1.575357E-001  2.890855E-001  0.000000E+000 -7.277720E-001 -6.858192E-001  0.000000E+000  6.858192E-001 -7.277720E-001  0.000000E+000  0.000000E+000  0.000000E+000  1.000000E+000
  7.550000E+000  6.814331E-002  3.441591E-001  0.000000E+000 -9.389051E-001 -3.441761E-001  0.000000E+000  3.441761E-001 -9.389051E-001  0.000000E+000  0.000000E+000  0.000000E+000  1.000000E+000
  7.600000E+000 -4.347698E-002  3.598605E-001  0.000000E+000 -9.975059E-001  7.058247E-002  0.000000E+000 -7.058247E-002 -9.975059E-001  0.000000E+000  0.000000E+000  0.000000E+000  1.000000E+000
  7.650000E+000 -1.532725E-001  3.278932E-001  0.000000E+000 -8.792915E-001  4.762841E-001  0.000000E+000 -4.762841E-001 -8.792915E-001  0.000000E+000  0.000000E+000  0.000000E+000  1.000000E+000
  7.700000E+000 -2.367621E-001  2.571997E-001  0.000000E+000 -6.131146E-001  7.899940E-001  0.000000E+000 -7.899940E-001 -6.131146E-001  0.000000E+000  0.000000E+000  0.000000E+000  1.000000E+000
  7.750000E+000 -2.813792E-001  1.684675E-001  0.000000E+000 -2.651349E-001  9.642113E-001  0.000000E+000 -9.642113E-001 -2.651349E-001  0.000000E+000  0.000000E+000  0.000000E+000  1.000000E+000
  7.800000E+000 -2.890471E-001  8.223033E-002  0.000000E+000  9.552350E-002  9.954272E-001  0.000000E+000 -9.954272E-001  9.552350E-002  0.000000E+000  0.000000E+000  0.000000E+000  1.000000E+000
  7.850000E+000 -2.700896E-001  1.134191E-002  0.000000E+000  4.192617E-001  9.078654E-001  0.000000E+000 -9.078654E-001  4.192617E-001  0.000000E+000  0.000000E+000  0.000000E+000  1.000000E+000
  7.900000E+000 -2.362974E-001 -3.954339E-002  0.000000E+000  6.788983E-001  7.342323E-001  0.000000E+000 -7.342323E-001  6.788983E-001  0.000000E+000  0.000000E+000  0.000000E+000  1.000000E+000
  7.950000E+000 -1.972143E-001 -7.118409E-002  0.000000E+000  8.630734E-001  5.050785E-001  0.000000E+000 -5.050785E-001  8.630734E-001  0.000000E+000  0.000000E+000  0.000000E+000  1.000000E+000
  8.000000E+000 -1.592236E-001 -8.692083E-002  0.000000E+000  9.693120E-001  2.458339E-001  0.000000E+000 -2.458339E-001  9.693120E-001  0.000000E+000  0.000000E+000  0.000000E+000  1.000000E+000
  8.050000E+000 -1.259292E-001 -9.082717E-002  0.000000E+000  9.997435E-001 -2.264980E-002  0.000000E+000  2.264980E-002  9.997435E-001  0.000000E+000  0.000000E+000  0.000000E+000  1.000000E+000
  8.100000E+000 -9.887237E-002 -8.671723E-002  0.000000E+000  9.591782E-001 -2.828022E-001  0.000000E+000  2.828022E-001  9.591782E-001  0.000000E+000  0.000000E+000  0.000000E+000  1.000000E+000
  8.150000E+000 -7.822572E-002 -7.767704E-002  0.000000E+000  8.545342E-001 -5.193951E-001  0.000000E+000  5.193951E-001  8.545342E-001  0.000000E+000  0.000000E+000  0.000000E+000  1.000000E+000
  8.200000E+000 -6.338382E-002 -6.588922E-002  0.000000E+000  6.948079E-001 -7.191954E-001  0.000000E+000  7.191954E-001  6.948079E-001  0.000000E+000  0.000000E+000  0.000000E+000  1.000000E+000
  8.250000E+000 -5.345700E-002 -5.263915E-002  0.000000E+000  4.911002E-001 -8.711031E-001  0.000000E+000  8.711031E-001  4.911002E-001  0.000000E+000  0.000000E+000  0.000000E+000  1.000000E+000
  8.300000E+000 -4.767293E-002 -3.845656E-002  0.000000E+000  2.564498E-001 -9.665575E-001  0.000000E+000  9.665575E-001  2.564498E-001  0.000000E+000  0.000000E+000  0.000000E+000  1.000000E+000
  8.350000E+000 -4.567348E-002 -2.336673E-002  0.000000E+000  5.401028E-003 -9.999854E-001  0.000000E+000  9.999854E-001  5.401028E-003  0.000000E+000  0.000000E+000  0.000000E+000  1.000000E+000
  8.400000E+000 -4.768477E-002 -7.221300E-003  0.000000E+000 -2.466392E-001 -9.691074E-001  0.000000E+000  9.691074E-001 -2.466392E-001  0.000000E+000  0.000000E+000  0.000000E+000  1.000000E+000
  8.450000E+000 -5.454271E-002  9.931977E-003  0.000000E+000 -4.841173E-001 -8.750031E-001  0.000000E+000  8.750031E-001 -4.841173E-001  0.000000E+000  0.000000E+000  0.000000E+000  1.000000E+000
  8.500000E+000 -6.756885E-002  2.748487E-002  0.000000E+000 -6.919540E-001 -7.219416E-001  0.000000E+000  7.219416E-001 -6.919540E-001  0.000000E+000  0.000000E+000  0.000000E+000  1.000000E+000
  8.550000E+000 -8.830200E-002  4.394836E-002  0.000000E+000 -8.559269E-001 -5.170968E-001  0.000000E+000  5.170968E-001 -8.559269E-001  0.000000E+000  0.000000E+000  0.000000E+000  1.000000E+000
  8.600000E+000 -1.180872E-001  5.670576E-002  0.000000E+000 -9.627569E-001 -2.703687E-001  0.000000E+000  2.703687E-001 -9.627569E-001  0.000000E+000  0.000000E+000  0.000000E+000  1.000000E+000
  8.650000E+000 -1.575014E-001  6.187371E-002  0.000000E+000 -9.999855E-001  5.394268E-003  0.000000E+000 -5.394268E-003 -9.999855E-001  0.000000E+000  0.000000E+000  0.000000E+000  1.000000E+000
  8.700000E+000 -2.055647E-001  5.435363E-002  0.000000E+000 -9.559758E-001  2.934455E-001  0.000000E+000 -2.934455E-001 -9.559758E-001  0.000000E+000  0.000000E+000  0.000000E+000  1.000000E+000
  8.750000E+000 -2.586883E-001  2.828308E-002  0.000000E+000 -8.207731E-001  5.712543E-001  0.000000E+000 -5.712543E-001 -8.207731E-001  0.000000E+000  0.000000E+000  0.000000E+000  1.000000E+000
  8.800000E+000 -3.094728E-001 -2.168857E-002  0.000000E+000 -5.891360E-001  8.080339E-001  0.000000E+000 -8.080339E-001 -5.891360E-001  0.000000E+000  0.000000E+000  0.000000E+000  1.000000E+000
  8.850000E+000 -3.460076E-001 -9.773338E-002  0.000000E+000 -2.673402E-001  9.636022E-001  0.000000E+000 -9.636022E-001 -2.673402E-001  0.000000E+000  0.000000E+000  0.000000E+000  1.000000E+000
  8.900000E+000 -3.533162E-001 -1.947738E-001  0.000000E+000  1.163273E-001  9.932109E-001  0.000000E+000 -9.932109E-001  1.163273E-001  0.000000E+000  0.000000E+000  0.000000E+000  1.000000E+000
  8.950000E+000 -3.189956E-001 -2.971918E-001  0.000000E+000  5.036419E-001  8.639125E-001  0.000000E+000 -8.639125E-001  5.036419E-001  0.000000E+000  0.000000E+000  0.000000E+000  1.000000E+000
  9.000000E+000 -2.420964E-001 -3.813082E-001  0.000000E+000  8.149833E-001  5.794844E-001  0.000000E+000 -5.794844E-001  8.149833E-001  0.000000E+000  0.000000E+000  0.000000E+000  1.000000E+000
  9.050000E+000 -1.378991E-001 -4.261902E-001  0.000000E+000  9.811637E-001  1.931782E-001  0.000000E+000 -1.931782E-001  9.811637E-001  0.000000E+000  0.000000E+000  0.000000E+000  1.000000E+000
  9.100000E+000 -3.127857E-002 -4.252979E-001  0.000000E+000  9.772626E-001 -2.120325E-001  0.000000E+000  2.120325E-001  9.772626E-001  0.000000E+000  0.000000E+000  0.000000E+000  1.000000E+000
  9.150000E+000  5.648596E-002 -3.878564E-001  0.000000E+000  8.271905E-001 -5.619215E-001  0.000000E+000  5.619215E-001  8.271905E-001  0.000000E+000  0.000000E+000  0.000000E+000  1.000000E+000
  9.200000E+000  1.154897E-001 -3.304421E-001  0.000000E+000  5.802060E-001 -8.144697E-001  0.000000E+000  8.144697E-001  5.802060E-001  0.000000E+000  0.000000E+000  0.000000E+000  1.000000E+000
  9.250000E+000  1.461020E-001 -2.682564E-001  0.000000E+000  2.859154E-001 -9.582549E-001  0.000000E+000  9.582549E-001  2.859154E-001  0.000000E+000  0.000000E+000  0.000000E+000  1.000000E+000
  9.300000E+000  1.541039E-001 -2.113580E-001  0.000000E+000 -1.720842E-002 -9.998519E-001  0.000000E+000  9.998519E-001 -1.720842E-002  0.000000E+000  0.000000E+000  0.000000E+000  1.000000E+000
  9.350000E+000  1.466504E-001 -1.647694E-001  0.000000E+000 -3.025209E-001 -9.531428E-001  0.000000E+000  9.531428E-001 -3.025209E-001  0.000000E+000  0.000000E+000  0.000000E+000  1.000000E+000
  9.400000E+000  1.301613E-001 -1.299472E-001  0.000000E+000 -5.520569E-001 -8.338064E-001  0.000000E+000  8.338064E-001 -5.520569E-001  0.000000E+000  0.000000E+000  0.000000E+000  1.000000E+000
  9.450000E+000  1.095682E-001 -1.062359E-001  0.000000E+000 -7.534782E-001 -6.574728E-001  0.000000E+000  6.574728E-001 -7.534782E-001  0.000000E+000  0.000000E+000  0.000000E+000  1.000000E+000
  9.500000E+000  8.822784E-002 -9.194190E-002  0.000000E+000 -8.982177E-001 -4.395508E-001  0.000000E+000  4.395508E-001 -8.982177E-001  0.000000E+000  0.000000E+000  0.000000E+000  1.000000E+000
  9.550000E+000  6.811012E-002 -8.506182E-002  0.000000E+000 -9.807042E-001 -1.954976E-001  0.000000E+000  1.954976E-001 -9.807042E-001  0.000000E+000  0.000000E+000  0.000000E+000  1.000000E+000
  9.600000E+000  5.009631E-002 -8.376676E-002  0.000000E+000 -9.982554E-001  5.904342E-002  0.000000E+000 -5.904342E-002 -9.982554E-001  0.000000E+000  0.000000E+000  0.000000E+000  1.000000E+000
  9.650000E+000  3.433313E-002 -8.670803E-002  0.000000E+000 -9.512487E-001  3.084250E-001  0.000000E+000 -3.084250E-001 -9.512487E-001  0.000000E+000  0.000000E+000  0.000000E+000  1.000000E+000
  9.700000E+000  2.061565E-002 -9.316741E-002  0.000000E+000 -8.432761E-001  5.374807E-001  0.000000E+000 -5.374807E-001 -8.432761E-001  0.000000E+000  0.000000E+000  0.000000E+000  1.000000E+000
  9.750000E+000  8.768858E-003 -1.030570E-001  0.000000E+000 -6.811067E-001  7.321842E-001  0.000000E+000 -7.321842E-001 -6.811067E-001  0.000000E+000  0.000000E+000  0.000000E+000  1.000000E+000
  9.800000E+000 -1.011593E-003 -1.167751E-001  0.000000E+000 -4.743955E-001  8.803118E-001  0.000000E+000 -8.803118E-001 -4.743955E-001  0.000000E+000  0.000000E+000  0.000000E+000  1.000000E+000
  9.850000E+000 -7.900786E-003 -1.349368E-001  0.000000E+000 -2.351938E-001  9.719485E-001  0.000000E+000 -9.719485E-001 -2.351938E-001  0.000000E+000  0.000000E+000  0.000000E+000  1.000000E+000
  9.900000E+000 -1.030048E-002 -1.580084E-001  0.000000E+000  2.259366E-002  9.997447E-001  0.000000E+000 -9.997447E-001  2.259366E-002  0.000000E+000  0.000000E+000  0.000000E+000  1.000000E+000
  9.950000E+000 -5.831587E-003 -1.858735E-001  0.000000E+000  2.836098E-001  9.589398E-001  0.000000E+000 -9.589398E-001  2.836098E-001  0.000000E+000  0.000000E+000  0.000000E+000  1.000000E+000
