% FILE: VehicleTricycleFreeMotionBackwardForces.5
%
%       t         P_No_Fo[1]    P_No_Fo[2]    P_No_Fo[3]     N_F[1,1]       N_F[1,2]       N_F[1,3]       N_F[2,1]       N_F[2,2]       N_F[2,3]       N_F[3,1]       N_F[3,2]       N_F[3,3]
%   (second)        (meter)        (meter)        (meter)       (NoUnits)      (NoUnits)      (NoUnits)      (NoUnits)      (NoUnits)      (NoUnits)      (NoUnits)      (NoUnits)      (NoUnits)

  0.000000E+000 -2.000000E+000  0.000000E+000  0.000000E+000 -9.999985E-001 -1.745328E-003  0.000000E+000  1.745328E-003 -9.999985E-001  0.000000E+000  0.000000E+000  0.000000E+000  1.000000E+000
  2.000000E-003 -1.999995E+000 -8.297093E-009  0.000000E+000 -9.999985E-001 -1.745328E-003  1.358251E-005  1.745328E-003 -9.999985E-001 -2.370598E-008  1.358253E-005  0.000000E+000  1.000000E+000
  4.000000E-003 -1.999981E+000 -3.318837E-008  0.000000E+000 -9.999985E-001 -1.745328E-003  5.433005E-005  1.745328E-003 -9.999985E-001 -9.482393E-008  5.433014E-005  0.000000E+000  1.000000E+000
  6.000000E-003 -1.999957E+000 -7.467384E-008  0.000000E+000 -9.999985E-001 -1.745328E-003  1.222426E-004  1.745328E-003 -9.999985E-001 -2.133538E-007  1.222428E-004  0.000000E+000  1.000000E+000
  8.000000E-003 -1.999924E+000 -1.327535E-007  0.000000E+000 -9.999985E-001 -1.745328E-003  2.173202E-004  1.745328E-003 -9.999985E-001 -3.792957E-007  2.173205E-004  0.000000E+000  1.000000E+000
  1.000000E-002 -1.999881E+000 -2.074273E-007  0.000000E+000 -9.999984E-001 -1.745328E-003  3.395628E-004  1.745328E-003 -9.999985E-001 -5.926495E-007  3.395633E-004  0.000000E+000  9.999999E-001
  1.200000E-002 -1.999829E+000 -2.986954E-007  0.000000E+000 -9.999984E-001 -1.745328E-003  4.889705E-004  1.745328E-003 -9.999985E-001 -8.534153E-007  4.889712E-004  0.000000E+000  9.999999E-001
  1.400000E-002 -1.999767E+000 -4.065576E-007  0.000000E+000 -9.999983E-001 -1.745328E-003  6.655431E-004  1.745328E-003 -9.999985E-001 -1.161593E-006  6.655441E-004  0.000000E+000  9.999998E-001
  1.600000E-002 -1.999696E+000 -5.310140E-007  0.000000E+000 -9.999981E-001 -1.745328E-003  8.692807E-004  1.745328E-003 -9.999985E-001 -1.517183E-006  8.692821E-004  0.000000E+000  9.999996E-001
  1.800000E-002 -1.999615E+000 -6.720646E-007  0.000000E+000 -9.999979E-001 -1.745328E-003  1.100183E-003  1.745327E-003 -9.999985E-001 -1.920184E-006  1.100185E-003  0.000000E+000  9.999994E-001
  2.000000E-002 -1.999525E+000 -8.297094E-007  0.000000E+000 -9.999976E-001 -1.745328E-003  1.358251E-003  1.745327E-003 -9.999985E-001 -2.370597E-006  1.358253E-003  0.000000E+000  9.999991E-001
  2.200000E-002 -1.999425E+000 -1.003948E-006  0.000000E+000 -9.999971E-001 -1.745328E-003  1.643483E-003  1.745326E-003 -9.999985E-001 -2.868422E-006  1.643486E-003  0.000000E+000  9.999986E-001
  2.400000E-002 -1.999315E+000 -1.194781E-006  0.000000E+000 -9.999966E-001 -1.745328E-003  1.955881E-003  1.745325E-003 -9.999985E-001 -3.413659E-006  1.955884E-003  0.000000E+000  9.999981E-001
  2.600000E-002 -1.999197E+000 -1.402209E-006  0.000000E+000 -9.999958E-001 -1.745328E-003  2.295443E-003  1.745324E-003 -9.999985E-001 -4.006307E-006  2.295446E-003  0.000000E+000  9.999974E-001
  2.800000E-002 -1.999068E+000 -1.626230E-006  0.000000E+000 -9.999949E-001 -1.745328E-003  2.662169E-003  1.745322E-003 -9.999985E-001 -4.646367E-006  2.662173E-003  0.000000E+000  9.999965E-001
  3.000000E-002 -1.998930E+000 -1.866846E-006  0.000000E+000 -9.999938E-001 -1.745328E-003  3.056061E-003  1.745320E-003 -9.999985E-001 -5.333838E-006  3.056065E-003  0.000000E+000  9.999953E-001
  3.200000E-002 -1.998783E+000 -2.124056E-006  0.000000E+000 -9.999924E-001 -1.745328E-003  3.477116E-003  1.745318E-003 -9.999985E-001 -6.068719E-006  3.477122E-003  0.000000E+000  9.999940E-001
  3.400000E-002 -1.998626E+000 -2.397860E-006  0.000000E+000 -9.999908E-001 -1.745328E-003  3.925336E-003  1.745315E-003 -9.999985E-001 -6.851011E-006  3.925342E-003  0.000000E+000  9.999923E-001
  3.600000E-002 -1.998460E+000 -2.688258E-006  0.000000E+000 -9.999888E-001 -1.745328E-003  4.400720E-003  1.745311E-003 -9.999985E-001 -7.680713E-006  4.400727E-003  0.000000E+000  9.999903E-001
  3.800000E-002 -1.998284E+000 -2.995251E-006  0.000000E+000 -9.999865E-001 -1.745328E-003  4.903268E-003  1.745307E-003 -9.999985E-001 -8.557825E-006  4.903275E-003  0.000000E+000  9.999880E-001
  4.000000E-002 -1.998098E+000 -3.318837E-006  0.000000E+000 -9.999837E-001 -1.745328E-003  5.432979E-003  1.745303E-003 -9.999985E-001 -9.482346E-006  5.432987E-003  0.000000E+000  9.999852E-001
  4.200000E-002 -1.997904E+000 -3.659018E-006  0.000000E+000 -9.999805E-001 -1.745328E-003  5.989852E-003  1.745297E-003 -9.999985E-001 -1.045428E-005  5.989862E-003  0.000000E+000  9.999821E-001
  4.400000E-002 -1.997699E+000 -4.015793E-006  0.000000E+000 -9.999769E-001 -1.745328E-003  6.573889E-003  1.745291E-003 -9.999985E-001 -1.147361E-005  6.573899E-003  0.000000E+000  9.999784E-001
  4.600000E-002 -1.997485E+000 -4.389162E-006  0.000000E+000 -9.999727E-001 -1.745328E-003  7.185088E-003  1.745283E-003 -9.999985E-001 -1.254036E-005  7.185099E-003  0.000000E+000  9.999742E-001
  4.800000E-002 -1.997262E+000 -4.779126E-006  0.000000E+000 -9.999679E-001 -1.745328E-003  7.823448E-003  1.745275E-003 -9.999985E-001 -1.365451E-005  7.823460E-003  0.000000E+000  9.999694E-001
  5.000000E-002 -1.997029E+000 -5.185683E-006  0.000000E+000 -9.999624E-001 -1.745328E-003  8.488969E-003  1.745265E-003 -9.999985E-001 -1.481606E-005  8.488982E-003  0.000000E+000  9.999640E-001
  5.200000E-002 -1.996786E+000 -5.608835E-006  0.000000E+000 -9.999563E-001 -1.745328E-003  9.181650E-003  1.745255E-003 -9.999985E-001 -1.602502E-005  9.181664E-003  0.000000E+000  9.999578E-001
  5.400000E-002 -1.996534E+000 -6.048581E-006  0.000000E+000 -9.999495E-001 -1.745328E-003  9.901490E-003  1.745243E-003 -9.999985E-001 -1.728138E-005  9.901505E-003  0.000000E+000  9.999510E-001
  5.600000E-002 -1.996273E+000 -6.504921E-006  0.000000E+000 -9.999418E-001 -1.745328E-003  1.064849E-002  1.745229E-003 -9.999985E-001 -1.858514E-005  1.064851E-002  0.000000E+000  9.999433E-001
  5.800000E-002 -1.996002E+000 -6.977856E-006  0.000000E+000 -9.999332E-001 -1.745328E-003  1.142265E-002  1.745214E-003 -9.999985E-001 -1.993630E-005  1.142266E-002  0.000000E+000  9.999348E-001
  6.000000E-002 -1.995722E+000 -7.467384E-006  0.000000E+000 -9.999238E-001 -1.745328E-003  1.222396E-002  1.745198E-003 -9.999985E-001 -2.133485E-005  1.222398E-002  0.000000E+000  9.999253E-001
  6.200000E-002 -1.995432E+000 -7.973507E-006  0.000000E+000 -9.999133E-001 -1.745328E-003  1.305242E-002  1.745180E-003 -9.999985E-001 -2.278080E-005  1.305244E-002  0.000000E+000  9.999148E-001
  6.400000E-002 -1.995132E+000 -8.496224E-006  0.000000E+000 -9.999018E-001 -1.745328E-003  1.390805E-002  1.745160E-003 -9.999985E-001 -2.427414E-005  1.390807E-002  0.000000E+000  9.999033E-001
  6.600000E-002 -1.994823E+000 -9.035535E-006  0.000000E+000 -9.998891E-001 -1.745328E-003  1.479082E-002  1.745137E-003 -9.999985E-001 -2.581487E-005  1.479084E-002  0.000000E+000  9.998906E-001
  6.800000E-002 -1.994505E+000 -9.591440E-006  0.000000E+000 -9.998752E-001 -1.745328E-003  1.570074E-002  1.745113E-003 -9.999985E-001 -2.740299E-005  1.570076E-002  0.000000E+000  9.998767E-001
  7.000000E-002 -1.994176E+000 -1.016394E-005  0.000000E+000 -9.998601E-001 -1.745328E-003  1.663781E-002  1.745087E-003 -9.999985E-001 -2.903849E-005  1.663784E-002  0.000000E+000  9.998616E-001
  7.200000E-002 -1.993839E+000 -1.075303E-005  0.000000E+000 -9.998435E-001 -1.745328E-003  1.760203E-002  1.745058E-003 -9.999985E-001 -3.072137E-005  1.760205E-002  0.000000E+000  9.998451E-001
  7.400000E-002 -1.993492E+000 -1.135872E-005  0.000000E+000 -9.998256E-001 -1.745328E-003  1.859339E-002  1.745027E-003 -9.999985E-001 -3.245162E-005  1.859342E-002  0.000000E+000  9.998271E-001
  7.600000E-002 -1.993135E+000 -1.198100E-005  0.000000E+000 -9.998061E-001 -1.745328E-003  1.961189E-002  1.744993E-003 -9.999985E-001 -3.422924E-005  1.961192E-002  0.000000E+000  9.998077E-001
  7.800000E-002 -1.992769E+000 -1.261988E-005  0.000000E+000 -9.997851E-001 -1.745328E-003  2.065753E-002  1.744956E-003 -9.999985E-001 -3.605423E-005  2.065756E-002  0.000000E+000  9.997866E-001
  8.000000E-002 -1.992394E+000 -1.327535E-005  0.000000E+000 -9.997623E-001 -1.745328E-003  2.173031E-002  1.744916E-003 -9.999985E-001 -3.792659E-005  2.173034E-002  0.000000E+000  9.997639E-001
  8.200000E-002 -1.992009E+000 -1.394741E-005  0.000000E+000 -9.997378E-001 -1.745328E-003  2.283022E-002  1.744873E-003 -9.999985E-001 -3.984629E-005  2.283026E-002  0.000000E+000  9.997394E-001
  8.400000E-002 -1.991614E+000 -1.463607E-005  0.000000E+000 -9.997115E-001 -1.745328E-003  2.395726E-002  1.744827E-003 -9.999985E-001 -4.181335E-005  2.395730E-002  0.000000E+000  9.997130E-001
  8.600000E-002 -1.991210E+000 -1.534133E-005  0.000000E+000 -9.996831E-001 -1.745328E-003  2.511143E-002  1.744778E-003 -9.999985E-001 -4.382775E-005  2.511147E-002  0.000000E+000  9.996847E-001
  8.800000E-002 -1.990796E+000 -1.606317E-005  0.000000E+000 -9.996528E-001 -1.745328E-003  2.629272E-002  1.744725E-003 -9.999985E-001 -4.588949E-005  2.629276E-002  0.000000E+000  9.996543E-001
  9.000000E-002 -1.990373E+000 -1.680161E-005  0.000000E+000 -9.996202E-001 -1.745328E-003  2.750112E-002  1.744668E-003 -9.999985E-001 -4.799856E-005  2.750116E-002  0.000000E+000  9.996218E-001
  9.200000E-002 -1.989941E+000 -1.755665E-005  0.000000E+000 -9.995855E-001 -1.745328E-003  2.873664E-002  1.744608E-003 -9.999985E-001 -5.015495E-005  2.873669E-002  0.000000E+000  9.995870E-001
  9.400000E-002 -1.989499E+000 -1.832828E-005  0.000000E+000 -9.995484E-001 -1.745328E-003  2.999927E-002  1.744543E-003 -9.999985E-001 -5.235866E-005  2.999932E-002  0.000000E+000  9.995499E-001
  9.600000E-002 -1.989047E+000 -1.911650E-005  0.000000E+000 -9.995089E-001 -1.745328E-003  3.128900E-002  1.744474E-003 -9.999985E-001 -5.460967E-005  3.128905E-002  0.000000E+000  9.995104E-001
  9.800000E-002 -1.988586E+000 -1.992132E-005  0.000000E+000 -9.994668E-001 -1.745328E-003  3.260583E-002  1.744400E-003 -9.999985E-001 -5.690797E-005  3.260588E-002  0.000000E+000  9.994683E-001
  1.000000E-001 -1.988115E+000 -2.074273E-005  0.000000E+000 -9.994220E-001 -1.745328E-003  3.394976E-002  1.744322E-003 -9.999985E-001 -5.925357E-005  3.394981E-002  0.000000E+000  9.994235E-001
  1.020000E-001 -1.987635E+000 -2.158074E-005  0.000000E+000 -9.993745E-001 -1.745328E-003  3.532077E-002  1.744239E-003 -9.999985E-001 -6.164643E-005  3.532082E-002  0.000000E+000  9.993760E-001
  1.040000E-001 -1.987146E+000 -2.243534E-005  0.000000E+000 -9.993241E-001 -1.745328E-003  3.671886E-002  1.744151E-003 -9.999985E-001 -6.408656E-005  3.671892E-002  0.000000E+000  9.993256E-001
  1.060000E-001 -1.986646E+000 -2.330654E-005  0.000000E+000 -9.992707E-001 -1.745328E-003  3.814402E-002  1.744058E-003 -9.999985E-001 -6.657395E-005  3.814408E-002  0.000000E+000  9.992722E-001
  1.080000E-001 -1.986138E+000 -2.419432E-005  0.000000E+000 -9.992142E-001 -1.745328E-003  3.959625E-002  1.743960E-003 -9.999985E-001 -6.910857E-005  3.959631E-002  0.000000E+000  9.992158E-001
  1.100000E-001 -1.985620E+000 -2.509871E-005  0.000000E+000 -9.991545E-001 -1.745328E-003  4.107554E-002  1.743855E-003 -9.999985E-001 -7.169042E-005  4.107561E-002  0.000000E+000  9.991560E-001
  1.120000E-001 -1.985092E+000 -2.601969E-005  0.000000E+000 -9.990915E-001 -1.745328E-003  4.258188E-002  1.743745E-003 -9.999985E-001 -7.431948E-005  4.258195E-002  0.000000E+000  9.990930E-001
  1.140000E-001 -1.984555E+000 -2.695726E-005  0.000000E+000 -9.990249E-001 -1.745328E-003  4.411526E-002  1.743629E-003 -9.999985E-001 -7.699574E-005  4.411533E-002  0.000000E+000  9.990264E-001
  1.160000E-001 -1.984008E+000 -2.791142E-005  0.000000E+000 -9.989548E-001 -1.745328E-003  4.567568E-002  1.743507E-003 -9.999985E-001 -7.971918E-005  4.567575E-002  0.000000E+000  9.989563E-001
  1.180000E-001 -1.983452E+000 -2.888218E-005  0.000000E+000 -9.988809E-001 -1.745328E-003  4.726311E-002  1.743378E-003 -9.999985E-001 -8.248978E-005  4.726319E-002  0.000000E+000  9.988825E-001
  1.200000E-001 -1.982886E+000 -2.986954E-005  0.000000E+000 -9.988033E-001 -1.745328E-003  4.887757E-002  1.743242E-003 -9.999985E-001 -8.530753E-005  4.887764E-002  0.000000E+000  9.988048E-001
  1.220000E-001 -1.982311E+000 -3.087349E-005  0.000000E+000 -9.987216E-001 -1.745328E-003  5.051902E-002  1.743100E-003 -9.999985E-001 -8.817241E-005  5.051910E-002  0.000000E+000  9.987231E-001
  1.240000E-001 -1.981726E+000 -3.189403E-005  0.000000E+000 -9.986358E-001 -1.745328E-003  5.218746E-002  1.742950E-003 -9.999985E-001 -9.108440E-005  5.218754E-002  0.000000E+000  9.986373E-001
  1.260000E-001 -1.981132E+000 -3.293116E-005  0.000000E+000 -9.985457E-001 -1.745328E-003  5.388289E-002  1.742793E-003 -9.999985E-001 -9.404347E-005  5.388297E-002  0.000000E+000  9.985473E-001
  1.280000E-001 -1.980528E+000 -3.398490E-005  0.000000E+000 -9.984513E-001 -1.745328E-003  5.560528E-002  1.742628E-003 -9.999985E-001 -9.704962E-005  5.560536E-002  0.000000E+000  9.984528E-001
  1.300000E-001 -1.979915E+000 -3.505522E-005  0.000000E+000 -9.983523E-001 -1.745328E-003  5.735463E-002  1.742455E-003 -9.999985E-001 -1.001028E-004  5.735471E-002  0.000000E+000  9.983539E-001
  1.320000E-001 -1.979292E+000 -3.614214E-005  0.000000E+000 -9.982487E-001 -1.745328E-003  5.913092E-002  1.742274E-003 -9.999985E-001 -1.032030E-004  5.913101E-002  0.000000E+000  9.982502E-001
  1.340000E-001 -1.978660E+000 -3.724565E-005  0.000000E+000 -9.981403E-001 -1.745328E-003  6.093413E-002  1.742085E-003 -9.999985E-001 -1.063502E-004  6.093422E-002  0.000000E+000  9.981418E-001
  1.360000E-001 -1.978018E+000 -3.836576E-005  0.000000E+000 -9.980269E-001 -1.745328E-003  6.276426E-002  1.741887E-003 -9.999985E-001 -1.095444E-004  6.276436E-002  0.000000E+000  9.980284E-001
  1.380000E-001 -1.977367E+000 -3.950246E-005  0.000000E+000 -9.979083E-001 -1.745328E-003  6.462129E-002  1.741680E-003 -9.999985E-001 -1.127855E-004  6.462138E-002  0.000000E+000  9.979099E-001
  1.400000E-001 -1.976706E+000 -4.065576E-005  0.000000E+000 -9.977846E-001 -1.745328E-003  6.650519E-002  1.741464E-003 -9.999985E-001 -1.160736E-004  6.650529E-002  0.000000E+000  9.977861E-001
  1.420000E-001 -1.976036E+000 -4.182565E-005  0.000000E+000 -9.976554E-001 -1.745328E-003  6.841596E-002  1.741239E-003 -9.999985E-001 -1.194085E-004  6.841607E-002  0.000000E+000  9.976569E-001
  1.440000E-001 -1.975356E+000 -4.301213E-005  0.000000E+000 -9.975206E-001 -1.745328E-003  7.035358E-002  1.741004E-003 -9.999985E-001 -1.227903E-004  7.035369E-002  0.000000E+000  9.975221E-001
  1.460000E-001 -1.974667E+000 -4.421521E-005  0.000000E+000 -9.973801E-001 -1.745328E-003  7.231803E-002  1.740758E-003 -9.999985E-001 -1.262189E-004  7.231814E-002  0.000000E+000  9.973816E-001
  1.480000E-001 -1.973968E+000 -4.543488E-005  0.000000E+000 -9.972337E-001 -1.745328E-003  7.430928E-002  1.740503E-003 -9.999985E-001 -1.296943E-004  7.430940E-002  0.000000E+000  9.972352E-001
  1.500000E-001 -1.973259E+000 -4.667115E-005  0.000000E+000 -9.970813E-001 -1.745328E-003  7.632733E-002  1.740237E-003 -9.999985E-001 -1.332165E-004  7.632745E-002  0.000000E+000  9.970828E-001
  1.520000E-001 -1.972542E+000 -4.792401E-005  0.000000E+000 -9.969226E-001 -1.745328E-003  7.837214E-002  1.739960E-003 -9.999985E-001 -1.367853E-004  7.837226E-002  0.000000E+000  9.969242E-001
  1.540000E-001 -1.971814E+000 -4.919347E-005  0.000000E+000 -9.967576E-001 -1.745328E-003  8.044371E-002  1.739672E-003 -9.999985E-001 -1.404009E-004  8.044383E-002  0.000000E+000  9.967591E-001
  1.560000E-001 -1.971077E+000 -5.047952E-005  0.000000E+000 -9.965861E-001 -1.745328E-003  8.254199E-002  1.739373E-003 -9.999985E-001 -1.440631E-004  8.254212E-002  0.000000E+000  9.965876E-001
  1.580000E-001 -1.970331E+000 -5.178216E-005  0.000000E+000 -9.964078E-001 -1.745328E-003  8.466698E-002  1.739061E-003 -9.999985E-001 -1.477719E-004  8.466711E-002  0.000000E+000  9.964093E-001
  1.600000E-001 -1.969575E+000 -5.310140E-005  0.000000E+000 -9.962226E-001 -1.745328E-003  8.681865E-002  1.738738E-003 -9.999985E-001 -1.515273E-004  8.681878E-002  0.000000E+000  9.962241E-001
  1.620000E-001 -1.968810E+000 -5.443723E-005  0.000000E+000 -9.960304E-001 -1.745328E-003  8.899697E-002  1.738403E-003 -9.999985E-001 -1.553292E-004  8.899710E-002  0.000000E+000  9.960319E-001
  1.640000E-001 -1.968035E+000 -5.578966E-005  0.000000E+000 -9.958309E-001 -1.745328E-003  9.120191E-002  1.738055E-003 -9.999985E-001 -1.591775E-004  9.120205E-002  0.000000E+000  9.958324E-001
  1.660000E-001 -1.967251E+000 -5.715868E-005  0.000000E+000 -9.956240E-001 -1.745328E-003  9.343345E-002  1.737693E-003 -9.999985E-001 -1.630723E-004  9.343360E-002  0.000000E+000  9.956255E-001
  1.680000E-001 -1.966457E+000 -5.854429E-005  0.000000E+000 -9.954095E-001 -1.745328E-003  9.569157E-002  1.737319E-003 -9.999985E-001 -1.670135E-004  9.569171E-002  0.000000E+000  9.954110E-001
  1.700000E-001 -1.965653E+000 -5.994650E-005  0.000000E+000 -9.951872E-001 -1.745328E-003  9.797623E-002  1.736931E-003 -9.999985E-001 -1.710009E-004  9.797638E-002  0.000000E+000  9.951887E-001
  1.720000E-001 -1.964840E+000 -6.136530E-005  0.000000E+000 -9.949570E-001 -1.745328E-003  1.002874E-001  1.736529E-003 -9.999985E-001 -1.750347E-004  1.002875E-001  0.000000E+000  9.949585E-001
  1.740000E-001 -1.964018E+000 -6.280070E-005  0.000000E+000 -9.947186E-001 -1.745328E-003  1.026250E-001  1.736113E-003 -9.999985E-001 -1.791147E-004  1.026252E-001  0.000000E+000  9.947201E-001
  1.760000E-001 -1.963186E+000 -6.425269E-005  0.000000E+000 -9.944718E-001 -1.745328E-003  1.049891E-001  1.735683E-003 -9.999985E-001 -1.832408E-004  1.049893E-001  0.000000E+000  9.944734E-001
  1.780000E-001 -1.962345E+000 -6.572128E-005  0.000000E+000 -9.942166E-001 -1.745328E-003  1.073797E-001  1.735237E-003 -9.999985E-001 -1.874130E-004  1.073798E-001  0.000000E+000  9.942181E-001
  1.800000E-001 -1.961494E+000 -6.720646E-005  0.000000E+000 -9.939526E-001 -1.745328E-003  1.097965E-001  1.734776E-003 -9.999985E-001 -1.916313E-004  1.097967E-001  0.000000E+000  9.939541E-001
  1.820000E-001 -1.960633E+000 -6.870823E-005  0.000000E+000 -9.936796E-001 -1.745328E-003  1.122398E-001  1.734300E-003 -9.999985E-001 -1.958956E-004  1.122400E-001  0.000000E+000  9.936811E-001
  1.840000E-001 -1.959763E+000 -7.022660E-005  0.000000E+000 -9.933976E-001 -1.745328E-003  1.147093E-001  1.733808E-003 -9.999985E-001 -2.002057E-004  1.147095E-001  0.000000E+000  9.933991E-001
  1.860000E-001 -1.958884E+000 -7.176156E-005  0.000000E+000 -9.931062E-001 -1.745328E-003  1.172051E-001  1.733299E-003 -9.999985E-001 -2.045618E-004  1.172053E-001  0.000000E+000  9.931077E-001
  1.880000E-001 -1.957995E+000 -7.331312E-005  0.000000E+000 -9.928053E-001 -1.745328E-003  1.197272E-001  1.732774E-003 -9.999985E-001 -2.089636E-004  1.197274E-001  0.000000E+000  9.928068E-001
  1.900000E-001 -1.957096E+000 -7.488127E-005  0.000000E+000 -9.924947E-001 -1.745328E-003  1.222754E-001  1.732232E-003 -9.999985E-001 -2.134111E-004  1.222756E-001  0.000000E+000  9.924962E-001
  1.920000E-001 -1.956188E+000 -7.646602E-005  0.000000E+000 -9.921741E-001 -1.745328E-003  1.248498E-001  1.731672E-003 -9.999985E-001 -2.179042E-004  1.248500E-001  0.000000E+000  9.921756E-001
  1.940000E-001 -1.955271E+000 -7.806735E-005  0.000000E+000 -9.918434E-001 -1.745328E-003  1.274503E-001  1.731095E-003 -9.999985E-001 -2.224429E-004  1.274505E-001  0.000000E+000  9.918449E-001
  1.960000E-001 -1.954344E+000 -7.968529E-005  0.000000E+000 -9.915024E-001 -1.745328E-003  1.300768E-001  1.730500E-003 -9.999985E-001 -2.270271E-004  1.300770E-001  0.000000E+000  9.915039E-001
  1.980000E-001 -1.953407E+000 -8.131982E-005  0.000000E+000 -9.911508E-001 -1.745328E-003  1.327294E-001  1.729886E-003 -9.999985E-001 -2.316567E-004  1.327296E-001  0.000000E+000  9.911523E-001
  2.000000E-001 -1.952461E+000 -8.297094E-005  0.000000E+000 -9.907884E-001 -1.745328E-003  1.354079E-001  1.729254E-003 -9.999985E-001 -2.363316E-004  1.354081E-001  0.000000E+000  9.907899E-001
  2.020000E-001 -1.951506E+000 -8.463865E-005  0.000000E+000 -9.904150E-001 -1.745328E-003  1.381123E-001  1.728602E-003 -9.999985E-001 -2.410517E-004  1.381125E-001  0.000000E+000  9.904165E-001
  2.040000E-001 -1.950541E+000 -8.632296E-005  0.000000E+000 -9.900305E-001 -1.745328E-003  1.408426E-001  1.727931E-003 -9.999985E-001 -2.458170E-004  1.408428E-001  0.000000E+000  9.900320E-001
  2.060000E-001 -1.949566E+000 -8.802387E-005  0.000000E+000 -9.896345E-001 -1.745328E-003  1.435987E-001  1.727240E-003 -9.999985E-001 -2.506273E-004  1.435989E-001  0.000000E+000  9.896360E-001
  2.080000E-001 -1.948582E+000 -8.974137E-005  0.000000E+000 -9.892268E-001 -1.745328E-003  1.463806E-001  1.726528E-003 -9.999985E-001 -2.554826E-004  1.463808E-001  0.000000E+000  9.892283E-001
  2.100000E-001 -1.947588E+000 -9.147546E-005  0.000000E+000 -9.888073E-001 -1.745328E-003  1.491882E-001  1.725796E-003 -9.999985E-001 -2.603827E-004  1.491884E-001  0.000000E+000  9.888088E-001
  2.120000E-001 -1.946585E+000 -9.322614E-005  0.000000E+000 -9.883757E-001 -1.745328E-003  1.520214E-001  1.725043E-003 -9.999985E-001 -2.653277E-004  1.520216E-001  0.000000E+000  9.883772E-001
  2.140000E-001 -1.945573E+000 -9.499343E-005  0.000000E+000 -9.879317E-001 -1.745328E-003  1.548802E-001  1.724268E-003 -9.999985E-001 -2.703172E-004  1.548804E-001  0.000000E+000  9.879332E-001
  2.160000E-001 -1.944551E+000 -9.677730E-005  0.000000E+000 -9.874752E-001 -1.745328E-003  1.577645E-001  1.723471E-003 -9.999985E-001 -2.753514E-004  1.577648E-001  0.000000E+000  9.874767E-001
  2.180000E-001 -1.943519E+000 -9.857777E-005  0.000000E+000 -9.870059E-001 -1.745328E-003  1.606743E-001  1.722652E-003 -9.999985E-001 -2.804299E-004  1.606746E-001  0.000000E+000  9.870074E-001
  2.200000E-001 -1.942478E+000 -1.003948E-004  0.000000E+000 -9.865236E-001 -1.745328E-003  1.636096E-001  1.721810E-003 -9.999985E-001 -2.855528E-004  1.636098E-001  0.000000E+000  9.865251E-001
  2.220000E-001 -1.941427E+000 -1.022285E-004  0.000000E+000 -9.860281E-001 -1.745328E-003  1.665701E-001  1.720945E-003 -9.999985E-001 -2.907200E-004  1.665704E-001  0.000000E+000  9.860296E-001
  2.240000E-001 -1.940367E+000 -1.040787E-004  0.000000E+000 -9.855190E-001 -1.745328E-003  1.695559E-001  1.720057E-003 -9.999985E-001 -2.959312E-004  1.695562E-001  0.000000E+000  9.855205E-001
  2.260000E-001 -1.939298E+000 -1.059456E-004  0.000000E+000 -9.849962E-001 -1.745328E-003  1.725669E-001  1.719145E-003 -9.999985E-001 -3.011864E-004  1.725672E-001  0.000000E+000  9.849977E-001
  2.280000E-001 -1.938219E+000 -1.078290E-004  0.000000E+000 -9.844595E-001 -1.745328E-003  1.756031E-001  1.718208E-003 -9.999985E-001 -3.064855E-004  1.756034E-001  0.000000E+000  9.844610E-001
  2.300000E-001 -1.937130E+000 -1.097291E-004  0.000000E+000 -9.839085E-001 -1.745328E-003  1.786643E-001  1.717246E-003 -9.999985E-001 -3.118283E-004  1.786646E-001  0.000000E+000  9.839100E-001
  2.320000E-001 -1.936032E+000 -1.116457E-004  0.000000E+000 -9.833431E-001 -1.745328E-003  1.817505E-001  1.716259E-003 -9.999985E-001 -3.172148E-004  1.817508E-001  0.000000E+000  9.833446E-001
  2.340000E-001 -1.934924E+000 -1.135789E-004  0.000000E+000 -9.827630E-001 -1.745328E-003  1.848616E-001  1.715247E-003 -9.999985E-001 -3.226447E-004  1.848619E-001  0.000000E+000  9.827645E-001
  2.360000E-001 -1.933807E+000 -1.155287E-004  0.000000E+000 -9.821680E-001 -1.745328E-003  1.879975E-001  1.714208E-003 -9.999985E-001 -3.281179E-004  1.879978E-001  0.000000E+000  9.821694E-001
  2.380000E-001 -1.932680E+000 -1.174951E-004  0.000000E+000 -9.815577E-001 -1.745328E-003  1.911582E-001  1.713143E-003 -9.999985E-001 -3.336343E-004  1.911585E-001  0.000000E+000  9.815592E-001
  2.400000E-001 -1.931544E+000 -1.194781E-004  0.000000E+000 -9.809320E-001 -1.745328E-003  1.943435E-001  1.712051E-003 -9.999985E-001 -3.391938E-004  1.943438E-001  0.000000E+000  9.809335E-001
  2.420000E-001 -1.930398E+000 -1.214777E-004  0.000000E+000 -9.802906E-001 -1.745328E-003  1.975535E-001  1.710932E-003 -9.999985E-001 -3.447962E-004  1.975538E-001  0.000000E+000  9.802921E-001
  2.440000E-001 -1.929243E+000 -1.234939E-004  0.000000E+000 -9.796332E-001 -1.745328E-003  2.007879E-001  1.709784E-003 -9.999985E-001 -3.504413E-004  2.007882E-001  0.000000E+000  9.796347E-001
  2.460000E-001 -1.928079E+000 -1.255267E-004  0.000000E+000 -9.789596E-001 -1.745328E-003  2.040467E-001  1.708609E-003 -9.999985E-001 -3.561291E-004  2.040470E-001  0.000000E+000  9.789611E-001
  2.480000E-001 -1.926904E+000 -1.275761E-004  0.000000E+000 -9.782695E-001 -1.745328E-003  2.073299E-001  1.707404E-003 -9.999985E-001 -3.618592E-004  2.073302E-001  0.000000E+000  9.782710E-001
  2.500000E-001 -1.925721E+000 -1.296421E-004  0.000000E+000 -9.775627E-001 -1.745328E-003  2.106372E-001  1.706171E-003 -9.999985E-001 -3.676317E-004  2.106375E-001  0.000000E+000  9.775642E-001
  2.520000E-001 -1.924527E+000 -1.317247E-004  0.000000E+000 -9.768390E-001 -1.745328E-003  2.139687E-001  1.704907E-003 -9.999985E-001 -3.734462E-004  2.139690E-001  0.000000E+000  9.768404E-001
  2.540000E-001 -1.923325E+000 -1.338238E-004  0.000000E+000 -9.760979E-001 -1.745328E-003  2.173242E-001  1.703614E-003 -9.999985E-001 -3.793027E-004  2.173246E-001  0.000000E+000  9.760994E-001
  2.560000E-001 -1.922112E+000 -1.359396E-004  0.000000E+000 -9.753393E-001 -1.745328E-003  2.207037E-001  1.702290E-003 -9.999985E-001 -3.852010E-004  2.207040E-001  0.000000E+000  9.753408E-001
  2.580000E-001 -1.920891E+000 -1.380719E-004  0.000000E+000 -9.745630E-001 -1.745328E-003  2.241070E-001  1.700935E-003 -9.999985E-001 -3.911408E-004  2.241073E-001  0.000000E+000  9.745645E-001
  2.600000E-001 -1.919659E+000 -1.402209E-004  0.000000E+000 -9.737686E-001 -1.745328E-003  2.275340E-001  1.699549E-003 -9.999985E-001 -3.971221E-004  2.275343E-001  0.000000E+000  9.737701E-001
  2.620000E-001 -1.918419E+000 -1.423864E-004  0.000000E+000 -9.729558E-001 -1.745328E-003  2.309846E-001  1.698130E-003 -9.999985E-001 -4.031446E-004  2.309849E-001  0.000000E+000  9.729573E-001
  2.640000E-001 -1.917168E+000 -1.445686E-004  0.000000E+000 -9.721245E-001 -1.745328E-003  2.344587E-001  1.696679E-003 -9.999985E-001 -4.092080E-004  2.344591E-001  0.000000E+000  9.721260E-001
  2.660000E-001 -1.915909E+000 -1.467673E-004  0.000000E+000 -9.712743E-001 -1.745328E-003  2.379562E-001  1.695195E-003 -9.999985E-001 -4.153124E-004  2.379566E-001  0.000000E+000  9.712758E-001
  2.680000E-001 -1.914639E+000 -1.489826E-004  0.000000E+000 -9.704050E-001 -1.745328E-003  2.414770E-001  1.693678E-003 -9.999985E-001 -4.214573E-004  2.414774E-001  0.000000E+000  9.704065E-001
  2.700000E-001 -1.913361E+000 -1.512145E-004  0.000000E+000 -9.695162E-001 -1.745328E-003  2.450209E-001  1.692127E-003 -9.999985E-001 -4.276427E-004  2.450213E-001  0.000000E+000  9.695177E-001
  2.720000E-001 -1.912072E+000 -1.534630E-004  0.000000E+000 -9.686078E-001 -1.745328E-003  2.485879E-001  1.690541E-003 -9.999985E-001 -4.338682E-004  2.485883E-001  0.000000E+000  9.686092E-001
  2.740000E-001 -1.910774E+000 -1.557282E-004  0.000000E+000 -9.676793E-001 -1.745328E-003  2.521779E-001  1.688921E-003 -9.999985E-001 -4.401338E-004  2.521782E-001  0.000000E+000  9.676808E-001
  2.760000E-001 -1.909467E+000 -1.580099E-004  0.000000E+000 -9.667306E-001 -1.745328E-003  2.557906E-001  1.687265E-003 -9.999985E-001 -4.464392E-004  2.557909E-001  0.000000E+000  9.667321E-001
  2.780000E-001 -1.908150E+000 -1.603081E-004  0.000000E+000 -9.657614E-001 -1.745328E-003  2.594259E-001  1.685573E-003 -9.999985E-001 -4.527841E-004  2.594263E-001  0.000000E+000  9.657629E-001
  2.800000E-001 -1.906824E+000 -1.626230E-004  0.000000E+000 -9.647714E-001 -1.745328E-003  2.630838E-001  1.683845E-003 -9.999985E-001 -4.591684E-004  2.630842E-001  0.000000E+000  9.647729E-001
  2.820000E-001 -1.905488E+000 -1.649545E-004  0.000000E+000 -9.637603E-001 -1.745328E-003  2.667641E-001  1.682081E-003 -9.999985E-001 -4.655917E-004  2.667646E-001  0.000000E+000  9.637617E-001
  2.840000E-001 -1.904143E+000 -1.673026E-004  0.000000E+000 -9.627277E-001 -1.745328E-003  2.704667E-001  1.680279E-003 -9.999985E-001 -4.720540E-004  2.704671E-001  0.000000E+000  9.627292E-001
  2.860000E-001 -1.902788E+000 -1.696673E-004  0.000000E+000 -9.616735E-001 -1.745328E-003  2.741914E-001  1.678439E-003 -9.999985E-001 -4.785548E-004  2.741918E-001  0.000000E+000  9.616750E-001
  2.880000E-001 -1.901424E+000 -1.720485E-004  0.000000E+000 -9.605974E-001 -1.745328E-003  2.779381E-001  1.676560E-003 -9.999985E-001 -4.850940E-004  2.779385E-001  0.000000E+000  9.605989E-001
  2.900000E-001 -1.900050E+000 -1.744464E-004  0.000000E+000 -9.594990E-001 -1.745328E-003  2.817067E-001  1.674643E-003 -9.999985E-001 -4.916714E-004  2.817071E-001  0.000000E+000  9.595005E-001
  2.920000E-001 -1.898666E+000 -1.768609E-004  0.000000E+000 -9.583780E-001 -1.745328E-003  2.854969E-001  1.672687E-003 -9.999985E-001 -4.982866E-004  2.854973E-001  0.000000E+000  9.583795E-001
  2.940000E-001 -1.897273E+000 -1.792919E-004  0.000000E+000 -9.572343E-001 -1.745328E-003  2.893086E-001  1.670691E-003 -9.999985E-001 -5.049394E-004  2.893091E-001  0.000000E+000  9.572357E-001
  2.960000E-001 -1.895871E+000 -1.817395E-004  0.000000E+000 -9.560674E-001 -1.745328E-003  2.931418E-001  1.668654E-003 -9.999985E-001 -5.116295E-004  2.931423E-001  0.000000E+000  9.560688E-001
  2.980000E-001 -1.894459E+000 -1.842038E-004  0.000000E+000 -9.548771E-001 -1.745328E-003  2.969962E-001  1.666577E-003 -9.999985E-001 -5.183567E-004  2.969967E-001  0.000000E+000  9.548785E-001
  3.000000E-001 -1.893038E+000 -1.866846E-004  0.000000E+000 -9.536630E-001 -1.745328E-003  3.008717E-001  1.664458E-003 -9.999985E-001 -5.251207E-004  3.008721E-001  0.000000E+000  9.536645E-001
  3.020000E-001 -1.891607E+000 -1.891820E-004  0.000000E+000 -9.524250E-001 -1.745328E-003  3.047680E-001  1.662297E-003 -9.999985E-001 -5.319211E-004  3.047685E-001  0.000000E+000  9.524265E-001
  3.040000E-001 -1.890166E+000 -1.916961E-004  0.000000E+000 -9.511627E-001 -1.745328E-003  3.086852E-001  1.660094E-003 -9.999985E-001 -5.387578E-004  3.086856E-001  0.000000E+000  9.511641E-001
  3.060000E-001 -1.888716E+000 -1.942267E-004  0.000000E+000 -9.498757E-001 -1.745328E-003  3.126229E-001  1.657848E-003 -9.999985E-001 -5.456304E-004  3.126233E-001  0.000000E+000  9.498772E-001
  3.080000E-001 -1.887257E+000 -1.967739E-004  0.000000E+000 -9.485639E-001 -1.745328E-003  3.165810E-001  1.655558E-003 -9.999985E-001 -5.525386E-004  3.165814E-001  0.000000E+000  9.485653E-001
  3.100000E-001 -1.885788E+000 -1.993377E-004  0.000000E+000 -9.472268E-001 -1.745328E-003  3.205593E-001  1.653224E-003 -9.999985E-001 -5.594821E-004  3.205598E-001  0.000000E+000  9.472283E-001
  3.120000E-001 -1.884310E+000 -2.019181E-004  0.000000E+000 -9.458643E-001 -1.745328E-003  3.245577E-001  1.650846E-003 -9.999985E-001 -5.664605E-004  3.245582E-001  0.000000E+000  9.458657E-001
  3.140000E-001 -1.882822E+000 -2.045151E-004  0.000000E+000 -9.444760E-001 -1.745328E-003  3.285759E-001  1.648423E-003 -9.999985E-001 -5.734737E-004  3.285764E-001  0.000000E+000  9.444774E-001
  3.160000E-001 -1.881324E+000 -2.071287E-004  0.000000E+000 -9.430615E-001 -1.745328E-003  3.326138E-001  1.645955E-003 -9.999985E-001 -5.805212E-004  3.326143E-001  0.000000E+000  9.430629E-001
  3.180000E-001 -1.879817E+000 -2.097588E-004  0.000000E+000 -9.416206E-001 -1.745328E-003  3.366712E-001  1.643440E-003 -9.999985E-001 -5.876027E-004  3.366717E-001  0.000000E+000  9.416221E-001
  3.200000E-001 -1.878301E+000 -2.124056E-004  0.000000E+000 -9.401531E-001 -1.745328E-003  3.407479E-001  1.640878E-003 -9.999985E-001 -5.947179E-004  3.407485E-001  0.000000E+000  9.401545E-001
  3.220000E-001 -1.876775E+000 -2.150690E-004  0.000000E+000 -9.386585E-001 -1.745328E-003  3.448437E-001  1.638270E-003 -9.999985E-001 -6.018665E-004  3.448443E-001  0.000000E+000  9.386599E-001
  3.240000E-001 -1.875239E+000 -2.177489E-004  0.000000E+000 -9.371366E-001 -1.745328E-003  3.489585E-001  1.635614E-003 -9.999985E-001 -6.090480E-004  3.489590E-001  0.000000E+000  9.371380E-001
  3.260000E-001 -1.873694E+000 -2.204455E-004  0.000000E+000 -9.355870E-001 -1.745328E-003  3.530919E-001  1.632909E-003 -9.999985E-001 -6.162622E-004  3.530924E-001  0.000000E+000  9.355885E-001
  3.280000E-001 -1.872140E+000 -2.231586E-004  0.000000E+000 -9.340096E-001 -1.745328E-003  3.572438E-001  1.630156E-003 -9.999985E-001 -6.235086E-004  3.572443E-001  0.000000E+000  9.340110E-001
  3.300000E-001 -1.870576E+000 -2.258884E-004  0.000000E+000 -9.324038E-001 -1.745328E-003  3.614140E-001  1.627353E-003 -9.999985E-001 -6.307870E-004  3.614145E-001  0.000000E+000  9.324053E-001
  3.320000E-001 -1.869002E+000 -2.286347E-004  0.000000E+000 -9.307696E-001 -1.745328E-003  3.656022E-001  1.624501E-003 -9.999985E-001 -6.380969E-004  3.656028E-001  0.000000E+000  9.307710E-001
  3.340000E-001 -1.867419E+000 -2.313977E-004  0.000000E+000 -9.291064E-001 -1.745328E-003  3.698083E-001  1.621598E-003 -9.999985E-001 -6.454379E-004  3.698089E-001  0.000000E+000  9.291079E-001
  3.360000E-001 -1.865826E+000 -2.341772E-004  0.000000E+000 -9.274141E-001 -1.745328E-003  3.740320E-001  1.618645E-003 -9.999985E-001 -6.528097E-004  3.740326E-001  0.000000E+000  9.274156E-001
  3.380000E-001 -1.864224E+000 -2.369733E-004  0.000000E+000 -9.256924E-001 -1.745328E-003  3.782732E-001  1.615640E-003 -9.999985E-001 -6.602119E-004  3.782737E-001  0.000000E+000  9.256938E-001
  3.400000E-001 -1.862613E+000 -2.397860E-004  0.000000E+000 -9.239408E-001 -1.745328E-003  3.825315E-001  1.612583E-003 -9.999985E-001 -6.676441E-004  3.825321E-001  0.000000E+000  9.239422E-001
  3.420000E-001 -1.860992E+000 -2.426153E-004  0.000000E+000 -9.221592E-001 -1.745328E-003  3.868067E-001  1.609473E-003 -9.999985E-001 -6.751058E-004  3.868073E-001  0.000000E+000  9.221606E-001
  3.440000E-001 -1.859361E+000 -2.454612E-004  0.000000E+000 -9.203471E-001 -1.745328E-003  3.910987E-001  1.606310E-003 -9.999985E-001 -6.825967E-004  3.910993E-001  0.000000E+000  9.203485E-001
  3.460000E-001 -1.857721E+000 -2.483237E-004  0.000000E+000 -9.185043E-001 -1.745328E-003  3.954071E-001  1.603094E-003 -9.999985E-001 -6.901163E-004  3.954077E-001  0.000000E+000  9.185057E-001
  3.480000E-001 -1.856072E+000 -2.512028E-004  0.000000E+000 -9.166305E-001 -1.745328E-003  3.997317E-001  1.599824E-003 -9.999985E-001 -6.976642E-004  3.997323E-001  0.000000E+000  9.166319E-001
  3.500000E-001 -1.854412E+000 -2.540985E-004  0.000000E+000 -9.147254E-001 -1.745328E-003  4.040723E-001  1.596499E-003 -9.999985E-001 -7.052400E-004  4.040729E-001  0.000000E+000  9.147268E-001
  3.520000E-001 -1.852744E+000 -2.570108E-004  0.000000E+000 -9.127886E-001 -1.745328E-003  4.084286E-001  1.593118E-003 -9.999985E-001 -7.128432E-004  4.084293E-001  0.000000E+000  9.127900E-001
  3.540000E-001 -1.851066E+000 -2.599397E-004  0.000000E+000 -9.108198E-001 -1.745328E-003  4.128004E-001  1.589682E-003 -9.999985E-001 -7.204734E-004  4.128010E-001  0.000000E+000  9.108212E-001
  3.560000E-001 -1.849378E+000 -2.628851E-004  0.000000E+000 -9.088188E-001 -1.745328E-003  4.171874E-001  1.586190E-003 -9.999985E-001 -7.281301E-004  4.171880E-001  0.000000E+000  9.088202E-001
  3.580000E-001 -1.847681E+000 -2.658472E-004  0.000000E+000 -9.067852E-001 -1.745328E-003  4.215893E-001  1.582640E-003 -9.999985E-001 -7.358129E-004  4.215899E-001  0.000000E+000  9.067866E-001
  3.600000E-001 -1.845974E+000 -2.688258E-004  0.000000E+000 -9.047187E-001 -1.745328E-003  4.260059E-001  1.579034E-003 -9.999985E-001 -7.435213E-004  4.260065E-001  0.000000E+000  9.047201E-001
  3.620000E-001 -1.844258E+000 -2.718211E-004  0.000000E+000 -9.026190E-001 -1.745328E-003  4.304368E-001  1.575369E-003 -9.999985E-001 -7.512548E-004  4.304375E-001  0.000000E+000  9.026204E-001
  3.640000E-001 -1.842532E+000 -2.748329E-004  0.000000E+000 -9.004858E-001 -1.745328E-003  4.348819E-001  1.571646E-003 -9.999985E-001 -7.590129E-004  4.348826E-001  0.000000E+000  9.004872E-001
  3.660000E-001 -1.840797E+000 -2.778614E-004  0.000000E+000 -8.983188E-001 -1.745328E-003  4.393408E-001  1.567864E-003 -9.999985E-001 -7.667952E-004  4.393415E-001  0.000000E+000  8.983201E-001
  3.680000E-001 -1.839053E+000 -2.809064E-004  0.000000E+000 -8.961176E-001 -1.745328E-003  4.438133E-001  1.564022E-003 -9.999985E-001 -7.746011E-004  4.438140E-001  0.000000E+000  8.961190E-001
  3.700000E-001 -1.837298E+000 -2.839680E-004  0.000000E+000 -8.938820E-001 -1.745328E-003  4.482990E-001  1.560120E-003 -9.999985E-001 -7.824301E-004  4.482997E-001  0.000000E+000  8.938833E-001
  3.720000E-001 -1.835535E+000 -2.870463E-004  0.000000E+000 -8.916116E-001 -1.745328E-003  4.527977E-001  1.556157E-003 -9.999985E-001 -7.902818E-004  4.527983E-001  0.000000E+000  8.916130E-001
  3.740000E-001 -1.833762E+000 -2.901411E-004  0.000000E+000 -8.893062E-001 -1.745328E-003  4.573090E-001  1.552134E-003 -9.999985E-001 -7.981556E-004  4.573097E-001  0.000000E+000  8.893075E-001
  3.760000E-001 -1.831979E+000 -2.932525E-004  0.000000E+000 -8.869654E-001 -1.745328E-003  4.618327E-001  1.548048E-003 -9.999985E-001 -8.060509E-004  4.618334E-001  0.000000E+000  8.869667E-001
  3.780000E-001 -1.830187E+000 -2.963805E-004  0.000000E+000 -8.845889E-001 -1.745328E-003  4.663684E-001  1.543900E-003 -9.999985E-001 -8.139672E-004  4.663691E-001  0.000000E+000  8.845902E-001
  3.800000E-001 -1.828385E+000 -2.995251E-004  0.000000E+000 -8.821764E-001 -1.745328E-003  4.709159E-001  1.539690E-003 -9.999985E-001 -8.219041E-004  4.709166E-001  0.000000E+000  8.821777E-001
  3.820000E-001 -1.826574E+000 -3.026863E-004  0.000000E+000 -8.797276E-001 -1.745328E-003  4.754748E-001  1.535416E-003 -9.999985E-001 -8.298608E-004  4.754755E-001  0.000000E+000  8.797290E-001
  3.840000E-001 -1.824753E+000 -3.058641E-004  0.000000E+000 -8.772423E-001 -1.745328E-003  4.800447E-001  1.531078E-003 -9.999985E-001 -8.378370E-004  4.800455E-001  0.000000E+000  8.772436E-001
  3.860000E-001 -1.822923E+000 -3.090585E-004  0.000000E+000 -8.747200E-001 -1.745328E-003  4.846255E-001  1.526676E-003 -9.999985E-001 -8.458319E-004  4.846262E-001  0.000000E+000  8.747213E-001
  3.880000E-001 -1.821083E+000 -3.122694E-004  0.000000E+000 -8.721605E-001 -1.745328E-003  4.892167E-001  1.522209E-003 -9.999985E-001 -8.538451E-004  4.892174E-001  0.000000E+000  8.721618E-001
  3.900000E-001 -1.819234E+000 -3.154970E-004  0.000000E+000 -8.695635E-001 -1.745328E-003  4.938180E-001  1.517676E-003 -9.999985E-001 -8.618759E-004  4.938188E-001  0.000000E+000  8.695649E-001
  3.920000E-001 -1.817375E+000 -3.187412E-004  0.000000E+000 -8.669287E-001 -1.745328E-003  4.984291E-001  1.513078E-003 -9.999985E-001 -8.699237E-004  4.984298E-001  0.000000E+000  8.669300E-001
  3.940000E-001 -1.815507E+000 -3.220019E-004  0.000000E+000 -8.642558E-001 -1.745328E-003  5.030496E-001  1.508412E-003 -9.999985E-001 -8.779880E-004  5.030503E-001  0.000000E+000  8.642571E-001
  3.960000E-001 -1.813629E+000 -3.252793E-004  0.000000E+000 -8.615445E-001 -1.745328E-003  5.076791E-001  1.503680E-003 -9.999985E-001 -8.860681E-004  5.076799E-001  0.000000E+000  8.615458E-001
  3.980000E-001 -1.811742E+000 -3.285732E-004  0.000000E+000 -8.587944E-001 -1.745328E-003  5.123174E-001  1.498881E-003 -9.999985E-001 -8.941634E-004  5.123182E-001  0.000000E+000  8.587957E-001
