% FILE: VehicleTricycleFreeMotionBackwardForces.4
%
%       t         P_No_Co[1]    P_No_Co[2]    P_No_Co[3]     N_C[1,1]       N_C[1,2]       N_C[1,3]       N_C[2,1]       N_C[2,2]       N_C[2,3]       N_C[3,1]       N_C[3,2]       N_C[3,3]
%   (second)        (meter)        (meter)        (meter)       (NoUnits)      (NoUnits)      (NoUnits)      (NoUnits)      (NoUnits)      (NoUnits)      (NoUnits)      (NoUnits)      (NoUnits)

  0.000000E+000  0.000000E+000 -7.500000E-001  0.000000E+000 -1.000000E+000  0.000000E+000  0.000000E+000  0.000000E+000 -1.000000E+000  0.000000E+000  0.000000E+000  0.000000E+000  1.000000E+000
  2.000000E-003  4.756991E-006 -7.500000E-001  0.000000E+000 -1.000000E+000  4.148552E-009  1.359140E-005 -4.148552E-009 -1.000000E+000  5.638464E-014  1.359140E-005  0.000000E+000  1.000000E+000
  4.000000E-003  1.902796E-005 -7.500000E-001  0.000000E+000 -1.000000E+000  1.659427E-008  5.436561E-005 -1.659427E-008 -1.000000E+000  9.021574E-013  5.436561E-005  0.000000E+000  1.000000E+000
  6.000000E-003  4.281292E-005 -7.500000E-001  0.000000E+000 -1.000000E+000  3.733732E-008  1.223226E-004 -3.733732E-008 -1.000000E+000  4.567199E-012  1.223226E-004  0.000000E+000  1.000000E+000
  8.000000E-003  7.611186E-005 -7.500000E-001  0.000000E+000 -1.000000E+000  6.637801E-008  2.174624E-004 -6.637801E-008 -1.000000E+000  1.443472E-011  2.174624E-004  0.000000E+000  1.000000E+000
  1.000000E-002  1.189248E-004 -7.500000E-001  0.000000E+000 -9.999999E-001  1.037168E-007  3.397851E-004 -1.037167E-007 -1.000000E+000  3.524140E-011  3.397851E-004  0.000000E+000  9.999999E-001
  1.200000E-002  1.712517E-004 -7.500000E-001  0.000000E+000 -9.999999E-001  1.493541E-007  4.892905E-004 -1.493541E-007 -1.000000E+000  7.307753E-011  4.892905E-004  0.000000E+000  9.999999E-001
  1.400000E-002  2.330926E-004 -7.500000E-001  0.000000E+000 -9.999998E-001  2.032906E-007  6.659787E-004 -2.032906E-007 -1.000000E+000  1.353872E-010  6.659787E-004  0.000000E+000  9.999998E-001
  1.600000E-002  3.044474E-004 -7.500000E-001  0.000000E+000 -9.999996E-001  2.655272E-007  8.698497E-004 -2.655271E-007 -1.000000E+000  2.309688E-010  8.698497E-004  0.000000E+000  9.999996E-001
  1.800000E-002  3.853163E-004 -7.500000E-001  0.000000E+000 -9.999994E-001  3.360646E-007  1.100903E-003 -3.360644E-007 -1.000000E+000  3.699747E-010  1.100903E-003  0.000000E+000  9.999994E-001
  2.000000E-002  4.756991E-004 -7.500000E-001  0.000000E+000 -9.999991E-001  4.149040E-007  1.359140E-003 -4.149036E-007 -1.000000E+000  5.639126E-010  1.359140E-003  0.000000E+000  9.999991E-001
  2.200000E-002  5.755960E-004 -7.500000E-001  0.000000E+000 -9.999986E-001  5.020464E-007  1.644559E-003 -5.020457E-007 -1.000000E+000  8.256449E-010  1.644559E-003  0.000000E+000  9.999986E-001
  2.400000E-002  6.850068E-004 -7.500000E-001  0.000000E+000 -9.999981E-001  5.974930E-007  1.957161E-003 -5.974918E-007 -1.000000E+000  1.169390E-009  1.957161E-003  0.000000E+000  9.999981E-001
  2.600000E-002  8.039316E-004 -7.500000E-001  0.000000E+000 -9.999974E-001  7.012452E-007  2.296945E-003 -7.012434E-007 -1.000000E+000  1.610722E-009  2.296945E-003  0.000000E+000  9.999974E-001
  2.800000E-002  9.323704E-004 -7.500000E-001  0.000000E+000 -9.999965E-001  8.133046E-007  2.663912E-003 -8.133017E-007 -1.000000E+000  2.166572E-009  2.663912E-003  0.000000E+000  9.999965E-001
  3.000000E-002  1.070323E-003 -7.500000E-001  0.000000E+000 -9.999953E-001  9.336727E-007  3.058061E-003 -9.336683E-007 -1.000000E+000  2.855228E-009  3.058061E-003  0.000000E+000  9.999953E-001
  3.200000E-002  1.217790E-003 -7.500000E-001  0.000000E+000 -9.999939E-001  1.062351E-006  3.479393E-003 -1.062345E-006 -1.000000E+000  3.696337E-009  3.479393E-003  0.000000E+000  9.999939E-001
  3.400000E-002  1.374771E-003 -7.500000E-001  0.000000E+000 -9.999923E-001  1.199342E-006  3.927906E-003 -1.199333E-006 -1.000000E+000  4.710903E-009  3.927906E-003  0.000000E+000  9.999923E-001
  3.600000E-002  1.541265E-003 -7.500000E-001  0.000000E+000 -9.999903E-001  1.344647E-006  4.403601E-003 -1.344634E-006 -1.000000E+000  5.921289E-009  4.403601E-003  0.000000E+000  9.999903E-001
  3.800000E-002  1.717274E-003 -7.500000E-001  0.000000E+000 -9.999880E-001  1.498268E-006  4.906478E-003 -1.498250E-006 -1.000000E+000  7.351220E-009  4.906478E-003  0.000000E+000  9.999880E-001
  4.000000E-002  1.902797E-003 -7.500000E-001  0.000000E+000 -9.999852E-001  1.660208E-006  5.436536E-003 -1.660183E-006 -1.000000E+000  9.025780E-009  5.436536E-003  0.000000E+000  9.999852E-001
  4.200000E-002  2.097834E-003 -7.500000E-001  0.000000E+000 -9.999820E-001  1.830468E-006  5.993775E-003 -1.830435E-006 -1.000000E+000  1.097142E-008  5.993775E-003  0.000000E+000  9.999820E-001
  4.400000E-002  2.302385E-003 -7.500000E-001  0.000000E+000 -9.999784E-001  2.009052E-006  6.578194E-003 -2.009009E-006 -1.000000E+000  1.321593E-008  6.578194E-003  0.000000E+000  9.999784E-001
  4.600000E-002  2.516449E-003 -7.500000E-001  0.000000E+000 -9.999742E-001  2.195962E-006  7.189793E-003 -2.195905E-006 -1.000000E+000  1.578851E-008  7.189793E-003  0.000000E+000  9.999742E-001
  4.800000E-002  2.740028E-003 -7.500000E-001  0.000000E+000 -9.999694E-001  2.391199E-006  7.828572E-003 -2.391126E-006 -1.000000E+000  1.871968E-008  7.828572E-003  0.000000E+000  9.999694E-001
  5.000000E-002  2.973121E-003 -7.500000E-001  0.000000E+000 -9.999639E-001  2.594769E-006  8.494529E-003 -2.594675E-006 -1.000000E+000  2.204134E-008  8.494529E-003  0.000000E+000  9.999639E-001
  5.200000E-002  3.215728E-003 -7.500000E-001  0.000000E+000 -9.999578E-001  2.806672E-006  9.187664E-003 -2.806553E-006 -1.000000E+000  2.578676E-008  9.187664E-003  0.000000E+000  9.999578E-001
  5.400000E-002  3.467848E-003 -7.500000E-001  0.000000E+000 -9.999509E-001  3.026912E-006  9.907976E-003 -3.026764E-006 -1.000000E+000  2.999058E-008  9.907976E-003  0.000000E+000  9.999509E-001
  5.600000E-002  3.729483E-003 -7.500000E-001  0.000000E+000 -9.999432E-001  3.255493E-006  1.065546E-002 -3.255308E-006 -1.000000E+000  3.468879E-008  1.065546E-002  0.000000E+000  9.999432E-001
  5.800000E-002  4.000632E-003 -7.500000E-001  0.000000E+000 -9.999347E-001  3.492417E-006  1.143013E-002 -3.492189E-006 -1.000000E+000  3.991878E-008  1.143013E-002  0.000000E+000  9.999347E-001
  6.000000E-002  4.281295E-003 -7.500000E-001  0.000000E+000 -9.999252E-001  3.737689E-006  1.223197E-002 -3.737409E-006 -1.000000E+000  4.571928E-008  1.223197E-002  0.000000E+000  9.999252E-001
  6.200000E-002  4.571472E-003 -7.500000E-001  0.000000E+000 -9.999147E-001  3.991310E-006  1.306098E-002 -3.990970E-006 -1.000000E+000  5.213041E-008  1.306098E-002  0.000000E+000  9.999147E-001
  6.400000E-002  4.871163E-003 -7.500000E-001  0.000000E+000 -9.999032E-001  4.253286E-006  1.391716E-002 -4.252874E-006 -1.000000E+000  5.919366E-008  1.391716E-002  0.000000E+000  9.999032E-001
  6.600000E-002  5.180368E-003 -7.500000E-001  0.000000E+000 -9.998905E-001  4.523620E-006  1.480051E-002 -4.523124E-006 -1.000000E+000  6.695188E-008  1.480051E-002  0.000000E+000  9.998905E-001
  6.800000E-002  5.499087E-003 -7.500000E-001  0.000000E+000 -9.998766E-001  4.802315E-006  1.571103E-002 -4.801722E-006 -1.000000E+000  7.544931E-008  1.571103E-002  0.000000E+000  9.998766E-001
  7.000000E-002  5.827320E-003 -7.500000E-001  0.000000E+000 -9.998614E-001  5.089376E-006  1.664872E-002 -5.088670E-006 -1.000000E+000  8.473157E-008  1.664872E-002  0.000000E+000  9.998614E-001
  7.200000E-002  6.165067E-003 -7.500000E-001  0.000000E+000 -9.998449E-001  5.384806E-006  1.761357E-002 -5.383971E-006 -1.000000E+000  9.484564E-008  1.761357E-002  0.000000E+000  9.998449E-001
  7.400000E-002  6.512328E-003 -7.500000E-001  0.000000E+000 -9.998269E-001  5.688611E-006  1.860558E-002 -5.687626E-006 -1.000000E+000  1.058399E-007  1.860558E-002  0.000000E+000  9.998269E-001
  7.600000E-002  6.869103E-003 -7.500000E-001  0.000000E+000 -9.998074E-001  6.000794E-006  1.962475E-002 -5.999638E-006 -1.000000E+000  1.177641E-007  1.962475E-002  0.000000E+000  9.998074E-001
  7.800000E-002  7.235392E-003 -7.500000E-001  0.000000E+000 -9.997863E-001  6.321360E-006  2.067108E-002 -6.320009E-006 -1.000000E+000  1.306693E-007  2.067108E-002  0.000000E+000  9.997863E-001
  8.000000E-002  7.611195E-003 -7.500000E-001  0.000000E+000 -9.997636E-001  6.650313E-006  2.174456E-002 -6.648740E-006 -1.000000E+000  1.446081E-007  2.174456E-002  0.000000E+000  9.997636E-001
  8.200000E-002  7.996512E-003 -7.500000E-001  0.000000E+000 -9.997390E-001  6.987658E-006  2.284519E-002 -6.985834E-006 -1.000000E+000  1.596344E-007  2.284519E-002  0.000000E+000  9.997390E-001
  8.400000E-002  8.391344E-003 -7.500000E-001  0.000000E+000 -9.997126E-001  7.333400E-006  2.397297E-002 -7.331292E-006 -1.000000E+000  1.758034E-007  2.397297E-002  0.000000E+000  9.997126E-001
  8.600000E-002  8.795689E-003 -7.500000E-001  0.000000E+000 -9.996842E-001  7.687544E-006  2.512789E-002 -7.685116E-006 -1.000000E+000  1.931718E-007  2.512789E-002  0.000000E+000  9.996842E-001
  8.800000E-002  9.209548E-003 -7.500000E-001  0.000000E+000 -9.996538E-001  8.050095E-006  2.630996E-002 -8.047308E-006 -1.000000E+000  2.117977E-007  2.630996E-002  0.000000E+000  9.996538E-001
  9.000000E-002  9.632922E-003 -7.500000E-001  0.000000E+000 -9.996213E-001  8.421058E-006  2.751916E-002 -8.417868E-006 -1.000000E+000  2.317404E-007  2.751916E-002  0.000000E+000  9.996213E-001
  9.200000E-002  1.006581E-002 -7.500000E-001  0.000000E+000 -9.995865E-001  8.800438E-006  2.875549E-002 -8.796799E-006 -1.000000E+000  2.530609E-007  2.875549E-002  0.000000E+000  9.995865E-001
  9.400000E-002  1.050821E-002 -7.500000E-001  0.000000E+000 -9.995493E-001  9.188241E-006  3.001895E-002 -9.184100E-006 -1.000000E+000  2.758213E-007  3.001895E-002  0.000000E+000  9.995493E-001
  9.600000E-002  1.096013E-002 -7.499999E-001  0.000000E+000 -9.995097E-001  9.584472E-006  3.130953E-002 -9.579773E-006 -1.000000E+000  3.000853E-007  3.130953E-002  0.000000E+000  9.995097E-001
  9.800000E-002  1.142156E-002 -7.499999E-001  0.000000E+000 -9.994676E-001  9.989138E-006  3.262723E-002 -9.983820E-006 -1.000000E+000  3.259179E-007  3.262723E-002  0.000000E+000  9.994676E-001
  1.000000E-001  1.189250E-002 -7.499999E-001  0.000000E+000 -9.994228E-001  1.040224E-005  3.397204E-002 -1.039624E-005 -1.000000E+000  3.533854E-007  3.397204E-002  0.000000E+000  9.994228E-001
  1.020000E-001  1.237296E-002 -7.499999E-001  0.000000E+000 -9.993752E-001  1.082379E-005  3.534395E-002 -1.081703E-005 -1.000000E+000  3.825556E-007  3.534395E-002  0.000000E+000  9.993752E-001
  1.040000E-001  1.286293E-002 -7.499999E-001  0.000000E+000 -9.993247E-001  1.125380E-005  3.674296E-002 -1.124620E-005 -1.000000E+000  4.134978E-007  3.674296E-002  0.000000E+000  9.993247E-001
  1.060000E-001  1.336242E-002 -7.499999E-001  0.000000E+000 -9.992713E-001  1.169226E-005  3.816906E-002 -1.168374E-005 -1.000000E+000  4.462825E-007  3.816906E-002  0.000000E+000  9.992713E-001
  1.080000E-001  1.387142E-002 -7.499999E-001  0.000000E+000 -9.992147E-001  1.213918E-005  3.962225E-002 -1.212965E-005 -1.000000E+000  4.809817E-007  3.962225E-002  0.000000E+000  9.992147E-001
  1.100000E-001  1.438993E-002 -7.499999E-001  0.000000E+000 -9.991549E-001  1.259458E-005  4.110251E-002 -1.258394E-005 -1.000000E+000  5.176688E-007  4.110251E-002  0.000000E+000  9.991549E-001
  1.120000E-001  1.491796E-002 -7.499999E-001  0.000000E+000 -9.990918E-001  1.305845E-005  4.260984E-002 -1.304659E-005 -1.000000E+000  5.564185E-007  4.260984E-002  0.000000E+000  9.990918E-001
  1.140000E-001  1.545550E-002 -7.499999E-001  0.000000E+000 -9.990252E-001  1.353081E-005  4.414423E-002 -1.351762E-005 -1.000000E+000  5.973071E-007  4.414423E-002  0.000000E+000  9.990252E-001
  1.160000E-001  1.600256E-002 -7.499999E-001  0.000000E+000 -9.989549E-001  1.401166E-005  4.570567E-002 -1.399701E-005 -1.000000E+000  6.404121E-007  4.570567E-002  0.000000E+000  9.989549E-001
  1.180000E-001  1.655913E-002 -7.499999E-001  0.000000E+000 -9.988810E-001  1.450100E-005  4.729415E-002 -1.448477E-005 -1.000000E+000  6.858125E-007  4.729415E-002  0.000000E+000  9.988810E-001
  1.200000E-001  1.712522E-002 -7.499999E-001  0.000000E+000 -9.988032E-001  1.499885E-005  4.890967E-002 -1.498090E-005 -1.000000E+000  7.335887E-007  4.890967E-002  0.000000E+000  9.988032E-001
  1.220000E-001  1.770081E-002 -7.499999E-001  0.000000E+000 -9.987214E-001  1.550521E-005  5.055220E-002 -1.548539E-005 -1.000000E+000  7.838225E-007  5.055220E-002  0.000000E+000  9.987214E-001
  1.240000E-001  1.828593E-002 -7.499999E-001  0.000000E+000 -9.986355E-001  1.602009E-005  5.222174E-002 -1.599823E-005 -1.000000E+000  8.365970E-007  5.222174E-002  0.000000E+000  9.986355E-001
  1.260000E-001  1.888056E-002 -7.499998E-001  0.000000E+000 -9.985454E-001  1.654350E-005  5.391829E-002 -1.651943E-005 -1.000000E+000  8.919969E-007  5.391829E-002  0.000000E+000  9.985454E-001
  1.280000E-001  1.948470E-002 -7.499998E-001  0.000000E+000 -9.984508E-001  1.707544E-005  5.564181E-002 -1.704898E-005 -1.000000E+000  9.501082E-007  5.564181E-002  0.000000E+000  9.984508E-001
  1.300000E-001  2.009835E-002 -7.499998E-001  0.000000E+000 -9.983517E-001  1.761592E-005  5.739231E-002 -1.758688E-005 -1.000000E+000  1.011018E-006  5.739231E-002  0.000000E+000  9.983517E-001
  1.320000E-001  2.072152E-002 -7.499998E-001  0.000000E+000 -9.982479E-001  1.816495E-005  5.916977E-002 -1.813312E-005 -1.000000E+000  1.074816E-006  5.916977E-002  0.000000E+000  9.982479E-001
  1.340000E-001  2.135421E-002 -7.499998E-001  0.000000E+000 -9.981393E-001  1.872253E-005  6.097418E-002 -1.868770E-005 -1.000000E+000  1.141591E-006  6.097418E-002  0.000000E+000  9.981393E-001
  1.360000E-001  2.199641E-002 -7.499998E-001  0.000000E+000 -9.980258E-001  1.928869E-005  6.280551E-002 -1.925061E-005 -1.000000E+000  1.211436E-006  6.280551E-002  0.000000E+000  9.980258E-001
  1.380000E-001  2.264812E-002 -7.499998E-001  0.000000E+000 -9.979071E-001  1.986341E-005  6.466376E-002 -1.982184E-005 -1.000000E+000  1.284443E-006  6.466376E-002  0.000000E+000  9.979071E-001
  1.400000E-001  2.330934E-002 -7.499998E-001  0.000000E+000 -9.977832E-001  2.044672E-005  6.654891E-002 -2.040139E-005 -1.000000E+000  1.360707E-006  6.654891E-002  0.000000E+000  9.977832E-001
  1.420000E-001  2.398009E-002 -7.499997E-001  0.000000E+000 -9.976538E-001  2.103862E-005  6.846094E-002 -2.098926E-005 -1.000000E+000  1.440323E-006  6.846094E-002  0.000000E+000  9.976538E-001
  1.440000E-001  2.466034E-002 -7.499997E-001  0.000000E+000 -9.975189E-001  2.163911E-005  7.039983E-002 -2.158542E-005 -1.000000E+000  1.523390E-006  7.039983E-002  0.000000E+000  9.975189E-001
  1.460000E-001  2.535011E-002 -7.499997E-001  0.000000E+000 -9.973782E-001  2.224821E-005  7.236558E-002 -2.218988E-005 -1.000000E+000  1.610005E-006  7.236558E-002  0.000000E+000  9.973782E-001
  1.480000E-001  2.604939E-002 -7.499997E-001  0.000000E+000 -9.972316E-001  2.286593E-005  7.435815E-002 -2.280263E-005 -1.000000E+000  1.700268E-006  7.435815E-002  0.000000E+000  9.972316E-001
  1.500000E-001  2.675819E-002 -7.499997E-001  0.000000E+000 -9.970790E-001  2.349228E-005  7.637752E-002 -2.342365E-005 -1.000000E+000  1.794282E-006  7.637752E-002  0.000000E+000  9.970790E-001
  1.520000E-001  2.747650E-002 -7.499997E-001  0.000000E+000 -9.969201E-001  2.412725E-005  7.842369E-002 -2.405294E-005 -1.000000E+000  1.892148E-006  7.842369E-002  0.000000E+000  9.969201E-001
  1.540000E-001  2.820433E-002 -7.499997E-001  0.000000E+000 -9.967549E-001  2.477087E-005  8.049661E-002 -2.469049E-005 -1.000000E+000  1.993971E-006  8.049661E-002  0.000000E+000  9.967549E-001
  1.560000E-001  2.894167E-002 -7.499996E-001  0.000000E+000 -9.965831E-001  2.542314E-005  8.259628E-002 -2.533627E-005 -1.000000E+000  2.099857E-006  8.259628E-002  0.000000E+000  9.965831E-001
  1.580000E-001  2.968853E-002 -7.499996E-001  0.000000E+000 -9.964046E-001  2.608407E-005  8.472267E-002 -2.599029E-005 -1.000000E+000  2.209912E-006  8.472267E-002  0.000000E+000  9.964046E-001
  1.600000E-001  3.044489E-002 -7.499996E-001  0.000000E+000 -9.962192E-001  2.675368E-005  8.687576E-002 -2.665253E-005 -1.000000E+000  2.324246E-006  8.687576E-002  0.000000E+000  9.962192E-001
  1.620000E-001  3.121078E-002 -7.499996E-001  0.000000E+000 -9.960267E-001  2.743196E-005  8.905551E-002 -2.732297E-005 -1.000000E+000  2.442967E-006  8.905551E-002  0.000000E+000  9.960267E-001
  1.640000E-001  3.198618E-002 -7.499996E-001  0.000000E+000 -9.958269E-001  2.811894E-005  9.126191E-002 -2.800159E-005 -1.000000E+000  2.566188E-006  9.126191E-002  0.000000E+000  9.958269E-001
  1.660000E-001  3.277109E-002 -7.499995E-001  0.000000E+000 -9.956198E-001  2.881461E-005  9.349493E-002 -2.868840E-005 -1.000000E+000  2.694020E-006  9.349493E-002  0.000000E+000  9.956198E-001
  1.680000E-001  3.356551E-002 -7.499995E-001  0.000000E+000 -9.954050E-001  2.951900E-005  9.575453E-002 -2.938336E-005 -1.000000E+000  2.826578E-006  9.575453E-002  0.000000E+000  9.954050E-001
  1.700000E-001  3.436945E-002 -7.499995E-001  0.000000E+000 -9.951824E-001  3.023210E-005  9.804069E-002 -3.008646E-005 -1.000000E+000  2.963976E-006  9.804069E-002  0.000000E+000  9.951824E-001
  1.720000E-001  3.518291E-002 -7.499995E-001  0.000000E+000 -9.949519E-001  3.095394E-005  1.003534E-001 -3.079768E-005 -1.000000E+000  3.106333E-006  1.003534E-001  0.000000E+000  9.949519E-001
  1.740000E-001  3.600588E-002 -7.499994E-001  0.000000E+000 -9.947131E-001  3.168452E-005  1.026926E-001 -3.151700E-005 -1.000000E+000  3.253765E-006  1.026926E-001  0.000000E+000  9.947131E-001
  1.760000E-001  3.683836E-002 -7.499994E-001  0.000000E+000 -9.944661E-001  3.242384E-005  1.050582E-001 -3.224441E-005 -1.000000E+000  3.406392E-006  1.050582E-001  0.000000E+000  9.944661E-001
  1.780000E-001  3.768036E-002 -7.499994E-001  0.000000E+000 -9.942105E-001  3.317194E-005  1.074503E-001 -3.297989E-005 -1.000000E+000  3.564335E-006  1.074503E-001  0.000000E+000  9.942105E-001
  1.800000E-001  3.853187E-002 -7.499993E-001  0.000000E+000 -9.939461E-001  3.392880E-005  1.098688E-001 -3.372340E-005 -1.000000E+000  3.727717E-006  1.098688E-001  0.000000E+000  9.939461E-001
  1.820000E-001  3.939290E-002 -7.499993E-001  0.000000E+000 -9.936728E-001  3.469445E-005  1.123137E-001 -3.447493E-005 -1.000000E+000  3.896660E-006  1.123137E-001  0.000000E+000  9.936728E-001
  1.840000E-001  4.026344E-002 -7.499993E-001  0.000000E+000 -9.933904E-001  3.546889E-005  1.147848E-001 -3.523446E-005 -1.000000E+000  4.071291E-006  1.147848E-001  0.000000E+000  9.933904E-001
  1.860000E-001  4.114349E-002 -7.499993E-001  0.000000E+000 -9.930986E-001  3.625214E-005  1.172823E-001 -3.600195E-005 -1.000000E+000  4.251734E-006  1.172823E-001  0.000000E+000  9.930986E-001
  1.880000E-001  4.203306E-002 -7.499992E-001  0.000000E+000 -9.927973E-001  3.704421E-005  1.198060E-001 -3.677739E-005 -1.000000E+000  4.438118E-006  1.198060E-001  0.000000E+000  9.927973E-001
  1.900000E-001  4.293215E-002 -7.499992E-001  0.000000E+000 -9.924863E-001  3.784511E-005  1.223559E-001 -3.756075E-005 -1.000000E+000  4.630572E-006  1.223559E-001  0.000000E+000  9.924863E-001
  1.920000E-001  4.384074E-002 -7.499992E-001  0.000000E+000 -9.921653E-001  3.865485E-005  1.249320E-001 -3.835200E-005 -1.000000E+000  4.829226E-006  1.249320E-001  0.000000E+000  9.921653E-001
  1.940000E-001  4.475886E-002 -7.499991E-001  0.000000E+000 -9.918342E-001  3.947344E-005  1.275342E-001 -3.915110E-005 -1.000000E+000  5.034212E-006  1.275342E-001  0.000000E+000  9.918342E-001
  1.960000E-001  4.568648E-002 -7.499991E-001  0.000000E+000 -9.914927E-001  4.030089E-005  1.301624E-001 -3.995804E-005 -1.000000E+000  5.245662E-006  1.301624E-001  0.000000E+000  9.914927E-001
  1.980000E-001  4.662363E-002 -7.499990E-001  0.000000E+000 -9.911406E-001  4.113722E-005  1.328167E-001 -4.077277E-005 -1.000000E+000  5.463712E-006  1.328167E-001  0.000000E+000  9.911406E-001
  2.000000E-001  4.757028E-002 -7.499990E-001  0.000000E+000 -9.907778E-001  4.198244E-005  1.354970E-001 -4.159527E-005 -1.000000E+000  5.688496E-006  1.354970E-001  0.000000E+000  9.907778E-001
  2.020000E-001  4.852645E-002 -7.499990E-001  0.000000E+000 -9.904039E-001  4.283656E-005  1.382032E-001 -4.242550E-005 -1.000000E+000  5.920151E-006  1.382032E-001  0.000000E+000  9.904039E-001
  2.040000E-001  4.949214E-002 -7.499989E-001  0.000000E+000 -9.900188E-001  4.369959E-005  1.409353E-001 -4.326342E-005 -1.000000E+000  6.158816E-006  1.409353E-001  0.000000E+000  9.900188E-001
  2.060000E-001  5.046734E-002 -7.499989E-001  0.000000E+000 -9.896223E-001  4.457155E-005  1.436932E-001 -4.410900E-005 -1.000000E+000  6.404631E-006  1.436932E-001  0.000000E+000  9.896223E-001
  2.080000E-001  5.145205E-002 -7.499988E-001  0.000000E+000 -9.892141E-001  4.545245E-005  1.464769E-001 -4.496220E-005 -1.000000E+000  6.657736E-006  1.464769E-001  0.000000E+000  9.892141E-001
  2.100000E-001  5.244628E-002 -7.499988E-001  0.000000E+000 -9.887940E-001  4.634229E-005  1.492864E-001 -4.582298E-005 -1.000000E+000  6.918273E-006  1.492864E-001  0.000000E+000  9.887940E-001
  2.120000E-001  5.345002E-002 -7.499987E-001  0.000000E+000 -9.883618E-001  4.724111E-005  1.521214E-001 -4.669130E-005 -1.000000E+000  7.186385E-006  1.521214E-001  0.000000E+000  9.883618E-001
  2.140000E-001  5.446328E-002 -7.499987E-001  0.000000E+000 -9.879173E-001  4.814889E-005  1.549821E-001 -4.756712E-005 -1.000000E+000  7.462218E-006  1.549821E-001  0.000000E+000  9.879173E-001
  2.160000E-001  5.548605E-002 -7.499986E-001  0.000000E+000 -9.874602E-001  4.906567E-005  1.578684E-001 -4.845040E-005 -1.000000E+000  7.745917E-006  1.578684E-001  0.000000E+000  9.874602E-001
  2.180000E-001  5.651834E-002 -7.499986E-001  0.000000E+000 -9.869903E-001  4.999145E-005  1.607801E-001 -4.934108E-005 -1.000000E+000  8.037629E-006  1.607801E-001  0.000000E+000  9.869903E-001
  2.200000E-001  5.756014E-002 -7.499985E-001  0.000000E+000 -9.865073E-001  5.092625E-005  1.637172E-001 -5.023912E-005 -1.000000E+000  8.337503E-006  1.637172E-001  0.000000E+000  9.865073E-001
  2.220000E-001  5.861145E-002 -7.499985E-001  0.000000E+000 -9.860111E-001  5.187008E-005  1.666797E-001 -5.114447E-005 -1.000000E+000  8.645689E-006  1.666797E-001  0.000000E+000  9.860111E-001
  2.240000E-001  5.967228E-002 -7.499984E-001  0.000000E+000 -9.855014E-001  5.282295E-005  1.696675E-001 -5.205709E-005 -1.000000E+000  8.962336E-006  1.696675E-001  0.000000E+000  9.855014E-001
  2.260000E-001  6.074263E-002 -7.499984E-001  0.000000E+000 -9.849779E-001  5.378488E-005  1.726805E-001 -5.297692E-005 -1.000000E+000  9.287598E-006  1.726805E-001  0.000000E+000  9.849779E-001
  2.280000E-001  6.182248E-002 -7.499983E-001  0.000000E+000 -9.844404E-001  5.475588E-005  1.757186E-001 -5.390391E-005 -1.000000E+000  9.621627E-006  1.757186E-001  0.000000E+000  9.844404E-001
  2.300000E-001  6.291186E-002 -7.499983E-001  0.000000E+000 -9.838887E-001  5.573597E-005  1.787818E-001 -5.483800E-005 -1.000000E+000  9.964578E-006  1.787818E-001  0.000000E+000  9.838887E-001
  2.320000E-001  6.401075E-002 -7.499982E-001  0.000000E+000 -9.833226E-001  5.672516E-005  1.818700E-001 -5.577913E-005 -1.000000E+000  1.031661E-005  1.818700E-001  0.000000E+000  9.833226E-001
  2.340000E-001  6.511915E-002 -7.499981E-001  0.000000E+000 -9.827417E-001  5.772347E-005  1.849831E-001 -5.672726E-005 -1.000000E+000  1.067787E-005  1.849831E-001  0.000000E+000  9.827417E-001
  2.360000E-001  6.623707E-002 -7.499981E-001  0.000000E+000 -9.821458E-001  5.873090E-005  1.881211E-001 -5.768231E-005 -1.000000E+000  1.104852E-005  1.881211E-001  0.000000E+000  9.821458E-001
  2.380000E-001  6.736450E-002 -7.499980E-001  0.000000E+000 -9.815348E-001  5.974748E-005  1.912839E-001 -5.864422E-005 -1.000000E+000  1.142873E-005  1.912839E-001  0.000000E+000  9.815348E-001
  2.400000E-001  6.850144E-002 -7.499979E-001  0.000000E+000 -9.809082E-001  6.077321E-005  1.944713E-001 -5.961294E-005 -1.000000E+000  1.181864E-005  1.944713E-001  0.000000E+000  9.809082E-001
  2.420000E-001  6.964790E-002 -7.499979E-001  0.000000E+000 -9.802659E-001  6.180812E-005  1.976833E-001 -6.058840E-005 -1.000000E+000  1.221843E-005  1.976833E-001  0.000000E+000  9.802659E-001
  2.440000E-001  7.080388E-002 -7.499978E-001  0.000000E+000 -9.796077E-001  6.285222E-005  2.009198E-001 -6.157052E-005 -1.000000E+000  1.262826E-005  2.009198E-001  0.000000E+000  9.796077E-001
  2.460000E-001  7.196937E-002 -7.499977E-001  0.000000E+000 -9.789332E-001  6.390552E-005  2.041808E-001 -6.255924E-005 -1.000000E+000  1.304828E-005  2.041808E-001  0.000000E+000  9.789332E-001
  2.480000E-001  7.314438E-002 -7.499976E-001  0.000000E+000 -9.782422E-001  6.496805E-005  2.074660E-001 -6.355448E-005 -1.000000E+000  1.347866E-005  2.074660E-001  0.000000E+000  9.782422E-001
  2.500000E-001  7.432890E-002 -7.499976E-001  0.000000E+000 -9.775345E-001  6.603980E-005  2.107756E-001 -6.455618E-005 -1.000000E+000  1.391958E-005  2.107756E-001  0.000000E+000  9.775345E-001
  2.520000E-001  7.552293E-002 -7.499975E-001  0.000000E+000 -9.768097E-001  6.712081E-005  2.141092E-001 -6.556426E-005 -1.000000E+000  1.437118E-005  2.141092E-001  0.000000E+000  9.768097E-001
  2.540000E-001  7.672648E-002 -7.499974E-001  0.000000E+000 -9.760677E-001  6.821108E-005  2.174669E-001 -6.657864E-005 -1.000000E+000  1.483365E-005  2.174669E-001  0.000000E+000  9.760677E-001
  2.560000E-001  7.793954E-002 -7.499973E-001  0.000000E+000 -9.753081E-001  6.931064E-005  2.208485E-001 -6.759923E-005 -1.000000E+000  1.530715E-005  2.208485E-001  0.000000E+000  9.753081E-001
  2.580000E-001  7.916212E-002 -7.499972E-001  0.000000E+000 -9.745307E-001  7.041950E-005  2.242540E-001 -6.862596E-005 -1.000000E+000  1.579186E-005  2.242540E-001  0.000000E+000  9.745307E-001
  2.600000E-001  8.039422E-002 -7.499971E-001  0.000000E+000 -9.737353E-001  7.153767E-005  2.276832E-001 -6.965875E-005 -1.000000E+000  1.628793E-005  2.276832E-001  0.000000E+000  9.737353E-001
  2.620000E-001  8.163582E-002 -7.499971E-001  0.000000E+000 -9.729214E-001  7.266517E-005  2.311361E-001 -7.069750E-005 -1.000000E+000  1.679554E-005  2.311361E-001  0.000000E+000  9.729214E-001
  2.640000E-001  8.288695E-002 -7.499970E-001  0.000000E+000 -9.720890E-001  7.380202E-005  2.346124E-001 -7.174213E-005 -1.000000E+000  1.731487E-005  2.346124E-001  0.000000E+000  9.720890E-001
  2.660000E-001  8.414758E-002 -7.499969E-001  0.000000E+000 -9.712377E-001  7.494823E-005  2.381122E-001 -7.279254E-005 -1.000000E+000  1.784609E-005  2.381122E-001  0.000000E+000  9.712377E-001
  2.680000E-001  8.541774E-002 -7.499968E-001  0.000000E+000 -9.703671E-001  7.610382E-005  2.416352E-001 -7.384865E-005 -1.000000E+000  1.838937E-005  2.416352E-001  0.000000E+000  9.703672E-001
  2.700000E-001  8.669740E-002 -7.499967E-001  0.000000E+000 -9.694772E-001  7.726882E-005  2.451815E-001 -7.491036E-005 -1.000000E+000  1.894488E-005  2.451815E-001  0.000000E+000  9.694772E-001
  2.720000E-001  8.798659E-002 -7.499966E-001  0.000000E+000 -9.685675E-001  7.844322E-005  2.487507E-001 -7.597756E-005 -1.000000E+000  1.951281E-005  2.487507E-001  0.000000E+000  9.685675E-001
  2.740000E-001  8.928528E-002 -7.499965E-001  0.000000E+000 -9.676379E-001  7.962706E-005  2.523430E-001 -7.705016E-005 -1.000000E+000  2.009333E-005  2.523430E-001  0.000000E+000  9.676379E-001
  2.760000E-001  9.059349E-002 -7.499964E-001  0.000000E+000 -9.666879E-001  8.082035E-005  2.559580E-001 -7.812806E-005 -1.000000E+000  2.068661E-005  2.559580E-001  0.000000E+000  9.666879E-001
  2.780000E-001  9.191122E-002 -7.499963E-001  0.000000E+000 -9.657174E-001  8.202311E-005  2.595957E-001 -7.921114E-005 -1.000000E+000  2.129284E-005  2.595957E-001  0.000000E+000  9.657174E-001
  2.800000E-001  9.323846E-002 -7.499961E-001  0.000000E+000 -9.647260E-001  8.323535E-005  2.632559E-001 -8.029931E-005 -1.000000E+000  2.191220E-005  2.632559E-001  0.000000E+000  9.647260E-001
  2.820000E-001  9.457522E-002 -7.499960E-001  0.000000E+000 -9.637135E-001  8.445709E-005  2.669386E-001 -8.139245E-005 -1.000000E+000  2.254485E-005  2.669386E-001  0.000000E+000  9.637136E-001
  2.840000E-001  9.592149E-002 -7.499959E-001  0.000000E+000 -9.626796E-001  8.568836E-005  2.706435E-001 -8.249044E-005 -1.000000E+000  2.319100E-005  2.706435E-001  0.000000E+000  9.626796E-001
  2.860000E-001  9.727728E-002 -7.499958E-001  0.000000E+000 -9.616240E-001  8.692916E-005  2.743706E-001 -8.359317E-005 -1.000000E+000  2.385080E-005  2.743706E-001  0.000000E+000  9.616240E-001
  2.880000E-001  9.864258E-002 -7.499957E-001  0.000000E+000 -9.605464E-001  8.817952E-005  2.781196E-001 -8.470053E-005 -1.000000E+000  2.452446E-005  2.781196E-001  0.000000E+000  9.605464E-001
  2.900000E-001  1.000174E-001 -7.499956E-001  0.000000E+000 -9.594466E-001  8.943946E-005  2.818905E-001 -8.581238E-005 -1.000000E+000  2.521214E-005  2.818905E-001  0.000000E+000  9.594466E-001
  2.920000E-001  1.014017E-001 -7.499954E-001  0.000000E+000 -9.583241E-001  9.070899E-005  2.856831E-001 -8.692861E-005 -1.000000E+000  2.591403E-005  2.856832E-001  0.000000E+000  9.583241E-001
  2.940000E-001  1.027956E-001 -7.499953E-001  0.000000E+000 -9.571788E-001  9.198813E-005  2.894973E-001 -8.804909E-005 -1.000000E+000  2.663032E-005  2.894973E-001  0.000000E+000  9.571788E-001
  2.960000E-001  1.041989E-001 -7.499952E-001  0.000000E+000 -9.560104E-001  9.327691E-005  2.933329E-001 -8.917369E-005 -1.000000E+000  2.736119E-005  2.933329E-001  0.000000E+000  9.560104E-001
  2.980000E-001  1.056118E-001 -7.499950E-001  0.000000E+000 -9.548185E-001  9.457533E-005  2.971897E-001 -9.030227E-005 -1.000000E+000  2.810682E-005  2.971897E-001  0.000000E+000  9.548185E-001
  3.000000E-001  1.070342E-001 -7.499949E-001  0.000000E+000 -9.536028E-001  9.588343E-005  3.010676E-001 -9.143471E-005 -1.000000E+000  2.886739E-005  3.010676E-001  0.000000E+000  9.536028E-001
  3.020000E-001  1.084661E-001 -7.499948E-001  0.000000E+000 -9.523631E-001  9.720121E-005  3.049664E-001 -9.257085E-005 -1.000000E+000  2.964310E-005  3.049664E-001  0.000000E+000  9.523631E-001
  3.040000E-001  1.099075E-001 -7.499946E-001  0.000000E+000 -9.510991E-001  9.852871E-005  3.088860E-001 -9.371056E-005 -1.000000E+000  3.043414E-005  3.088860E-001  0.000000E+000  9.510991E-001
  3.060000E-001  1.113585E-001 -7.499945E-001  0.000000E+000 -9.498104E-001  9.986593E-005  3.128261E-001 -9.485370E-005 -1.000000E+000  3.124067E-005  3.128261E-001  0.000000E+000  9.498104E-001
  3.080000E-001  1.128189E-001 -7.499943E-001  0.000000E+000 -9.484968E-001  1.012129E-004  3.167867E-001 -9.600011E-005 -1.000000E+000  3.206290E-005  3.167867E-001  0.000000E+000  9.484968E-001
  3.100000E-001  1.142889E-001 -7.499942E-001  0.000000E+000 -9.471580E-001  1.025696E-004  3.207675E-001 -9.714965E-005 -1.000000E+000  3.290100E-005  3.207675E-001  0.000000E+000  9.471580E-001
  3.120000E-001  1.157684E-001 -7.499940E-001  0.000000E+000 -9.457936E-001  1.039362E-004  3.247683E-001 -9.830216E-005 -1.000000E+000  3.375517E-005  3.247683E-001  0.000000E+000  9.457936E-001
  3.140000E-001  1.172574E-001 -7.499939E-001  0.000000E+000 -9.444034E-001  1.053125E-004  3.287890E-001 -9.945748E-005 -1.000000E+000  3.462559E-005  3.287890E-001  0.000000E+000  9.444034E-001
  3.160000E-001  1.187559E-001 -7.499937E-001  0.000000E+000 -9.429870E-001  1.066987E-004  3.328294E-001 -1.006155E-004 -1.000000E+000  3.551245E-005  3.328294E-001  0.000000E+000  9.429871E-001
  3.180000E-001  1.202639E-001 -7.499936E-001  0.000000E+000 -9.415443E-001  1.080947E-004  3.368893E-001 -1.017759E-004 -1.000000E+000  3.641594E-005  3.368893E-001  0.000000E+000  9.415443E-001
  3.200000E-001  1.217814E-001 -7.499934E-001  0.000000E+000 -9.400747E-001  1.095006E-004  3.409685E-001 -1.029387E-004 -1.000000E+000  3.733624E-005  3.409685E-001  0.000000E+000  9.400747E-001
  3.220000E-001  1.233085E-001 -7.499932E-001  0.000000E+000 -9.385781E-001  1.109163E-004  3.450668E-001 -1.041036E-004 -1.000000E+000  3.827354E-005  3.450668E-001  0.000000E+000  9.385781E-001
  3.240000E-001  1.248451E-001 -7.499931E-001  0.000000E+000 -9.370542E-001  1.123420E-004  3.491840E-001 -1.052705E-004 -1.000000E+000  3.922804E-005  3.491840E-001  0.000000E+000  9.370542E-001
  3.260000E-001  1.263912E-001 -7.499929E-001  0.000000E+000 -9.355025E-001  1.137776E-004  3.533199E-001 -1.064393E-004 -1.000000E+000  4.019990E-005  3.533200E-001  0.000000E+000  9.355025E-001
  3.280000E-001  1.279468E-001 -7.499927E-001  0.000000E+000 -9.339229E-001  1.152232E-004  3.574744E-001 -1.076096E-004 -1.000000E+000  4.118934E-005  3.574744E-001  0.000000E+000  9.339230E-001
  3.300000E-001  1.295119E-001 -7.499925E-001  0.000000E+000 -9.323151E-001  1.166787E-004  3.616471E-001 -1.087814E-004 -1.000000E+000  4.219652E-005  3.616471E-001  0.000000E+000  9.323151E-001
  3.320000E-001  1.310865E-001 -7.499923E-001  0.000000E+000 -9.306786E-001  1.181443E-004  3.658378E-001 -1.099544E-004 -1.000000E+000  4.322165E-005  3.658378E-001  0.000000E+000  9.306786E-001
  3.340000E-001  1.326707E-001 -7.499922E-001  0.000000E+000 -9.290132E-001  1.196199E-004  3.700464E-001 -1.111284E-004 -1.000000E+000  4.426490E-005  3.700464E-001  0.000000E+000  9.290133E-001
  3.360000E-001  1.342643E-001 -7.499920E-001  0.000000E+000 -9.273187E-001  1.211055E-004  3.742727E-001 -1.123034E-004 -1.000000E+000  4.532647E-005  3.742727E-001  0.000000E+000  9.273187E-001
  3.380000E-001  1.358675E-001 -7.499918E-001  0.000000E+000 -9.255946E-001  1.226011E-004  3.785163E-001 -1.134789E-004 -1.000000E+000  4.640653E-005  3.785163E-001  0.000000E+000  9.255946E-001
  3.400000E-001  1.374802E-001 -7.499916E-001  0.000000E+000 -9.238407E-001  1.241069E-004  3.827772E-001 -1.146550E-004 -1.000000E+000  4.750528E-005  3.827772E-001  0.000000E+000  9.238407E-001
  3.420000E-001  1.391024E-001 -7.499914E-001  0.000000E+000 -9.220566E-001  1.256227E-004  3.870549E-001 -1.158313E-004 -1.000000E+000  4.862290E-005  3.870549E-001  0.000000E+000  9.220567E-001
  3.440000E-001  1.407341E-001 -7.499912E-001  0.000000E+000 -9.202422E-001  1.271487E-004  3.913494E-001 -1.170076E-004 -1.000000E+000  4.975958E-005  3.913494E-001  0.000000E+000  9.202422E-001
  3.460000E-001  1.423754E-001 -7.499909E-001  0.000000E+000 -9.183969E-001  1.286849E-004  3.956603E-001 -1.181838E-004 -1.000000E+000  5.091550E-005  3.956603E-001  0.000000E+000  9.183969E-001
  3.480000E-001  1.440261E-001 -7.499907E-001  0.000000E+000 -9.165206E-001  1.302312E-004  3.999875E-001 -1.193596E-004 -1.000000E+000  5.209085E-005  3.999875E-001  0.000000E+000  9.165206E-001
  3.500000E-001  1.456864E-001 -7.499905E-001  0.000000E+000 -9.146129E-001  1.317877E-004  4.043306E-001 -1.205348E-004 -1.000000E+000  5.328581E-005  4.043306E-001  0.000000E+000  9.146129E-001
  3.520000E-001  1.473562E-001 -7.499903E-001  0.000000E+000 -9.126735E-001  1.333545E-004  4.086894E-001 -1.217091E-004 -1.000000E+000  5.450056E-005  4.086895E-001  0.000000E+000  9.126735E-001
  3.540000E-001  1.490355E-001 -7.499901E-001  0.000000E+000 -9.107021E-001  1.349315E-004  4.130637E-001 -1.228824E-004 -1.000000E+000  5.573529E-005  4.130637E-001  0.000000E+000  9.107021E-001
  3.560000E-001  1.507243E-001 -7.499898E-001  0.000000E+000 -9.086984E-001  1.365187E-004  4.174532E-001 -1.240543E-004 -1.000000E+000  5.699018E-005  4.174532E-001  0.000000E+000  9.086984E-001
  3.580000E-001  1.524226E-001 -7.499896E-001  0.000000E+000 -9.066621E-001  1.381163E-004  4.218576E-001 -1.252248E-004 -1.000000E+000  5.826541E-005  4.218576E-001  0.000000E+000  9.066621E-001
  3.600000E-001  1.541305E-001 -7.499894E-001  0.000000E+000 -9.045928E-001  1.397241E-004  4.262767E-001 -1.263935E-004 -1.000000E+000  5.956115E-005  4.262767E-001  0.000000E+000  9.045928E-001
  3.620000E-001  1.558478E-001 -7.499891E-001  0.000000E+000 -9.024903E-001  1.413424E-004  4.307102E-001 -1.275601E-004 -1.000000E+000  6.087759E-005  4.307102E-001  0.000000E+000  9.024903E-001
  3.640000E-001  1.575747E-001 -7.499889E-001  0.000000E+000 -9.003542E-001  1.429709E-004  4.351578E-001 -1.287245E-004 -1.000000E+000  6.221491E-005  4.351578E-001  0.000000E+000  9.003542E-001
  3.660000E-001  1.593111E-001 -7.499886E-001  0.000000E+000 -8.981843E-001  1.446099E-004  4.396192E-001 -1.298863E-004 -1.000000E+000  6.357329E-005  4.396192E-001  0.000000E+000  8.981843E-001
  3.680000E-001  1.610570E-001 -7.499884E-001  0.000000E+000 -8.959801E-001  1.462593E-004  4.440941E-001 -1.310454E-004 -1.000000E+000  6.495289E-005  4.440941E-001  0.000000E+000  8.959801E-001
  3.700000E-001  1.628125E-001 -7.499881E-001  0.000000E+000 -8.937415E-001  1.479191E-004  4.485823E-001 -1.322015E-004 -1.000000E+000  6.635390E-005  4.485823E-001  0.000000E+000  8.937415E-001
  3.720000E-001  1.645774E-001 -7.499879E-001  0.000000E+000 -8.914681E-001  1.495894E-004  4.530834E-001 -1.333542E-004 -1.000000E+000  6.777648E-005  4.530834E-001  0.000000E+000  8.914681E-001
  3.740000E-001  1.663519E-001 -7.499876E-001  0.000000E+000 -8.891596E-001  1.512702E-004  4.575972E-001 -1.345033E-004 -1.000000E+000  6.922082E-005  4.575972E-001  0.000000E+000  8.891596E-001
  3.760000E-001  1.681358E-001 -7.499873E-001  0.000000E+000 -8.868156E-001  1.529615E-004  4.621234E-001 -1.356486E-004 -1.000000E+000  7.068707E-005  4.621234E-001  0.000000E+000  8.868157E-001
  3.780000E-001  1.699293E-001 -7.499870E-001  0.000000E+000 -8.844360E-001  1.546633E-004  4.666615E-001 -1.367898E-004 -1.000000E+000  7.217542E-005  4.666615E-001  0.000000E+000  8.844360E-001
  3.800000E-001  1.717323E-001 -7.499868E-001  0.000000E+000 -8.820203E-001  1.563757E-004  4.712114E-001 -1.379266E-004 -1.000000E+000  7.368603E-005  4.712115E-001  0.000000E+000  8.820203E-001
  3.820000E-001  1.735448E-001 -7.499865E-001  0.000000E+000 -8.795682E-001  1.580987E-004  4.757728E-001 -1.390586E-004 -1.000000E+000  7.521906E-005  4.757728E-001  0.000000E+000  8.795682E-001
  3.840000E-001  1.753669E-001 -7.499862E-001  0.000000E+000 -8.770795E-001  1.598323E-004  4.803452E-001 -1.401857E-004 -1.000000E+000  7.677468E-005  4.803452E-001  0.000000E+000  8.770795E-001
  3.860000E-001  1.771984E-001 -7.499859E-001  0.000000E+000 -8.745539E-001  1.615766E-004  4.849283E-001 -1.413074E-004 -1.000000E+000  7.835306E-005  4.849283E-001  0.000000E+000  8.745539E-001
  3.880000E-001  1.790395E-001 -7.499856E-001  0.000000E+000 -8.719910E-001  1.633315E-004  4.895219E-001 -1.424236E-004 -1.000000E+000  7.995435E-005  4.895219E-001  0.000000E+000  8.719910E-001
  3.900000E-001  1.808901E-001 -7.499853E-001  0.000000E+000 -8.693905E-001  1.650971E-004  4.941256E-001 -1.435339E-004 -1.000000E+000  8.157871E-005  4.941256E-001  0.000000E+000  8.693905E-001
  3.920000E-001  1.827502E-001 -7.499850E-001  0.000000E+000 -8.667522E-001  1.668735E-004  4.987390E-001 -1.446379E-004 -1.000000E+000  8.322631E-005  4.987390E-001  0.000000E+000  8.667522E-001
  3.940000E-001  1.846198E-001 -7.499847E-001  0.000000E+000 -8.640757E-001  1.686606E-004  5.033619E-001 -1.457355E-004 -1.000000E+000  8.489730E-005  5.033619E-001  0.000000E+000  8.640757E-001
  3.960000E-001  1.864989E-001 -7.499844E-001  0.000000E+000 -8.613607E-001  1.704584E-004  5.079938E-001 -1.468262E-004 -1.000000E+000  8.659183E-005  5.079938E-001  0.000000E+000  8.613607E-001
  3.980000E-001  1.883876E-001 -7.499840E-001  0.000000E+000 -8.586070E-001  1.722671E-004  5.126344E-001 -1.479098E-004 -1.000000E+000  8.831005E-005  5.126344E-001  0.000000E+000  8.586070E-001
