% FILE: VehicleTricycleFreeMotionBackwardForces.3
%
%       t         P_No_Bcm[1]    P_No_Bcm[2]    P_No_Bcm[3]     N_B[1,1]       N_B[1,2]       N_B[1,3]       N_B[2,1]       N_B[2,2]       N_B[2,3]       N_B[3,1]       N_B[3,2]       N_B[3,3]
%   (second)        (meter)        (meter)        (meter)       (NoUnits)      (NoUnits)      (NoUnits)      (NoUnits)      (NoUnits)      (NoUnits)      (NoUnits)      (NoUnits)      (NoUnits)

  0.000000E+000  0.000000E+000  7.500000E-001  0.000000E+000 -1.000000E+000  0.000000E+000  0.000000E+000  0.000000E+000 -1.000000E+000  0.000000E+000  0.000000E+000  0.000000E+000  1.000000E+000
  2.000000E-003  4.750768E-006  7.500000E-001  0.000000E+000 -1.000000E+000  4.148552E-009  1.357362E-005 -4.148552E-009 -1.000000E+000  5.631088E-014  1.357362E-005  0.000000E+000  1.000000E+000
  4.000000E-003  1.900307E-005  7.500000E-001  0.000000E+000 -1.000000E+000  1.659427E-008  5.429449E-005 -1.659427E-008 -1.000000E+000  9.009773E-013  5.429449E-005  0.000000E+000  1.000000E+000
  6.000000E-003  4.275691E-005  7.500000E-001  0.000000E+000 -1.000000E+000  3.733732E-008  1.221626E-004 -3.733732E-008 -1.000000E+000  4.561224E-012  1.221626E-004  0.000000E+000  1.000000E+000
  8.000000E-003  7.601229E-005  7.500000E-001  0.000000E+000 -1.000000E+000  6.637801E-008  2.171780E-004 -6.637801E-008 -1.000000E+000  1.441584E-011  2.171780E-004  0.000000E+000  1.000000E+000
  1.000000E-002  1.187692E-004  7.500000E-001  0.000000E+000 -9.999999E-001  1.037168E-007  3.393406E-004 -1.037167E-007 -1.000000E+000  3.519530E-011  3.393406E-004  0.000000E+000  9.999999E-001
  1.200000E-002  1.710277E-004  7.500000E-001  0.000000E+000 -9.999999E-001  1.493541E-007  4.886504E-004 -1.493541E-007 -1.000000E+000  7.298193E-011  4.886504E-004  0.000000E+000  9.999999E-001
  1.400000E-002  2.327876E-004  7.500000E-001  0.000000E+000 -9.999998E-001  2.032906E-007  6.651075E-004 -2.032906E-007 -1.000000E+000  1.352101E-010  6.651075E-004  0.000000E+000  9.999998E-001
  1.600000E-002  3.040491E-004  7.500000E-001  0.000000E+000 -9.999996E-001  2.655272E-007  8.687117E-004 -2.655271E-007 -1.000000E+000  2.306666E-010  8.687117E-004  0.000000E+000  9.999996E-001
  1.800000E-002  3.848122E-004  7.500000E-001  0.000000E+000 -9.999994E-001  3.360646E-007  1.099463E-003 -3.360644E-007 -1.000000E+000  3.694907E-010  1.099463E-003  0.000000E+000  9.999994E-001
  2.000000E-002  4.750768E-004  7.500000E-001  0.000000E+000 -9.999991E-001  4.149040E-007  1.357362E-003 -4.149036E-007 -1.000000E+000  5.631748E-010  1.357362E-003  0.000000E+000  9.999991E-001
  2.200000E-002  5.748429E-004  7.500000E-001  0.000000E+000 -9.999987E-001  5.020464E-007  1.642408E-003 -5.020457E-007 -1.000000E+000  8.245647E-010  1.642408E-003  0.000000E+000  9.999987E-001
  2.400000E-002  6.841105E-004  7.500000E-001  0.000000E+000 -9.999981E-001  5.974930E-007  1.954600E-003 -5.974918E-007 -1.000000E+000  1.167860E-009  1.954600E-003  0.000000E+000  9.999981E-001
  2.600000E-002  8.028797E-004  7.500000E-001  0.000000E+000 -9.999974E-001  7.012452E-007  2.293940E-003 -7.012434E-007 -1.000000E+000  1.608615E-009  2.293940E-003  0.000000E+000  9.999974E-001
  2.800000E-002  9.311504E-004  7.500000E-001  0.000000E+000 -9.999965E-001  8.133046E-007  2.660427E-003 -8.133017E-007 -1.000000E+000  2.163737E-009  2.660427E-003  0.000000E+000  9.999965E-001
  3.000000E-002  1.068923E-003  7.500000E-001  0.000000E+000 -9.999953E-001  9.336727E-007  3.054060E-003 -9.336683E-007 -1.000000E+000  2.851492E-009  3.054060E-003  0.000000E+000  9.999953E-001
  3.200000E-002  1.216196E-003  7.500000E-001  0.000000E+000 -9.999940E-001  1.062351E-006  3.474840E-003 -1.062345E-006 -1.000000E+000  3.691500E-009  3.474840E-003  0.000000E+000  9.999940E-001
  3.400000E-002  1.372972E-003  7.500000E-001  0.000000E+000 -9.999923E-001  1.199342E-006  3.922766E-003 -1.199333E-006 -1.000000E+000  4.704738E-009  3.922766E-003  0.000000E+000  9.999923E-001
  3.600000E-002  1.539249E-003  7.500000E-001  0.000000E+000 -9.999903E-001  1.344647E-006  4.397839E-003 -1.344634E-006 -1.000000E+000  5.913540E-009  4.397839E-003  0.000000E+000  9.999903E-001
  3.800000E-002  1.715027E-003  7.500000E-001  0.000000E+000 -9.999880E-001  1.498268E-006  4.900057E-003 -1.498250E-006 -1.000000E+000  7.341599E-009  4.900057E-003  0.000000E+000  9.999880E-001
  4.000000E-002  1.900307E-003  7.500000E-001  0.000000E+000 -9.999853E-001  1.660208E-006  5.429421E-003 -1.660183E-006 -1.000000E+000  9.013967E-009  5.429421E-003  0.000000E+000  9.999853E-001
  4.200000E-002  2.095088E-003  7.500000E-001  0.000000E+000 -9.999821E-001  1.830468E-006  5.985930E-003 -1.830436E-006 -1.000000E+000  1.095706E-008  5.985930E-003  0.000000E+000  9.999821E-001
  4.400000E-002  2.299371E-003  7.500000E-001  0.000000E+000 -9.999784E-001  2.009052E-006  6.569584E-003 -2.009009E-006 -1.000000E+000  1.319864E-008  6.569584E-003  0.000000E+000  9.999784E-001
  4.600000E-002  2.513155E-003  7.500000E-001  0.000000E+000 -9.999742E-001  2.195962E-006  7.180382E-003 -2.195905E-006 -1.000000E+000  1.576784E-008  7.180382E-003  0.000000E+000  9.999742E-001
  4.800000E-002  2.736441E-003  7.500000E-001  0.000000E+000 -9.999694E-001  2.391199E-006  7.818324E-003 -2.391126E-006 -1.000000E+000  1.869517E-008  7.818324E-003  0.000000E+000  9.999694E-001
  5.000000E-002  2.969229E-003  7.500000E-001  0.000000E+000 -9.999640E-001  2.594769E-006  8.483409E-003 -2.594675E-006 -1.000000E+000  2.201248E-008  8.483409E-003  0.000000E+000  9.999640E-001
  5.200000E-002  3.211518E-003  7.500000E-001  0.000000E+000 -9.999579E-001  2.806672E-006  9.175636E-003 -2.806554E-006 -1.000000E+000  2.575300E-008  9.175636E-003  0.000000E+000  9.999579E-001
  5.400000E-002  3.463308E-003  7.500000E-001  0.000000E+000 -9.999510E-001  3.026912E-006  9.895004E-003 -3.026764E-006 -1.000000E+000  2.995131E-008  9.895004E-003  0.000000E+000  9.999510E-001
  5.600000E-002  3.724600E-003  7.500000E-001  0.000000E+000 -9.999434E-001  3.255493E-006  1.064151E-002 -3.255309E-006 -1.000000E+000  3.464337E-008  1.064151E-002  0.000000E+000  9.999434E-001
  5.800000E-002  3.995393E-003  7.500000E-001  0.000000E+000 -9.999348E-001  3.492417E-006  1.141516E-002 -3.492190E-006 -1.000000E+000  3.986651E-008  1.141516E-002  0.000000E+000  9.999348E-001
  6.000000E-002  4.275688E-003  7.500000E-001  0.000000E+000 -9.999254E-001  3.737689E-006  1.221595E-002 -3.737410E-006 -1.000000E+000  4.565941E-008  1.221595E-002  0.000000E+000  9.999254E-001
  6.200000E-002  4.565485E-003  7.500000E-001  0.000000E+000 -9.999149E-001  3.991310E-006  1.304387E-002 -3.990971E-006 -1.000000E+000  5.206214E-008  1.304387E-002  0.000000E+000  9.999149E-001
  6.400000E-002  4.864783E-003  7.500000E-001  0.000000E+000 -9.999034E-001  4.253286E-006  1.389893E-002 -4.252875E-006 -1.000000E+000  5.911613E-008  1.389893E-002  0.000000E+000  9.999034E-001
  6.600000E-002  5.173582E-003  7.500000E-001  0.000000E+000 -9.998908E-001  4.523620E-006  1.478113E-002 -4.523125E-006 -1.000000E+000  6.686419E-008  1.478113E-002  0.000000E+000  9.998908E-001
  6.800000E-002  5.491883E-003  7.500000E-001  0.000000E+000 -9.998769E-001  4.802315E-006  1.569045E-002 -4.801724E-006 -1.000000E+000  7.535048E-008  1.569045E-002  0.000000E+000  9.998769E-001
  7.000000E-002  5.819685E-003  7.500000E-001  0.000000E+000 -9.998618E-001  5.089376E-006  1.662691E-002 -5.088672E-006 -1.000000E+000  8.462057E-008  1.662691E-002  0.000000E+000  9.998618E-001
  7.200000E-002  6.156989E-003  7.500000E-001  0.000000E+000 -9.998453E-001  5.384806E-006  1.759049E-002 -5.383973E-006 -1.000000E+000  9.472139E-008  1.759049E-002  0.000000E+000  9.998453E-001
  7.400000E-002  6.503795E-003  7.500000E-001  0.000000E+000 -9.998274E-001  5.688611E-006  1.858120E-002 -5.687629E-006 -1.000000E+000  1.057012E-007  1.858120E-002  0.000000E+000  9.998274E-001
  7.600000E-002  6.860102E-003  7.500000E-001  0.000000E+000 -9.998079E-001  6.000794E-006  1.959904E-002 -5.999641E-006 -1.000000E+000  1.176098E-007  1.959904E-002  0.000000E+000  9.998079E-001
  7.800000E-002  7.225910E-003  7.500000E-001  0.000000E+000 -9.997869E-001  6.321360E-006  2.064399E-002 -6.320013E-006 -1.000000E+000  1.304981E-007  2.064399E-002  0.000000E+000  9.997869E-001
  8.000000E-002  7.601220E-003  7.500000E-001  0.000000E+000 -9.997642E-001  6.650313E-006  2.171606E-002 -6.648744E-006 -1.000000E+000  1.444186E-007  2.171606E-002  0.000000E+000  9.997642E-001
  8.200000E-002  7.986031E-003  7.500000E-001  0.000000E+000 -9.997397E-001  6.987658E-006  2.281525E-002 -6.985839E-006 -1.000000E+000  1.594252E-007  2.281525E-002  0.000000E+000  9.997397E-001
  8.400000E-002  8.380344E-003  7.500000E-001  0.000000E+000 -9.997134E-001  7.333400E-006  2.394155E-002 -7.331298E-006 -1.000000E+000  1.755730E-007  2.394155E-002  0.000000E+000  9.997134E-001
  8.600000E-002  8.784158E-003  7.500000E-001  0.000000E+000 -9.996851E-001  7.687544E-006  2.509496E-002 -7.685123E-006 -1.000000E+000  1.929186E-007  2.509496E-002  0.000000E+000  9.996851E-001
  8.800000E-002  9.197473E-003  7.500000E-001  0.000000E+000 -9.996547E-001  8.050095E-006  2.627547E-002 -8.047315E-006 -1.000000E+000  2.115200E-007  2.627547E-002  0.000000E+000  9.996547E-001
  9.000000E-002  9.620290E-003  7.500000E-001  0.000000E+000 -9.996223E-001  8.421058E-006  2.748308E-002 -8.417877E-006 -1.000000E+000  2.314366E-007  2.748308E-002  0.000000E+000  9.996223E-001
  9.200000E-002  1.005261E-002  7.500000E-001  0.000000E+000 -9.995876E-001  8.800438E-006  2.871779E-002 -8.796808E-006 -1.000000E+000  2.527291E-007  2.871779E-002  0.000000E+000  9.995876E-001
  9.400000E-002  1.049443E-002  7.500000E-001  0.000000E+000 -9.995505E-001  9.188241E-006  2.997959E-002 -9.184111E-006 -1.000000E+000  2.754597E-007  2.997959E-002  0.000000E+000  9.995505E-001
  9.600000E-002  1.094575E-002  7.500001E-001  0.000000E+000 -9.995110E-001  9.584472E-006  3.126847E-002 -9.579786E-006 -1.000000E+000  2.996918E-007  3.126847E-002  0.000000E+000  9.995110E-001
  9.800000E-002  1.140657E-002  7.500001E-001  0.000000E+000 -9.994690E-001  9.989138E-006  3.258444E-002 -9.983834E-006 -1.000000E+000  3.254905E-007  3.258444E-002  0.000000E+000  9.994690E-001
  1.000000E-001  1.187690E-002  7.500001E-001  0.000000E+000 -9.994243E-001  1.040224E-005  3.392748E-002 -1.039625E-005 -1.000000E+000  3.529219E-007  3.392748E-002  0.000000E+000  9.994243E-001
  1.020000E-001  1.235672E-002  7.500001E-001  0.000000E+000 -9.993768E-001  1.082379E-005  3.529759E-002 -1.081705E-005 -1.000000E+000  3.820538E-007  3.529759E-002  0.000000E+000  9.993768E-001
  1.040000E-001  1.284605E-002  7.500001E-001  0.000000E+000 -9.993265E-001  1.125380E-005  3.669476E-002 -1.124622E-005 -1.000000E+000  4.129554E-007  3.669476E-002  0.000000E+000  9.993265E-001
  1.060000E-001  1.334488E-002  7.500001E-001  0.000000E+000 -9.992732E-001  1.169226E-005  3.811899E-002 -1.168376E-005 -1.000000E+000  4.456970E-007  3.811899E-002  0.000000E+000  9.992732E-001
  1.080000E-001  1.385321E-002  7.500001E-001  0.000000E+000 -9.992168E-001  1.213918E-005  3.957026E-002 -1.212968E-005 -1.000000E+000  4.803507E-007  3.957026E-002  0.000000E+000  9.992168E-001
  1.100000E-001  1.437104E-002  7.500001E-001  0.000000E+000 -9.991572E-001  1.259458E-005  4.104858E-002 -1.258396E-005 -1.000000E+000  5.169895E-007  4.104858E-002  0.000000E+000  9.991572E-001
  1.120000E-001  1.489837E-002  7.500001E-001  0.000000E+000 -9.990942E-001  1.305845E-005  4.255393E-002 -1.304662E-005 -1.000000E+000  5.556884E-007  4.255393E-002  0.000000E+000  9.990942E-001
  1.140000E-001  1.543521E-002  7.500001E-001  0.000000E+000 -9.990277E-001  1.353081E-005  4.408630E-002 -1.351765E-005 -1.000000E+000  5.965232E-007  4.408630E-002  0.000000E+000  9.990277E-001
  1.160000E-001  1.598154E-002  7.500001E-001  0.000000E+000 -9.989577E-001  1.401166E-005  4.564568E-002 -1.399705E-005 -1.000000E+000  6.395716E-007  4.564568E-002  0.000000E+000  9.989577E-001
  1.180000E-001  1.653738E-002  7.500001E-001  0.000000E+000 -9.988839E-001  1.450100E-005  4.723208E-002 -1.448482E-005 -1.000000E+000  6.849123E-007  4.723208E-002  0.000000E+000  9.988839E-001
  1.200000E-001  1.710272E-002  7.500001E-001  0.000000E+000 -9.988063E-001  1.499885E-005  4.884546E-002 -1.498095E-005 -1.000000E+000  7.326257E-007  4.884546E-002  0.000000E+000  9.988063E-001
  1.220000E-001  1.767756E-002  7.500001E-001  0.000000E+000 -9.987248E-001  1.550521E-005  5.048583E-002 -1.548544E-005 -1.000000E+000  7.827935E-007  5.048583E-002  0.000000E+000  9.987248E-001
  1.240000E-001  1.826190E-002  7.500001E-001  0.000000E+000 -9.986391E-001  1.602009E-005  5.215318E-002 -1.599829E-005 -1.000000E+000  8.354986E-007  5.215318E-002  0.000000E+000  9.986391E-001
  1.260000E-001  1.885574E-002  7.500002E-001  0.000000E+000 -9.985492E-001  1.654350E-005  5.384749E-002 -1.651949E-005 -1.000000E+000  8.908257E-007  5.384749E-002  0.000000E+000  9.985492E-001
  1.280000E-001  1.945908E-002  7.500002E-001  0.000000E+000 -9.984549E-001  1.707544E-005  5.556875E-002 -1.704905E-005 -1.000000E+000  9.488605E-007  5.556875E-002  0.000000E+000  9.984549E-001
  1.300000E-001  2.007193E-002  7.500002E-001  0.000000E+000 -9.983560E-001  1.761592E-005  5.731694E-002 -1.758696E-005 -1.000000E+000  1.009690E-006  5.731694E-002  0.000000E+000  9.983560E-001
  1.320000E-001  2.069428E-002  7.500002E-001  0.000000E+000 -9.982525E-001  1.816495E-005  5.909206E-002 -1.813320E-005 -1.000000E+000  1.073404E-006  5.909206E-002  0.000000E+000  9.982525E-001
  1.340000E-001  2.132612E-002  7.500002E-001  0.000000E+000 -9.981442E-001  1.872253E-005  6.089408E-002 -1.868779E-005 -1.000000E+000  1.140092E-006  6.089408E-002  0.000000E+000  9.981442E-001
  1.360000E-001  2.196747E-002  7.500002E-001  0.000000E+000 -9.980310E-001  1.928869E-005  6.272301E-002 -1.925071E-005 -1.000000E+000  1.209844E-006  6.272301E-002  0.000000E+000  9.980310E-001
  1.380000E-001  2.261832E-002  7.500002E-001  0.000000E+000 -9.979126E-001  1.986341E-005  6.457881E-002 -1.982195E-005 -1.000000E+000  1.282756E-006  6.457881E-002  0.000000E+000  9.979126E-001
  1.400000E-001  2.327867E-002  7.500002E-001  0.000000E+000 -9.977890E-001  2.044672E-005  6.646147E-002 -2.040151E-005 -1.000000E+000  1.358919E-006  6.646147E-002  0.000000E+000  9.977890E-001
  1.420000E-001  2.394853E-002  7.500003E-001  0.000000E+000 -9.976600E-001  2.103862E-005  6.837099E-002 -2.098939E-005 -1.000000E+000  1.438431E-006  6.837099E-002  0.000000E+000  9.976600E-001
  1.440000E-001  2.462788E-002  7.500003E-001  0.000000E+000 -9.975254E-001  2.163911E-005  7.030733E-002 -2.158556E-005 -1.000000E+000  1.521388E-006  7.030733E-002  0.000000E+000  9.975254E-001
  1.460000E-001  2.531674E-002  7.500003E-001  0.000000E+000 -9.973851E-001  2.224821E-005  7.227048E-002 -2.219004E-005 -1.000000E+000  1.607889E-006  7.227048E-002  0.000000E+000  9.973851E-001
  1.480000E-001  2.601509E-002  7.500003E-001  0.000000E+000 -9.972389E-001  2.286593E-005  7.426042E-002 -2.280280E-005 -1.000000E+000  1.698034E-006  7.426042E-002  0.000000E+000  9.972389E-001
  1.500000E-001  2.672295E-002  7.500003E-001  0.000000E+000 -9.970867E-001  2.349228E-005  7.627713E-002 -2.342383E-005 -1.000000E+000  1.791923E-006  7.627713E-002  0.000000E+000  9.970867E-001
  1.520000E-001  2.744031E-002  7.500003E-001  0.000000E+000 -9.969282E-001  2.412725E-005  7.832060E-002 -2.405314E-005 -1.000000E+000  1.889661E-006  7.832060E-002  0.000000E+000  9.969282E-001
  1.540000E-001  2.816717E-002  7.500003E-001  0.000000E+000 -9.967634E-001  2.477087E-005  8.039080E-002 -2.469070E-005 -1.000000E+000  1.991350E-006  8.039080E-002  0.000000E+000  9.967634E-001
  1.560000E-001  2.890354E-002  7.500004E-001  0.000000E+000 -9.965921E-001  2.542314E-005  8.248770E-002 -2.533650E-005 -1.000000E+000  2.097096E-006  8.248770E-002  0.000000E+000  9.965921E-001
  1.580000E-001  2.964940E-002  7.500004E-001  0.000000E+000 -9.964140E-001  2.608407E-005  8.461129E-002 -2.599054E-005 -1.000000E+000  2.207007E-006  8.461129E-002  0.000000E+000  9.964140E-001
  1.600000E-001  3.040476E-002  7.500004E-001  0.000000E+000 -9.962291E-001  2.675368E-005  8.676153E-002 -2.665279E-005 -1.000000E+000  2.321190E-006  8.676153E-002  0.000000E+000  9.962291E-001
  1.620000E-001  3.116963E-002  7.500004E-001  0.000000E+000 -9.960371E-001  2.743196E-005  8.893841E-002 -2.732325E-005 -1.000000E+000  2.439755E-006  8.893841E-002  0.000000E+000  9.960371E-001
  1.640000E-001  3.194400E-002  7.500004E-001  0.000000E+000 -9.958379E-001  2.811894E-005  9.114190E-002 -2.800190E-005 -1.000000E+000  2.562813E-006  9.114190E-002  0.000000E+000  9.958379E-001
  1.660000E-001  3.272787E-002  7.500005E-001  0.000000E+000 -9.956313E-001  2.881461E-005  9.337198E-002 -2.868873E-005 -1.000000E+000  2.690477E-006  9.337198E-002  0.000000E+000  9.956313E-001
  1.680000E-001  3.352123E-002  7.500005E-001  0.000000E+000 -9.954171E-001  2.951900E-005  9.562860E-002 -2.938371E-005 -1.000000E+000  2.822860E-006  9.562860E-002  0.000000E+000  9.954171E-001
  1.700000E-001  3.432411E-002  7.500005E-001  0.000000E+000 -9.951951E-001  3.023210E-005  9.791175E-002 -3.008684E-005 -1.000000E+000  2.960078E-006  9.791175E-002  0.000000E+000  9.951951E-001
  1.720000E-001  3.513648E-002  7.500005E-001  0.000000E+000 -9.949652E-001  3.095394E-005  1.002214E-001 -3.079809E-005 -1.000000E+000  3.102247E-006  1.002214E-001  0.000000E+000  9.949652E-001
  1.740000E-001  3.595835E-002  7.500006E-001  0.000000E+000 -9.947271E-001  3.168452E-005  1.025575E-001 -3.151745E-005 -1.000000E+000  3.249485E-006  1.025575E-001  0.000000E+000  9.947271E-001
  1.760000E-001  3.678973E-002  7.500006E-001  0.000000E+000 -9.944807E-001  3.242384E-005  1.049200E-001 -3.224489E-005 -1.000000E+000  3.401911E-006  1.049200E-001  0.000000E+000  9.944807E-001
  1.780000E-001  3.763060E-002  7.500006E-001  0.000000E+000 -9.942257E-001  3.317194E-005  1.073090E-001 -3.298039E-005 -1.000000E+000  3.559647E-006  1.073090E-001  0.000000E+000  9.942257E-001
  1.800000E-001  3.848098E-002  7.500007E-001  0.000000E+000 -9.939621E-001  3.392880E-005  1.097243E-001 -3.372394E-005 -1.000000E+000  3.722813E-006  1.097243E-001  0.000000E+000  9.939621E-001
  1.820000E-001  3.934086E-002  7.500007E-001  0.000000E+000 -9.936895E-001  3.469445E-005  1.121659E-001 -3.447551E-005 -1.000000E+000  3.891534E-006  1.121659E-001  0.000000E+000  9.936895E-001
  1.840000E-001  4.021023E-002  7.500007E-001  0.000000E+000 -9.934078E-001  3.546889E-005  1.146338E-001 -3.523508E-005 -1.000000E+000  4.065935E-006  1.146338E-001  0.000000E+000  9.934078E-001
  1.860000E-001  4.108911E-002  7.500007E-001  0.000000E+000 -9.931168E-001  3.625214E-005  1.171280E-001 -3.600261E-005 -1.000000E+000  4.246141E-006  1.171280E-001  0.000000E+000  9.931168E-001
  1.880000E-001  4.197750E-002  7.500008E-001  0.000000E+000 -9.928163E-001  3.704421E-005  1.196484E-001 -3.677810E-005 -1.000000E+000  4.432280E-006  1.196484E-001  0.000000E+000  9.928163E-001
  1.900000E-001  4.287538E-002  7.500008E-001  0.000000E+000 -9.925061E-001  3.784511E-005  1.221949E-001 -3.756150E-005 -1.000000E+000  4.624480E-006  1.221949E-001  0.000000E+000  9.925061E-001
  1.920000E-001  4.378276E-002  7.500008E-001  0.000000E+000 -9.921860E-001  3.865485E-005  1.247676E-001 -3.835280E-005 -1.000000E+000  4.822873E-006  1.247676E-001  0.000000E+000  9.921860E-001
  1.940000E-001  4.469965E-002  7.500009E-001  0.000000E+000 -9.918557E-001  3.947344E-005  1.273664E-001 -3.915195E-005 -1.000000E+000  5.027589E-006  1.273664E-001  0.000000E+000  9.918557E-001
  1.960000E-001  4.562603E-002  7.500009E-001  0.000000E+000 -9.915151E-001  4.030089E-005  1.299912E-001 -3.995894E-005 -1.000000E+000  5.238761E-006  1.299912E-001  0.000000E+000  9.915151E-001
  1.980000E-001  4.656192E-002  7.500010E-001  0.000000E+000 -9.911640E-001  4.113722E-005  1.326420E-001 -4.077373E-005 -1.000000E+000  5.456523E-006  1.326420E-001  0.000000E+000  9.911640E-001
  2.000000E-001  4.750731E-002  7.500010E-001  0.000000E+000 -9.908021E-001  4.198244E-005  1.353188E-001 -4.159629E-005 -1.000000E+000  5.681011E-006  1.353188E-001  0.000000E+000  9.908021E-001
  2.020000E-001  4.846220E-002  7.500010E-001  0.000000E+000 -9.904292E-001  4.283656E-005  1.380214E-001 -4.242658E-005 -1.000000E+000  5.912362E-006  1.380214E-001  0.000000E+000  9.904292E-001
  2.040000E-001  4.942659E-002  7.500011E-001  0.000000E+000 -9.900452E-001  4.369959E-005  1.407499E-001 -4.326457E-005 -1.000000E+000  6.150714E-006  1.407499E-001  0.000000E+000  9.900452E-001
  2.060000E-001  5.040048E-002  7.500011E-001  0.000000E+000 -9.896497E-001  4.457155E-005  1.435042E-001 -4.411022E-005 -1.000000E+000  6.396205E-006  1.435042E-001  0.000000E+000  9.896497E-001
  2.080000E-001  5.138387E-002  7.500012E-001  0.000000E+000 -9.892426E-001  4.545245E-005  1.462842E-001 -4.496350E-005 -1.000000E+000  6.648977E-006  1.462842E-001  0.000000E+000  9.892426E-001
  2.100000E-001  5.237676E-002  7.500012E-001  0.000000E+000 -9.888236E-001  4.634229E-005  1.490900E-001 -4.582436E-005 -1.000000E+000  6.909172E-006  1.490900E-001  0.000000E+000  9.888236E-001
  2.120000E-001  5.337916E-002  7.500013E-001  0.000000E+000 -9.883926E-001  4.724111E-005  1.519213E-001 -4.669276E-005 -1.000000E+000  7.176932E-006  1.519213E-001  0.000000E+000  9.883926E-001
  2.140000E-001  5.439105E-002  7.500013E-001  0.000000E+000 -9.879492E-001  4.814889E-005  1.547783E-001 -4.756866E-005 -1.000000E+000  7.452402E-006  1.547783E-001  0.000000E+000  9.879492E-001
  2.160000E-001  5.541245E-002  7.500014E-001  0.000000E+000 -9.874933E-001  4.906567E-005  1.576607E-001 -4.845202E-005 -1.000000E+000  7.735729E-006  1.576607E-001  0.000000E+000  9.874933E-001
  2.180000E-001  5.644335E-002  7.500014E-001  0.000000E+000 -9.870247E-001  4.999145E-005  1.605686E-001 -4.934280E-005 -1.000000E+000  8.027058E-006  1.605686E-001  0.000000E+000  9.870247E-001
  2.200000E-001  5.748375E-002  7.500015E-001  0.000000E+000 -9.865430E-001  5.092625E-005  1.635019E-001 -5.024094E-005 -1.000000E+000  8.326538E-006  1.635019E-001  0.000000E+000  9.865430E-001
  2.220000E-001  5.853365E-002  7.500015E-001  0.000000E+000 -9.860481E-001  5.187008E-005  1.664605E-001 -5.114639E-005 -1.000000E+000  8.634319E-006  1.664605E-001  0.000000E+000  9.860481E-001
  2.240000E-001  5.959305E-002  7.500016E-001  0.000000E+000 -9.855398E-001  5.282295E-005  1.694444E-001 -5.205912E-005 -1.000000E+000  8.950551E-006  1.694444E-001  0.000000E+000  9.855398E-001
  2.260000E-001  6.066195E-002  7.500016E-001  0.000000E+000 -9.850177E-001  5.378488E-005  1.724534E-001 -5.297906E-005 -1.000000E+000  9.275386E-006  1.724534E-001  0.000000E+000  9.850177E-001
  2.280000E-001  6.174035E-002  7.500017E-001  0.000000E+000 -9.844816E-001  5.475588E-005  1.754876E-001 -5.390616E-005 -1.000000E+000  9.608977E-006  1.754876E-001  0.000000E+000  9.844816E-001
  2.300000E-001  6.282825E-002  7.500017E-001  0.000000E+000 -9.839314E-001  5.573597E-005  1.785468E-001 -5.484038E-005 -1.000000E+000  9.951478E-006  1.785468E-001  0.000000E+000  9.839314E-001
  2.320000E-001  6.392566E-002  7.500018E-001  0.000000E+000 -9.833668E-001  5.672516E-005  1.816310E-001 -5.578164E-005 -1.000000E+000  1.030305E-005  1.816310E-001  0.000000E+000  9.833668E-001
  2.340000E-001  6.503256E-002  7.500019E-001  0.000000E+000 -9.827874E-001  5.772347E-005  1.847400E-001 -5.672990E-005 -1.000000E+000  1.066383E-005  1.847400E-001  0.000000E+000  9.827874E-001
  2.360000E-001  6.614897E-002  7.500019E-001  0.000000E+000 -9.821932E-001  5.873090E-005  1.878739E-001 -5.768509E-005 -1.000000E+000  1.103400E-005  1.878739E-001  0.000000E+000  9.821932E-001
  2.380000E-001  6.727488E-002  7.500020E-001  0.000000E+000 -9.815837E-001  5.974748E-005  1.910325E-001 -5.864715E-005 -1.000000E+000  1.141371E-005  1.910325E-001  0.000000E+000  9.815837E-001
  2.400000E-001  6.841028E-002  7.500021E-001  0.000000E+000 -9.809588E-001  6.077321E-005  1.942158E-001 -5.961602E-005 -1.000000E+000  1.180312E-005  1.942158E-001  0.000000E+000  9.809588E-001
  2.420000E-001  6.955519E-002  7.500021E-001  0.000000E+000 -9.803183E-001  6.180812E-005  1.974236E-001 -6.059163E-005 -1.000000E+000  1.220238E-005  1.974236E-001  0.000000E+000  9.803183E-001
  2.440000E-001  7.070960E-002  7.500022E-001  0.000000E+000 -9.796618E-001  6.285222E-005  2.006559E-001 -6.157392E-005 -1.000000E+000  1.261167E-005  2.006559E-001  0.000000E+000  9.796618E-001
  2.460000E-001  7.187351E-002  7.500023E-001  0.000000E+000 -9.789891E-001  6.390552E-005  2.039127E-001 -6.256281E-005 -1.000000E+000  1.303114E-005  2.039127E-001  0.000000E+000  9.789891E-001
  2.480000E-001  7.304692E-002  7.500024E-001  0.000000E+000 -9.782999E-001  6.496805E-005  2.071937E-001 -6.355824E-005 -1.000000E+000  1.346097E-005  2.071937E-001  0.000000E+000  9.782999E-001
  2.500000E-001  7.422984E-002  7.500024E-001  0.000000E+000 -9.775941E-001  6.603980E-005  2.104989E-001 -6.456012E-005 -1.000000E+000  1.390130E-005  2.104989E-001  0.000000E+000  9.775941E-001
  2.520000E-001  7.542225E-002  7.500025E-001  0.000000E+000 -9.768713E-001  6.712081E-005  2.138282E-001 -6.556839E-005 -1.000000E+000  1.435232E-005  2.138282E-001  0.000000E+000  9.768713E-001
  2.540000E-001  7.662416E-002  7.500026E-001  0.000000E+000 -9.761312E-001  6.821108E-005  2.171816E-001 -6.658297E-005 -1.000000E+000  1.481419E-005  2.171816E-001  0.000000E+000  9.761312E-001
  2.560000E-001  7.783558E-002  7.500027E-001  0.000000E+000 -9.753737E-001  6.931064E-005  2.205588E-001 -6.760378E-005 -1.000000E+000  1.528707E-005  2.205588E-001  0.000000E+000  9.753737E-001
  2.580000E-001  7.905649E-002  7.500028E-001  0.000000E+000 -9.745984E-001  7.041950E-005  2.239599E-001 -6.863073E-005 -1.000000E+000  1.577114E-005  2.239599E-001  0.000000E+000  9.745984E-001
  2.600000E-001  8.028691E-002  7.500029E-001  0.000000E+000 -9.738050E-001  7.153767E-005  2.273847E-001 -6.966374E-005 -1.000000E+000  1.626657E-005  2.273847E-001  0.000000E+000  9.738050E-001
  2.620000E-001  8.152683E-002  7.500029E-001  0.000000E+000 -9.729934E-001  7.266517E-005  2.308331E-001 -7.070273E-005 -1.000000E+000  1.677352E-005  2.308331E-001  0.000000E+000  9.729934E-001
  2.640000E-001  8.277624E-002  7.500030E-001  0.000000E+000 -9.721631E-001  7.380202E-005  2.343049E-001 -7.174760E-005 -1.000000E+000  1.729218E-005  2.343049E-001  0.000000E+000  9.721632E-001
  2.660000E-001  8.403516E-002  7.500031E-001  0.000000E+000 -9.713141E-001  7.494823E-005  2.378002E-001 -7.279827E-005 -1.000000E+000  1.782270E-005  2.378002E-001  0.000000E+000  9.713141E-001
  2.680000E-001  8.530358E-002  7.500032E-001  0.000000E+000 -9.704459E-001  7.610382E-005  2.413187E-001 -7.385464E-005 -1.000000E+000  1.836528E-005  2.413187E-001  0.000000E+000  9.704459E-001
  2.700000E-001  8.658150E-002  7.500033E-001  0.000000E+000 -9.695583E-001  7.726882E-005  2.448604E-001 -7.491662E-005 -1.000000E+000  1.892007E-005  2.448604E-001  0.000000E+000  9.695583E-001
  2.720000E-001  8.786892E-002  7.500034E-001  0.000000E+000 -9.686511E-001  7.844322E-005  2.484251E-001 -7.598411E-005 -1.000000E+000  1.948727E-005  2.484251E-001  0.000000E+000  9.686511E-001
  2.740000E-001  8.916584E-002  7.500035E-001  0.000000E+000 -9.677239E-001  7.962706E-005  2.520127E-001 -7.705701E-005 -1.000000E+000  2.006703E-005  2.520127E-001  0.000000E+000  9.677239E-001
  2.760000E-001  9.047226E-002  7.500036E-001  0.000000E+000 -9.667765E-001  8.082035E-005  2.556231E-001 -7.813522E-005 -1.000000E+000  2.065955E-005  2.556231E-001  0.000000E+000  9.667765E-001
  2.780000E-001  9.178819E-002  7.500037E-001  0.000000E+000 -9.658086E-001  8.202311E-005  2.592562E-001 -7.921862E-005 -1.000000E+000  2.126500E-005  2.592562E-001  0.000000E+000  9.658086E-001
  2.800000E-001  9.311361E-002  7.500038E-001  0.000000E+000 -9.648199E-001  8.323535E-005  2.629117E-001 -8.030712E-005 -1.000000E+000  2.188355E-005  2.629117E-001  0.000000E+000  9.648199E-001
  2.820000E-001  9.444853E-002  7.500040E-001  0.000000E+000 -9.638101E-001  8.445709E-005  2.665897E-001 -8.140060E-005 -1.000000E+000  2.251539E-005  2.665897E-001  0.000000E+000  9.638101E-001
  2.840000E-001  9.579296E-002  7.500041E-001  0.000000E+000 -9.627790E-001  8.568836E-005  2.702899E-001 -8.249895E-005 -1.000000E+000  2.316070E-005  2.702899E-001  0.000000E+000  9.627790E-001
  2.860000E-001  9.714688E-002  7.500042E-001  0.000000E+000 -9.617262E-001  8.692916E-005  2.740123E-001 -8.360205E-005 -1.000000E+000  2.381966E-005  2.740123E-001  0.000000E+000  9.617262E-001
  2.880000E-001  9.851031E-002  7.500043E-001  0.000000E+000 -9.606515E-001  8.817952E-005  2.777566E-001 -8.470979E-005 -1.000000E+000  2.449244E-005  2.777566E-001  0.000000E+000  9.606515E-001
  2.900000E-001  9.988323E-002  7.500044E-001  0.000000E+000 -9.595546E-001  8.943946E-005  2.815227E-001 -8.582204E-005 -1.000000E+000  2.517924E-005  2.815227E-001  0.000000E+000  9.595546E-001
  2.920000E-001  1.012657E-001  7.500046E-001  0.000000E+000 -9.584351E-001  9.070899E-005  2.853106E-001 -8.693868E-005 -1.000000E+000  2.588023E-005  2.853106E-001  0.000000E+000  9.584351E-001
  2.940000E-001  1.026576E-001  7.500047E-001  0.000000E+000 -9.572929E-001  9.198813E-005  2.891199E-001 -8.805959E-005 -1.000000E+000  2.659560E-005  2.891199E-001  0.000000E+000  9.572929E-001
  2.960000E-001  1.040590E-001  7.500048E-001  0.000000E+000 -9.561275E-001  9.327691E-005  2.929507E-001 -8.918462E-005 -1.000000E+000  2.732554E-005  2.929507E-001  0.000000E+000  9.561275E-001
  2.980000E-001  1.054699E-001  7.500049E-001  0.000000E+000 -9.549388E-001  9.457533E-005  2.968027E-001 -9.031366E-005 -1.000000E+000  2.807021E-005  2.968027E-001  0.000000E+000  9.549388E-001
  3.000000E-001  1.068904E-001  7.500051E-001  0.000000E+000 -9.537264E-001  9.588343E-005  3.006757E-001 -9.144656E-005 -1.000000E+000  2.882982E-005  3.006757E-001  0.000000E+000  9.537264E-001
  3.020000E-001  1.083203E-001  7.500052E-001  0.000000E+000 -9.524901E-001  9.720121E-005  3.045696E-001 -9.258319E-005 -1.000000E+000  2.960454E-005  3.045696E-001  0.000000E+000  9.524901E-001
  3.040000E-001  1.097597E-001  7.500054E-001  0.000000E+000 -9.512294E-001  9.852871E-005  3.084843E-001 -9.372341E-005 -1.000000E+000  3.039456E-005  3.084843E-001  0.000000E+000  9.512294E-001
  3.060000E-001  1.112087E-001  7.500055E-001  0.000000E+000 -9.499442E-001  9.986593E-005  3.124196E-001 -9.486706E-005 -1.000000E+000  3.120007E-005  3.124196E-001  0.000000E+000  9.499442E-001
  3.080000E-001  1.126671E-001  7.500056E-001  0.000000E+000 -9.486341E-001  1.012129E-004  3.163752E-001 -9.601401E-005 -1.000000E+000  3.202125E-005  3.163752E-001  0.000000E+000  9.486341E-001
  3.100000E-001  1.141350E-001  7.500058E-001  0.000000E+000 -9.472989E-001  1.025696E-004  3.203511E-001 -9.716410E-005 -1.000000E+000  3.285829E-005  3.203511E-001  0.000000E+000  9.472989E-001
  3.120000E-001  1.156125E-001  7.500060E-001  0.000000E+000 -9.459382E-001  1.039362E-004  3.243470E-001 -9.831718E-005 -1.000000E+000  3.371138E-005  3.243470E-001  0.000000E+000  9.459382E-001
  3.140000E-001  1.170994E-001  7.500061E-001  0.000000E+000 -9.445517E-001  1.053125E-004  3.283627E-001 -9.947310E-005 -1.000000E+000  3.458070E-005  3.283627E-001  0.000000E+000  9.445517E-001
  3.160000E-001  1.185958E-001  7.500063E-001  0.000000E+000 -9.431391E-001  1.066987E-004  3.323982E-001 -1.006317E-004 -1.000000E+000  3.546644E-005  3.323982E-001  0.000000E+000  9.431391E-001
  3.180000E-001  1.201018E-001  7.500064E-001  0.000000E+000 -9.417002E-001  1.080947E-004  3.364531E-001 -1.017928E-004 -1.000000E+000  3.636879E-005  3.364531E-001  0.000000E+000  9.417002E-001
  3.200000E-001  1.216172E-001  7.500066E-001  0.000000E+000 -9.402346E-001  1.095006E-004  3.405273E-001 -1.029562E-004 -1.000000E+000  3.728793E-005  3.405273E-001  0.000000E+000  9.402346E-001
  3.220000E-001  1.231421E-001  7.500068E-001  0.000000E+000 -9.387420E-001  1.109163E-004  3.446206E-001 -1.041218E-004 -1.000000E+000  3.822405E-005  3.446206E-001  0.000000E+000  9.387420E-001
  3.240000E-001  1.246766E-001  7.500069E-001  0.000000E+000 -9.372222E-001  1.123420E-004  3.487328E-001 -1.052894E-004 -1.000000E+000  3.917735E-005  3.487328E-001  0.000000E+000  9.372222E-001
  3.260000E-001  1.262205E-001  7.500071E-001  0.000000E+000 -9.356747E-001  1.137776E-004  3.528637E-001 -1.064588E-004 -1.000000E+000  4.014800E-005  3.528637E-001  0.000000E+000  9.356747E-001
  3.280000E-001  1.277739E-001  7.500073E-001  0.000000E+000 -9.340994E-001  1.152232E-004  3.570131E-001 -1.076299E-004 -1.000000E+000  4.113619E-005  3.570131E-001  0.000000E+000  9.340994E-001
  3.300000E-001  1.293369E-001  7.500075E-001  0.000000E+000 -9.324958E-001  1.166787E-004  3.611808E-001 -1.088024E-004 -1.000000E+000  4.214212E-005  3.611808E-001  0.000000E+000  9.324958E-001
  3.320000E-001  1.309093E-001  7.500076E-001  0.000000E+000 -9.308637E-001  1.181443E-004  3.653665E-001 -1.099762E-004 -1.000000E+000  4.316597E-005  3.653665E-001  0.000000E+000  9.308637E-001
  3.340000E-001  1.324912E-001  7.500078E-001  0.000000E+000 -9.292028E-001  1.196199E-004  3.695701E-001 -1.111511E-004 -1.000000E+000  4.420792E-005  3.695701E-001  0.000000E+000  9.292028E-001
  3.360000E-001  1.340827E-001  7.500080E-001  0.000000E+000 -9.275128E-001  1.211055E-004  3.737913E-001 -1.123269E-004 -1.000000E+000  4.526817E-005  3.737913E-001  0.000000E+000  9.275128E-001
  3.380000E-001  1.356836E-001  7.500082E-001  0.000000E+000 -9.257934E-001  1.226011E-004  3.780300E-001 -1.135033E-004 -1.000000E+000  4.634690E-005  3.780300E-001  0.000000E+000  9.257934E-001
  3.400000E-001  1.372940E-001  7.500084E-001  0.000000E+000 -9.240442E-001  1.241069E-004  3.822857E-001 -1.146802E-004 -1.000000E+000  4.744429E-005  3.822857E-001  0.000000E+000  9.240442E-001
  3.420000E-001  1.389140E-001  7.500086E-001  0.000000E+000 -9.222649E-001  1.256227E-004  3.865585E-001 -1.158574E-004 -1.000000E+000  4.856053E-005  3.865585E-001  0.000000E+000  9.222649E-001
  3.440000E-001  1.405434E-001  7.500088E-001  0.000000E+000 -9.204553E-001  1.271487E-004  3.908479E-001 -1.170347E-004 -1.000000E+000  4.969581E-005  3.908479E-001  0.000000E+000  9.204553E-001
  3.460000E-001  1.421823E-001  7.500090E-001  0.000000E+000 -9.186150E-001  1.286849E-004  3.951538E-001 -1.182119E-004 -1.000000E+000  5.085032E-005  3.951538E-001  0.000000E+000  9.186150E-001
  3.480000E-001  1.438308E-001  7.500093E-001  0.000000E+000 -9.167437E-001  1.302312E-004  3.994759E-001 -1.193886E-004 -1.000000E+000  5.202423E-005  3.994759E-001  0.000000E+000  9.167437E-001
  3.500000E-001  1.454887E-001  7.500095E-001  0.000000E+000 -9.148411E-001  1.317877E-004  4.038140E-001 -1.205648E-004 -1.000000E+000  5.321772E-005  4.038140E-001  0.000000E+000  9.148411E-001
  3.520000E-001  1.471561E-001  7.500097E-001  0.000000E+000 -9.129069E-001  1.333545E-004  4.081678E-001 -1.217402E-004 -1.000000E+000  5.443100E-005  4.081678E-001  0.000000E+000  9.129069E-001
  3.540000E-001  1.488331E-001  7.500099E-001  0.000000E+000 -9.109408E-001  1.349315E-004  4.125370E-001 -1.229146E-004 -1.000000E+000  5.566422E-005  4.125370E-001  0.000000E+000  9.109408E-001
  3.560000E-001  1.505195E-001  7.500101E-001  0.000000E+000 -9.089425E-001  1.365187E-004  4.169215E-001 -1.240877E-004 -1.000000E+000  5.691759E-005  4.169215E-001  0.000000E+000  9.089425E-001
  3.580000E-001  1.522155E-001  7.500104E-001  0.000000E+000 -9.069116E-001  1.381163E-004  4.213209E-001 -1.252593E-004 -1.000000E+000  5.819127E-005  4.213209E-001  0.000000E+000  9.069116E-001
  3.600000E-001  1.539209E-001  7.500106E-001  0.000000E+000 -9.048479E-001  1.397241E-004  4.257350E-001 -1.264291E-004 -1.000000E+000  5.948545E-005  4.257350E-001  0.000000E+000  9.048479E-001
  3.620000E-001  1.556358E-001  7.500109E-001  0.000000E+000 -9.027510E-001  1.413424E-004  4.301634E-001 -1.275970E-004 -1.000000E+000  6.080031E-005  4.301634E-001  0.000000E+000  9.027510E-001
  3.640000E-001  1.573603E-001  7.500111E-001  0.000000E+000 -9.006207E-001  1.429709E-004  4.346060E-001 -1.287626E-004 -1.000000E+000  6.213603E-005  4.346060E-001  0.000000E+000  9.006207E-001
  3.660000E-001  1.590942E-001  7.500114E-001  0.000000E+000 -8.984565E-001  1.446099E-004  4.390624E-001 -1.299257E-004 -1.000000E+000  6.349278E-005  4.390624E-001  0.000000E+000  8.984566E-001
  3.680000E-001  1.608376E-001  7.500116E-001  0.000000E+000 -8.962583E-001  1.462593E-004  4.435324E-001 -1.310861E-004 -1.000000E+000  6.487073E-005  4.435324E-001  0.000000E+000  8.962583E-001
  3.700000E-001  1.625906E-001  7.500119E-001  0.000000E+000 -8.940257E-001  1.479191E-004  4.480156E-001 -1.322435E-004 -1.000000E+000  6.627008E-005  4.480156E-001  0.000000E+000  8.940257E-001
  3.720000E-001  1.643530E-001  7.500121E-001  0.000000E+000 -8.917584E-001  1.495894E-004  4.525118E-001 -1.333976E-004 -1.000000E+000  6.769097E-005  4.525118E-001  0.000000E+000  8.917584E-001
  3.740000E-001  1.661249E-001  7.500124E-001  0.000000E+000 -8.894561E-001  1.512702E-004  4.570207E-001 -1.345482E-004 -1.000000E+000  6.913360E-005  4.570207E-001  0.000000E+000  8.894561E-001
  3.760000E-001  1.679064E-001  7.500127E-001  0.000000E+000 -8.871184E-001  1.529615E-004  4.615419E-001 -1.356949E-004 -1.000000E+000  7.059813E-005  4.615419E-001  0.000000E+000  8.871184E-001
  3.780000E-001  1.696973E-001  7.500129E-001  0.000000E+000 -8.847451E-001  1.546633E-004  4.660752E-001 -1.368376E-004 -1.000000E+000  7.208474E-005  4.660752E-001  0.000000E+000  8.847451E-001
  3.800000E-001  1.714978E-001  7.500132E-001  0.000000E+000 -8.823359E-001  1.563757E-004  4.706202E-001 -1.379759E-004 -1.000000E+000  7.359358E-005  4.706202E-001  0.000000E+000  8.823359E-001
  3.820000E-001  1.733077E-001  7.500135E-001  0.000000E+000 -8.798904E-001  1.580987E-004  4.751767E-001 -1.391095E-004 -1.000000E+000  7.512482E-005  4.751767E-001  0.000000E+000  8.798904E-001
  3.840000E-001  1.751271E-001  7.500138E-001  0.000000E+000 -8.774084E-001  1.598323E-004  4.797443E-001 -1.402382E-004 -1.000000E+000  7.667864E-005  4.797443E-001  0.000000E+000  8.774084E-001
  3.860000E-001  1.769561E-001  7.500141E-001  0.000000E+000 -8.748895E-001  1.615766E-004  4.843226E-001 -1.413616E-004 -1.000000E+000  7.825519E-005  4.843226E-001  0.000000E+000  8.748895E-001
  3.880000E-001  1.787945E-001  7.500144E-001  0.000000E+000 -8.723334E-001  1.633315E-004  4.889114E-001 -1.424795E-004 -1.000000E+000  7.985463E-005  4.889114E-001  0.000000E+000  8.723334E-001
  3.900000E-001  1.806424E-001  7.500147E-001  0.000000E+000 -8.697399E-001  1.650971E-004  4.935103E-001 -1.435916E-004 -1.000000E+000  8.147714E-005  4.935103E-001  0.000000E+000  8.697399E-001
  3.920000E-001  1.824999E-001  7.500150E-001  0.000000E+000 -8.671086E-001  1.668735E-004  4.981190E-001 -1.446974E-004 -1.000000E+000  8.312285E-005  4.981190E-001  0.000000E+000  8.671087E-001
  3.940000E-001  1.843668E-001  7.500153E-001  0.000000E+000 -8.644393E-001  1.686606E-004  5.027372E-001 -1.457968E-004 -1.000000E+000  8.479193E-005  5.027372E-001  0.000000E+000  8.644393E-001
  3.960000E-001  1.862432E-001  7.500156E-001  0.000000E+000 -8.617316E-001  1.704584E-004  5.073644E-001 -1.468894E-004 -1.000000E+000  8.648454E-005  5.073644E-001  0.000000E+000  8.617316E-001
  3.980000E-001  1.881292E-001  7.500159E-001  0.000000E+000 -8.589852E-001  1.722671E-004  5.120003E-001 -1.479749E-004 -1.000000E+000  8.820082E-005  5.120003E-001  0.000000E+000  8.589852E-001
