% FILE: wrong/Data.3
%
%       t         P_Na_Bo[1]     P_Na_Bo[2]     P_Na_Bo[3]      N_B[1,1]       N_B[1,2]       N_B[1,3]       N_B[2,1]       N_B[2,2]       N_B[2,3]       N_B[3,1]       N_B[3,2]       N_B[3,3]
%   (second)        (meter)        (meter)        (meter)       (NoUnits)      (NoUnits)      (NoUnits)      (NoUnits)      (NoUnits)      (NoUnits)      (NoUnits)      (NoUnits)      (NoUnits)

  0.000000E+000  8.660254E-001  1.500000E+000  0.000000E+000  0.000000E+000 -1.000000E+000  0.000000E+000  1.000000E+000  0.000000E+000  0.000000E+000  0.000000E+000  0.000000E+000  1.000000E+000
  2.000000E-002  8.664282E-001  1.499143E+000  0.000000E+000 -9.123032E-005 -1.000000E+000  0.000000E+000  1.000000E+000 -9.123032E-005  0.000000E+000  0.000000E+000  0.000000E+000  1.000000E+000
  4.000000E-002  8.676316E-001  1.496574E+000  0.000000E+000 -3.627529E-004 -9.999999E-001  0.000000E+000  9.999999E-001 -3.627529E-004  0.000000E+000  0.000000E+000  0.000000E+000  1.000000E+000
  6.000000E-002  8.696203E-001  1.492295E+000  0.000000E+000 -8.081216E-004 -9.999997E-001  0.000000E+000  9.999997E-001 -8.081216E-004  0.000000E+000  0.000000E+000  0.000000E+000  1.000000E+000
  8.000000E-002  8.723689E-001  1.486310E+000  0.000000E+000 -1.416786E-003 -9.999990E-001  0.000000E+000  9.999990E-001 -1.416786E-003  0.000000E+000  0.000000E+000  0.000000E+000  1.000000E+000
  1.000000E-001  8.758427E-001  1.478627E+000  0.000000E+000 -2.174372E-003 -9.999976E-001  0.000000E+000  9.999976E-001 -2.174372E-003  0.000000E+000  0.000000E+000  0.000000E+000  1.000000E+000
  1.200000E-001  8.799973E-001  1.469255E+000  0.000000E+000 -3.063050E-003 -9.999953E-001  0.000000E+000  9.999953E-001 -3.063050E-003  0.000000E+000  0.000000E+000  0.000000E+000  1.000000E+000
  1.400000E-001  8.847799E-001  1.458206E+000  0.000000E+000 -4.061977E-003 -9.999918E-001  0.000000E+000  9.999918E-001 -4.061977E-003  0.000000E+000  0.000000E+000  0.000000E+000  1.000000E+000
  1.600000E-001  8.901295E-001  1.445496E+000  0.000000E+000 -5.147789E-003 -9.999868E-001  0.000000E+000  9.999868E-001 -5.147789E-003  0.000000E+000  0.000000E+000  0.000000E+000  1.000000E+000
  1.800000E-001  8.959778E-001  1.431146E+000  0.000000E+000 -6.295125E-003 -9.999802E-001  0.000000E+000  9.999802E-001 -6.295125E-003  0.000000E+000  0.000000E+000  0.000000E+000  1.000000E+000
  2.000000E-001  9.022499E-001  1.415179E+000  0.000000E+000 -7.477154E-003 -9.999720E-001  0.000000E+000  9.999720E-001 -7.477154E-003  0.000000E+000  0.000000E+000  0.000000E+000  1.000000E+000
  2.200000E-001  9.088654E-001  1.397626E+000  0.000000E+000 -8.666098E-003 -9.999624E-001  0.000000E+000  9.999624E-001 -8.666098E-003  0.000000E+000  0.000000E+000  0.000000E+000  1.000000E+000
  2.400000E-001  9.157391E-001  1.378521E+000  0.000000E+000 -9.833727E-003 -9.999516E-001  0.000000E+000  9.999516E-001 -9.833727E-003  0.000000E+000  0.000000E+000  0.000000E+000  1.000000E+000
  2.600000E-001  9.227823E-001  1.357907E+000  0.000000E+000 -1.095182E-002 -9.999400E-001  0.000000E+000  9.999400E-001 -1.095182E-002  0.000000E+000  0.000000E+000  0.000000E+000  1.000000E+000
  2.800000E-001  9.299038E-001  1.335832E+000  0.000000E+000 -1.199257E-002 -9.999281E-001  0.000000E+000  9.999281E-001 -1.199257E-002  0.000000E+000  0.000000E+000  0.000000E+000  1.000000E+000
  3.000000E-001  9.370107E-001  1.312350E+000  0.000000E+000 -1.292896E-002 -9.999164E-001  0.000000E+000  9.999164E-001 -1.292896E-002  0.000000E+000  0.000000E+000  0.000000E+000  1.000000E+000
  3.200000E-001  9.440102E-001  1.287523E+000  0.000000E+000 -1.373510E-002 -9.999057E-001  0.000000E+000  9.999057E-001 -1.373510E-002  0.000000E+000  0.000000E+000  0.000000E+000  1.000000E+000
  3.400000E-001  9.508100E-001  1.261423E+000  0.000000E+000 -1.438646E-002 -9.998965E-001  0.000000E+000  9.998965E-001 -1.438646E-002  0.000000E+000  0.000000E+000  0.000000E+000  1.000000E+000
  3.600000E-001  9.573201E-001  1.234124E+000  0.000000E+000 -1.486010E-002 -9.998896E-001  0.000000E+000  9.998896E-001 -1.486010E-002  0.000000E+000  0.000000E+000  0.000000E+000  1.000000E+000
  3.800000E-001  9.634535E-001  1.205712E+000  0.000000E+000 -1.513492E-002 -9.998855E-001  0.000000E+000  9.998855E-001 -1.513492E-002  0.000000E+000  0.000000E+000  0.000000E+000  1.000000E+000
  4.000000E-001  9.691279E-001  1.176279E+000  0.000000E+000 -1.519175E-002 -9.998846E-001  0.000000E+000  9.998846E-001 -1.519175E-002  0.000000E+000  0.000000E+000  0.000000E+000  1.000000E+000
  4.200000E-001  9.742658E-001  1.145923E+000  0.000000E+000 -1.501351E-002 -9.998873E-001  0.000000E+000  9.998873E-001 -1.501351E-002  0.000000E+000  0.000000E+000  0.000000E+000  1.000000E+000
  4.400000E-001  9.787969E-001  1.114749E+000  0.000000E+000 -1.458534E-002 -9.998936E-001  0.000000E+000  9.998936E-001 -1.458534E-002  0.000000E+000  0.000000E+000  0.000000E+000  1.000000E+000
  4.600000E-001  9.826577E-001  1.082869E+000  0.000000E+000 -1.389471E-002 -9.999035E-001  0.000000E+000  9.999035E-001 -1.389471E-002  0.000000E+000  0.000000E+000  0.000000E+000  1.000000E+000
  4.800000E-001  9.857934E-001  1.050400E+000  0.000000E+000 -1.293148E-002 -9.999164E-001  0.000000E+000  9.999164E-001 -1.293148E-002  0.000000E+000  0.000000E+000  0.000000E+000  1.000000E+000
  5.000000E-001  9.881583E-001  1.017463E+000  0.000000E+000 -1.168803E-002 -9.999317E-001  0.000000E+000  9.999317E-001 -1.168803E-002  0.000000E+000  0.000000E+000  0.000000E+000  1.000000E+000
  5.200000E-001  9.897164E-001  9.841844E-001  0.000000E+000 -1.015933E-002 -9.999484E-001  0.000000E+000  9.999484E-001 -1.015933E-002  0.000000E+000  0.000000E+000  0.000000E+000  1.000000E+000
  5.400000E-001  9.904423E-001  9.506918E-001  0.000000E+000 -8.343072E-003 -9.999652E-001  0.000000E+000  9.999652E-001 -8.343072E-003  0.000000E+000  0.000000E+000  0.000000E+000  1.000000E+000
  5.600000E-001  9.903211E-001  9.171161E-001  0.000000E+000 -6.239729E-003 -9.999805E-001  0.000000E+000  9.999805E-001 -6.239729E-003  0.000000E+000  0.000000E+000  0.000000E+000  1.000000E+000
  5.800000E-001  9.893493E-001  8.835892E-001  0.000000E+000 -3.852677E-003 -9.999926E-001  0.000000E+000  9.999926E-001 -3.852677E-003  0.000000E+000  0.000000E+000  0.000000E+000  1.000000E+000
  6.000000E-001  9.875346E-001  8.502428E-001  0.000000E+000 -1.188287E-003 -9.999993E-001  0.000000E+000  9.999993E-001 -1.188287E-003  0.000000E+000  0.000000E+000  0.000000E+000  1.000000E+000
  6.200000E-001  9.848958E-001  8.172077E-001  0.000000E+000  1.743979E-003 -9.999985E-001  0.000000E+000  9.999985E-001  1.743979E-003  0.000000E+000  0.000000E+000  0.000000E+000  1.000000E+000
  6.400000E-001  9.814628E-001  7.846125E-001  0.000000E+000  4.931485E-003 -9.999878E-001  0.000000E+000  9.999878E-001  4.931485E-003  0.000000E+000  0.000000E+000  0.000000E+000  1.000000E+000
  6.600000E-001  9.772763E-001  7.525828E-001  0.000000E+000  8.358349E-003 -9.999651E-001  0.000000E+000  9.999651E-001  8.358349E-003  0.000000E+000  0.000000E+000  0.000000E+000  1.000000E+000
  6.800000E-001  9.723871E-001  7.212401E-001  0.000000E+000  1.200541E-002 -9.999279E-001  0.000000E+000  9.999279E-001  1.200541E-002  0.000000E+000  0.000000E+000  0.000000E+000  1.000000E+000
  7.000000E-001  9.668558E-001  6.907008E-001  0.000000E+000  1.585018E-002 -9.998744E-001  0.000000E+000  9.998744E-001  1.585018E-002  0.000000E+000  0.000000E+000  0.000000E+000  1.000000E+000
  7.200000E-001  9.607516E-001  6.610755E-001  0.000000E+000  1.986694E-002 -9.998026E-001  0.000000E+000  9.998026E-001  1.986694E-002  0.000000E+000  0.000000E+000  0.000000E+000  1.000000E+000
  7.400000E-001  9.541518E-001  6.324683E-001  0.000000E+000  2.402673E-002 -9.997113E-001  0.000000E+000  9.997113E-001  2.402673E-002  0.000000E+000  0.000000E+000  0.000000E+000  1.000000E+000
  7.600000E-001  9.471404E-001  6.049760E-001  0.000000E+000  2.829754E-002 -9.995995E-001  0.000000E+000  9.995995E-001  2.829754E-002  0.000000E+000  0.000000E+000  0.000000E+000  1.000000E+000
  7.800000E-001  9.398075E-001  5.786877E-001  0.000000E+000  3.264450E-002 -9.994670E-001  0.000000E+000  9.994670E-001  3.264450E-002  0.000000E+000  0.000000E+000  0.000000E+000  1.000000E+000
  8.000000E-001  9.322476E-001  5.536845E-001  0.000000E+000  3.703013E-002 -9.993141E-001  0.000000E+000  9.993141E-001  3.703013E-002  0.000000E+000  0.000000E+000  0.000000E+000  1.000000E+000
  8.200000E-001  9.245583E-001  5.300393E-001  0.000000E+000  4.141467E-002 -9.991420E-001  0.000000E+000  9.991420E-001  4.141467E-002  0.000000E+000  0.000000E+000  0.000000E+000  1.000000E+000
  8.400000E-001  9.168394E-001  5.078165E-001  0.000000E+000  4.575656E-002 -9.989526E-001  0.000000E+000  9.989526E-001  4.575656E-002  0.000000E+000  0.000000E+000  0.000000E+000  1.000000E+000
  8.600000E-001  9.091913E-001  4.870724E-001  0.000000E+000  5.001284E-002 -9.987486E-001  0.000000E+000  9.987486E-001  5.001284E-002  0.000000E+000  0.000000E+000  0.000000E+000  1.000000E+000
  8.800000E-001  9.017135E-001  4.678556E-001  0.000000E+000  5.413982E-002 -9.985334E-001  0.000000E+000  9.985334E-001  5.413982E-002  0.000000E+000  0.000000E+000  0.000000E+000  1.000000E+000
  9.000000E-001  8.945035E-001  4.502067E-001  0.000000E+000  5.809357E-002 -9.983111E-001  0.000000E+000  9.983111E-001  5.809357E-002  0.000000E+000  0.000000E+000  0.000000E+000  1.000000E+000
  9.200000E-001  8.876553E-001  4.341596E-001  0.000000E+000  6.183072E-002 -9.980867E-001  0.000000E+000  9.980867E-001  6.183072E-002  0.000000E+000  0.000000E+000  0.000000E+000  1.000000E+000
  9.400000E-001  8.812583E-001  4.197416E-001  0.000000E+000  6.530908E-002 -9.978651E-001  0.000000E+000  9.978651E-001  6.530908E-002  0.000000E+000  0.000000E+000  0.000000E+000  1.000000E+000
  9.600000E-001  8.753960E-001  4.069742E-001  0.000000E+000  6.848836E-002 -9.976519E-001  0.000000E+000  9.976519E-001  6.848836E-002  0.000000E+000  0.000000E+000  0.000000E+000  1.000000E+000
  9.800000E-001  8.701446E-001  3.958742E-001  0.000000E+000  7.133095E-002 -9.974527E-001  0.000000E+000  9.974527E-001  7.133095E-002  0.000000E+000  0.000000E+000  0.000000E+000  1.000000E+000
  1.000000E+000  8.655728E-001  3.864539E-001  0.000000E+000  7.380254E-002 -9.972729E-001  0.000000E+000  9.972729E-001  7.380254E-002  0.000000E+000  0.000000E+000  0.000000E+000  1.000000E+000
  1.020000E+000  8.617400E-001  3.787222E-001  0.000000E+000  7.587283E-002 -9.971175E-001  0.000000E+000  9.971175E-001  7.587283E-002  0.000000E+000  0.000000E+000  0.000000E+000  1.000000E+000
  1.040000E+000  8.586962E-001  3.726853E-001  0.000000E+000  7.751607E-002 -9.969911E-001  0.000000E+000  9.969911E-001  7.751607E-002  0.000000E+000  0.000000E+000  0.000000E+000  1.000000E+000
  1.060000E+000  8.564808E-001  3.683475E-001  0.000000E+000  7.871164E-002 -9.968974E-001  0.000000E+000  9.968974E-001  7.871164E-002  0.000000E+000  0.000000E+000  0.000000E+000  1.000000E+000
  1.080000E+000  8.551229E-001  3.657111E-001  0.000000E+000  7.944437E-002 -9.968393E-001  0.000000E+000  9.968393E-001  7.944437E-002  0.000000E+000  0.000000E+000  0.000000E+000  1.000000E+000
  1.100000E+000  8.546399E-001  3.647775E-001  0.000000E+000  7.970495E-002 -9.968185E-001  0.000000E+000  9.968185E-001  7.970495E-002  0.000000E+000  0.000000E+000  0.000000E+000  1.000000E+000
  1.120000E+000  8.550382E-001  3.655473E-001  0.000000E+000  7.949004E-002 -9.968357E-001  0.000000E+000  9.968357E-001  7.949004E-002  0.000000E+000  0.000000E+000  0.000000E+000  1.000000E+000
  1.140000E+000  8.563127E-001  3.680200E-001  0.000000E+000  7.880238E-002 -9.968903E-001  0.000000E+000  9.968903E-001  7.880238E-002  0.000000E+000  0.000000E+000  0.000000E+000  1.000000E+000
  1.160000E+000  8.584466E-001  3.721944E-001  0.000000E+000  7.765075E-002 -9.969806E-001  0.000000E+000  9.969806E-001  7.765075E-002  0.000000E+000  0.000000E+000  0.000000E+000  1.000000E+000
  1.180000E+000  8.614124E-001  3.780681E-001  0.000000E+000  7.604973E-002 -9.971040E-001  0.000000E+000  9.971040E-001  7.604973E-002  0.000000E+000  0.000000E+000  0.000000E+000  1.000000E+000
  1.200000E+000  8.651713E-001  3.856371E-001  0.000000E+000  7.401946E-002 -9.972568E-001  0.000000E+000  9.972568E-001  7.401946E-002  0.000000E+000  0.000000E+000  0.000000E+000  1.000000E+000
  1.220000E+000  8.696746E-001  3.948954E-001  0.000000E+000  7.158520E-002 -9.974345E-001  0.000000E+000  9.974345E-001  7.158520E-002  0.000000E+000  0.000000E+000  0.000000E+000  1.000000E+000
  1.240000E+000  8.748634E-001  4.058344E-001  0.000000E+000  6.877685E-002 -9.976321E-001  0.000000E+000  9.976321E-001  6.877685E-002  0.000000E+000  0.000000E+000  0.000000E+000  1.000000E+000
  1.260000E+000  8.806702E-001  4.184421E-001  0.000000E+000  6.562835E-002 -9.978441E-001  0.000000E+000  9.978441E-001  6.562835E-002  0.000000E+000  0.000000E+000  0.000000E+000  1.000000E+000
  1.280000E+000  8.870193E-001  4.327023E-001  0.000000E+000  6.217703E-002 -9.980651E-001  0.000000E+000  9.980651E-001  6.217703E-002  0.000000E+000  0.000000E+000  0.000000E+000  1.000000E+000
  1.300000E+000  8.938279E-001  4.485939E-001  0.000000E+000  5.846296E-002 -9.982896E-001  0.000000E+000  9.982896E-001  5.846296E-002  0.000000E+000  0.000000E+000  0.000000E+000  1.000000E+000
  1.320000E+000  9.010071E-001  4.660901E-001  0.000000E+000  5.452815E-002 -9.985122E-001  0.000000E+000  9.985122E-001  5.452815E-002  0.000000E+000  0.000000E+000  0.000000E+000  1.000000E+000
  1.340000E+000  9.084634E-001  4.851579E-001  0.000000E+000  5.041593E-002 -9.987283E-001  0.000000E+000  9.987283E-001  5.041593E-002  0.000000E+000  0.000000E+000  0.000000E+000  1.000000E+000
  1.360000E+000  9.160994E-001  5.057570E-001  0.000000E+000  4.617017E-002 -9.989336E-001  0.000000E+000  9.989336E-001  4.617017E-002  0.000000E+000  0.000000E+000  0.000000E+000  1.000000E+000
  1.380000E+000  9.238159E-001  5.278400E-001  0.000000E+000  4.183463E-002 -9.991245E-001  0.000000E+000  9.991245E-001  4.183463E-002  0.000000E+000  0.000000E+000  0.000000E+000  1.000000E+000
  1.400000E+000  9.315124E-001  5.513512E-001  0.000000E+000  3.745235E-002 -9.992984E-001  0.000000E+000  9.992984E-001  3.745235E-002  0.000000E+000  0.000000E+000  0.000000E+000  1.000000E+000
  1.420000E+000  9.390891E-001  5.762269E-001  0.000000E+000  3.306507E-002 -9.994532E-001  0.000000E+000  9.994532E-001  3.306507E-002  0.000000E+000  0.000000E+000  0.000000E+000  1.000000E+000
  1.440000E+000  9.464480E-001  6.023950E-001  0.000000E+000  2.871273E-002 -9.995877E-001  0.000000E+000  9.995877E-001  2.871273E-002  0.000000E+000  0.000000E+000  0.000000E+000  1.000000E+000
  1.460000E+000  9.534942E-001  6.297753E-001  0.000000E+000  2.443304E-002 -9.997015E-001  0.000000E+000  9.997015E-001  2.443304E-002  0.000000E+000  0.000000E+000  0.000000E+000  1.000000E+000
  1.480000E+000  9.601373E-001  6.582794E-001  0.000000E+000  2.026113E-002 -9.997947E-001  0.000000E+000  9.997947E-001  2.026113E-002  0.000000E+000  0.000000E+000  0.000000E+000  1.000000E+000
  1.500000E+000  9.662927E-001  6.878112E-001  0.000000E+000  1.622932E-002 -9.998683E-001  0.000000E+000  9.998683E-001  1.622932E-002  0.000000E+000  0.000000E+000  0.000000E+000  1.000000E+000
  1.520000E+000  9.718822E-001  7.182673E-001  0.000000E+000  1.236684E-002 -9.999235E-001  0.000000E+000  9.999235E-001  1.236684E-002  0.000000E+000  0.000000E+000  0.000000E+000  1.000000E+000
  1.540000E+000  9.768359E-001  7.495378E-001  0.000000E+000  8.699743E-003 -9.999622E-001  0.000000E+000  9.999622E-001  8.699743E-003  0.000000E+000  0.000000E+000  0.000000E+000  1.000000E+000
  1.560000E+000  9.810923E-001  7.815066E-001  0.000000E+000  5.250824E-003 -9.999862E-001  0.000000E+000  9.999862E-001  5.250824E-003  0.000000E+000  0.000000E+000  0.000000E+000  1.000000E+000
  1.580000E+000  9.845997E-001  8.140528E-001  0.000000E+000  2.039565E-003 -9.999979E-001  0.000000E+000  9.999979E-001  2.039565E-003  0.000000E+000  0.000000E+000  0.000000E+000  1.000000E+000
  1.600000E+000  9.873163E-001  8.470512E-001  0.000000E+000 -9.178406E-004 -9.999996E-001  0.000000E+000  9.999996E-001 -9.178406E-004  0.000000E+000  0.000000E+000  0.000000E+000  1.000000E+000
  1.620000E+000  9.892113E-001  8.803733E-001  0.000000E+000 -3.608445E-003 -9.999935E-001  0.000000E+000  9.999935E-001 -3.608445E-003  0.000000E+000  0.000000E+000  0.000000E+000  1.000000E+000
  1.640000E+000  9.902646E-001  9.138886E-001  0.000000E+000 -6.022486E-003 -9.999819E-001  0.000000E+000  9.999819E-001 -6.022486E-003  0.000000E+000  0.000000E+000  0.000000E+000  1.000000E+000
  1.660000E+000  9.904675E-001  9.474653E-001  0.000000E+000 -8.153298E-003 -9.999668E-001  0.000000E+000  9.999668E-001 -8.153298E-003  0.000000E+000  0.000000E+000  0.000000E+000  1.000000E+000
  1.680000E+000  9.898227E-001  9.809717E-001  0.000000E+000 -9.997223E-003 -9.999500E-001  0.000000E+000  9.999500E-001 -9.997223E-003  0.000000E+000  0.000000E+000  0.000000E+000  1.000000E+000
  1.700000E+000  9.883436E-001  1.014277E+000  0.000000E+000 -1.155351E-002 -9.999333E-001  0.000000E+000  9.999333E-001 -1.155351E-002  0.000000E+000  0.000000E+000  0.000000E+000  1.000000E+000
  1.720000E+000  9.860549E-001  1.047252E+000  0.000000E+000 -1.282421E-002 -9.999178E-001  0.000000E+000  9.999178E-001 -1.282421E-002  0.000000E+000  0.000000E+000  0.000000E+000  1.000000E+000
  1.740000E+000  9.829914E-001  1.079772E+000  0.000000E+000 -1.381409E-002 -9.999046E-001  0.000000E+000  9.999046E-001 -1.381409E-002  0.000000E+000  0.000000E+000  0.000000E+000  1.000000E+000
  1.760000E+000  9.791981E-001  1.111713E+000  0.000000E+000 -1.453053E-002 -9.998944E-001  0.000000E+000  9.998944E-001 -1.453053E-002  0.000000E+000  0.000000E+000  0.000000E+000  1.000000E+000
  1.780000E+000  9.747289E-001  1.142960E+000  0.000000E+000 -1.498342E-002 -9.998877E-001  0.000000E+000  9.998877E-001 -1.498342E-002  0.000000E+000  0.000000E+000  0.000000E+000  1.000000E+000
  1.800000E+000  9.696463E-001  1.173399E+000  0.000000E+000 -1.518508E-002 -9.998847E-001  0.000000E+000  9.998847E-001 -1.518508E-002  0.000000E+000  0.000000E+000  0.000000E+000  1.000000E+000
  1.820000E+000  9.640203E-001  1.202925E+000  0.000000E+000 -1.515014E-002 -9.998852E-001  0.000000E+000  9.998852E-001 -1.515014E-002  0.000000E+000  0.000000E+000  0.000000E+000  1.000000E+000
  1.840000E+000  9.579274E-001  1.231439E+000  0.000000E+000 -1.489548E-002 -9.998891E-001  0.000000E+000  9.998891E-001 -1.489548E-002  0.000000E+000  0.000000E+000  0.000000E+000  1.000000E+000
  1.860000E+000  9.514499E-001  1.258849E+000  0.000000E+000 -1.444006E-002 -9.998957E-001  0.000000E+000  9.998957E-001 -1.444006E-002  0.000000E+000  0.000000E+000  0.000000E+000  1.000000E+000
  1.880000E+000  9.446740E-001  1.285068E+000  0.000000E+000 -1.380483E-002 -9.999047E-001  0.000000E+000  9.999047E-001 -1.380483E-002  0.000000E+000  0.000000E+000  0.000000E+000  1.000000E+000
  1.900000E+000  9.376898E-001  1.310020E+000  0.000000E+000 -1.301253E-002 -9.999153E-001  0.000000E+000  9.999153E-001 -1.301253E-002  0.000000E+000  0.000000E+000  0.000000E+000  1.000000E+000
  1.920000E+000  9.305892E-001  1.333634E+000  0.000000E+000 -1.208755E-002 -9.999269E-001  0.000000E+000  9.999269E-001 -1.208755E-002  0.000000E+000  0.000000E+000  0.000000E+000  1.000000E+000
  1.940000E+000  9.234651E-001  1.355848E+000  0.000000E+000 -1.105567E-002 -9.999389E-001  0.000000E+000  9.999389E-001 -1.105567E-002  0.000000E+000  0.000000E+000  0.000000E+000  1.000000E+000
  1.960000E+000  9.164103E-001  1.376604E+000  0.000000E+000 -9.943819E-003 -9.999506E-001  0.000000E+000  9.999506E-001 -9.943819E-003  0.000000E+000  0.000000E+000  0.000000E+000  1.000000E+000
  1.980000E+000  9.095164E-001  1.395856E+000  0.000000E+000 -8.779730E-003 -9.999615E-001  0.000000E+000  9.999615E-001 -8.779730E-003  0.000000E+000  0.000000E+000  0.000000E+000  1.000000E+000
  2.000000E+000  9.028723E-001  1.413560E+000  0.000000E+000 -7.591606E-003 -9.999712E-001  0.000000E+000  9.999712E-001 -7.591606E-003  0.000000E+000  0.000000E+000  0.000000E+000  1.000000E+000
  2.020000E+000  8.965636E-001  1.429680E+000  0.000000E+000 -6.407694E-003 -9.999795E-001  0.000000E+000  9.999795E-001 -6.407694E-003  0.000000E+000  0.000000E+000  0.000000E+000  1.000000E+000
  2.040000E+000  8.906712E-001  1.444187E+000  0.000000E+000 -5.255838E-003 -9.999862E-001  0.000000E+000  9.999862E-001 -5.255838E-003  0.000000E+000  0.000000E+000  0.000000E+000  1.000000E+000
  2.060000E+000  8.852706E-001  1.457056E+000  0.000000E+000 -4.162981E-003 -9.999913E-001  0.000000E+000  9.999913E-001 -4.162981E-003  0.000000E+000  0.000000E+000  0.000000E+000  1.000000E+000
  2.080000E+000  8.804307E-001  1.468265E+000  0.000000E+000 -3.154651E-003 -9.999950E-001  0.000000E+000  9.999950E-001 -3.154651E-003  0.000000E+000  0.000000E+000  0.000000E+000  1.000000E+000
  2.100000E+000  8.762133E-001  1.477799E+000  0.000000E+000 -2.254424E-003 -9.999975E-001  0.000000E+000  9.999975E-001 -2.254424E-003  0.000000E+000  0.000000E+000  0.000000E+000  1.000000E+000
  2.120000E+000  8.726720E-001  1.485645E+000  0.000000E+000 -1.483409E-003 -9.999989E-001  0.000000E+000  9.999989E-001 -1.483409E-003  0.000000E+000  0.000000E+000  0.000000E+000  1.000000E+000
  2.140000E+000  8.698520E-001  1.491793E+000  0.000000E+000 -8.597444E-004 -9.999996E-001  0.000000E+000  9.999996E-001 -8.597444E-004  0.000000E+000  0.000000E+000  0.000000E+000  1.000000E+000
  2.160000E+000  8.677890E-001  1.496237E+000  0.000000E+000 -3.981549E-004 -9.999999E-001  0.000000E+000  9.999999E-001 -3.981549E-004  0.000000E+000  0.000000E+000  0.000000E+000  1.000000E+000
  2.180000E+000  8.665093E-001  1.498971E+000  0.000000E+000 -1.095718E-004 -1.000000E+000  0.000000E+000  1.000000E+000 -1.095718E-004  0.000000E+000  0.000000E+000  0.000000E+000  1.000000E+000
  2.200000E+000  8.660291E-001  1.499992E+000  0.000000E+000 -8.452366E-007 -1.000000E+000  0.000000E+000  1.000000E+000 -8.452366E-007  0.000000E+000  0.000000E+000  0.000000E+000  1.000000E+000
  2.220000E+000  8.663546E-001  1.499300E+000  0.000000E+000 -7.455919E-005 -1.000000E+000  0.000000E+000  1.000000E+000 -7.455919E-005  0.000000E+000  0.000000E+000  0.000000E+000  1.000000E+000
  2.240000E+000  8.674815E-001  1.496895E+000  0.000000E+000 -3.289615E-004 -9.999999E-001  0.000000E+000  9.999999E-001 -3.289615E-004  0.000000E+000  0.000000E+000  0.000000E+000  1.000000E+000
  2.260000E+000  8.693956E-001  1.492780E+000  0.000000E+000 -7.580116E-004 -9.999997E-001  0.000000E+000  9.999997E-001 -7.580116E-004  0.000000E+000  0.000000E+000  0.000000E+000  1.000000E+000
  2.280000E+000  8.720726E-001  1.486959E+000  0.000000E+000 -1.351543E-003 -9.999991E-001  0.000000E+000  9.999991E-001 -1.351543E-003  0.000000E+000  0.000000E+000  0.000000E+000  1.000000E+000
  2.300000E+000  8.754784E-001  1.479439E+000  0.000000E+000 -2.095535E-003 -9.999978E-001  0.000000E+000  9.999978E-001 -2.095535E-003  0.000000E+000  0.000000E+000  0.000000E+000  1.000000E+000
  2.320000E+000  8.795697E-001  1.470229E+000  0.000000E+000 -2.972471E-003 -9.999956E-001  0.000000E+000  9.999956E-001 -2.972471E-003  0.000000E+000  0.000000E+000  0.000000E+000  1.000000E+000
  2.340000E+000  8.842944E-001  1.459340E+000  0.000000E+000 -3.961777E-003 -9.999922E-001  0.000000E+000  9.999922E-001 -3.961777E-003  0.000000E+000  0.000000E+000  0.000000E+000  1.000000E+000
  2.360000E+000  8.895924E-001  1.446790E+000  0.000000E+000 -5.040311E-003 -9.999873E-001  0.000000E+000  9.999873E-001 -5.040311E-003  0.000000E+000  0.000000E+000  0.000000E+000  1.000000E+000
  2.380000E+000  8.953959E-001  1.432596E+000  0.000000E+000 -6.182878E-003 -9.999809E-001  0.000000E+000  9.999809E-001 -6.182878E-003  0.000000E+000  0.000000E+000  0.000000E+000  1.000000E+000
  2.400000E+000  9.016307E-001  1.416783E+000  0.000000E+000 -7.362767E-003 -9.999729E-001  0.000000E+000  9.999729E-001 -7.362767E-003  0.000000E+000  0.000000E+000  0.000000E+000  1.000000E+000
  2.420000E+000  9.082168E-001  1.399381E+000  0.000000E+000 -8.552270E-003 -9.999634E-001  0.000000E+000  9.999634E-001 -8.552270E-003  0.000000E+000  0.000000E+000  0.000000E+000  1.000000E+000
  2.440000E+000  9.150695E-001  1.380424E+000  0.000000E+000 -9.723177E-003 -9.999527E-001  0.000000E+000  9.999527E-001 -9.723177E-003  0.000000E+000  0.000000E+000  0.000000E+000  1.000000E+000
  2.460000E+000  9.221003E-001  1.359953E+000  0.000000E+000 -1.084725E-002 -9.999412E-001  0.000000E+000  9.999412E-001 -1.084725E-002  0.000000E+000  0.000000E+000  0.000000E+000  1.000000E+000
  2.480000E+000  9.292183E-001  1.338016E+000  0.000000E+000 -1.189662E-002 -9.999292E-001  0.000000E+000  9.999292E-001 -1.189662E-002  0.000000E+000  0.000000E+000  0.000000E+000  1.000000E+000
  2.500000E+000  9.363307E-001  1.314667E+000  0.000000E+000 -1.284420E-002 -9.999175E-001  0.000000E+000  9.999175E-001 -1.284420E-002  0.000000E+000  0.000000E+000  0.000000E+000  1.000000E+000
  2.520000E+000  9.433445E-001  1.289967E+000  0.000000E+000 -1.366395E-002 -9.999066E-001  0.000000E+000  9.999066E-001 -1.366395E-002  0.000000E+000  0.000000E+000  0.000000E+000  1.000000E+000
  2.540000E+000  9.501674E-001  1.263985E+000  0.000000E+000 -1.433121E-002 -9.998973E-001  0.000000E+000  9.998973E-001 -1.433121E-002  0.000000E+000  0.000000E+000  0.000000E+000  1.000000E+000
  2.560000E+000  9.567092E-001  1.236798E+000  0.000000E+000 -1.482289E-002 -9.998901E-001  0.000000E+000  9.998901E-001 -1.482289E-002  0.000000E+000  0.000000E+000  0.000000E+000  1.000000E+000
  2.580000E+000  9.628825E-001  1.208490E+000  0.000000E+000 -1.511768E-002 -9.998857E-001  0.000000E+000  9.998857E-001 -1.511768E-002  0.000000E+000  0.000000E+000  0.000000E+000  1.000000E+000
  2.600000E+000  9.686044E-001  1.179150E+000  0.000000E+000 -1.519624E-002 -9.998845E-001  0.000000E+000  9.998845E-001 -1.519624E-002  0.000000E+000  0.000000E+000  0.000000E+000  1.000000E+000
  2.620000E+000  9.737972E-001  1.148878E+000  0.000000E+000 -1.504128E-002 -9.998869E-001  0.000000E+000  9.998869E-001 -1.504128E-002  0.000000E+000  0.000000E+000  0.000000E+000  1.000000E+000
  2.640000E+000  9.783894E-001  1.117779E+000  0.000000E+000 -1.463773E-002 -9.998929E-001  0.000000E+000  9.998929E-001 -1.463773E-002  0.000000E+000  0.000000E+000  0.000000E+000  1.000000E+000
  2.660000E+000  9.823172E-001  1.085962E+000  0.000000E+000 -1.397281E-002 -9.999024E-001  0.000000E+000  9.999024E-001 -1.397281E-002  0.000000E+000  0.000000E+000  0.000000E+000  1.000000E+000
  2.680000E+000  9.855248E-001  1.053544E+000  0.000000E+000 -1.303616E-002 -9.999150E-001  0.000000E+000  9.999150E-001 -1.303616E-002  0.000000E+000  0.000000E+000  0.000000E+000  1.000000E+000
  2.700000E+000  9.879655E-001  1.020647E+000  0.000000E+000 -1.181991E-002 -9.999301E-001  0.000000E+000  9.999301E-001 -1.181991E-002  0.000000E+000  0.000000E+000  0.000000E+000  1.000000E+000
  2.720000E+000  9.896024E-001  9.873952E-001  0.000000E+000 -1.031878E-002 -9.999468E-001  0.000000E+000  9.999468E-001 -1.031878E-002  0.000000E+000  0.000000E+000  0.000000E+000  1.000000E+000
  2.740000E+000  9.904091E-001  9.539174E-001  0.000000E+000 -8.530190E-003 -9.999636E-001  0.000000E+000  9.999636E-001 -8.530190E-003  0.000000E+000  0.000000E+000  0.000000E+000  1.000000E+000
  2.760000E+000  9.903697E-001  9.203440E-001  0.000000E+000 -6.454348E-003 -9.999792E-001  0.000000E+000  9.999792E-001 -6.454348E-003  0.000000E+000  0.000000E+000  0.000000E+000  1.000000E+000
  2.780000E+000  9.894796E-001  8.868067E-001  0.000000E+000 -4.094344E-003 -9.999916E-001  0.000000E+000  9.999916E-001 -4.094344E-003  0.000000E+000  0.000000E+000  0.000000E+000  1.000000E+000
  2.800000E+000  9.877453E-001  8.534372E-001  0.000000E+000 -1.456255E-003 -9.999989E-001  0.000000E+000  9.999989E-001 -1.456255E-003  0.000000E+000  0.000000E+000  0.000000E+000  1.000000E+000
  2.820000E+000  9.851846E-001  8.203666E-001  0.000000E+000  1.450756E-003 -9.999989E-001  0.000000E+000  9.999989E-001  1.450756E-003  0.000000E+000  0.000000E+000  0.000000E+000  1.000000E+000
  2.840000E+000  9.818263E-001  7.877236E-001  0.000000E+000  4.614360E-003 -9.999894E-001  0.000000E+000  9.999894E-001  4.614360E-003  0.000000E+000  0.000000E+000  0.000000E+000  1.000000E+000
  2.860000E+000  9.777102E-001  7.556342E-001  0.000000E+000  8.018993E-003 -9.999678E-001  0.000000E+000  9.999678E-001  8.018993E-003  0.000000E+000  0.000000E+000  0.000000E+000  1.000000E+000
  2.880000E+000  9.728861E-001  7.242203E-001  0.000000E+000  1.164580E-002 -9.999322E-001  0.000000E+000  9.999322E-001  1.164580E-002  0.000000E+000  0.000000E+000  0.000000E+000  1.000000E+000
  2.900000E+000  9.674136E-001  6.935988E-001  0.000000E+000  1.547264E-002 -9.998803E-001  0.000000E+000  9.998803E-001  1.547264E-002  0.000000E+000  0.000000E+000  0.000000E+000  1.000000E+000
  2.920000E+000  9.613613E-001  6.638811E-001  0.000000E+000  1.947407E-002 -9.998104E-001  0.000000E+000  9.998104E-001  1.947407E-002  0.000000E+000  0.000000E+000  0.000000E+000  1.000000E+000
  2.940000E+000  9.548055E-001  6.351717E-001  0.000000E+000  2.362145E-002 -9.997210E-001  0.000000E+000  9.997210E-001  2.362145E-002  0.000000E+000  0.000000E+000  0.000000E+000  1.000000E+000
  2.960000E+000  9.478300E-001  6.075682E-001  0.000000E+000  2.788306E-002 -9.996112E-001  0.000000E+000  9.996112E-001  2.788306E-002  0.000000E+000  0.000000E+000  0.000000E+000  1.000000E+000
  2.980000E+000  9.405239E-001  5.811605E-001  0.000000E+000  3.222429E-002 -9.994807E-001  0.000000E+000  9.994807E-001  3.222429E-002  0.000000E+000  0.000000E+000  0.000000E+000  1.000000E+000
  3.000000E+000  9.329816E-001  5.560304E-001  0.000000E+000  3.660789E-002 -9.993297E-001  0.000000E+000  9.993297E-001  3.660789E-002  0.000000E+000  0.000000E+000  0.000000E+000  1.000000E+000
  3.020000E+000  9.253004E-001  5.322517E-001  0.000000E+000  4.099432E-002 -9.991594E-001  0.000000E+000  9.991594E-001  4.099432E-002  0.000000E+000  0.000000E+000  0.000000E+000  1.000000E+000
  3.040000E+000  9.175800E-001  5.098896E-001  0.000000E+000  4.534216E-002 -9.989715E-001  0.000000E+000  9.989715E-001  4.534216E-002  0.000000E+000  0.000000E+000  0.000000E+000  1.000000E+000
  3.060000E+000  9.099207E-001  4.890011E-001  0.000000E+000  4.960857E-002 -9.987687E-001  0.000000E+000  9.987687E-001  4.960857E-002  0.000000E+000  0.000000E+000  0.000000E+000  1.000000E+000
  3.080000E+000  9.024223E-001  4.696356E-001  0.000000E+000  5.374988E-002 -9.985544E-001  0.000000E+000  9.985544E-001  5.374988E-002  0.000000E+000  0.000000E+000  0.000000E+000  1.000000E+000
  3.100000E+000  8.951824E-001  4.518344E-001  0.000000E+000  5.772219E-002 -9.983327E-001  0.000000E+000  9.983327E-001  5.772219E-002  0.000000E+000  0.000000E+000  0.000000E+000  1.000000E+000
  3.120000E+000  8.882955E-001  4.356320E-001  0.000000E+000  6.148202E-002 -9.981082E-001  0.000000E+000  9.981082E-001  6.148202E-002  0.000000E+000  0.000000E+000  0.000000E+000  1.000000E+000
  3.140000E+000  8.818514E-001  4.210563E-001  0.000000E+000  6.498704E-002 -9.978861E-001  0.000000E+000  9.978861E-001  6.498704E-002  0.000000E+000  0.000000E+000  0.000000E+000  1.000000E+000
  3.160000E+000  8.759342E-001  4.081295E-001  0.000000E+000  6.819676E-002 -9.976719E-001  0.000000E+000  9.976719E-001  6.819676E-002  0.000000E+000  0.000000E+000  0.000000E+000  1.000000E+000
  3.180000E+000  8.706210E-001  3.968685E-001  0.000000E+000  7.107326E-002 -9.974711E-001  0.000000E+000  9.974711E-001  7.107326E-002  0.000000E+000  0.000000E+000  0.000000E+000  1.000000E+000
  3.200000E+000  8.659811E-001  3.872863E-001  0.000000E+000  7.358191E-002 -9.972892E-001  0.000000E+000  9.972892E-001  7.358191E-002  0.000000E+000  0.000000E+000  0.000000E+000  1.000000E+000
  3.220000E+000  8.620749E-001  3.793919E-001  0.000000E+000  7.569197E-002 -9.971312E-001  0.000000E+000  9.971312E-001  7.569197E-002  0.000000E+000  0.000000E+000  0.000000E+000  1.000000E+000
  3.240000E+000  8.589533E-001  3.731920E-001  0.000000E+000  7.737726E-002 -9.970019E-001  0.000000E+000  9.970019E-001  7.737726E-002  0.000000E+000  0.000000E+000  0.000000E+000  1.000000E+000
  3.260000E+000  8.566569E-001  3.686906E-001  0.000000E+000  7.861661E-002 -9.969049E-001  0.000000E+000  9.969049E-001  7.861661E-002  0.000000E+000  0.000000E+000  0.000000E+000  1.000000E+000
  3.280000E+000  8.552156E-001  3.658906E-001  0.000000E+000  7.939434E-002 -9.968433E-001  0.000000E+000  9.968433E-001  7.939434E-002  0.000000E+000  0.000000E+000  0.000000E+000  1.000000E+000
  3.300000E+000  8.546481E-001  3.647933E-001  0.000000E+000  7.970055E-002 -9.968189E-001  0.000000E+000  9.968189E-001  7.970055E-002  0.000000E+000  0.000000E+000  0.000000E+000  1.000000E+000
  3.320000E+000  8.549617E-001  3.653993E-001  0.000000E+000  7.953133E-002 -9.968324E-001  0.000000E+000  9.968324E-001  7.953133E-002  0.000000E+000  0.000000E+000  0.000000E+000  1.000000E+000
  3.340000E+000  8.561525E-001  3.677083E-001  0.000000E+000  7.888884E-002 -9.968834E-001  0.000000E+000  9.968834E-001  7.888884E-002  0.000000E+000  0.000000E+000  0.000000E+000  1.000000E+000
  3.360000E+000  8.582048E-001  3.717192E-001  0.000000E+000  7.778127E-002 -9.969704E-001  0.000000E+000  9.969704E-001  7.778127E-002  0.000000E+000  0.000000E+000  0.000000E+000  1.000000E+000
  3.380000E+000  8.610921E-001  3.774296E-001  0.000000E+000  7.622266E-002 -9.970908E-001  0.000000E+000  9.970908E-001  7.622266E-002  0.000000E+000  0.000000E+000  0.000000E+000  1.000000E+000
  3.400000E+000  8.647768E-001  3.848359E-001  0.000000E+000  7.423264E-002 -9.972410E-001  0.000000E+000  9.972410E-001  7.423264E-002  0.000000E+000  0.000000E+000  0.000000E+000  1.000000E+000
  3.420000E+000  8.692108E-001  3.939321E-001  0.000000E+000  7.183599E-002 -9.974165E-001  0.000000E+000  9.974165E-001  7.183599E-002  0.000000E+000  0.000000E+000  0.000000E+000  1.000000E+000
  3.440000E+000  8.743366E-001  4.047100E-001  0.000000E+000  6.906219E-002 -9.976124E-001  0.000000E+000  9.976124E-001  6.906219E-002  0.000000E+000  0.000000E+000  0.000000E+000  1.000000E+000
  3.460000E+000  8.800871E-001  4.171579E-001  0.000000E+000  6.594482E-002 -9.978233E-001  0.000000E+000  9.978233E-001  6.594482E-002  0.000000E+000  0.000000E+000  0.000000E+000  1.000000E+000
  3.480000E+000  8.863876E-001  4.312600E-001  0.000000E+000  6.252091E-002 -9.980437E-001  0.000000E+000  9.980437E-001  6.252091E-002  0.000000E+000  0.000000E+000  0.000000E+000  1.000000E+000
  3.500000E+000  8.931558E-001  4.469959E-001  0.000000E+000  5.883030E-002 -9.982680E-001  0.000000E+000  9.982680E-001  5.883030E-002  0.000000E+000  0.000000E+000  0.000000E+000  1.000000E+000
  3.520000E+000  9.003034E-001  4.643392E-001  0.000000E+000  5.491485E-002 -9.984910E-001  0.000000E+000  9.984910E-001  5.491485E-002  0.000000E+000  0.000000E+000  0.000000E+000  1.000000E+000
  3.540000E+000  9.077371E-001  4.832575E-001  0.000000E+000  5.081778E-002 -9.987079E-001  0.000000E+000  9.987079E-001  5.081778E-002  0.000000E+000  0.000000E+000  0.000000E+000  1.000000E+000
  3.560000E+000  9.153602E-001  5.037114E-001  0.000000E+000  4.658295E-002 -9.989144E-001  0.000000E+000  9.989144E-001  4.658295E-002  0.000000E+000  0.000000E+000  0.000000E+000  1.000000E+000
  3.580000E+000  9.230733E-001  5.256539E-001  0.000000E+000  4.225415E-002 -9.991069E-001  0.000000E+000  9.991069E-001  4.225415E-002  0.000000E+000  0.000000E+000  0.000000E+000  1.000000E+000
  3.600000E+000  9.307760E-001  5.490305E-001  0.000000E+000  3.787453E-002 -9.992825E-001  0.000000E+000  9.992825E-001  3.787453E-002  0.000000E+000  0.000000E+000  0.000000E+000  1.000000E+000
  3.620000E+000  9.383686E-001  5.737779E-001  0.000000E+000  3.348597E-002 -9.994392E-001  0.000000E+000  9.994392E-001  3.348597E-002  0.000000E+000  0.000000E+000  0.000000E+000  1.000000E+000
  3.640000E+000  9.457526E-001  5.998252E-001  0.000000E+000  2.912859E-002 -9.995757E-001  0.000000E+000  9.995757E-001  2.912859E-002  0.000000E+000  0.000000E+000  0.000000E+000  1.000000E+000
  3.660000E+000  9.528329E-001  6.270927E-001  0.000000E+000  2.484034E-002 -9.996914E-001  0.000000E+000  9.996914E-001  2.484034E-002  0.000000E+000  0.000000E+000  0.000000E+000  1.000000E+000
  3.680000E+000  9.595186E-001  6.554928E-001  0.000000E+000  2.065662E-002 -9.997866E-001  0.000000E+000  9.997866E-001  2.065662E-002  0.000000E+000  0.000000E+000  0.000000E+000  1.000000E+000
  3.700000E+000  9.657243E-001  6.849301E-001  0.000000E+000  1.661002E-002 -9.998620E-001  0.000000E+000  9.998620E-001  1.661002E-002  0.000000E+000  0.000000E+000  0.000000E+000  1.000000E+000
  3.720000E+000  9.713714E-001  7.153021E-001  0.000000E+000  1.273008E-002 -9.999190E-001  0.000000E+000  9.999190E-001  1.273008E-002  0.000000E+000  0.000000E+000  0.000000E+000  1.000000E+000
  3.740000E+000  9.763890E-001  7.464992E-001  0.000000E+000  9.043156E-003 -9.999591E-001  0.000000E+000  9.999591E-001  9.043156E-003  0.000000E+000  0.000000E+000  0.000000E+000  1.000000E+000
  3.760000E+000  9.807149E-001  7.784061E-001  0.000000E+000  5.572362E-003 -9.999845E-001  0.000000E+000  9.999845E-001  5.572362E-003  0.000000E+000  0.000000E+000  0.000000E+000  1.000000E+000
  3.780000E+000  9.842963E-001  8.109022E-001  0.000000E+000  2.337498E-003 -9.999973E-001  0.000000E+000  9.999973E-001  2.337498E-003  0.000000E+000  0.000000E+000  0.000000E+000  1.000000E+000
  3.800000E+000  9.870905E-001  8.438626E-001  0.000000E+000 -6.449260E-004 -9.999998E-001  0.000000E+000  9.999998E-001 -6.449260E-004  0.000000E+000  0.000000E+000  0.000000E+000  1.000000E+000
  3.820000E+000  9.890654E-001  8.771592E-001  0.000000E+000 -3.361655E-003 -9.999943E-001  0.000000E+000  9.999943E-001 -3.361655E-003  0.000000E+000  0.000000E+000  0.000000E+000  1.000000E+000
  3.840000E+000  9.902002E-001  9.106617E-001  0.000000E+000 -5.802623E-003 -9.999832E-001  0.000000E+000  9.999832E-001 -5.802623E-003  0.000000E+000  0.000000E+000  0.000000E+000  1.000000E+000
  3.860000E+000  9.904850E-001  9.442382E-001  0.000000E+000 -7.960871E-003 -9.999683E-001  0.000000E+000  9.999683E-001 -7.960871E-003  0.000000E+000  0.000000E+000  0.000000E+000  1.000000E+000
  3.880000E+000  9.899212E-001  9.777570E-001  0.000000E+000 -9.832455E-003 -9.999517E-001  0.000000E+000  9.999517E-001 -9.832455E-003  0.000000E+000  0.000000E+000  0.000000E+000  1.000000E+000
  3.900000E+000  9.885215E-001  1.011087E+000  0.000000E+000 -1.141635E-002 -9.999348E-001  0.000000E+000  9.999348E-001 -1.141635E-002  0.000000E+000  0.000000E+000  0.000000E+000  1.000000E+000
  3.920000E+000  9.863092E-001  1.044100E+000  0.000000E+000 -1.271434E-002 -9.999192E-001  0.000000E+000  9.999192E-001 -1.271434E-002  0.000000E+000  0.000000E+000  0.000000E+000  1.000000E+000
  3.940000E+000  9.833185E-001  1.076668E+000  0.000000E+000 -1.373094E-002 -9.999057E-001  0.000000E+000  9.999057E-001 -1.373094E-002  0.000000E+000  0.000000E+000  0.000000E+000  1.000000E+000
  3.960000E+000  9.795931E-001  1.108671E+000  0.000000E+000 -1.447328E-002 -9.998953E-001  0.000000E+000  9.998953E-001 -1.447328E-002  0.000000E+000  0.000000E+000  0.000000E+000  1.000000E+000
  3.980000E+000  9.751863E-001  1.139989E+000  0.000000E+000 -1.495101E-002 -9.998882E-001  0.000000E+000  9.998882E-001 -1.495101E-002  0.000000E+000  0.000000E+000  0.000000E+000  1.000000E+000
