% FILE: wrong/Data.2
%
%       t         P_Na_Ao[1]     P_Na_Ao[2]     P_Na_Ao[3]      N_A[1,1]       N_A[1,2]       N_A[1,3]       N_A[2,1]       N_A[2,2]       N_A[2,3]       N_A[3,1]       N_A[3,2]       N_A[3,3]
%   (second)        (meter)        (meter)        (meter)       (NoUnits)      (NoUnits)      (NoUnits)      (NoUnits)      (NoUnits)      (NoUnits)      (NoUnits)      (NoUnits)      (NoUnits)

  0.000000E+000  4.330127E-001  2.500000E-001  0.000000E+000  8.660254E-001 -5.000000E-001  0.000000E+000  5.000000E-001  8.660254E-001  0.000000E+000  0.000000E+000  0.000000E+000  1.000000E+000
  2.000000E-002  4.332597E-001  2.495716E-001  0.000000E+000  8.665195E-001 -4.991433E-001  0.000000E+000  4.991433E-001  8.665195E-001  0.000000E+000  0.000000E+000  0.000000E+000  1.000000E+000
  4.000000E-002  4.339972E-001  2.482870E-001  0.000000E+000  8.679944E-001 -4.965740E-001  0.000000E+000  4.965740E-001  8.679944E-001  0.000000E+000  0.000000E+000  0.000000E+000  1.000000E+000
  6.000000E-002  4.352142E-001  2.461475E-001  0.000000E+000  8.704284E-001 -4.922950E-001  0.000000E+000  4.922950E-001  8.704284E-001  0.000000E+000  0.000000E+000  0.000000E+000  1.000000E+000
  8.000000E-002  4.368929E-001  2.431556E-001  0.000000E+000  8.737857E-001 -4.863111E-001  0.000000E+000  4.863111E-001  8.737857E-001  0.000000E+000  0.000000E+000  0.000000E+000  1.000000E+000
  1.000000E-001  4.390085E-001  2.393147E-001  0.000000E+000  8.780171E-001 -4.786293E-001  0.000000E+000  4.786293E-001  8.780171E-001  0.000000E+000  0.000000E+000  0.000000E+000  1.000000E+000
  1.200000E-001  4.415302E-001  2.346297E-001  0.000000E+000  8.830604E-001 -4.692594E-001  0.000000E+000  4.692594E-001  8.830604E-001  0.000000E+000  0.000000E+000  0.000000E+000  1.000000E+000
  1.400000E-001  4.444209E-001  2.291070E-001  0.000000E+000  8.888419E-001 -4.582140E-001  0.000000E+000  4.582140E-001  8.888419E-001  0.000000E+000  0.000000E+000  0.000000E+000  1.000000E+000
  1.600000E-001  4.476387E-001  2.227547E-001  0.000000E+000  8.952773E-001 -4.455093E-001  0.000000E+000  4.455093E-001  8.952773E-001  0.000000E+000  0.000000E+000  0.000000E+000  1.000000E+000
  1.800000E-001  4.511365E-001  2.155827E-001  0.000000E+000  9.022729E-001 -4.311654E-001  0.000000E+000  4.311654E-001  9.022729E-001  0.000000E+000  0.000000E+000  0.000000E+000  1.000000E+000
  2.000000E-001  4.548635E-001  2.076034E-001  0.000000E+000  9.097271E-001 -4.152068E-001  0.000000E+000  4.152068E-001  9.097271E-001  0.000000E+000  0.000000E+000  0.000000E+000  1.000000E+000
  2.200000E-001  4.587657E-001  1.988316E-001  0.000000E+000  9.175315E-001 -3.976632E-001  0.000000E+000  3.976632E-001  9.175315E-001  0.000000E+000  0.000000E+000  0.000000E+000  1.000000E+000
  2.400000E-001  4.627864E-001  1.892848E-001  0.000000E+000  9.255728E-001 -3.785696E-001  0.000000E+000  3.785696E-001  9.255728E-001  0.000000E+000  0.000000E+000  0.000000E+000  1.000000E+000
  2.600000E-001  4.668671E-001  1.789836E-001  0.000000E+000  9.337342E-001 -3.579672E-001  0.000000E+000  3.579672E-001  9.337342E-001  0.000000E+000  0.000000E+000  0.000000E+000  1.000000E+000
  2.800000E-001  4.709482E-001  1.679518E-001  0.000000E+000  9.418963E-001 -3.359037E-001  0.000000E+000  3.359037E-001  9.418963E-001  0.000000E+000  0.000000E+000  0.000000E+000  1.000000E+000
  3.000000E-001  4.749698E-001  1.562167E-001  0.000000E+000  9.499397E-001 -3.124333E-001  0.000000E+000  3.124333E-001  9.499397E-001  0.000000E+000  0.000000E+000  0.000000E+000  1.000000E+000
  3.200000E-001  4.788726E-001  1.438089E-001  0.000000E+000  9.577453E-001 -2.876178E-001  0.000000E+000  2.876178E-001  9.577453E-001  0.000000E+000  0.000000E+000  0.000000E+000  1.000000E+000
  3.400000E-001  4.825982E-001  1.307630E-001  0.000000E+000  9.651964E-001 -2.615260E-001  0.000000E+000  2.615260E-001  9.651964E-001  0.000000E+000  0.000000E+000  0.000000E+000  1.000000E+000
  3.600000E-001  4.860901E-001  1.171172E-001  0.000000E+000  9.721802E-001 -2.342343E-001  0.000000E+000  2.342343E-001  9.721802E-001  0.000000E+000  0.000000E+000  0.000000E+000  1.000000E+000
  3.800000E-001  4.892942E-001  1.029133E-001  0.000000E+000  9.785885E-001 -2.058267E-001  0.000000E+000  2.058267E-001  9.785885E-001  0.000000E+000  0.000000E+000  0.000000E+000  1.000000E+000
  4.000000E-001  4.921598E-001  8.819712E-002  0.000000E+000  9.843196E-001 -1.763942E-001  0.000000E+000  1.763942E-001  9.843196E-001  0.000000E+000  0.000000E+000  0.000000E+000  1.000000E+000
  4.200000E-001  4.946397E-001  7.301774E-002  0.000000E+000  9.892794E-001 -1.460355E-001  0.000000E+000  1.460355E-001  9.892794E-001  0.000000E+000  0.000000E+000  0.000000E+000  1.000000E+000
  4.400000E-001  4.966911E-001  5.742777E-002  0.000000E+000  9.933822E-001 -1.148555E-001  0.000000E+000  1.148555E-001  9.933822E-001  0.000000E+000  0.000000E+000  0.000000E+000  1.000000E+000
  4.600000E-001  4.982762E-001  4.148297E-002  0.000000E+000  9.965524E-001 -8.296594E-002  0.000000E+000  8.296594E-002  9.965524E-001  0.000000E+000  0.000000E+000  0.000000E+000  1.000000E+000
  4.800000E-001  4.993624E-001  2.524197E-002  0.000000E+000  9.987249E-001 -5.048393E-002  0.000000E+000  5.048393E-002  9.987249E-001  0.000000E+000  0.000000E+000  0.000000E+000  1.000000E+000
  5.000000E-001  4.999232E-001  8.765898E-003  0.000000E+000  9.998463E-001 -1.753180E-002  0.000000E+000  1.753180E-002  9.998463E-001  0.000000E+000  0.000000E+000  0.000000E+000  1.000000E+000
  5.200000E-001  4.999379E-001 -7.881974E-003  0.000000E+000  9.998757E-001  1.576395E-002  0.000000E+000 -1.576395E-002  9.998757E-001  0.000000E+000  0.000000E+000  0.000000E+000  1.000000E+000
  5.400000E-001  4.993927E-001 -2.463672E-002  0.000000E+000  9.987853E-001  4.927344E-002  0.000000E+000 -4.927344E-002  9.987853E-001  0.000000E+000  0.000000E+000  0.000000E+000  1.000000E+000
  5.600000E-001  4.982804E-001 -4.143222E-002  0.000000E+000  9.965608E-001  8.286445E-002  0.000000E+000 -8.286445E-002  9.965608E-001  0.000000E+000  0.000000E+000  0.000000E+000  1.000000E+000
  5.800000E-001  4.966010E-001 -5.820170E-002  0.000000E+000  9.932020E-001  1.164034E-001  0.000000E+000 -1.164034E-001  9.932020E-001  0.000000E+000  0.000000E+000  0.000000E+000  1.000000E+000
  6.000000E-001  4.943615E-001 -7.487826E-002  0.000000E+000  9.887229E-001  1.497565E-001  0.000000E+000 -1.497565E-001  9.887229E-001  0.000000E+000  0.000000E+000  0.000000E+000  1.000000E+000
  6.200000E-001  4.915759E-001 -9.139541E-002  0.000000E+000  9.831518E-001  1.827908E-001  0.000000E+000 -1.827908E-001  9.831518E-001  0.000000E+000  0.000000E+000  0.000000E+000  1.000000E+000
  6.400000E-001  4.882657E-001 -1.076877E-001  0.000000E+000  9.765313E-001  2.153754E-001  0.000000E+000 -2.153754E-001  9.765313E-001  0.000000E+000  0.000000E+000  0.000000E+000  1.000000E+000
  6.600000E-001  4.844590E-001 -1.236911E-001  0.000000E+000  9.689180E-001  2.473823E-001  0.000000E+000 -2.473823E-001  9.689180E-001  0.000000E+000  0.000000E+000  0.000000E+000  1.000000E+000
  6.800000E-001  4.801909E-001 -1.393439E-001  0.000000E+000  9.603817E-001  2.786879E-001  0.000000E+000 -2.786879E-001  9.603817E-001  0.000000E+000  0.000000E+000  0.000000E+000  1.000000E+000
  7.000000E-001  4.755028E-001 -1.545868E-001  0.000000E+000  9.510056E-001  3.091736E-001  0.000000E+000 -3.091736E-001  9.510056E-001  0.000000E+000  0.000000E+000  0.000000E+000  1.000000E+000
  7.200000E-001  4.704423E-001 -1.693636E-001  0.000000E+000  9.408847E-001  3.387271E-001  0.000000E+000 -3.387271E-001  9.408847E-001  0.000000E+000  0.000000E+000  0.000000E+000  1.000000E+000
  7.400000E-001  4.650625E-001 -1.836215E-001  0.000000E+000  9.301250E-001  3.672430E-001  0.000000E+000 -3.672430E-001  9.301250E-001  0.000000E+000  0.000000E+000  0.000000E+000  1.000000E+000
  7.600000E-001  4.594214E-001 -1.973118E-001  0.000000E+000  9.188429E-001  3.946235E-001  0.000000E+000 -3.946235E-001  9.188429E-001  0.000000E+000  0.000000E+000  0.000000E+000  1.000000E+000
  7.800000E-001  4.535815E-001 -2.103896E-001  0.000000E+000  9.071630E-001  4.207793E-001  0.000000E+000 -4.207793E-001  9.071630E-001  0.000000E+000  0.000000E+000  0.000000E+000  1.000000E+000
  8.000000E-001  4.476087E-001 -2.228148E-001  0.000000E+000  8.952174E-001  4.456296E-001  0.000000E+000 -4.456296E-001  8.952174E-001  0.000000E+000  0.000000E+000  0.000000E+000  1.000000E+000
  8.200000E-001  4.415718E-001 -2.345514E-001  0.000000E+000  8.831436E-001  4.691028E-001  0.000000E+000 -4.691028E-001  8.831436E-001  0.000000E+000  0.000000E+000  0.000000E+000  1.000000E+000
  8.400000E-001  4.355414E-001 -2.455681E-001  0.000000E+000  8.710828E-001  4.911362E-001  0.000000E+000 -4.911362E-001  8.710828E-001  0.000000E+000  0.000000E+000  0.000000E+000  1.000000E+000
  8.600000E-001  4.295892E-001 -2.558381E-001  0.000000E+000  8.591784E-001  5.116761E-001  0.000000E+000 -5.116761E-001  8.591784E-001  0.000000E+000  0.000000E+000  0.000000E+000  1.000000E+000
  8.800000E-001  4.237868E-001 -2.653389E-001  0.000000E+000  8.475737E-001  5.306778E-001  0.000000E+000 -5.306778E-001  8.475737E-001  0.000000E+000  0.000000E+000  0.000000E+000  1.000000E+000
  9.000000E-001  4.182050E-001 -2.740522E-001  0.000000E+000  8.364099E-001  5.481044E-001  0.000000E+000 -5.481044E-001  8.364099E-001  0.000000E+000  0.000000E+000  0.000000E+000  1.000000E+000
  9.200000E-001  4.129123E-001 -2.819635E-001  0.000000E+000  8.258246E-001  5.639270E-001  0.000000E+000 -5.639270E-001  8.258246E-001  0.000000E+000  0.000000E+000  0.000000E+000  1.000000E+000
  9.400000E-001  4.079746E-001 -2.890618E-001  0.000000E+000  8.159493E-001  5.781235E-001  0.000000E+000 -5.781235E-001  8.159493E-001  0.000000E+000  0.000000E+000  0.000000E+000  1.000000E+000
  9.600000E-001  4.034538E-001 -2.953388E-001  0.000000E+000  8.069076E-001  5.906777E-001  0.000000E+000 -5.906777E-001  8.069076E-001  0.000000E+000  0.000000E+000  0.000000E+000  1.000000E+000
  9.800000E-001  3.994068E-001 -3.007893E-001  0.000000E+000  7.988137E-001  6.015785E-001  0.000000E+000 -6.015785E-001  7.988137E-001  0.000000E+000  0.000000E+000  0.000000E+000  1.000000E+000
  1.000000E+000  3.958851E-001 -3.054095E-001  0.000000E+000  7.917703E-001  6.108190E-001  0.000000E+000 -6.108190E-001  7.917703E-001  0.000000E+000  0.000000E+000  0.000000E+000  1.000000E+000
  1.020000E+000  3.929336E-001 -3.091977E-001  0.000000E+000  7.858672E-001  6.183953E-001  0.000000E+000 -6.183953E-001  7.858672E-001  0.000000E+000  0.000000E+000  0.000000E+000  1.000000E+000
  1.040000E+000  3.905900E-001 -3.121529E-001  0.000000E+000  7.811801E-001  6.243058E-001  0.000000E+000 -6.243058E-001  7.811801E-001  0.000000E+000  0.000000E+000  0.000000E+000  1.000000E+000
  1.060000E+000  3.888846E-001 -3.142750E-001  0.000000E+000  7.777692E-001  6.285500E-001  0.000000E+000 -6.285500E-001  7.777692E-001  0.000000E+000  0.000000E+000  0.000000E+000  1.000000E+000
  1.080000E+000  3.878393E-001 -3.155641E-001  0.000000E+000  7.756785E-001  6.311282E-001  0.000000E+000 -6.311282E-001  7.756785E-001  0.000000E+000  0.000000E+000  0.000000E+000  1.000000E+000
  1.100000E+000  3.874675E-001 -3.160205E-001  0.000000E+000  7.749350E-001  6.320410E-001  0.000000E+000 -6.320410E-001  7.749350E-001  0.000000E+000  0.000000E+000  0.000000E+000  1.000000E+000
  1.120000E+000  3.877741E-001 -3.156442E-001  0.000000E+000  7.755482E-001  6.312883E-001  0.000000E+000 -6.312883E-001  7.755482E-001  0.000000E+000  0.000000E+000  0.000000E+000  1.000000E+000
  1.140000E+000  3.887551E-001 -3.144351E-001  0.000000E+000  7.775103E-001  6.288702E-001  0.000000E+000 -6.288702E-001  7.775103E-001  0.000000E+000  0.000000E+000  0.000000E+000  1.000000E+000
  1.160000E+000  3.903979E-001 -3.123931E-001  0.000000E+000  7.807959E-001  6.247862E-001  0.000000E+000 -6.247862E-001  7.807959E-001  0.000000E+000  0.000000E+000  0.000000E+000  1.000000E+000
  1.180000E+000  3.926813E-001 -3.095180E-001  0.000000E+000  7.853626E-001  6.190360E-001  0.000000E+000 -6.190360E-001  7.853626E-001  0.000000E+000  0.000000E+000  0.000000E+000  1.000000E+000
  1.200000E+000  3.955759E-001 -3.058099E-001  0.000000E+000  7.911519E-001  6.116197E-001  0.000000E+000 -6.116197E-001  7.911519E-001  0.000000E+000  0.000000E+000  0.000000E+000  1.000000E+000
  1.220000E+000  3.990447E-001 -3.012696E-001  0.000000E+000  7.980894E-001  6.025391E-001  0.000000E+000 -6.025391E-001  7.980894E-001  0.000000E+000  0.000000E+000  0.000000E+000  1.000000E+000
  1.240000E+000  4.030433E-001 -2.958988E-001  0.000000E+000  8.060866E-001  5.917977E-001  0.000000E+000 -5.917977E-001  8.060866E-001  0.000000E+000  0.000000E+000  0.000000E+000  1.000000E+000
  1.260000E+000  4.075209E-001 -2.897010E-001  0.000000E+000  8.150419E-001  5.794020E-001  0.000000E+000 -5.794020E-001  8.150419E-001  0.000000E+000  0.000000E+000  0.000000E+000  1.000000E+000
  1.280000E+000  4.124212E-001 -2.826814E-001  0.000000E+000  8.248423E-001  5.653629E-001  0.000000E+000 -5.653629E-001  8.248423E-001  0.000000E+000  0.000000E+000  0.000000E+000  1.000000E+000
  1.300000E+000  4.176825E-001 -2.748479E-001  0.000000E+000  8.353650E-001  5.496957E-001  0.000000E+000 -5.496957E-001  8.353650E-001  0.000000E+000  0.000000E+000  0.000000E+000  1.000000E+000
  1.320000E+000  4.232395E-001 -2.662111E-001  0.000000E+000  8.464790E-001  5.324221E-001  0.000000E+000 -5.324221E-001  8.464790E-001  0.000000E+000  0.000000E+000  0.000000E+000  1.000000E+000
  1.340000E+000  4.290237E-001 -2.567852E-001  0.000000E+000  8.580474E-001  5.135704E-001  0.000000E+000 -5.135704E-001  8.580474E-001  0.000000E+000  0.000000E+000  0.000000E+000  1.000000E+000
  1.360000E+000  4.349646E-001 -2.465883E-001  0.000000E+000  8.699293E-001  4.931765E-001  0.000000E+000 -4.931765E-001  8.699293E-001  0.000000E+000  0.000000E+000  0.000000E+000  1.000000E+000
  1.380000E+000  4.409906E-001 -2.356423E-001  0.000000E+000  8.819812E-001  4.712845E-001  0.000000E+000 -4.712845E-001  8.819812E-001  0.000000E+000  0.000000E+000  0.000000E+000  1.000000E+000
  1.400000E+000  4.470300E-001 -2.239736E-001  0.000000E+000  8.940600E-001  4.479472E-001  0.000000E+000 -4.479472E-001  8.940600E-001  0.000000E+000  0.000000E+000  0.000000E+000  1.000000E+000
  1.420000E+000  4.530120E-001 -2.116132E-001  0.000000E+000  9.060240E-001  4.232263E-001  0.000000E+000 -4.232263E-001  9.060240E-001  0.000000E+000  0.000000E+000  0.000000E+000  1.000000E+000
  1.440000E+000  4.588676E-001 -1.985964E-001  0.000000E+000  9.177352E-001  3.971927E-001  0.000000E+000 -3.971927E-001  9.177352E-001  0.000000E+000  0.000000E+000  0.000000E+000  1.000000E+000
  1.460000E+000  4.645306E-001 -1.849631E-001  0.000000E+000  9.290612E-001  3.699262E-001  0.000000E+000 -3.699262E-001  9.290612E-001  0.000000E+000  0.000000E+000  0.000000E+000  1.000000E+000
  1.480000E+000  4.699381E-001 -1.707577E-001  0.000000E+000  9.398762E-001  3.415153E-001  0.000000E+000 -3.415153E-001  9.398762E-001  0.000000E+000  0.000000E+000  0.000000E+000  1.000000E+000
  1.500000E+000  4.750317E-001 -1.560286E-001  0.000000E+000  9.500633E-001  3.120571E-001  0.000000E+000 -3.120571E-001  9.500633E-001  0.000000E+000  0.000000E+000  0.000000E+000  1.000000E+000
  1.520000E+000  4.797577E-001 -1.408281E-001  0.000000E+000  9.595154E-001  2.816562E-001  0.000000E+000 -2.816562E-001  9.595154E-001  0.000000E+000  0.000000E+000  0.000000E+000  1.000000E+000
  1.540000E+000  4.840681E-001 -1.252122E-001  0.000000E+000  9.681362E-001  2.504244E-001  0.000000E+000 -2.504244E-001  9.681362E-001  0.000000E+000  0.000000E+000  0.000000E+000  1.000000E+000
  1.560000E+000  4.879208E-001 -1.092398E-001  0.000000E+000  9.758415E-001  2.184796E-001  0.000000E+000 -2.184796E-001  9.758415E-001  0.000000E+000  0.000000E+000  0.000000E+000  1.000000E+000
  1.580000E+000  4.912801E-001 -9.297255E-002  0.000000E+000  9.825601E-001  1.859451E-001  0.000000E+000 -1.859451E-001  9.825601E-001  0.000000E+000  0.000000E+000  0.000000E+000  1.000000E+000
  1.600000E+000  4.941171E-001 -7.647420E-002  0.000000E+000  9.882342E-001  1.529484E-001  0.000000E+000 -1.529484E-001  9.882342E-001  0.000000E+000  0.000000E+000  0.000000E+000  1.000000E+000
  1.620000E+000  4.964099E-001 -5.981009E-002  0.000000E+000  9.928197E-001  1.196202E-001  0.000000E+000 -1.196202E-001  9.928197E-001  0.000000E+000  0.000000E+000  0.000000E+000  1.000000E+000
  1.640000E+000  4.981435E-001 -4.304664E-002  0.000000E+000  9.962871E-001  8.609328E-002  0.000000E+000 -8.609328E-002  9.962871E-001  0.000000E+000  0.000000E+000  0.000000E+000  1.000000E+000
  1.660000E+000  4.993104E-001 -2.625073E-002  0.000000E+000  9.986208E-001  5.250146E-002  0.000000E+000 -5.250146E-002  9.986208E-001  0.000000E+000  0.000000E+000  0.000000E+000  1.000000E+000
  1.680000E+000  4.999099E-001 -9.489179E-003  0.000000E+000  9.998199E-001  1.897836E-002  0.000000E+000 -1.897836E-002  9.998199E-001  0.000000E+000  0.000000E+000  0.000000E+000  1.000000E+000
  1.700000E+000  4.999486E-001  7.171812E-003  0.000000E+000  9.998971E-001 -1.434362E-002  0.000000E+000  1.434362E-002  9.998971E-001  0.000000E+000  0.000000E+000  0.000000E+000  1.000000E+000
  1.720000E+000  4.994396E-001  2.366718E-002  0.000000E+000  9.988791E-001 -4.733435E-002  0.000000E+000  4.733435E-002  9.988791E-001  0.000000E+000  0.000000E+000  0.000000E+000  1.000000E+000
  1.740000E+000  4.984028E-001  3.993347E-002  0.000000E+000  9.968055E-001 -7.986695E-002  0.000000E+000  7.986695E-002  9.968055E-001  0.000000E+000  0.000000E+000  0.000000E+000  1.000000E+000
  1.760000E+000  4.968643E-001  5.590934E-002  0.000000E+000  9.937286E-001 -1.118187E-001  0.000000E+000  1.118187E-001  9.937286E-001  0.000000E+000  0.000000E+000  0.000000E+000  1.000000E+000
  1.780000E+000  4.948562E-001  7.153589E-002  0.000000E+000  9.897123E-001 -1.430718E-001  0.000000E+000  1.430718E-001  9.897123E-001  0.000000E+000  0.000000E+000  0.000000E+000  1.000000E+000
  1.800000E+000  4.924157E-001  8.675709E-002  0.000000E+000  9.848314E-001 -1.735142E-001  0.000000E+000  1.735142E-001  9.848314E-001  0.000000E+000  0.000000E+000  0.000000E+000  1.000000E+000
  1.820000E+000  4.895852E-001  1.015200E-001  0.000000E+000  9.791704E-001 -2.030400E-001  0.000000E+000  2.030400E-001  9.791704E-001  0.000000E+000  0.000000E+000  0.000000E+000  1.000000E+000
  1.840000E+000  4.864115E-001  1.157752E-001  0.000000E+000  9.728229E-001 -2.315503E-001  0.000000E+000  2.315503E-001  9.728229E-001  0.000000E+000  0.000000E+000  0.000000E+000  1.000000E+000
  1.860000E+000  4.829450E-001  1.294765E-001  0.000000E+000  9.658899E-001 -2.589530E-001  0.000000E+000  2.589530E-001  9.658899E-001  0.000000E+000  0.000000E+000  0.000000E+000  1.000000E+000
  1.880000E+000  4.792394E-001  1.425818E-001  0.000000E+000  9.584789E-001 -2.851636E-001  0.000000E+000  2.851636E-001  9.584789E-001  0.000000E+000  0.000000E+000  0.000000E+000  1.000000E+000
  1.900000E+000  4.753512E-001  1.550525E-001  0.000000E+000  9.507023E-001 -3.101050E-001  0.000000E+000  3.101050E-001  9.507023E-001  0.000000E+000  0.000000E+000  0.000000E+000  1.000000E+000
  1.920000E+000  4.713383E-001  1.668537E-001  0.000000E+000  9.426767E-001 -3.337074E-001  0.000000E+000  3.337074E-001  9.426767E-001  0.000000E+000  0.000000E+000  0.000000E+000  1.000000E+000
  1.940000E+000  4.672604E-001  1.779544E-001  0.000000E+000  9.345207E-001 -3.559087E-001  0.000000E+000  3.559087E-001  9.345207E-001  0.000000E+000  0.000000E+000  0.000000E+000  1.000000E+000
  1.960000E+000  4.631771E-001  1.883269E-001  0.000000E+000  9.263541E-001 -3.766537E-001  0.000000E+000  3.766537E-001  9.263541E-001  0.000000E+000  0.000000E+000  0.000000E+000  1.000000E+000
  1.980000E+000  4.591481E-001  1.979471E-001  0.000000E+000  9.182961E-001 -3.958942E-001  0.000000E+000  3.958942E-001  9.182961E-001  0.000000E+000  0.000000E+000  0.000000E+000  1.000000E+000
  2.000000E+000  4.552320E-001  2.067942E-001  0.000000E+000  9.104639E-001 -4.135885E-001  0.000000E+000  4.135885E-001  9.104639E-001  0.000000E+000  0.000000E+000  0.000000E+000  1.000000E+000
  2.020000E+000  4.514857E-001  2.148504E-001  0.000000E+000  9.029713E-001 -4.297008E-001  0.000000E+000  4.297008E-001  9.029713E-001  0.000000E+000  0.000000E+000  0.000000E+000  1.000000E+000
  2.040000E+000  4.479635E-001  2.221006E-001  0.000000E+000  8.959271E-001 -4.442012E-001  0.000000E+000  4.442012E-001  8.959271E-001  0.000000E+000  0.000000E+000  0.000000E+000  1.000000E+000
  2.060000E+000  4.447168E-001  2.285322E-001  0.000000E+000  8.894336E-001 -4.570644E-001  0.000000E+000  4.570644E-001  8.894336E-001  0.000000E+000  0.000000E+000  0.000000E+000  1.000000E+000
  2.080000E+000  4.417927E-001  2.341350E-001  0.000000E+000  8.835854E-001 -4.682701E-001  0.000000E+000  4.682701E-001  8.835854E-001  0.000000E+000  0.000000E+000  0.000000E+000  1.000000E+000
  2.100000E+000  4.392339E-001  2.389008E-001  0.000000E+000  8.784677E-001 -4.778017E-001  0.000000E+000  4.778017E-001  8.784677E-001  0.000000E+000  0.000000E+000  0.000000E+000  1.000000E+000
  2.120000E+000  4.370777E-001  2.428231E-001  0.000000E+000  8.741555E-001 -4.856462E-001  0.000000E+000  4.856462E-001  8.741555E-001  0.000000E+000  0.000000E+000  0.000000E+000  1.000000E+000
  2.140000E+000  4.353559E-001  2.458969E-001  0.000000E+000  8.707117E-001 -4.917937E-001  0.000000E+000  4.917937E-001  8.707117E-001  0.000000E+000  0.000000E+000  0.000000E+000  1.000000E+000
  2.160000E+000  4.340936E-001  2.481184E-001  0.000000E+000  8.681872E-001 -4.962369E-001  0.000000E+000  4.962369E-001  8.681872E-001  0.000000E+000  0.000000E+000  0.000000E+000  1.000000E+000
  2.180000E+000  4.333094E-001  2.494853E-001  0.000000E+000  8.666189E-001 -4.989706E-001  0.000000E+000  4.989706E-001  8.666189E-001  0.000000E+000  0.000000E+000  0.000000E+000  1.000000E+000
  2.200000E+000  4.330150E-001  2.499960E-001  0.000000E+000  8.660300E-001 -4.999921E-001  0.000000E+000  4.999921E-001  8.660300E-001  0.000000E+000  0.000000E+000  0.000000E+000  1.000000E+000
  2.220000E+000  4.332146E-001  2.496500E-001  0.000000E+000  8.664291E-001 -4.993001E-001  0.000000E+000  4.993001E-001  8.664291E-001  0.000000E+000  0.000000E+000  0.000000E+000  1.000000E+000
  2.240000E+000  4.339052E-001  2.484477E-001  0.000000E+000  8.678105E-001 -4.968954E-001  0.000000E+000  4.968954E-001  8.678105E-001  0.000000E+000  0.000000E+000  0.000000E+000  1.000000E+000
  2.260000E+000  4.350768E-001  2.463903E-001  0.000000E+000  8.701536E-001 -4.927806E-001  0.000000E+000  4.927806E-001  8.701536E-001  0.000000E+000  0.000000E+000  0.000000E+000  1.000000E+000
  2.280000E+000  4.367121E-001  2.434802E-001  0.000000E+000  8.734241E-001 -4.869603E-001  0.000000E+000  4.869603E-001  8.734241E-001  0.000000E+000  0.000000E+000  0.000000E+000  1.000000E+000
  2.300000E+000  4.387870E-001  2.397207E-001  0.000000E+000  8.775739E-001 -4.794414E-001  0.000000E+000  4.794414E-001  8.775739E-001  0.000000E+000  0.000000E+000  0.000000E+000  1.000000E+000
  2.320000E+000  4.412711E-001  2.351166E-001  0.000000E+000  8.825422E-001 -4.702333E-001  0.000000E+000  4.702333E-001  8.825422E-001  0.000000E+000  0.000000E+000  0.000000E+000  1.000000E+000
  2.340000E+000  4.441281E-001  2.296742E-001  0.000000E+000  8.882562E-001 -4.593483E-001  0.000000E+000  4.593483E-001  8.882562E-001  0.000000E+000  0.000000E+000  0.000000E+000  1.000000E+000
  2.360000E+000  4.473164E-001  2.234012E-001  0.000000E+000  8.946327E-001 -4.468023E-001  0.000000E+000  4.468023E-001  8.946327E-001  0.000000E+000  0.000000E+000  0.000000E+000  1.000000E+000
  2.380000E+000  4.507894E-001  2.163075E-001  0.000000E+000  9.015788E-001 -4.326150E-001  0.000000E+000  4.326150E-001  9.015788E-001  0.000000E+000  0.000000E+000  0.000000E+000  1.000000E+000
  2.400000E+000  4.544967E-001  2.084052E-001  0.000000E+000  9.089934E-001 -4.168104E-001  0.000000E+000  4.168104E-001  9.089934E-001  0.000000E+000  0.000000E+000  0.000000E+000  1.000000E+000
  2.420000E+000  4.583845E-001  1.997089E-001  0.000000E+000  9.167690E-001 -3.994178E-001  0.000000E+000  3.994178E-001  9.167690E-001  0.000000E+000  0.000000E+000  0.000000E+000  1.000000E+000
  2.440000E+000  4.623963E-001  1.902358E-001  0.000000E+000  9.247926E-001 -3.804715E-001  0.000000E+000  3.804715E-001  9.247926E-001  0.000000E+000  0.000000E+000  0.000000E+000  1.000000E+000
  2.460000E+000  4.664738E-001  1.800061E-001  0.000000E+000  9.329476E-001 -3.600122E-001  0.000000E+000  3.600122E-001  9.329476E-001  0.000000E+000  0.000000E+000  0.000000E+000  1.000000E+000
  2.480000E+000  4.705574E-001  1.690435E-001  0.000000E+000  9.411149E-001 -3.380869E-001  0.000000E+000  3.380869E-001  9.411149E-001  0.000000E+000  0.000000E+000  0.000000E+000  1.000000E+000
  2.500000E+000  4.745874E-001  1.573746E-001  0.000000E+000  9.491749E-001 -3.147493E-001  0.000000E+000  3.147493E-001  9.491749E-001  0.000000E+000  0.000000E+000  0.000000E+000  1.000000E+000
  2.520000E+000  4.785042E-001  1.450301E-001  0.000000E+000  9.570084E-001 -2.900602E-001  0.000000E+000  2.900602E-001  9.570084E-001  0.000000E+000  0.000000E+000  0.000000E+000  1.000000E+000
  2.540000E+000  4.822493E-001  1.320439E-001  0.000000E+000  9.644986E-001 -2.640879E-001  0.000000E+000  2.640879E-001  9.644986E-001  0.000000E+000  0.000000E+000  0.000000E+000  1.000000E+000
  2.560000E+000  4.857660E-001  1.184540E-001  0.000000E+000  9.715321E-001 -2.369080E-001  0.000000E+000  2.369080E-001  9.715321E-001  0.000000E+000  0.000000E+000  0.000000E+000  1.000000E+000
  2.580000E+000  4.890001E-001  1.043019E-001  0.000000E+000  9.780002E-001 -2.086038E-001  0.000000E+000  2.086038E-001  9.780002E-001  0.000000E+000  0.000000E+000  0.000000E+000  1.000000E+000
  2.600000E+000  4.919003E-001  8.963287E-002  0.000000E+000  9.838007E-001 -1.792657E-001  0.000000E+000  1.792657E-001  9.838007E-001  0.000000E+000  0.000000E+000  0.000000E+000  1.000000E+000
  2.620000E+000  4.944192E-001  7.449579E-002  0.000000E+000  9.888385E-001 -1.489916E-001  0.000000E+000  1.489916E-001  9.888385E-001  0.000000E+000  0.000000E+000  0.000000E+000  1.000000E+000
  2.640000E+000  4.965136E-001  5.894292E-002  0.000000E+000  9.930272E-001 -1.178858E-001  0.000000E+000  1.178858E-001  9.930272E-001  0.000000E+000  0.000000E+000  0.000000E+000  1.000000E+000
  2.660000E+000  4.981450E-001  4.302973E-002  0.000000E+000  9.962900E-001 -8.605946E-002  0.000000E+000  8.605946E-002  9.962900E-001  0.000000E+000  0.000000E+000  0.000000E+000  1.000000E+000
  2.680000E+000  4.992805E-001  2.681458E-002  0.000000E+000  9.985609E-001 -5.362916E-002  0.000000E+000  5.362916E-002  9.985609E-001  0.000000E+000  0.000000E+000  0.000000E+000  1.000000E+000
  2.700000E+000  4.998927E-001  1.035839E-002  0.000000E+000  9.997854E-001 -2.071679E-002  0.000000E+000  2.071679E-002  9.997854E-001  0.000000E+000  0.000000E+000  0.000000E+000  1.000000E+000
  2.720000E+000  4.999606E-001 -6.275759E-003  0.000000E+000  9.999212E-001  1.255152E-002  0.000000E+000 -1.255152E-002  9.999212E-001  0.000000E+000  0.000000E+000  0.000000E+000  1.000000E+000
  2.740000E+000  4.994697E-001 -2.302309E-002  0.000000E+000  9.989393E-001  4.604617E-002  0.000000E+000 -4.604617E-002  9.989393E-001  0.000000E+000  0.000000E+000  0.000000E+000  1.000000E+000
  2.760000E+000  4.984120E-001 -3.981757E-002  0.000000E+000  9.968241E-001  7.963513E-002  0.000000E+000 -7.963513E-002  9.968241E-001  0.000000E+000  0.000000E+000  0.000000E+000  1.000000E+000
  2.780000E+000  4.967870E-001 -5.659246E-002  0.000000E+000  9.935739E-001  1.131849E-001  0.000000E+000 -1.131849E-001  9.935739E-001  0.000000E+000  0.000000E+000  0.000000E+000  1.000000E+000
  2.800000E+000  4.946008E-001 -7.328085E-002  0.000000E+000  9.892015E-001  1.465617E-001  0.000000E+000 -1.465617E-001  9.892015E-001  0.000000E+000  0.000000E+000  0.000000E+000  1.000000E+000
  2.820000E+000  4.918669E-001 -8.981619E-002  0.000000E+000  9.837338E-001  1.796324E-001  0.000000E+000 -1.796324E-001  9.837338E-001  0.000000E+000  0.000000E+000  0.000000E+000  1.000000E+000
  2.840000E+000  4.886060E-001 -1.061329E-001  0.000000E+000  9.772120E-001  2.122658E-001  0.000000E+000 -2.122658E-001  9.772120E-001  0.000000E+000  0.000000E+000  0.000000E+000  1.000000E+000
  2.860000E+000  4.848456E-001 -1.221668E-001  0.000000E+000  9.696912E-001  2.443337E-001  0.000000E+000 -2.443337E-001  9.696912E-001  0.000000E+000  0.000000E+000  0.000000E+000  1.000000E+000
  2.880000E+000  4.806202E-001 -1.378560E-001  0.000000E+000  9.612403E-001  2.757119E-001  0.000000E+000 -2.757119E-001  9.612403E-001  0.000000E+000  0.000000E+000  0.000000E+000  1.000000E+000
  2.900000E+000  4.759705E-001 -1.531407E-001  0.000000E+000  9.519410E-001  3.062815E-001  0.000000E+000 -3.062815E-001  9.519410E-001  0.000000E+000  0.000000E+000  0.000000E+000  1.000000E+000
  2.920000E+000  4.709436E-001 -1.679647E-001  0.000000E+000  9.418872E-001  3.359293E-001  0.000000E+000 -3.359293E-001  9.418872E-001  0.000000E+000  0.000000E+000  0.000000E+000  1.000000E+000
  2.940000E+000  4.655920E-001 -1.822747E-001  0.000000E+000  9.311841E-001  3.645493E-001  0.000000E+000 -3.645493E-001  9.311841E-001  0.000000E+000  0.000000E+000  0.000000E+000  1.000000E+000
  2.960000E+000  4.599734E-001 -1.960215E-001  0.000000E+000  9.199469E-001  3.920430E-001  0.000000E+000 -3.920430E-001  9.199469E-001  0.000000E+000  0.000000E+000  0.000000E+000  1.000000E+000
  2.980000E+000  4.541498E-001 -2.091601E-001  0.000000E+000  9.082996E-001  4.183202E-001  0.000000E+000 -4.183202E-001  9.082996E-001  0.000000E+000  0.000000E+000  0.000000E+000  1.000000E+000
  3.000000E+000  4.481868E-001 -2.216496E-001  0.000000E+000  8.963737E-001  4.432993E-001  0.000000E+000 -4.432993E-001  8.963737E-001  0.000000E+000  0.000000E+000  0.000000E+000  1.000000E+000
  3.020000E+000  4.421530E-001 -2.334538E-001  0.000000E+000  8.843061E-001  4.669077E-001  0.000000E+000 -4.669077E-001  8.843061E-001  0.000000E+000  0.000000E+000  0.000000E+000  1.000000E+000
  3.040000E+000  4.361189E-001 -2.445410E-001  0.000000E+000  8.722378E-001  4.890820E-001  0.000000E+000 -4.890820E-001  8.722378E-001  0.000000E+000  0.000000E+000  0.000000E+000  1.000000E+000
  3.060000E+000  4.301561E-001 -2.548838E-001  0.000000E+000  8.603121E-001  5.097676E-001  0.000000E+000 -5.097676E-001  8.603121E-001  0.000000E+000  0.000000E+000  0.000000E+000  1.000000E+000
  3.080000E+000  4.243362E-001 -2.644594E-001  0.000000E+000  8.486724E-001  5.289189E-001  0.000000E+000 -5.289189E-001  8.486724E-001  0.000000E+000  0.000000E+000  0.000000E+000  1.000000E+000
  3.100000E+000  4.187301E-001 -2.732492E-001  0.000000E+000  8.374602E-001  5.464983E-001  0.000000E+000 -5.464983E-001  8.374602E-001  0.000000E+000  0.000000E+000  0.000000E+000  1.000000E+000
  3.120000E+000  4.134067E-001 -2.812381E-001  0.000000E+000  8.268135E-001  5.624762E-001  0.000000E+000 -5.624762E-001  8.268135E-001  0.000000E+000  0.000000E+000  0.000000E+000  1.000000E+000
  3.140000E+000  4.084322E-001 -2.884149E-001  0.000000E+000  8.168644E-001  5.768298E-001  0.000000E+000 -5.768298E-001  8.168644E-001  0.000000E+000  0.000000E+000  0.000000E+000  1.000000E+000
  3.160000E+000  4.038687E-001 -2.947712E-001  0.000000E+000  8.077374E-001  5.895424E-001  0.000000E+000 -5.895424E-001  8.077374E-001  0.000000E+000  0.000000E+000  0.000000E+000  1.000000E+000
  3.180000E+000  3.997739E-001 -3.003013E-001  0.000000E+000  7.995477E-001  6.006026E-001  0.000000E+000 -6.006026E-001  7.995477E-001  0.000000E+000  0.000000E+000  0.000000E+000  1.000000E+000
  3.200000E+000  3.961996E-001 -3.050014E-001  0.000000E+000  7.923992E-001  6.100029E-001  0.000000E+000 -6.100029E-001  7.923992E-001  0.000000E+000  0.000000E+000  0.000000E+000  1.000000E+000
  3.220000E+000  3.931915E-001 -3.088697E-001  0.000000E+000  7.863830E-001  6.177393E-001  0.000000E+000 -6.177393E-001  7.863830E-001  0.000000E+000  0.000000E+000  0.000000E+000  1.000000E+000
  3.240000E+000  3.907880E-001 -3.119050E-001  0.000000E+000  7.815761E-001  6.238099E-001  0.000000E+000 -6.238099E-001  7.815761E-001  0.000000E+000  0.000000E+000  0.000000E+000  1.000000E+000
  3.260000E+000  3.890202E-001 -3.141072E-001  0.000000E+000  7.780403E-001  6.282143E-001  0.000000E+000 -6.282143E-001  7.780403E-001  0.000000E+000  0.000000E+000  0.000000E+000  1.000000E+000
  3.280000E+000  3.879106E-001 -3.154764E-001  0.000000E+000  7.758213E-001  6.309527E-001  0.000000E+000 -6.309527E-001  7.758213E-001  0.000000E+000  0.000000E+000  0.000000E+000  1.000000E+000
  3.300000E+000  3.874738E-001 -3.160128E-001  0.000000E+000  7.749475E-001  6.320256E-001  0.000000E+000 -6.320256E-001  7.749475E-001  0.000000E+000  0.000000E+000  0.000000E+000  1.000000E+000
  3.320000E+000  3.877152E-001 -3.157165E-001  0.000000E+000  7.754304E-001  6.314331E-001  0.000000E+000 -6.314331E-001  7.754304E-001  0.000000E+000  0.000000E+000  0.000000E+000  1.000000E+000
  3.340000E+000  3.886318E-001 -3.145875E-001  0.000000E+000  7.772636E-001  6.291751E-001  0.000000E+000 -6.291751E-001  7.772636E-001  0.000000E+000  0.000000E+000  0.000000E+000  1.000000E+000
  3.360000E+000  3.902118E-001 -3.126256E-001  0.000000E+000  7.804235E-001  6.252512E-001  0.000000E+000 -6.252512E-001  7.804235E-001  0.000000E+000  0.000000E+000  0.000000E+000  1.000000E+000
  3.380000E+000  3.924347E-001 -3.098306E-001  0.000000E+000  7.848694E-001  6.196612E-001  0.000000E+000 -6.196612E-001  7.848694E-001  0.000000E+000  0.000000E+000  0.000000E+000  1.000000E+000
  3.400000E+000  3.952721E-001 -3.062025E-001  0.000000E+000  7.905441E-001  6.124051E-001  0.000000E+000 -6.124051E-001  7.905441E-001  0.000000E+000  0.000000E+000  0.000000E+000  1.000000E+000
  3.420000E+000  3.986874E-001 -3.017422E-001  0.000000E+000  7.973748E-001  6.034844E-001  0.000000E+000 -6.034844E-001  7.973748E-001  0.000000E+000  0.000000E+000  0.000000E+000  1.000000E+000
  3.440000E+000  4.026372E-001 -2.964512E-001  0.000000E+000  8.052744E-001  5.929024E-001  0.000000E+000 -5.929024E-001  8.052744E-001  0.000000E+000  0.000000E+000  0.000000E+000  1.000000E+000
  3.460000E+000  4.070712E-001 -2.903327E-001  0.000000E+000  8.141423E-001  5.806654E-001  0.000000E+000 -5.806654E-001  8.141423E-001  0.000000E+000  0.000000E+000  0.000000E+000  1.000000E+000
  3.480000E+000  4.119334E-001 -2.833918E-001  0.000000E+000  8.238667E-001  5.667836E-001  0.000000E+000 -5.667836E-001  8.238667E-001  0.000000E+000  0.000000E+000  0.000000E+000  1.000000E+000
  3.500000E+000  4.171627E-001 -2.756361E-001  0.000000E+000  8.343255E-001  5.512721E-001  0.000000E+000 -5.512721E-001  8.343255E-001  0.000000E+000  0.000000E+000  0.000000E+000  1.000000E+000
  3.520000E+000  4.226943E-001 -2.670759E-001  0.000000E+000  8.453885E-001  5.341519E-001  0.000000E+000 -5.341519E-001  8.453885E-001  0.000000E+000  0.000000E+000  0.000000E+000  1.000000E+000
  3.540000E+000  4.284597E-001 -2.577252E-001  0.000000E+000  8.569194E-001  5.154505E-001  0.000000E+000 -5.154505E-001  8.569194E-001  0.000000E+000  0.000000E+000  0.000000E+000  1.000000E+000
  3.560000E+000  4.343886E-001 -2.476015E-001  0.000000E+000  8.687773E-001  4.952031E-001  0.000000E+000 -4.952031E-001  8.687773E-001  0.000000E+000  0.000000E+000  0.000000E+000  1.000000E+000
  3.580000E+000  4.404096E-001 -2.367265E-001  0.000000E+000  8.808191E-001  4.734529E-001  0.000000E+000 -4.734529E-001  8.808191E-001  0.000000E+000  0.000000E+000  0.000000E+000  1.000000E+000
  3.600000E+000  4.464508E-001 -2.251260E-001  0.000000E+000  8.929015E-001  4.502520E-001  0.000000E+000 -4.502520E-001  8.929015E-001  0.000000E+000  0.000000E+000  0.000000E+000  1.000000E+000
  3.620000E+000  4.524413E-001 -2.128306E-001  0.000000E+000  9.048826E-001  4.256612E-001  0.000000E+000 -4.256612E-001  9.048826E-001  0.000000E+000  0.000000E+000  0.000000E+000  1.000000E+000
  3.640000E+000  4.583120E-001 -1.998752E-001  0.000000E+000  9.166240E-001  3.997505E-001  0.000000E+000 -3.997505E-001  9.166240E-001  0.000000E+000  0.000000E+000  0.000000E+000  1.000000E+000
  3.660000E+000  4.639963E-001 -1.862994E-001  0.000000E+000  9.279925E-001  3.725988E-001  0.000000E+000 -3.725988E-001  9.279925E-001  0.000000E+000  0.000000E+000  0.000000E+000  1.000000E+000
  3.680000E+000  4.694310E-001 -1.721469E-001  0.000000E+000  9.388619E-001  3.442939E-001  0.000000E+000 -3.442939E-001  9.388619E-001  0.000000E+000  0.000000E+000  0.000000E+000  1.000000E+000
  3.700000E+000  4.745571E-001 -1.574660E-001  0.000000E+000  9.491143E-001  3.149319E-001  0.000000E+000 -3.149319E-001  9.491143E-001  0.000000E+000  0.000000E+000  0.000000E+000  1.000000E+000
  3.720000E+000  4.793207E-001 -1.423084E-001  0.000000E+000  9.586413E-001  2.846169E-001  0.000000E+000 -2.846169E-001  9.586413E-001  0.000000E+000  0.000000E+000  0.000000E+000  1.000000E+000
  3.740000E+000  4.836729E-001 -1.267300E-001  0.000000E+000  9.673459E-001  2.534599E-001  0.000000E+000 -2.534599E-001  9.673459E-001  0.000000E+000  0.000000E+000  0.000000E+000  1.000000E+000
  3.760000E+000  4.875713E-001 -1.107892E-001  0.000000E+000  9.751426E-001  2.215784E-001  0.000000E+000 -2.215784E-001  9.751426E-001  0.000000E+000  0.000000E+000  0.000000E+000  1.000000E+000
  3.780000E+000  4.909794E-001 -9.454756E-002  0.000000E+000  9.819588E-001  1.890951E-001  0.000000E+000 -1.890951E-001  9.819588E-001  0.000000E+000  0.000000E+000  0.000000E+000  1.000000E+000
  3.800000E+000  4.938677E-001 -7.806860E-002  0.000000E+000  9.877354E-001  1.561372E-001  0.000000E+000 -1.561372E-001  9.877354E-001  0.000000E+000  0.000000E+000  0.000000E+000  1.000000E+000
  3.820000E+000  4.962135E-001 -6.141756E-002  0.000000E+000  9.924271E-001  1.228351E-001  0.000000E+000 -1.228351E-001  9.924271E-001  0.000000E+000  0.000000E+000  0.000000E+000  1.000000E+000
  3.840000E+000  4.980014E-001 -4.466076E-002  0.000000E+000  9.960028E-001  8.932151E-002  0.000000E+000 -8.932151E-002  9.960028E-001  0.000000E+000  0.000000E+000  0.000000E+000  1.000000E+000
  3.860000E+000  4.992229E-001 -2.786506E-002  0.000000E+000  9.984459E-001  5.573012E-002  0.000000E+000 -5.573012E-002  9.984459E-001  0.000000E+000  0.000000E+000  0.000000E+000  1.000000E+000
  3.880000E+000  4.998768E-001 -1.109731E-002  0.000000E+000  9.997537E-001  2.219463E-002  0.000000E+000 -2.219463E-002  9.997537E-001  0.000000E+000  0.000000E+000  0.000000E+000  1.000000E+000
  3.900000E+000  4.999689E-001  5.576194E-003  0.000000E+000  9.999378E-001 -1.115239E-002  0.000000E+000  1.115239E-002  9.999378E-001  0.000000E+000  0.000000E+000  0.000000E+000  1.000000E+000
  3.920000E+000  4.995118E-001  2.209027E-002  0.000000E+000  9.990236E-001 -4.418054E-002  0.000000E+000  4.418054E-002  9.990236E-001  0.000000E+000  0.000000E+000  0.000000E+000  1.000000E+000
  3.940000E+000  4.985247E-001  3.838129E-002  0.000000E+000  9.970494E-001 -7.676258E-002  0.000000E+000  7.676258E-002  9.970494E-001  0.000000E+000  0.000000E+000  0.000000E+000  1.000000E+000
  3.960000E+000  4.970332E-001  5.438768E-002  0.000000E+000  9.940664E-001 -1.087754E-001  0.000000E+000  1.087754E-001  9.940664E-001  0.000000E+000  0.000000E+000  0.000000E+000  1.000000E+000
  3.980000E+000  4.950686E-001  7.005030E-002  0.000000E+000  9.901373E-001 -1.401006E-001  0.000000E+000  1.401006E-001  9.901373E-001  0.000000E+000  0.000000E+000  0.000000E+000  1.000000E+000
