% FILE: wrong/Data.4
%
%       t         P_Na_Co[1]     P_Na_Co[2]     P_Na_Co[3]      N_C[1,1]       N_C[1,2]       N_C[1,3]       N_C[2,1]       N_C[2,2]       N_C[2,3]       N_C[3,1]       N_C[3,2]       N_C[3,3]
%   (second)        (meter)        (meter)        (meter)       (NoUnits)      (NoUnits)      (NoUnits)      (NoUnits)      (NoUnits)      (NoUnits)      (NoUnits)      (NoUnits)      (NoUnits)

  0.000000E+000  9.396926E-001  1.342020E+000  0.000000E+000  9.396926E-001 -3.420201E-001  0.000000E+000  3.420201E-001  9.396926E-001  0.000000E+000  0.000000E+000  0.000000E+000  1.000000E+000
  2.000000E-002  9.398484E-001  1.341592E+000  0.000000E+000  9.398484E-001 -3.415918E-001  0.000000E+000  3.415918E-001  9.398484E-001  0.000000E+000  0.000000E+000  0.000000E+000  1.000000E+000
  4.000000E-002  9.403144E-001  1.340307E+000  0.000000E+000  9.403144E-001 -3.403071E-001  0.000000E+000  3.403071E-001  9.403144E-001  0.000000E+000  0.000000E+000  0.000000E+000  1.000000E+000
  6.000000E-002  9.410860E-001  1.338167E+000  0.000000E+000  9.410860E-001 -3.381673E-001  0.000000E+000  3.381673E-001  9.410860E-001  0.000000E+000  0.000000E+000  0.000000E+000  1.000000E+000
  8.000000E-002  9.421560E-001  1.335175E+000  0.000000E+000  9.421560E-001 -3.351747E-001  0.000000E+000  3.351747E-001  9.421560E-001  0.000000E+000  0.000000E+000  0.000000E+000  1.000000E+000
  1.000000E-001  9.435141E-001  1.331332E+000  0.000000E+000  9.435141E-001 -3.313324E-001  0.000000E+000  3.313324E-001  9.435141E-001  0.000000E+000  0.000000E+000  0.000000E+000  1.000000E+000
  1.200000E-001  9.451470E-001  1.326645E+000  0.000000E+000  9.451470E-001 -3.266452E-001  0.000000E+000  3.266452E-001  9.451470E-001  0.000000E+000  0.000000E+000  0.000000E+000  1.000000E+000
  1.400000E-001  9.470389E-001  1.321119E+000  0.000000E+000  9.470389E-001 -3.211189E-001  0.000000E+000  3.211189E-001  9.470389E-001  0.000000E+000  0.000000E+000  0.000000E+000  1.000000E+000
  1.600000E-001  9.491708E-001  1.314762E+000  0.000000E+000  9.491708E-001 -3.147616E-001  0.000000E+000  3.147616E-001  9.491708E-001  0.000000E+000  0.000000E+000  0.000000E+000  1.000000E+000
  1.800000E-001  9.515212E-001  1.307583E+000  0.000000E+000  9.515212E-001 -3.075830E-001  0.000000E+000  3.075830E-001  9.515212E-001  0.000000E+000  0.000000E+000  0.000000E+000  1.000000E+000
  2.000000E-001  9.540663E-001  1.299596E+000  0.000000E+000  9.540663E-001 -2.995956E-001  0.000000E+000  2.995956E-001  9.540663E-001  0.000000E+000  0.000000E+000  0.000000E+000  1.000000E+000
  2.200000E-001  9.567796E-001  1.290814E+000  0.000000E+000  9.567796E-001 -2.908142E-001  0.000000E+000  2.908142E-001  9.567796E-001  0.000000E+000  0.000000E+000  0.000000E+000  1.000000E+000
  2.400000E-001  9.596326E-001  1.281257E+000  0.000000E+000  9.596326E-001 -2.812566E-001  0.000000E+000  2.812566E-001  9.596326E-001  0.000000E+000  0.000000E+000  0.000000E+000  1.000000E+000
  2.600000E-001  9.625952E-001  1.270944E+000  0.000000E+000  9.625952E-001 -2.709438E-001  0.000000E+000  2.709438E-001  9.625952E-001  0.000000E+000  0.000000E+000  0.000000E+000  1.000000E+000
  2.800000E-001  9.656355E-001  1.259900E+000  0.000000E+000  9.656355E-001 -2.599001E-001  0.000000E+000  2.599001E-001  9.656355E-001  0.000000E+000  0.000000E+000  0.000000E+000  1.000000E+000
  3.000000E-001  9.687208E-001  1.248153E+000  0.000000E+000  9.687208E-001 -2.481532E-001  0.000000E+000  2.481532E-001  9.687208E-001  0.000000E+000  0.000000E+000  0.000000E+000  1.000000E+000
  3.200000E-001  9.718174E-001  1.235735E+000  0.000000E+000  9.718174E-001 -2.357347E-001  0.000000E+000  2.357347E-001  9.718174E-001  0.000000E+000  0.000000E+000  0.000000E+000  1.000000E+000
  3.400000E-001  9.748917E-001  1.222680E+000  0.000000E+000  9.748917E-001 -2.226796E-001  0.000000E+000  2.226796E-001  9.748917E-001  0.000000E+000  0.000000E+000  0.000000E+000  1.000000E+000
  3.600000E-001  9.779099E-001  1.209027E+000  0.000000E+000  9.779099E-001 -2.090269E-001  0.000000E+000  2.090269E-001  9.779099E-001  0.000000E+000  0.000000E+000  0.000000E+000  1.000000E+000
  3.800000E-001  9.808392E-001  1.194819E+000  0.000000E+000  9.808392E-001 -1.948189E-001  0.000000E+000  1.948189E-001  9.808392E-001  0.000000E+000  0.000000E+000  0.000000E+000  1.000000E+000
  4.000000E-001  9.836480E-001  1.180102E+000  0.000000E+000  9.836480E-001 -1.801019E-001  0.000000E+000  1.801019E-001  9.836480E-001  0.000000E+000  0.000000E+000  0.000000E+000  1.000000E+000
  4.200000E-001  9.863061E-001  1.164925E+000  0.000000E+000  9.863061E-001 -1.649252E-001  0.000000E+000  1.649252E-001  9.863061E-001  0.000000E+000  0.000000E+000  0.000000E+000  1.000000E+000
  4.400000E-001  9.887857E-001  1.149342E+000  0.000000E+000  9.887857E-001 -1.493415E-001  0.000000E+000  1.493415E-001  9.887857E-001  0.000000E+000  0.000000E+000  0.000000E+000  1.000000E+000
  4.600000E-001  9.910614E-001  1.133407E+000  0.000000E+000  9.910614E-001 -1.334066E-001  0.000000E+000  1.334066E-001  9.910614E-001  0.000000E+000  0.000000E+000  0.000000E+000  1.000000E+000
  4.800000E-001  9.931109E-001  1.117178E+000  0.000000E+000  9.931109E-001 -1.171785E-001  0.000000E+000  1.171785E-001  9.931109E-001  0.000000E+000  0.000000E+000  0.000000E+000  1.000000E+000
  5.000000E-001  9.949150E-001  1.100718E+000  0.000000E+000  9.949150E-001 -1.007177E-001  0.000000E+000  1.007177E-001  9.949150E-001  0.000000E+000  0.000000E+000  0.000000E+000  1.000000E+000
  5.200000E-001  9.964585E-001  1.084087E+000  0.000000E+000  9.964585E-001 -8.408656E-002  0.000000E+000  8.408656E-002  9.964585E-001  0.000000E+000  0.000000E+000  0.000000E+000  1.000000E+000
  5.400000E-001  9.977295E-001  1.067349E+000  0.000000E+000  9.977295E-001 -6.734862E-002  0.000000E+000  6.734862E-002  9.977295E-001  0.000000E+000  0.000000E+000  0.000000E+000  1.000000E+000
  5.600000E-001  9.987206E-001  1.050568E+000  0.000000E+000  9.987206E-001 -5.056845E-002  0.000000E+000  5.056845E-002  9.987206E-001  0.000000E+000  0.000000E+000  0.000000E+000  1.000000E+000
  5.800000E-001  9.994282E-001  1.033811E+000  0.000000E+000  9.994282E-001 -3.381102E-002  0.000000E+000  3.381102E-002  9.994282E-001  0.000000E+000  0.000000E+000  0.000000E+000  1.000000E+000
  6.000000E-001  9.998531E-001  1.017141E+000  0.000000E+000  9.998531E-001 -1.714118E-002  0.000000E+000  1.714118E-002  9.998531E-001  0.000000E+000  0.000000E+000  0.000000E+000  1.000000E+000
  6.200000E-001  9.999998E-001  1.000623E+000  0.000000E+000  9.999998E-001 -6.232121E-004  0.000000E+000  6.232121E-004  9.999998E-001  0.000000E+000  0.000000E+000  0.000000E+000  1.000000E+000
  6.400000E-001  9.998771E-001  9.843203E-001  0.000000E+000  9.998771E-001  1.567970E-002  0.000000E+000 -1.567970E-002  9.998771E-001  0.000000E+000  0.000000E+000  0.000000E+000  1.000000E+000
  6.600000E-001  9.994972E-001  9.682941E-001  0.000000E+000  9.994972E-001  3.170593E-002  0.000000E+000 -3.170593E-002  9.994972E-001  0.000000E+000  0.000000E+000  0.000000E+000  1.000000E+000
  6.800000E-001  9.988762E-001  9.526041E-001  0.000000E+000  9.988762E-001  4.739585E-002  0.000000E+000 -4.739585E-002  9.988762E-001  0.000000E+000  0.000000E+000  0.000000E+000  1.000000E+000
  7.000000E-001  9.980329E-001  9.373077E-001  0.000000E+000  9.980329E-001  6.269228E-002  0.000000E+000 -6.269228E-002  9.980329E-001  0.000000E+000  0.000000E+000  0.000000E+000  1.000000E+000
  7.200000E-001  9.969892E-001  9.224592E-001  0.000000E+000  9.969892E-001  7.754078E-002  0.000000E+000 -7.754078E-002  9.969892E-001  0.000000E+000  0.000000E+000  0.000000E+000  1.000000E+000
  7.400000E-001  9.957692E-001  9.081100E-001  0.000000E+000  9.957692E-001  9.189004E-002  0.000000E+000 -9.189004E-002  9.957692E-001  0.000000E+000  0.000000E+000  0.000000E+000  1.000000E+000
  7.600000E-001  9.943989E-001  8.943079E-001  0.000000E+000  9.943989E-001  1.056921E-001  0.000000E+000 -1.056921E-001  9.943989E-001  0.000000E+000  0.000000E+000  0.000000E+000  1.000000E+000
  7.800000E-001  9.929059E-001  8.810975E-001  0.000000E+000  9.929059E-001  1.189025E-001  0.000000E+000 -1.189025E-001  9.929059E-001  0.000000E+000  0.000000E+000  0.000000E+000  1.000000E+000
  8.000000E-001  9.913188E-001  8.685195E-001  0.000000E+000  9.913188E-001  1.314805E-001  0.000000E+000 -1.314805E-001  9.913188E-001  0.000000E+000  0.000000E+000  0.000000E+000  1.000000E+000
  8.200000E-001  9.896664E-001  8.566108E-001  0.000000E+000  9.896664E-001  1.433892E-001  0.000000E+000 -1.433892E-001  9.896664E-001  0.000000E+000  0.000000E+000  0.000000E+000  1.000000E+000
  8.400000E-001  9.879779E-001  8.454047E-001  0.000000E+000  9.879779E-001  1.545953E-001  0.000000E+000 -1.545953E-001  9.879779E-001  0.000000E+000  0.000000E+000  0.000000E+000  1.000000E+000
  8.600000E-001  9.862820E-001  8.349307E-001  0.000000E+000  9.862820E-001  1.650693E-001  0.000000E+000 -1.650693E-001  9.862820E-001  0.000000E+000  0.000000E+000  0.000000E+000  1.000000E+000
  8.800000E-001  9.846066E-001  8.252146E-001  0.000000E+000  9.846066E-001  1.747854E-001  0.000000E+000 -1.747854E-001  9.846066E-001  0.000000E+000  0.000000E+000  0.000000E+000  1.000000E+000
  9.000000E-001  9.829784E-001  8.162791E-001  0.000000E+000  9.829784E-001  1.837209E-001  0.000000E+000 -1.837209E-001  9.829784E-001  0.000000E+000  0.000000E+000  0.000000E+000  1.000000E+000
  9.200000E-001  9.814229E-001  8.081433E-001  0.000000E+000  9.814229E-001  1.918567E-001  0.000000E+000 -1.918567E-001  9.814229E-001  0.000000E+000  0.000000E+000  0.000000E+000  1.000000E+000
  9.400000E-001  9.799636E-001  8.008235E-001  0.000000E+000  9.799636E-001  1.991765E-001  0.000000E+000 -1.991765E-001  9.799636E-001  0.000000E+000  0.000000E+000  0.000000E+000  1.000000E+000
  9.600000E-001  9.786221E-001  7.943332E-001  0.000000E+000  9.786221E-001  2.056668E-001  0.000000E+000 -2.056668E-001  9.786221E-001  0.000000E+000  0.000000E+000  0.000000E+000  1.000000E+000
  9.800000E-001  9.774177E-001  7.886836E-001  0.000000E+000  9.774177E-001  2.113164E-001  0.000000E+000 -2.113164E-001  9.774177E-001  0.000000E+000  0.000000E+000  0.000000E+000  1.000000E+000
  1.000000E+000  9.763676E-001  7.838835E-001  0.000000E+000  9.763676E-001  2.161165E-001  0.000000E+000 -2.161165E-001  9.763676E-001  0.000000E+000  0.000000E+000  0.000000E+000  1.000000E+000
  1.020000E+000  9.754863E-001  7.799400E-001  0.000000E+000  9.754863E-001  2.200600E-001  0.000000E+000 -2.200600E-001  9.754863E-001  0.000000E+000  0.000000E+000  0.000000E+000  1.000000E+000
  1.040000E+000  9.747860E-001  7.768584E-001  0.000000E+000  9.747860E-001  2.231416E-001  0.000000E+000 -2.231416E-001  9.747860E-001  0.000000E+000  0.000000E+000  0.000000E+000  1.000000E+000
  1.060000E+000  9.742762E-001  7.746426E-001  0.000000E+000  9.742762E-001  2.253574E-001  0.000000E+000 -2.253574E-001  9.742762E-001  0.000000E+000  0.000000E+000  0.000000E+000  1.000000E+000
  1.080000E+000  9.739635E-001  7.732953E-001  0.000000E+000  9.739635E-001  2.267047E-001  0.000000E+000 -2.267047E-001  9.739635E-001  0.000000E+000  0.000000E+000  0.000000E+000  1.000000E+000
  1.100000E+000  9.738524E-001  7.728182E-001  0.000000E+000  9.738524E-001  2.271818E-001  0.000000E+000 -2.271818E-001  9.738524E-001  0.000000E+000  0.000000E+000  0.000000E+000  1.000000E+000
  1.120000E+000  9.739441E-001  7.732116E-001  0.000000E+000  9.739441E-001  2.267884E-001  0.000000E+000 -2.267884E-001  9.739441E-001  0.000000E+000  0.000000E+000  0.000000E+000  1.000000E+000
  1.140000E+000  9.742374E-001  7.744753E-001  0.000000E+000  9.742374E-001  2.255247E-001  0.000000E+000 -2.255247E-001  9.742374E-001  0.000000E+000  0.000000E+000  0.000000E+000  1.000000E+000
  1.160000E+000  9.747286E-001  7.766077E-001  0.000000E+000  9.747286E-001  2.233923E-001  0.000000E+000 -2.233923E-001  9.747286E-001  0.000000E+000  0.000000E+000  0.000000E+000  1.000000E+000
  1.180000E+000  9.754110E-001  7.796062E-001  0.000000E+000  9.754110E-001  2.203938E-001  0.000000E+000 -2.203938E-001  9.754110E-001  0.000000E+000  0.000000E+000  0.000000E+000  1.000000E+000
  1.200000E+000  9.762753E-001  7.834671E-001  0.000000E+000  9.762753E-001  2.165329E-001  0.000000E+000 -2.165329E-001  9.762753E-001  0.000000E+000  0.000000E+000  0.000000E+000  1.000000E+000
  1.220000E+000  9.773098E-001  7.881851E-001  0.000000E+000  9.773098E-001  2.118149E-001  0.000000E+000 -2.118149E-001  9.773098E-001  0.000000E+000  0.000000E+000  0.000000E+000  1.000000E+000
  1.240000E+000  9.785000E-001  7.937534E-001  0.000000E+000  9.785000E-001  2.062466E-001  0.000000E+000 -2.062466E-001  9.785000E-001  0.000000E+000  0.000000E+000  0.000000E+000  1.000000E+000
  1.260000E+000  9.798292E-001  8.001633E-001  0.000000E+000  9.798292E-001  1.998367E-001  0.000000E+000 -1.998367E-001  9.798292E-001  0.000000E+000  0.000000E+000  0.000000E+000  1.000000E+000
  1.280000E+000  9.812781E-001  8.074039E-001  0.000000E+000  9.812781E-001  1.925961E-001  0.000000E+000 -1.925961E-001  9.812781E-001  0.000000E+000  0.000000E+000  0.000000E+000  1.000000E+000
  1.300000E+000  9.828254E-001  8.154619E-001  0.000000E+000  9.828254E-001  1.845381E-001  0.000000E+000 -1.845381E-001  9.828254E-001  0.000000E+000  0.000000E+000  0.000000E+000  1.000000E+000
  1.320000E+000  9.844476E-001  8.243213E-001  0.000000E+000  9.844476E-001  1.756787E-001  0.000000E+000 -1.756787E-001  9.844476E-001  0.000000E+000  0.000000E+000  0.000000E+000  1.000000E+000
  1.340000E+000  9.861196E-001  8.339632E-001  0.000000E+000  9.861196E-001  1.660368E-001  0.000000E+000 -1.660368E-001  9.861196E-001  0.000000E+000  0.000000E+000  0.000000E+000  1.000000E+000
  1.360000E+000  9.878147E-001  8.443655E-001  0.000000E+000  9.878147E-001  1.556345E-001  0.000000E+000 -1.556345E-001  9.878147E-001  0.000000E+000  0.000000E+000  0.000000E+000  1.000000E+000
  1.380000E+000  9.895052E-001  8.555024E-001  0.000000E+000  9.895052E-001  1.444976E-001  0.000000E+000 -1.444976E-001  9.895052E-001  0.000000E+000  0.000000E+000  0.000000E+000  1.000000E+000
  1.400000E+000  9.911623E-001  8.673449E-001  0.000000E+000  9.911623E-001  1.326551E-001  0.000000E+000 -1.326551E-001  9.911623E-001  0.000000E+000  0.000000E+000  0.000000E+000  1.000000E+000
  1.420000E+000  9.927570E-001  8.798602E-001  0.000000E+000  9.927570E-001  1.201398E-001  0.000000E+000 -1.201398E-001  9.927570E-001  0.000000E+000  0.000000E+000  0.000000E+000  1.000000E+000
  1.440000E+000  9.942603E-001  8.930115E-001  0.000000E+000  9.942603E-001  1.069885E-001  0.000000E+000 -1.069885E-001  9.942603E-001  0.000000E+000  0.000000E+000  0.000000E+000  1.000000E+000
  1.460000E+000  9.956435E-001  9.067585E-001  0.000000E+000  9.956435E-001  9.324148E-002  0.000000E+000 -9.324148E-002  9.956435E-001  0.000000E+000  0.000000E+000  0.000000E+000  1.000000E+000
  1.480000E+000  9.968791E-001  9.210572E-001  0.000000E+000  9.968791E-001  7.894280E-002  0.000000E+000 -7.894280E-002  9.968791E-001  0.000000E+000  0.000000E+000  0.000000E+000  1.000000E+000
  1.500000E+000  9.979409E-001  9.358599E-001  0.000000E+000  9.979409E-001  6.414012E-002  0.000000E+000 -6.414012E-002  9.979409E-001  0.000000E+000  0.000000E+000  0.000000E+000  1.000000E+000
  1.520000E+000  9.988044E-001  9.511156E-001  0.000000E+000  9.988044E-001  4.888444E-002  0.000000E+000 -4.888444E-002  9.988044E-001  0.000000E+000  0.000000E+000  0.000000E+000  1.000000E+000
  1.540000E+000  9.994477E-001  9.667701E-001  0.000000E+000  9.994477E-001  3.322990E-002  0.000000E+000 -3.322990E-002  9.994477E-001  0.000000E+000  0.000000E+000  0.000000E+000  1.000000E+000
  1.560000E+000  9.998515E-001  9.827666E-001  0.000000E+000  9.998515E-001  1.723345E-002  0.000000E+000 -1.723345E-002  9.998515E-001  0.000000E+000  0.000000E+000  0.000000E+000  1.000000E+000
  1.580000E+000  9.999995E-001  9.990455E-001  0.000000E+000  9.999995E-001  9.544894E-004  0.000000E+000 -9.544894E-004  9.999995E-001  0.000000E+000  0.000000E+000  0.000000E+000  1.000000E+000
  1.600000E+000  9.998792E-001  1.015546E+000  0.000000E+000  9.998792E-001 -1.554553E-002  0.000000E+000  1.554553E-002  9.998792E-001  0.000000E+000  0.000000E+000  0.000000E+000  1.000000E+000
  1.620000E+000  9.994813E-001  1.032204E+000  0.000000E+000  9.994813E-001 -3.220354E-002  0.000000E+000  3.220354E-002  9.994813E-001  0.000000E+000  0.000000E+000  0.000000E+000  1.000000E+000
  1.640000E+000  9.988010E-001  1.048955E+000  0.000000E+000  9.988010E-001 -4.895537E-002  0.000000E+000  4.895537E-002  9.988010E-001  0.000000E+000  0.000000E+000  0.000000E+000  1.000000E+000
  1.660000E+000  9.978370E-001  1.065736E+000  0.000000E+000  9.978370E-001 -6.573617E-002  0.000000E+000  6.573617E-002  9.978370E-001  0.000000E+000  0.000000E+000  0.000000E+000  1.000000E+000
  1.680000E+000  9.965926E-001  1.082481E+000  0.000000E+000  9.965926E-001 -8.248099E-002  0.000000E+000  8.248099E-002  9.965926E-001  0.000000E+000  0.000000E+000  0.000000E+000  1.000000E+000
  1.700000E+000  9.950750E-001  1.099125E+000  0.000000E+000  9.950750E-001 -9.912521E-002  0.000000E+000  9.912521E-002  9.950750E-001  0.000000E+000  0.000000E+000  0.000000E+000  1.000000E+000
  1.720000E+000  9.932953E-001  1.115605E+000  0.000000E+000  9.932953E-001 -1.156051E-001  0.000000E+000  1.156051E-001  9.932953E-001  0.000000E+000  0.000000E+000  0.000000E+000  1.000000E+000
  1.740000E+000  9.912686E-001  1.131858E+000  0.000000E+000  9.912686E-001 -1.318582E-001  0.000000E+000  1.318582E-001  9.912686E-001  0.000000E+000  0.000000E+000  0.000000E+000  1.000000E+000
  1.760000E+000  9.890137E-001  1.147824E+000  0.000000E+000  9.890137E-001 -1.478239E-001  0.000000E+000  1.478239E-001  9.890137E-001  0.000000E+000  0.000000E+000  0.000000E+000  1.000000E+000
  1.780000E+000  9.865527E-001  1.163444E+000  0.000000E+000  9.865527E-001 -1.634438E-001  0.000000E+000  1.634438E-001  9.865527E-001  0.000000E+000  0.000000E+000  0.000000E+000  1.000000E+000
  1.800000E+000  9.839105E-001  1.178662E+000  0.000000E+000  9.839105E-001 -1.786619E-001  0.000000E+000  1.786619E-001  9.839105E-001  0.000000E+000  0.000000E+000  0.000000E+000  1.000000E+000
  1.820000E+000  9.811150E-001  1.193425E+000  0.000000E+000  9.811150E-001 -1.934254E-001  0.000000E+000  1.934254E-001  9.811150E-001  0.000000E+000  0.000000E+000  0.000000E+000  1.000000E+000
  1.840000E+000  9.781959E-001  1.207684E+000  0.000000E+000  9.781959E-001 -2.076843E-001  0.000000E+000  2.076843E-001  9.781959E-001  0.000000E+000  0.000000E+000  0.000000E+000  1.000000E+000
  1.860000E+000  9.751848E-001  1.221392E+000  0.000000E+000  9.751848E-001 -2.213924E-001  0.000000E+000  2.213924E-001  9.751848E-001  0.000000E+000  0.000000E+000  0.000000E+000  1.000000E+000
  1.880000E+000  9.721145E-001  1.234507E+000  0.000000E+000  9.721145E-001 -2.345067E-001  0.000000E+000  2.345067E-001  9.721145E-001  0.000000E+000  0.000000E+000  0.000000E+000  1.000000E+000
  1.900000E+000  9.690185E-001  1.246988E+000  0.000000E+000  9.690185E-001 -2.469880E-001  0.000000E+000  2.469880E-001  9.690185E-001  0.000000E+000  0.000000E+000  0.000000E+000  1.000000E+000
  1.920000E+000  9.659307E-001  1.258801E+000  0.000000E+000  9.659307E-001 -2.588008E-001  0.000000E+000  2.588008E-001  9.659307E-001  0.000000E+000  0.000000E+000  0.000000E+000  1.000000E+000
  1.940000E+000  9.628846E-001  1.269913E+000  0.000000E+000  9.628846E-001 -2.699134E-001  0.000000E+000  2.699134E-001  9.628846E-001  0.000000E+000  0.000000E+000  0.000000E+000  1.000000E+000
  1.960000E+000  9.599132E-001  1.280298E+000  0.000000E+000  9.599132E-001 -2.802976E-001  0.000000E+000  2.802976E-001  9.599132E-001  0.000000E+000  0.000000E+000  0.000000E+000  1.000000E+000
  1.980000E+000  9.570482E-001  1.289929E+000  0.000000E+000  9.570482E-001 -2.899287E-001  0.000000E+000  2.899287E-001  9.570482E-001  0.000000E+000  0.000000E+000  0.000000E+000  1.000000E+000
  2.000000E+000  9.543203E-001  1.298786E+000  0.000000E+000  9.543203E-001 -2.987856E-001  0.000000E+000  2.987856E-001  9.543203E-001  0.000000E+000  0.000000E+000  0.000000E+000  1.000000E+000
  2.020000E+000  9.517579E-001  1.306850E+000  0.000000E+000  9.517579E-001 -3.068500E-001  0.000000E+000  3.068500E-001  9.517579E-001  0.000000E+000  0.000000E+000  0.000000E+000  1.000000E+000
  2.040000E+000  9.493876E-001  1.314107E+000  0.000000E+000  9.493876E-001 -3.141069E-001  0.000000E+000  3.141069E-001  9.493876E-001  0.000000E+000  0.000000E+000  0.000000E+000  1.000000E+000
  2.060000E+000  9.472337E-001  1.320544E+000  0.000000E+000  9.472337E-001 -3.205437E-001  0.000000E+000  3.205437E-001  9.472337E-001  0.000000E+000  0.000000E+000  0.000000E+000  1.000000E+000
  2.080000E+000  9.453180E-001  1.326150E+000  0.000000E+000  9.453180E-001 -3.261502E-001  0.000000E+000  3.261502E-001  9.453180E-001  0.000000E+000  0.000000E+000  0.000000E+000  1.000000E+000
  2.100000E+000  9.436594E-001  1.330918E+000  0.000000E+000  9.436594E-001 -3.309184E-001  0.000000E+000  3.309184E-001  9.436594E-001  0.000000E+000  0.000000E+000  0.000000E+000  1.000000E+000
  2.120000E+000  9.422742E-001  1.334842E+000  0.000000E+000  9.422742E-001 -3.348422E-001  0.000000E+000  3.348422E-001  9.422742E-001  0.000000E+000  0.000000E+000  0.000000E+000  1.000000E+000
  2.140000E+000  9.411760E-001  1.337917E+000  0.000000E+000  9.411760E-001 -3.379166E-001  0.000000E+000  3.379166E-001  9.411760E-001  0.000000E+000  0.000000E+000  0.000000E+000  1.000000E+000
  2.160000E+000  9.403754E-001  1.340138E+000  0.000000E+000  9.403754E-001 -3.401385E-001  0.000000E+000  3.401385E-001  9.403754E-001  0.000000E+000  0.000000E+000  0.000000E+000  1.000000E+000
  2.180000E+000  9.398798E-001  1.341505E+000  0.000000E+000  9.398798E-001 -3.415055E-001  0.000000E+000  3.415055E-001  9.398798E-001  0.000000E+000  0.000000E+000  0.000000E+000  1.000000E+000
  2.200000E+000  9.396941E-001  1.342016E+000  0.000000E+000  9.396941E-001 -3.420162E-001  0.000000E+000  3.420162E-001  9.396941E-001  0.000000E+000  0.000000E+000  0.000000E+000  1.000000E+000
  2.220000E+000  9.398199E-001  1.341670E+000  0.000000E+000  9.398199E-001 -3.416702E-001  0.000000E+000  3.416702E-001  9.398199E-001  0.000000E+000  0.000000E+000  0.000000E+000  1.000000E+000
  2.240000E+000  9.402562E-001  1.340468E+000  0.000000E+000  9.402562E-001 -3.404678E-001  0.000000E+000  3.404678E-001  9.402562E-001  0.000000E+000  0.000000E+000  0.000000E+000  1.000000E+000
  2.260000E+000  9.409987E-001  1.338410E+000  0.000000E+000  9.409987E-001 -3.384101E-001  0.000000E+000  3.384101E-001  9.409987E-001  0.000000E+000  0.000000E+000  0.000000E+000  1.000000E+000
  2.280000E+000  9.420404E-001  1.335499E+000  0.000000E+000  9.420404E-001 -3.354994E-001  0.000000E+000  3.354994E-001  9.420404E-001  0.000000E+000  0.000000E+000  0.000000E+000  1.000000E+000
  2.300000E+000  9.433713E-001  1.331739E+000  0.000000E+000  9.433713E-001 -3.317386E-001  0.000000E+000  3.317386E-001  9.433713E-001  0.000000E+000  0.000000E+000  0.000000E+000  1.000000E+000
  2.320000E+000  9.449785E-001  1.327132E+000  0.000000E+000  9.449785E-001 -3.271324E-001  0.000000E+000  3.271324E-001  9.449785E-001  0.000000E+000  0.000000E+000  0.000000E+000  1.000000E+000
  2.340000E+000  9.468463E-001  1.321686E+000  0.000000E+000  9.468463E-001 -3.216865E-001  0.000000E+000  3.216865E-001  9.468463E-001  0.000000E+000  0.000000E+000  0.000000E+000  1.000000E+000
  2.360000E+000  9.489560E-001  1.315409E+000  0.000000E+000  9.489560E-001 -3.154086E-001  0.000000E+000  3.154086E-001  9.489560E-001  0.000000E+000  0.000000E+000  0.000000E+000  1.000000E+000
  2.380000E+000  9.512864E-001  1.308309E+000  0.000000E+000  9.512864E-001 -3.083085E-001  0.000000E+000  3.083085E-001  9.512864E-001  0.000000E+000  0.000000E+000  0.000000E+000  1.000000E+000
  2.400000E+000  9.538139E-001  1.300398E+000  0.000000E+000  9.538139E-001 -3.003983E-001  0.000000E+000  3.003983E-001  9.538139E-001  0.000000E+000  0.000000E+000  0.000000E+000  1.000000E+000
  2.420000E+000  9.565122E-001  1.291692E+000  0.000000E+000  9.565122E-001 -2.916924E-001  0.000000E+000  2.916924E-001  9.565122E-001  0.000000E+000  0.000000E+000  0.000000E+000  1.000000E+000
  2.440000E+000  9.593531E-001  1.282209E+000  0.000000E+000  9.593531E-001 -2.822086E-001  0.000000E+000  2.822086E-001  9.593531E-001  0.000000E+000  0.000000E+000  0.000000E+000  1.000000E+000
  2.460000E+000  9.623065E-001  1.271967E+000  0.000000E+000  9.623065E-001 -2.719674E-001  0.000000E+000  2.719674E-001  9.623065E-001  0.000000E+000  0.000000E+000  0.000000E+000  1.000000E+000
  2.480000E+000  9.653407E-001  1.260993E+000  0.000000E+000  9.653407E-001 -2.609928E-001  0.000000E+000  2.609928E-001  9.653407E-001  0.000000E+000  0.000000E+000  0.000000E+000  1.000000E+000
  2.500000E+000  9.684231E-001  1.249312E+000  0.000000E+000  9.684231E-001 -2.493123E-001  0.000000E+000  2.493123E-001  9.684231E-001  0.000000E+000  0.000000E+000  0.000000E+000  1.000000E+000
  2.520000E+000  9.715202E-001  1.236957E+000  0.000000E+000  9.715202E-001 -2.369569E-001  0.000000E+000  2.369569E-001  9.715202E-001  0.000000E+000  0.000000E+000  0.000000E+000  1.000000E+000
  2.540000E+000  9.745980E-001  1.223961E+000  0.000000E+000  9.745980E-001 -2.239614E-001  0.000000E+000  2.239614E-001  9.745980E-001  0.000000E+000  0.000000E+000  0.000000E+000  1.000000E+000
  2.560000E+000  9.776231E-001  1.210364E+000  0.000000E+000  9.776231E-001 -2.103643E-001  0.000000E+000  2.103643E-001  9.776231E-001  0.000000E+000  0.000000E+000  0.000000E+000  1.000000E+000
  2.580000E+000  9.805623E-001  1.196208E+000  0.000000E+000  9.805623E-001 -1.962078E-001  0.000000E+000  1.962078E-001  9.805623E-001  0.000000E+000  0.000000E+000  0.000000E+000  1.000000E+000
  2.600000E+000  9.833840E-001  1.181538E+000  0.000000E+000  9.833840E-001 -1.815375E-001  0.000000E+000  1.815375E-001  9.833840E-001  0.000000E+000  0.000000E+000  0.000000E+000  1.000000E+000
  2.620000E+000  9.860579E-001  1.166403E+000  0.000000E+000  9.860579E-001 -1.664028E-001  0.000000E+000  1.664028E-001  9.860579E-001  0.000000E+000  0.000000E+000  0.000000E+000  1.000000E+000
  2.640000E+000  9.885558E-001  1.150856E+000  0.000000E+000  9.885558E-001 -1.508559E-001  0.000000E+000  1.508559E-001  9.885558E-001  0.000000E+000  0.000000E+000  0.000000E+000  1.000000E+000
  2.660000E+000  9.908521E-001  1.134952E+000  0.000000E+000  9.908521E-001 -1.349522E-001  0.000000E+000  1.349522E-001  9.908521E-001  0.000000E+000  0.000000E+000  0.000000E+000  1.000000E+000
  2.680000E+000  9.929242E-001  1.118750E+000  0.000000E+000  9.929242E-001 -1.187497E-001  0.000000E+000  1.187497E-001  9.929242E-001  0.000000E+000  0.000000E+000  0.000000E+000  1.000000E+000
  2.700000E+000  9.947527E-001  1.102309E+000  0.000000E+000  9.947527E-001 -1.023087E-001  0.000000E+000  1.023087E-001  9.947527E-001  0.000000E+000  0.000000E+000  0.000000E+000  1.000000E+000
  2.720000E+000  9.963217E-001  1.085691E+000  0.000000E+000  9.963217E-001 -8.569114E-002  0.000000E+000  8.569114E-002  9.963217E-001  0.000000E+000  0.000000E+000  0.000000E+000  1.000000E+000
  2.740000E+000  9.976194E-001  1.068961E+000  0.000000E+000  9.976194E-001 -6.896067E-002  0.000000E+000  6.896067E-002  9.976194E-001  0.000000E+000  0.000000E+000  0.000000E+000  1.000000E+000
  2.760000E+000  9.986376E-001  1.052182E+000  0.000000E+000  9.986376E-001 -5.218174E-002  0.000000E+000  5.218174E-002  9.986376E-001  0.000000E+000  0.000000E+000  0.000000E+000  1.000000E+000
  2.780000E+000  9.993725E-001  1.035419E+000  0.000000E+000  9.993725E-001 -3.541930E-002  0.000000E+000  3.541930E-002  9.993725E-001  0.000000E+000  0.000000E+000  0.000000E+000  1.000000E+000
  2.800000E+000  9.998244E-001  1.018738E+000  0.000000E+000  9.998244E-001 -1.873824E-002  0.000000E+000  1.873824E-002  9.998244E-001  0.000000E+000  0.000000E+000  0.000000E+000  1.000000E+000
  2.820000E+000  9.999976E-001  1.002203E+000  0.000000E+000  9.999976E-001 -2.202903E-003  0.000000E+000  2.202903E-003  9.999976E-001  0.000000E+000  0.000000E+000  0.000000E+000  1.000000E+000
  2.840000E+000  9.999003E-001  9.858766E-001  0.000000E+000  9.999003E-001  1.412339E-002  0.000000E+000 -1.412339E-002  9.999003E-001  0.000000E+000  0.000000E+000  0.000000E+000  1.000000E+000
  2.860000E+000  9.995445E-001  9.698212E-001  0.000000E+000  9.995445E-001  3.017884E-002  0.000000E+000 -3.017884E-002  9.995445E-001  0.000000E+000  0.000000E+000  0.000000E+000  1.000000E+000
  2.880000E+000  9.989459E-001  9.540964E-001  0.000000E+000  9.989459E-001  4.590363E-002  0.000000E+000 -4.590363E-002  9.989459E-001  0.000000E+000  0.000000E+000  0.000000E+000  1.000000E+000
  2.900000E+000  9.981231E-001  9.387597E-001  0.000000E+000  9.981231E-001  6.124030E-002  0.000000E+000 -6.124030E-002  9.981231E-001  0.000000E+000  0.000000E+000  0.000000E+000  1.000000E+000
  2.920000E+000  9.970976E-001  9.238659E-001  0.000000E+000  9.970976E-001  7.613414E-002  0.000000E+000 -7.613414E-002  9.970976E-001  0.000000E+000  0.000000E+000  0.000000E+000  1.000000E+000
  2.940000E+000  9.958934E-001  9.094665E-001  0.000000E+000  9.958934E-001  9.053354E-002  0.000000E+000 -9.053354E-002  9.958934E-001  0.000000E+000  0.000000E+000  0.000000E+000  1.000000E+000
  2.960000E+000  9.945364E-001  8.956098E-001  0.000000E+000  9.945364E-001  1.043902E-001  0.000000E+000 -1.043902E-001  9.945364E-001  0.000000E+000  0.000000E+000  0.000000E+000  1.000000E+000
  2.980000E+000  9.930540E-001  8.823407E-001  0.000000E+000  9.930540E-001  1.176593E-001  0.000000E+000 -1.176593E-001  9.930540E-001  0.000000E+000  0.000000E+000  0.000000E+000  1.000000E+000
  3.000000E+000  9.914746E-001  8.697002E-001  0.000000E+000  9.914746E-001  1.302998E-001  0.000000E+000 -1.302998E-001  9.914746E-001  0.000000E+000  0.000000E+000  0.000000E+000  1.000000E+000
  3.020000E+000  9.898273E-001  8.577257E-001  0.000000E+000  9.898273E-001  1.422743E-001  0.000000E+000 -1.422743E-001  9.898273E-001  0.000000E+000  0.000000E+000  0.000000E+000  1.000000E+000
  3.040000E+000  9.881410E-001  8.464507E-001  0.000000E+000  9.881410E-001  1.535493E-001  0.000000E+000 -1.535493E-001  9.881410E-001  0.000000E+000  0.000000E+000  0.000000E+000  1.000000E+000
  3.060000E+000  9.864446E-001  8.359051E-001  0.000000E+000  9.864446E-001  1.640949E-001  0.000000E+000 -1.640949E-001  9.864446E-001  0.000000E+000  0.000000E+000  0.000000E+000  1.000000E+000
  3.080000E+000  9.847660E-001  8.261151E-001  0.000000E+000  9.847660E-001  1.738849E-001  0.000000E+000 -1.738849E-001  9.847660E-001  0.000000E+000  0.000000E+000  0.000000E+000  1.000000E+000
  3.100000E+000  9.831322E-001  8.171037E-001  0.000000E+000  9.831322E-001  1.828963E-001  0.000000E+000 -1.828963E-001  9.831322E-001  0.000000E+000  0.000000E+000  0.000000E+000  1.000000E+000
  3.120000E+000  9.815687E-001  8.088902E-001  0.000000E+000  9.815687E-001  1.911098E-001  0.000000E+000 -1.911098E-001  9.815687E-001  0.000000E+000  0.000000E+000  0.000000E+000  1.000000E+000
  3.140000E+000  9.800991E-001  8.014913E-001  0.000000E+000  9.800991E-001  1.985087E-001  0.000000E+000 -1.985087E-001  9.800991E-001  0.000000E+000  0.000000E+000  0.000000E+000  1.000000E+000
  3.160000E+000  9.787454E-001  7.949208E-001  0.000000E+000  9.787454E-001  2.050792E-001  0.000000E+000 -2.050792E-001  9.787454E-001  0.000000E+000  0.000000E+000  0.000000E+000  1.000000E+000
  3.180000E+000  9.775270E-001  7.891900E-001  0.000000E+000  9.775270E-001  2.108100E-001  0.000000E+000 -2.108100E-001  9.775270E-001  0.000000E+000  0.000000E+000  0.000000E+000  1.000000E+000
  3.200000E+000  9.764614E-001  7.843079E-001  0.000000E+000  9.764614E-001  2.156921E-001  0.000000E+000 -2.156921E-001  9.764614E-001  0.000000E+000  0.000000E+000  0.000000E+000  1.000000E+000
  3.220000E+000  9.755634E-001  7.802817E-001  0.000000E+000  9.755634E-001  2.197183E-001  0.000000E+000 -2.197183E-001  9.755634E-001  0.000000E+000  0.000000E+000  0.000000E+000  1.000000E+000
  3.240000E+000  9.748452E-001  7.771171E-001  0.000000E+000  9.748452E-001  2.228829E-001  0.000000E+000 -2.228829E-001  9.748452E-001  0.000000E+000  0.000000E+000  0.000000E+000  1.000000E+000
  3.260000E+000  9.743167E-001  7.748179E-001  0.000000E+000  9.743167E-001  2.251821E-001  0.000000E+000 -2.251821E-001  9.743167E-001  0.000000E+000  0.000000E+000  0.000000E+000  1.000000E+000
  3.280000E+000  9.739849E-001  7.733871E-001  0.000000E+000  9.739849E-001  2.266129E-001  0.000000E+000 -2.266129E-001  9.739849E-001  0.000000E+000  0.000000E+000  0.000000E+000  1.000000E+000
  3.300000E+000  9.738542E-001  7.728262E-001  0.000000E+000  9.738542E-001  2.271738E-001  0.000000E+000 -2.271738E-001  9.738542E-001  0.000000E+000  0.000000E+000  0.000000E+000  1.000000E+000
  3.320000E+000  9.739264E-001  7.731360E-001  0.000000E+000  9.739264E-001  2.268640E-001  0.000000E+000 -2.268640E-001  9.739264E-001  0.000000E+000  0.000000E+000  0.000000E+000  1.000000E+000
  3.340000E+000  9.742006E-001  7.743160E-001  0.000000E+000  9.742006E-001  2.256840E-001  0.000000E+000 -2.256840E-001  9.742006E-001  0.000000E+000  0.000000E+000  0.000000E+000  1.000000E+000
  3.360000E+000  9.746730E-001  7.763650E-001  0.000000E+000  9.746730E-001  2.236350E-001  0.000000E+000 -2.236350E-001  9.746730E-001  0.000000E+000  0.000000E+000  0.000000E+000  1.000000E+000
  3.380000E+000  9.753373E-001  7.792804E-001  0.000000E+000  9.753373E-001  2.207196E-001  0.000000E+000 -2.207196E-001  9.753373E-001  0.000000E+000  0.000000E+000  0.000000E+000  1.000000E+000
  3.400000E+000  9.761846E-001  7.830585E-001  0.000000E+000  9.761846E-001  2.169415E-001  0.000000E+000 -2.169415E-001  9.761846E-001  0.000000E+000  0.000000E+000  0.000000E+000  1.000000E+000
  3.420000E+000  9.772033E-001  7.876944E-001  0.000000E+000  9.772033E-001  2.123056E-001  0.000000E+000 -2.123056E-001  9.772033E-001  0.000000E+000  0.000000E+000  0.000000E+000  1.000000E+000
  3.440000E+000  9.783793E-001  7.931813E-001  0.000000E+000  9.783793E-001  2.068187E-001  0.000000E+000 -2.068187E-001  9.783793E-001  0.000000E+000  0.000000E+000  0.000000E+000  1.000000E+000
  3.460000E+000  9.796959E-001  7.995107E-001  0.000000E+000  9.796959E-001  2.004893E-001  0.000000E+000 -2.004893E-001  9.796959E-001  0.000000E+000  0.000000E+000  0.000000E+000  1.000000E+000
  3.480000E+000  9.811342E-001  8.066720E-001  0.000000E+000  9.811342E-001  1.933280E-001  0.000000E+000 -1.933280E-001  9.811342E-001  0.000000E+000  0.000000E+000  0.000000E+000  1.000000E+000
  3.500000E+000  9.826730E-001  8.146521E-001  0.000000E+000  9.826730E-001  1.853479E-001  0.000000E+000 -1.853479E-001  9.826730E-001  0.000000E+000  0.000000E+000  0.000000E+000  1.000000E+000
  3.520000E+000  9.842890E-001  8.234352E-001  0.000000E+000  9.842890E-001  1.765648E-001  0.000000E+000 -1.765648E-001  9.842890E-001  0.000000E+000  0.000000E+000  0.000000E+000  1.000000E+000
  3.540000E+000  9.859574E-001  8.330028E-001  0.000000E+000  9.859574E-001  1.669972E-001  0.000000E+000 -1.669972E-001  9.859574E-001  0.000000E+000  0.000000E+000  0.000000E+000  1.000000E+000
  3.560000E+000  9.876515E-001  8.433330E-001  0.000000E+000  9.876515E-001  1.566670E-001  0.000000E+000 -1.566670E-001  9.876515E-001  0.000000E+000  0.000000E+000  0.000000E+000  1.000000E+000
  3.580000E+000  9.893436E-001  8.544006E-001  0.000000E+000  9.893436E-001  1.455994E-001  0.000000E+000 -1.455994E-001  9.893436E-001  0.000000E+000  0.000000E+000  0.000000E+000  1.000000E+000
  3.600000E+000  9.910052E-001  8.661766E-001  0.000000E+000  9.910052E-001  1.338234E-001  0.000000E+000 -1.338234E-001  9.910052E-001  0.000000E+000  0.000000E+000  0.000000E+000  1.000000E+000
  3.620000E+000  9.926072E-001  8.786287E-001  0.000000E+000  9.926072E-001  1.213713E-001  0.000000E+000 -1.213713E-001  9.926072E-001  0.000000E+000  0.000000E+000  0.000000E+000  1.000000E+000
  3.640000E+000  9.941205E-001  8.917206E-001  0.000000E+000  9.941205E-001  1.082794E-001  0.000000E+000 -1.082794E-001  9.941205E-001  0.000000E+000  0.000000E+000  0.000000E+000  1.000000E+000
  3.660000E+000  9.955165E-001  9.054122E-001  0.000000E+000  9.955165E-001  9.458781E-002  0.000000E+000 -9.458781E-002  9.955165E-001  0.000000E+000  0.000000E+000  0.000000E+000  1.000000E+000
  3.680000E+000  9.967675E-001  9.196598E-001  0.000000E+000  9.967675E-001  8.034016E-002  0.000000E+000 -8.034016E-002  9.967675E-001  0.000000E+000  0.000000E+000  0.000000E+000  1.000000E+000
  3.700000E+000  9.978471E-001  9.344162E-001  0.000000E+000  9.978471E-001  6.558377E-002  0.000000E+000 -6.558377E-002  9.978471E-001  0.000000E+000  0.000000E+000  0.000000E+000  1.000000E+000
  3.720000E+000  9.987307E-001  9.496307E-001  0.000000E+000  9.987307E-001  5.036934E-002  0.000000E+000 -5.036934E-002  9.987307E-001  0.000000E+000  0.000000E+000  0.000000E+000  1.000000E+000
  3.740000E+000  9.993960E-001  9.652493E-001  0.000000E+000  9.993960E-001  3.475071E-002  0.000000E+000 -3.475071E-002  9.993960E-001  0.000000E+000  0.000000E+000  0.000000E+000  1.000000E+000
  3.760000E+000  9.998236E-001  9.812154E-001  0.000000E+000  9.998236E-001  1.878459E-002  0.000000E+000 -1.878459E-002  9.998236E-001  0.000000E+000  0.000000E+000  0.000000E+000  1.000000E+000
  3.780000E+000  9.999968E-001  9.974699E-001  0.000000E+000  9.999968E-001  2.530146E-003  0.000000E+000 -2.530146E-003  9.999968E-001  0.000000E+000  0.000000E+000  0.000000E+000  1.000000E+000
  3.800000E+000  9.999027E-001  1.013951E+000  0.000000E+000  9.999027E-001 -1.395133E-002  0.000000E+000  1.395133E-002  9.999027E-001  0.000000E+000  0.000000E+000  0.000000E+000  1.000000E+000
  3.820000E+000  9.995318E-001  1.030597E+000  0.000000E+000  9.995318E-001 -3.059693E-002  0.000000E+000  3.059693E-002  9.995318E-001  0.000000E+000  0.000000E+000  0.000000E+000  1.000000E+000
  3.840000E+000  9.988787E-001  1.047343E+000  0.000000E+000  9.988787E-001 -4.734255E-002  0.000000E+000  4.734255E-002  9.988787E-001  0.000000E+000  0.000000E+000  0.000000E+000  1.000000E+000
  3.860000E+000  9.979420E-001  1.064123E+000  0.000000E+000  9.979420E-001 -6.412340E-002  0.000000E+000  6.412340E-002  9.979420E-001  0.000000E+000  0.000000E+000  0.000000E+000  1.000000E+000
  3.880000E+000  9.967243E-001  1.080874E+000  0.000000E+000  9.967243E-001 -8.087449E-002  0.000000E+000  8.087449E-002  9.967243E-001  0.000000E+000  0.000000E+000  0.000000E+000  1.000000E+000
  3.900000E+000  9.952325E-001  1.097531E+000  0.000000E+000  9.952325E-001 -9.753117E-002  0.000000E+000  9.753117E-002  9.952325E-001  0.000000E+000  0.000000E+000  0.000000E+000  1.000000E+000
  3.920000E+000  9.934774E-001  1.114030E+000  0.000000E+000  9.934774E-001 -1.140296E-001  0.000000E+000  1.140296E-001  9.934774E-001  0.000000E+000  0.000000E+000  0.000000E+000  1.000000E+000
  3.940000E+000  9.914737E-001  1.130307E+000  0.000000E+000  9.914737E-001 -1.303072E-001  0.000000E+000  1.303072E-001  9.914737E-001  0.000000E+000  0.000000E+000  0.000000E+000  1.000000E+000
  3.960000E+000  9.892398E-001  1.146303E+000  0.000000E+000  9.892398E-001 -1.463031E-001  0.000000E+000  1.463031E-001  9.892398E-001  0.000000E+000  0.000000E+000  0.000000E+000  1.000000E+000
  3.980000E+000  9.867975E-001  1.161959E+000  0.000000E+000  9.867975E-001 -1.619587E-001  0.000000E+000  1.619587E-001  9.867975E-001  0.000000E+000  0.000000E+000  0.000000E+000  1.000000E+000
