% FILE: correct/Data.4
%
%       t         P_Na_Co[1]     P_Na_Co[2]     P_Na_Co[3]      N_C[1,1]       N_C[1,2]       N_C[1,3]       N_C[2,1]       N_C[2,2]       N_C[2,3]       N_C[3,1]       N_C[3,2]       N_C[3,3]
%   (second)        (meter)        (meter)        (meter)       (NoUnits)      (NoUnits)      (NoUnits)      (NoUnits)      (NoUnits)      (NoUnits)      (NoUnits)      (NoUnits)      (NoUnits)

  0.000000E+000  7.006293E-001  1.713526E+000  0.000000E+000  7.006293E-001 -7.135255E-001  0.000000E+000  7.135255E-001  7.006293E-001  0.000000E+000  0.000000E+000  0.000000E+000  1.000000E+000
  2.000000E-002  7.012328E-001  1.712932E+000  0.000000E+000  7.012328E-001 -7.129324E-001  0.000000E+000  7.129324E-001  7.012328E-001  0.000000E+000  0.000000E+000  0.000000E+000  1.000000E+000
  4.000000E-002  7.030390E-001  1.711151E+000  0.000000E+000  7.030390E-001 -7.111513E-001  0.000000E+000  7.111513E-001  7.030390E-001  0.000000E+000  0.000000E+000  0.000000E+000  1.000000E+000
  6.000000E-002  7.060345E-001  1.708177E+000  0.000000E+000  7.060345E-001 -7.081774E-001  0.000000E+000  7.081774E-001  7.060345E-001  0.000000E+000  0.000000E+000  0.000000E+000  1.000000E+000
  8.000000E-002  7.101971E-001  1.704003E+000  0.000000E+000  7.101971E-001 -7.040029E-001  0.000000E+000  7.040029E-001  7.101971E-001  0.000000E+000  0.000000E+000  0.000000E+000  1.000000E+000
  1.000000E-001  7.154957E-001  1.698617E+000  0.000000E+000  7.154957E-001 -6.986172E-001  0.000000E+000  6.986172E-001  7.154957E-001  0.000000E+000  0.000000E+000  0.000000E+000  1.000000E+000
  1.200000E-001  7.218903E-001  1.692007E+000  0.000000E+000  7.218903E-001 -6.920075E-001  0.000000E+000  6.920075E-001  7.218903E-001  0.000000E+000  0.000000E+000  0.000000E+000  1.000000E+000
  1.400000E-001  7.293326E-001  1.684159E+000  0.000000E+000  7.293326E-001 -6.841593E-001  0.000000E+000  6.841593E-001  7.293326E-001  0.000000E+000  0.000000E+000  0.000000E+000  1.000000E+000
  1.600000E-001  7.377653E-001  1.675057E+000  0.000000E+000  7.377653E-001 -6.750573E-001  0.000000E+000  6.750573E-001  7.377653E-001  0.000000E+000  0.000000E+000  0.000000E+000  1.000000E+000
  1.800000E-001  7.471231E-001  1.664686E+000  0.000000E+000  7.471231E-001 -6.646857E-001  0.000000E+000  6.646857E-001  7.471231E-001  0.000000E+000  0.000000E+000  0.000000E+000  1.000000E+000
  2.000000E-001  7.573324E-001  1.653030E+000  0.000000E+000  7.573324E-001 -6.530296E-001  0.000000E+000  6.530296E-001  7.573324E-001  0.000000E+000  0.000000E+000  0.000000E+000  1.000000E+000
  2.200000E-001  7.683120E-001  1.640076E+000  0.000000E+000  7.683120E-001 -6.400756E-001  0.000000E+000  6.400756E-001  7.683120E-001  0.000000E+000  0.000000E+000  0.000000E+000  1.000000E+000
  2.400000E-001  7.799732E-001  1.625813E+000  0.000000E+000  7.799732E-001 -6.258129E-001  0.000000E+000  6.258129E-001  7.799732E-001  0.000000E+000  0.000000E+000  0.000000E+000  1.000000E+000
  2.600000E-001  7.922208E-001  1.610235E+000  0.000000E+000  7.922208E-001 -6.102345E-001  0.000000E+000  6.102345E-001  7.922208E-001  0.000000E+000  0.000000E+000  0.000000E+000  1.000000E+000
  2.800000E-001  8.049534E-001  1.593338E+000  0.000000E+000  8.049534E-001 -5.933380E-001  0.000000E+000  5.933380E-001  8.049534E-001  0.000000E+000  0.000000E+000  0.000000E+000  1.000000E+000
  3.000000E-001  8.180642E-001  1.575127E+000  0.000000E+000  8.180642E-001 -5.751268E-001  0.000000E+000  5.751268E-001  8.180642E-001  0.000000E+000  0.000000E+000  0.000000E+000  1.000000E+000
  3.200000E-001  8.314423E-001  1.555611E+000  0.000000E+000  8.314423E-001 -5.556111E-001  0.000000E+000  5.556111E-001  8.314423E-001  0.000000E+000  0.000000E+000  0.000000E+000  1.000000E+000
  3.400000E-001  8.449732E-001  1.534809E+000  0.000000E+000  8.449732E-001 -5.348087E-001  0.000000E+000  5.348087E-001  8.449732E-001  0.000000E+000  0.000000E+000  0.000000E+000  1.000000E+000
  3.600000E-001  8.585403E-001  1.512746E+000  0.000000E+000  8.585403E-001 -5.127462E-001  0.000000E+000  5.127462E-001  8.585403E-001  0.000000E+000  0.000000E+000  0.000000E+000  1.000000E+000
  3.800000E-001  8.720262E-001  1.489459E+000  0.000000E+000  8.720262E-001 -4.894591E-001  0.000000E+000  4.894591E-001  8.720262E-001  0.000000E+000  0.000000E+000  0.000000E+000  1.000000E+000
  4.000000E-001  8.853142E-001  1.464993E+000  0.000000E+000  8.853142E-001 -4.649933E-001  0.000000E+000  4.649933E-001  8.853142E-001  0.000000E+000  0.000000E+000  0.000000E+000  1.000000E+000
  4.200000E-001  8.982893E-001  1.439405E+000  0.000000E+000  8.982893E-001 -4.394045E-001  0.000000E+000  4.394045E-001  8.982893E-001  0.000000E+000  0.000000E+000  0.000000E+000  1.000000E+000
  4.400000E-001  9.108402E-001  1.412759E+000  0.000000E+000  9.108402E-001 -4.127591E-001  0.000000E+000  4.127591E-001  9.108402E-001  0.000000E+000  0.000000E+000  0.000000E+000  1.000000E+000
  4.600000E-001  9.228607E-001  1.385134E+000  0.000000E+000  9.228607E-001 -3.851338E-001  0.000000E+000  3.851338E-001  9.228607E-001  0.000000E+000  0.000000E+000  0.000000E+000  1.000000E+000
  4.800000E-001  9.342512E-001  1.356616E+000  0.000000E+000  9.342512E-001 -3.566156E-001  0.000000E+000  3.566156E-001  9.342512E-001  0.000000E+000  0.000000E+000  0.000000E+000  1.000000E+000
  5.000000E-001  9.449201E-001  1.327301E+000  0.000000E+000  9.449201E-001 -3.273010E-001  0.000000E+000  3.273010E-001  9.449201E-001  0.000000E+000  0.000000E+000  0.000000E+000  1.000000E+000
  5.200000E-001  9.547855E-001  1.297296E+000  0.000000E+000  9.547855E-001 -2.972956E-001  0.000000E+000  2.972956E-001  9.547855E-001  0.000000E+000  0.000000E+000  0.000000E+000  1.000000E+000
  5.400000E-001  9.637760E-001  1.266713E+000  0.000000E+000  9.637760E-001 -2.667131E-001  0.000000E+000  2.667131E-001  9.637760E-001  0.000000E+000  0.000000E+000  0.000000E+000  1.000000E+000
  5.600000E-001  9.718322E-001  1.235674E+000  0.000000E+000  9.718322E-001 -2.356740E-001  0.000000E+000  2.356740E-001  9.718322E-001  0.000000E+000  0.000000E+000  0.000000E+000  1.000000E+000
  5.800000E-001  9.789074E-001  1.204305E+000  0.000000E+000  9.789074E-001 -2.043046E-001  0.000000E+000  2.043046E-001  9.789074E-001  0.000000E+000  0.000000E+000  0.000000E+000  1.000000E+000
  6.000000E-001  9.849683E-001  1.172735E+000  0.000000E+000  9.849683E-001 -1.727353E-001  0.000000E+000  1.727353E-001  9.849683E-001  0.000000E+000  0.000000E+000  0.000000E+000  1.000000E+000
  6.200000E-001  9.899955E-001  1.141099E+000  0.000000E+000  9.899955E-001 -1.410990E-001  0.000000E+000  1.410990E-001  9.899955E-001  0.000000E+000  0.000000E+000  0.000000E+000  1.000000E+000
  6.400000E-001  9.939835E-001  1.109530E+000  0.000000E+000  9.939835E-001 -1.095298E-001  0.000000E+000  1.095298E-001  9.939835E-001  0.000000E+000  0.000000E+000  0.000000E+000  1.000000E+000
  6.600000E-001  9.969407E-001  1.078161E+000  0.000000E+000  9.969407E-001 -7.816147E-002  0.000000E+000  7.816147E-002  9.969407E-001  0.000000E+000  0.000000E+000  0.000000E+000  1.000000E+000
  6.800000E-001  9.988890E-001  1.047125E+000  0.000000E+000  9.988890E-001 -4.712529E-002  0.000000E+000  4.712529E-002  9.988890E-001  0.000000E+000  0.000000E+000  0.000000E+000  1.000000E+000
  7.000000E-001  9.998631E-001  1.016549E+000  0.000000E+000  9.998631E-001 -1.654919E-002  0.000000E+000  1.654919E-002  9.998631E-001  0.000000E+000  0.000000E+000  0.000000E+000  1.000000E+000
  7.200000E-001  9.999096E-001  9.865561E-001  0.000000E+000  9.999096E-001  1.344393E-002  0.000000E+000 -1.344393E-002  9.999096E-001  0.000000E+000  0.000000E+000  0.000000E+000  1.000000E+000
  7.400000E-001  9.990863E-001  9.572626E-001  0.000000E+000  9.990863E-001  4.273737E-002  0.000000E+000 -4.273737E-002  9.990863E-001  0.000000E+000  0.000000E+000  0.000000E+000  1.000000E+000
  7.600000E-001  9.974605E-001  9.287784E-001  0.000000E+000  9.974605E-001  7.122163E-002  0.000000E+000 -7.122163E-002  9.974605E-001  0.000000E+000  0.000000E+000  0.000000E+000  1.000000E+000
  7.800000E-001  9.951078E-001  9.012047E-001  0.000000E+000  9.951078E-001  9.879528E-002  0.000000E+000 -9.879528E-002  9.951078E-001  0.000000E+000  0.000000E+000  0.000000E+000  1.000000E+000
  8.000000E-001  9.921106E-001  8.746345E-001  0.000000E+000  9.921106E-001  1.253655E-001  0.000000E+000 -1.253655E-001  9.921106E-001  0.000000E+000  0.000000E+000  0.000000E+000  1.000000E+000
  8.200000E-001  9.885569E-001  8.491512E-001  0.000000E+000  9.885569E-001  1.508488E-001  0.000000E+000 -1.508488E-001  9.885569E-001  0.000000E+000  0.000000E+000  0.000000E+000  1.000000E+000
  8.400000E-001  9.845381E-001  8.248295E-001  0.000000E+000  9.845381E-001  1.751705E-001  0.000000E+000 -1.751705E-001  9.845381E-001  0.000000E+000  0.000000E+000  0.000000E+000  1.000000E+000
  8.600000E-001  9.801483E-001  8.017344E-001  0.000000E+000  9.801483E-001  1.982656E-001  0.000000E+000 -1.982656E-001  9.801483E-001  0.000000E+000  0.000000E+000  0.000000E+000  1.000000E+000
  8.800000E-001  9.754823E-001  7.799222E-001  0.000000E+000  9.754823E-001  2.200778E-001  0.000000E+000 -2.200778E-001  9.754823E-001  0.000000E+000  0.000000E+000  0.000000E+000  1.000000E+000
  9.000000E-001  9.706344E-001  7.594405E-001  0.000000E+000  9.706344E-001  2.405595E-001  0.000000E+000 -2.405595E-001  9.706344E-001  0.000000E+000  0.000000E+000  0.000000E+000  1.000000E+000
  9.200000E-001  9.656970E-001  7.403285E-001  0.000000E+000  9.656970E-001  2.596715E-001  0.000000E+000 -2.596715E-001  9.656970E-001  0.000000E+000  0.000000E+000  0.000000E+000  1.000000E+000
  9.400000E-001  9.607598E-001  7.226184E-001  0.000000E+000  9.607598E-001  2.773816E-001  0.000000E+000 -2.773816E-001  9.607598E-001  0.000000E+000  0.000000E+000  0.000000E+000  1.000000E+000
  9.600000E-001  9.559086E-001  7.063355E-001  0.000000E+000  9.559086E-001  2.936645E-001  0.000000E+000 -2.936645E-001  9.559086E-001  0.000000E+000  0.000000E+000  0.000000E+000  1.000000E+000
  9.800000E-001  9.512241E-001  6.914991E-001  0.000000E+000  9.512241E-001  3.085009E-001  0.000000E+000 -3.085009E-001  9.512241E-001  0.000000E+000  0.000000E+000  0.000000E+000  1.000000E+000
  1.000000E+000  9.467817E-001  6.781235E-001  0.000000E+000  9.467817E-001  3.218765E-001  0.000000E+000 -3.218765E-001  9.467817E-001  0.000000E+000  0.000000E+000  0.000000E+000  1.000000E+000
  1.020000E+000  9.426505E-001  6.662187E-001  0.000000E+000  9.426505E-001  3.337813E-001  0.000000E+000 -3.337813E-001  9.426505E-001  0.000000E+000  0.000000E+000  0.000000E+000  1.000000E+000
  1.040000E+000  9.388931E-001  6.557912E-001  0.000000E+000  9.388931E-001  3.442088E-001  0.000000E+000 -3.442088E-001  9.388931E-001  0.000000E+000  0.000000E+000  0.000000E+000  1.000000E+000
  1.060000E+000  9.355648E-001  6.468449E-001  0.000000E+000  9.355648E-001  3.531551E-001  0.000000E+000 -3.531551E-001  9.355648E-001  0.000000E+000  0.000000E+000  0.000000E+000  1.000000E+000
  1.080000E+000  9.327135E-001  6.393817E-001  0.000000E+000  9.327135E-001  3.606183E-001  0.000000E+000 -3.606183E-001  9.327135E-001  0.000000E+000  0.000000E+000  0.000000E+000  1.000000E+000
  1.100000E+000  9.303795E-001  6.334021E-001  0.000000E+000  9.303795E-001  3.665979E-001  0.000000E+000 -3.665979E-001  9.303795E-001  0.000000E+000  0.000000E+000  0.000000E+000  1.000000E+000
  1.120000E+000  9.285953E-001  6.289059E-001  0.000000E+000  9.285953E-001  3.710941E-001  0.000000E+000 -3.710941E-001  9.285953E-001  0.000000E+000  0.000000E+000  0.000000E+000  1.000000E+000
  1.140000E+000  9.273853E-001  6.258924E-001  0.000000E+000  9.273853E-001  3.741076E-001  0.000000E+000 -3.741076E-001  9.273853E-001  0.000000E+000  0.000000E+000  0.000000E+000  1.000000E+000
  1.160000E+000  9.267661E-001  6.243611E-001  0.000000E+000  9.267661E-001  3.756389E-001  0.000000E+000 -3.756389E-001  9.267661E-001  0.000000E+000  0.000000E+000  0.000000E+000  1.000000E+000
  1.180000E+000  9.267460E-001  6.243116E-001  0.000000E+000  9.267460E-001  3.756884E-001  0.000000E+000 -3.756884E-001  9.267460E-001  0.000000E+000  0.000000E+000  0.000000E+000  1.000000E+000
  1.200000E+000  9.273254E-001  6.257438E-001  0.000000E+000  9.273254E-001  3.742562E-001  0.000000E+000 -3.742562E-001  9.273254E-001  0.000000E+000  0.000000E+000  0.000000E+000  1.000000E+000
  1.220000E+000  9.284962E-001  6.286582E-001  0.000000E+000  9.284962E-001  3.713418E-001  0.000000E+000 -3.713418E-001  9.284962E-001  0.000000E+000  0.000000E+000  0.000000E+000  1.000000E+000
  1.240000E+000  9.302427E-001  6.330553E-001  0.000000E+000  9.302427E-001  3.669447E-001  0.000000E+000 -3.669447E-001  9.302427E-001  0.000000E+000  0.000000E+000  0.000000E+000  1.000000E+000
  1.260000E+000  9.325409E-001  6.389357E-001  0.000000E+000  9.325409E-001  3.610643E-001  0.000000E+000 -3.610643E-001  9.325409E-001  0.000000E+000  0.000000E+000  0.000000E+000  1.000000E+000
  1.280000E+000  9.353588E-001  6.462997E-001  0.000000E+000  9.353588E-001  3.537003E-001  0.000000E+000 -3.537003E-001  9.353588E-001  0.000000E+000  0.000000E+000  0.000000E+000  1.000000E+000
  1.300000E+000  9.386566E-001  6.551469E-001  0.000000E+000  9.386566E-001  3.448531E-001  0.000000E+000 -3.448531E-001  9.386566E-001  0.000000E+000  0.000000E+000  0.000000E+000  1.000000E+000
  1.320000E+000  9.423870E-001  6.654754E-001  0.000000E+000  9.423870E-001  3.345246E-001  0.000000E+000 -3.345246E-001  9.423870E-001  0.000000E+000  0.000000E+000  0.000000E+000  1.000000E+000
  1.340000E+000  9.464950E-001  6.772816E-001  0.000000E+000  9.464950E-001  3.227184E-001  0.000000E+000 -3.227184E-001  9.464950E-001  0.000000E+000  0.000000E+000  0.000000E+000  1.000000E+000
  1.360000E+000  9.509187E-001  6.905592E-001  0.000000E+000  9.509187E-001  3.094408E-001  0.000000E+000 -3.094408E-001  9.509187E-001  0.000000E+000  0.000000E+000  0.000000E+000  1.000000E+000
  1.380000E+000  9.555893E-001  7.052983E-001  0.000000E+000  9.555893E-001  2.947017E-001  0.000000E+000 -2.947017E-001  9.555893E-001  0.000000E+000  0.000000E+000  0.000000E+000  1.000000E+000
  1.400000E+000  9.604319E-001  7.214851E-001  0.000000E+000  9.604319E-001  2.785149E-001  0.000000E+000 -2.785149E-001  9.604319E-001  0.000000E+000  0.000000E+000  0.000000E+000  1.000000E+000
  1.420000E+000  9.653660E-001  7.391004E-001  0.000000E+000  9.653660E-001  2.608996E-001  0.000000E+000 -2.608996E-001  9.653660E-001  0.000000E+000  0.000000E+000  0.000000E+000  1.000000E+000
  1.440000E+000  9.703061E-001  7.581196E-001  0.000000E+000  9.703061E-001  2.418804E-001  0.000000E+000 -2.418804E-001  9.703061E-001  0.000000E+000  0.000000E+000  0.000000E+000  1.000000E+000
  1.460000E+000  9.751629E-001  7.785109E-001  0.000000E+000  9.751629E-001  2.214891E-001  0.000000E+000 -2.214891E-001  9.751629E-001  0.000000E+000  0.000000E+000  0.000000E+000  1.000000E+000
  1.480000E+000  9.798440E-001  8.002356E-001  0.000000E+000  9.798440E-001  1.997644E-001  0.000000E+000 -1.997644E-001  9.798440E-001  0.000000E+000  0.000000E+000  0.000000E+000  1.000000E+000
  1.500000E+000  9.842552E-001  8.232465E-001  0.000000E+000  9.842552E-001  1.767535E-001  0.000000E+000 -1.767535E-001  9.842552E-001  0.000000E+000  0.000000E+000  0.000000E+000  1.000000E+000
  1.520000E+000  9.883016E-001  8.474882E-001  0.000000E+000  9.883016E-001  1.525118E-001  0.000000E+000 -1.525118E-001  9.883016E-001  0.000000E+000  0.000000E+000  0.000000E+000  1.000000E+000
  1.540000E+000  9.918894E-001  8.728960E-001  0.000000E+000  9.918894E-001  1.271040E-001  0.000000E+000 -1.271040E-001  9.918894E-001  0.000000E+000  0.000000E+000  0.000000E+000  1.000000E+000
  1.560000E+000  9.949266E-001  8.993961E-001  0.000000E+000  9.949266E-001  1.006039E-001  0.000000E+000 -1.006039E-001  9.949266E-001  0.000000E+000  0.000000E+000  0.000000E+000  1.000000E+000
  1.580000E+000  9.973250E-001  9.269054E-001  0.000000E+000  9.973250E-001  7.309459E-002  0.000000E+000 -7.309459E-002  9.973250E-001  0.000000E+000  0.000000E+000  0.000000E+000  1.000000E+000
  1.600000E+000  9.990019E-001  9.553319E-001  0.000000E+000  9.990019E-001  4.466814E-002  0.000000E+000 -4.466814E-002  9.990019E-001  0.000000E+000  0.000000E+000  0.000000E+000  1.000000E+000
  1.620000E+000  9.998810E-001  9.845745E-001  0.000000E+000  9.998810E-001  1.542548E-002  0.000000E+000 -1.542548E-002  9.998810E-001  0.000000E+000  0.000000E+000  0.000000E+000  1.000000E+000
  1.640000E+000  9.998945E-001  1.014524E+000  0.000000E+000  9.998945E-001 -1.452444E-002  0.000000E+000  1.452444E-002  9.998945E-001  0.000000E+000  0.000000E+000  0.000000E+000  1.000000E+000
  1.660000E+000  9.989840E-001  1.045065E+000  0.000000E+000  9.989840E-001 -4.506533E-002  0.000000E+000  4.506533E-002  9.989840E-001  0.000000E+000  0.000000E+000  0.000000E+000  1.000000E+000
  1.680000E+000  9.971021E-001  1.076075E+000  0.000000E+000  9.971021E-001 -7.607469E-002  0.000000E+000  7.607469E-002  9.971021E-001  0.000000E+000  0.000000E+000  0.000000E+000  1.000000E+000
  1.700000E+000  9.942132E-001  1.107425E+000  0.000000E+000  9.942132E-001 -1.074249E-001  0.000000E+000  1.074249E-001  9.942132E-001  0.000000E+000  0.000000E+000  0.000000E+000  1.000000E+000
  1.720000E+000  9.902945E-001  1.138985E+000  0.000000E+000  9.902945E-001 -1.389848E-001  0.000000E+000  1.389848E-001  9.902945E-001  0.000000E+000  0.000000E+000  0.000000E+000  1.000000E+000
  1.740000E+000  9.853368E-001  1.170621E+000  0.000000E+000  9.853368E-001 -1.706208E-001  0.000000E+000  1.706208E-001  9.853368E-001  0.000000E+000  0.000000E+000  0.000000E+000  1.000000E+000
  1.760000E+000  9.793445E-001  1.202199E+000  0.000000E+000  9.793445E-001 -2.021988E-001  0.000000E+000  2.021988E-001  9.793445E-001  0.000000E+000  0.000000E+000  0.000000E+000  1.000000E+000
  1.780000E+000  9.723362E-001  1.233586E+000  0.000000E+000  9.723362E-001 -2.335856E-001  0.000000E+000  2.335856E-001  9.723362E-001  0.000000E+000  0.000000E+000  0.000000E+000  1.000000E+000
  1.800000E+000  9.643443E-001  1.264651E+000  0.000000E+000  9.643443E-001 -2.646508E-001  0.000000E+000  2.646508E-001  9.643443E-001  0.000000E+000  0.000000E+000  0.000000E+000  1.000000E+000
  1.820000E+000  9.554146E-001  1.295268E+000  0.000000E+000  9.554146E-001 -2.952676E-001  0.000000E+000  2.952676E-001  9.554146E-001  0.000000E+000  0.000000E+000  0.000000E+000  1.000000E+000
  1.840000E+000  9.456056E-001  1.325315E+000  0.000000E+000  9.456056E-001 -3.253152E-001  0.000000E+000  3.253152E-001  9.456056E-001  0.000000E+000  0.000000E+000  0.000000E+000  1.000000E+000
  1.860000E+000  9.349880E-001  1.354679E+000  0.000000E+000  9.349880E-001 -3.546794E-001  0.000000E+000  3.546794E-001  9.349880E-001  0.000000E+000  0.000000E+000  0.000000E+000  1.000000E+000
  1.880000E+000  9.236430E-001  1.383254E+000  0.000000E+000  9.236430E-001 -3.832540E-001  0.000000E+000  3.832540E-001  9.236430E-001  0.000000E+000  0.000000E+000  0.000000E+000  1.000000E+000
  1.900000E+000  9.116616E-001  1.410942E+000  0.000000E+000  9.116616E-001 -4.109418E-001  0.000000E+000  4.109418E-001  9.116616E-001  0.000000E+000  0.000000E+000  0.000000E+000  1.000000E+000
  1.920000E+000  8.991428E-001  1.437655E+000  0.000000E+000  8.991428E-001 -4.376553E-001  0.000000E+000  4.376553E-001  8.991428E-001  0.000000E+000  0.000000E+000  0.000000E+000  1.000000E+000
  1.940000E+000  8.861927E-001  1.463317E+000  0.000000E+000  8.861927E-001 -4.633169E-001  0.000000E+000  4.633169E-001  8.861927E-001  0.000000E+000  0.000000E+000  0.000000E+000  1.000000E+000
  1.960000E+000  8.729221E-001  1.487860E+000  0.000000E+000  8.729221E-001 -4.878596E-001  0.000000E+000  4.878596E-001  8.729221E-001  0.000000E+000  0.000000E+000  0.000000E+000  1.000000E+000
  1.980000E+000  8.594457E-001  1.511227E+000  0.000000E+000  8.594457E-001 -5.112270E-001  0.000000E+000  5.112270E-001  8.594457E-001  0.000000E+000  0.000000E+000  0.000000E+000  1.000000E+000
  2.000000E+000  8.458804E-001  1.533373E+000  0.000000E+000  8.458804E-001 -5.333726E-001  0.000000E+000  5.333726E-001  8.458804E-001  0.000000E+000  0.000000E+000  0.000000E+000  1.000000E+000
  2.020000E+000  8.323435E-001  1.554260E+000  0.000000E+000  8.323435E-001 -5.542602E-001  0.000000E+000  5.542602E-001  8.323435E-001  0.000000E+000  0.000000E+000  0.000000E+000  1.000000E+000
  2.040000E+000  8.189516E-001  1.573863E+000  0.000000E+000  8.189516E-001 -5.738626E-001  0.000000E+000  5.738626E-001  8.189516E-001  0.000000E+000  0.000000E+000  0.000000E+000  1.000000E+000
  2.060000E+000  8.058194E-001  1.592161E+000  0.000000E+000  8.058194E-001 -5.921614E-001  0.000000E+000  5.921614E-001  8.058194E-001  0.000000E+000  0.000000E+000  0.000000E+000  1.000000E+000
  2.080000E+000  7.930581E-001  1.609146E+000  0.000000E+000  7.930581E-001 -6.091460E-001  0.000000E+000  6.091460E-001  7.930581E-001  0.000000E+000  0.000000E+000  0.000000E+000  1.000000E+000
  2.100000E+000  7.807748E-001  1.624812E+000  0.000000E+000  7.807748E-001 -6.248125E-001  0.000000E+000  6.248125E-001  7.807748E-001  0.000000E+000  0.000000E+000  0.000000E+000  1.000000E+000
  2.120000E+000  7.690713E-001  1.639163E+000  0.000000E+000  7.690713E-001 -6.391629E-001  0.000000E+000  6.391629E-001  7.690713E-001  0.000000E+000  0.000000E+000  0.000000E+000  1.000000E+000
  2.140000E+000  7.580434E-001  1.652204E+000  0.000000E+000  7.580434E-001 -6.522041E-001  0.000000E+000  6.522041E-001  7.580434E-001  0.000000E+000  0.000000E+000  0.000000E+000  1.000000E+000
  2.160000E+000  7.477800E-001  1.663947E+000  0.000000E+000  7.477800E-001 -6.639466E-001  0.000000E+000  6.639466E-001  7.477800E-001  0.000000E+000  0.000000E+000  0.000000E+000  1.000000E+000
  2.180000E+000  7.383629E-001  1.674404E+000  0.000000E+000  7.383629E-001 -6.744036E-001  0.000000E+000  6.744036E-001  7.383629E-001  0.000000E+000  0.000000E+000  0.000000E+000  1.000000E+000
  2.200000E+000  7.298662E-001  1.683590E+000  0.000000E+000  7.298662E-001 -6.835901E-001  0.000000E+000  6.835901E-001  7.298662E-001  0.000000E+000  0.000000E+000  0.000000E+000  1.000000E+000
  2.220000E+000  7.223558E-001  1.691522E+000  0.000000E+000  7.223558E-001 -6.915216E-001  0.000000E+000  6.915216E-001  7.223558E-001  0.000000E+000  0.000000E+000  0.000000E+000  1.000000E+000
  2.240000E+000  7.158895E-001  1.698214E+000  0.000000E+000  7.158895E-001 -6.982136E-001  0.000000E+000  6.982136E-001  7.158895E-001  0.000000E+000  0.000000E+000  0.000000E+000  1.000000E+000
  2.260000E+000  7.105163E-001  1.703681E+000  0.000000E+000  7.105163E-001 -7.036807E-001  0.000000E+000  7.036807E-001  7.105163E-001  0.000000E+000  0.000000E+000  0.000000E+000  1.000000E+000
  2.280000E+000  7.062767E-001  1.707936E+000  0.000000E+000  7.062767E-001 -7.079359E-001  0.000000E+000  7.079359E-001  7.062767E-001  0.000000E+000  0.000000E+000  0.000000E+000  1.000000E+000
  2.300000E+000  7.032024E-001  1.710990E+000  0.000000E+000  7.032024E-001 -7.109897E-001  0.000000E+000  7.109897E-001  7.032024E-001  0.000000E+000  0.000000E+000  0.000000E+000  1.000000E+000
  2.320000E+000  7.013162E-001  1.712850E+000  0.000000E+000  7.013162E-001 -7.128504E-001  0.000000E+000  7.128504E-001  7.013162E-001  0.000000E+000  0.000000E+000  0.000000E+000  1.000000E+000
  2.340000E+000  7.006320E-001  1.713523E+000  0.000000E+000  7.006320E-001 -7.135229E-001  0.000000E+000  7.135229E-001  7.006320E-001  0.000000E+000  0.000000E+000  0.000000E+000  1.000000E+000
  2.360000E+000  7.011548E-001  1.713009E+000  0.000000E+000  7.011548E-001 -7.130090E-001  0.000000E+000  7.130090E-001  7.011548E-001  0.000000E+000  0.000000E+000  0.000000E+000  1.000000E+000
  2.380000E+000  7.028810E-001  1.711307E+000  0.000000E+000  7.028810E-001 -7.113075E-001  0.000000E+000  7.113075E-001  7.028810E-001  0.000000E+000  0.000000E+000  0.000000E+000  1.000000E+000
  2.400000E+000  7.057976E-001  1.708414E+000  0.000000E+000  7.057976E-001 -7.084136E-001  0.000000E+000  7.084136E-001  7.057976E-001  0.000000E+000  0.000000E+000  0.000000E+000  1.000000E+000
  2.420000E+000  7.098830E-001  1.704320E+000  0.000000E+000  7.098830E-001 -7.043196E-001  0.000000E+000  7.043196E-001  7.098830E-001  0.000000E+000  0.000000E+000  0.000000E+000  1.000000E+000
  2.440000E+000  7.151067E-001  1.699015E+000  0.000000E+000  7.151067E-001 -6.990153E-001  0.000000E+000  6.990153E-001  7.151067E-001  0.000000E+000  0.000000E+000  0.000000E+000  1.000000E+000
  2.460000E+000  7.214296E-001  1.692488E+000  0.000000E+000  7.214296E-001 -6.924878E-001  0.000000E+000  6.924878E-001  7.214296E-001  0.000000E+000  0.000000E+000  0.000000E+000  1.000000E+000
  2.480000E+000  7.288035E-001  1.684723E+000  0.000000E+000  7.288035E-001 -6.847230E-001  0.000000E+000  6.847230E-001  7.288035E-001  0.000000E+000  0.000000E+000  0.000000E+000  1.000000E+000
  2.500000E+000  7.371719E-001  1.675705E+000  0.000000E+000  7.371719E-001 -6.757052E-001  0.000000E+000  6.757052E-001  7.371719E-001  0.000000E+000  0.000000E+000  0.000000E+000  1.000000E+000
  2.520000E+000  7.464701E-001  1.665419E+000  0.000000E+000  7.464701E-001 -6.654190E-001  0.000000E+000  6.654190E-001  7.464701E-001  0.000000E+000  0.000000E+000  0.000000E+000  1.000000E+000
  2.540000E+000  7.566249E-001  1.653849E+000  0.000000E+000  7.566249E-001 -6.538492E-001  0.000000E+000  6.538492E-001  7.566249E-001  0.000000E+000  0.000000E+000  0.000000E+000  1.000000E+000
  2.560000E+000  7.675556E-001  1.640982E+000  0.000000E+000  7.675556E-001 -6.409824E-001  0.000000E+000  6.409824E-001  7.675556E-001  0.000000E+000  0.000000E+000  0.000000E+000  1.000000E+000
  2.580000E+000  7.791742E-001  1.626807E+000  0.000000E+000  7.791742E-001 -6.268075E-001  0.000000E+000  6.268075E-001  7.791742E-001  0.000000E+000  0.000000E+000  0.000000E+000  1.000000E+000
  2.600000E+000  7.913857E-001  1.611317E+000  0.000000E+000  7.913857E-001 -6.113172E-001  0.000000E+000  6.113172E-001  7.913857E-001  0.000000E+000  0.000000E+000  0.000000E+000  1.000000E+000
  2.620000E+000  8.040891E-001  1.594509E+000  0.000000E+000  8.040891E-001 -5.945088E-001  0.000000E+000  5.945088E-001  8.040891E-001  0.000000E+000  0.000000E+000  0.000000E+000  1.000000E+000
  2.640000E+000  8.171781E-001  1.576385E+000  0.000000E+000  8.171781E-001 -5.763852E-001  0.000000E+000  5.763852E-001  8.171781E-001  0.000000E+000  0.000000E+000  0.000000E+000  1.000000E+000
  2.660000E+000  8.305418E-001  1.556956E+000  0.000000E+000  8.305418E-001 -5.569562E-001  0.000000E+000  5.569562E-001  8.305418E-001  0.000000E+000  0.000000E+000  0.000000E+000  1.000000E+000
  2.680000E+000  8.440661E-001  1.536239E+000  0.000000E+000  8.440661E-001 -5.362392E-001  0.000000E+000  5.362392E-001  8.440661E-001  0.000000E+000  0.000000E+000  0.000000E+000  1.000000E+000
  2.700000E+000  8.576344E-001  1.514260E+000  0.000000E+000  8.576344E-001 -5.142598E-001  0.000000E+000  5.142598E-001  8.576344E-001  0.000000E+000  0.000000E+000  0.000000E+000  1.000000E+000
  2.720000E+000  8.711295E-001  1.491053E+000  0.000000E+000  8.711295E-001 -4.910534E-001  0.000000E+000  4.910534E-001  8.711295E-001  0.000000E+000  0.000000E+000  0.000000E+000  1.000000E+000
  2.740000E+000  8.844343E-001  1.466665E+000  0.000000E+000  8.844343E-001 -4.666647E-001  0.000000E+000  4.666647E-001  8.844343E-001  0.000000E+000  0.000000E+000  0.000000E+000  1.000000E+000
  2.760000E+000  8.974338E-001  1.441149E+000  0.000000E+000  8.974338E-001 -4.411491E-001  0.000000E+000  4.411491E-001  8.974338E-001  0.000000E+000  0.000000E+000  0.000000E+000  1.000000E+000
  2.780000E+000  9.100165E-001  1.414572E+000  0.000000E+000  9.100165E-001 -4.145720E-001  0.000000E+000  4.145720E-001  9.100165E-001  0.000000E+000  0.000000E+000  0.000000E+000  1.000000E+000
  2.800000E+000  9.220757E-001  1.387010E+000  0.000000E+000  9.220757E-001 -3.870096E-001  0.000000E+000  3.870096E-001  9.220757E-001  0.000000E+000  0.000000E+000  0.000000E+000  1.000000E+000
  2.820000E+000  9.335112E-001  1.358548E+000  0.000000E+000  9.335112E-001 -3.585482E-001  0.000000E+000  3.585482E-001  9.335112E-001  0.000000E+000  0.000000E+000  0.000000E+000  1.000000E+000
  2.840000E+000  9.442311E-001  1.329284E+000  0.000000E+000  9.442311E-001 -3.292836E-001  0.000000E+000  3.292836E-001  9.442311E-001  0.000000E+000  0.000000E+000  0.000000E+000  1.000000E+000
  2.860000E+000  9.541525E-001  1.299321E+000  0.000000E+000  9.541525E-001 -2.993209E-001  0.000000E+000  2.993209E-001  9.541525E-001  0.000000E+000  0.000000E+000  0.000000E+000  1.000000E+000
  2.880000E+000  9.632035E-001  1.268773E+000  0.000000E+000  9.632035E-001 -2.687733E-001  0.000000E+000  2.687733E-001  9.632035E-001  0.000000E+000  0.000000E+000  0.000000E+000  1.000000E+000
  2.900000E+000  9.713237E-001  1.237761E+000  0.000000E+000  9.713237E-001 -2.377609E-001  0.000000E+000  2.377609E-001  9.713237E-001  0.000000E+000  0.000000E+000  0.000000E+000  1.000000E+000
  2.920000E+000  9.784657E-001  1.206410E+000  0.000000E+000  9.784657E-001 -2.064096E-001  0.000000E+000  2.064096E-001  9.784657E-001  0.000000E+000  0.000000E+000  0.000000E+000  1.000000E+000
  2.940000E+000  9.845952E-001  1.174849E+000  0.000000E+000  9.845952E-001 -1.748495E-001  0.000000E+000  1.748495E-001  9.845952E-001  0.000000E+000  0.000000E+000  0.000000E+000  1.000000E+000
  2.960000E+000  9.896918E-001  1.143213E+000  0.000000E+000  9.896918E-001 -1.432135E-001  0.000000E+000  1.432135E-001  9.896918E-001  0.000000E+000  0.000000E+000  0.000000E+000  1.000000E+000
  2.980000E+000  9.937492E-001  1.111636E+000  0.000000E+000  9.937492E-001 -1.116357E-001  0.000000E+000  1.116357E-001  9.937492E-001  0.000000E+000  0.000000E+000  0.000000E+000  1.000000E+000
  3.000000E+000  9.967748E-001  1.080250E+000  0.000000E+000  9.967748E-001 -8.024974E-002  0.000000E+000  8.024974E-002  9.967748E-001  0.000000E+000  0.000000E+000  0.000000E+000  1.000000E+000
  3.020000E+000  9.987896E-001  1.049187E+000  0.000000E+000  9.987896E-001 -4.918732E-002  0.000000E+000  4.918732E-002  9.987896E-001  0.000000E+000  0.000000E+000  0.000000E+000  1.000000E+000
  3.040000E+000  9.998274E-001  1.018577E+000  0.000000E+000  9.998274E-001 -1.857656E-002  0.000000E+000  1.857656E-002  9.998274E-001  0.000000E+000  0.000000E+000  0.000000E+000  1.000000E+000
  3.060000E+000  9.999343E-001  9.885407E-001  0.000000E+000  9.999343E-001  1.145926E-002  0.000000E+000 -1.145926E-002  9.999343E-001  0.000000E+000  0.000000E+000  0.000000E+000  1.000000E+000
  3.080000E+000  9.991672E-001  9.591970E-001  0.000000E+000  9.991672E-001  4.080298E-002  0.000000E+000 -4.080298E-002  9.991672E-001  0.000000E+000  0.000000E+000  0.000000E+000  1.000000E+000
  3.100000E+000  9.975928E-001  9.306554E-001  0.000000E+000  9.975928E-001  6.934459E-002  0.000000E+000 -6.934459E-002  9.975928E-001  0.000000E+000  0.000000E+000  0.000000E+000  1.000000E+000
  3.120000E+000  9.952861E-001  9.030179E-001  0.000000E+000  9.952861E-001  9.698211E-002  0.000000E+000 -9.698211E-002  9.952861E-001  0.000000E+000  0.000000E+000  0.000000E+000  1.000000E+000
  3.140000E+000  9.923294E-001  8.763778E-001  0.000000E+000  9.923294E-001  1.236222E-001  0.000000E+000 -1.236222E-001  9.923294E-001  0.000000E+000  0.000000E+000  0.000000E+000  1.000000E+000
  3.160000E+000  9.888100E-001  8.508195E-001  0.000000E+000  9.888100E-001  1.491805E-001  0.000000E+000 -1.491805E-001  9.888100E-001  0.000000E+000  0.000000E+000  0.000000E+000  1.000000E+000
  3.180000E+000  9.848194E-001  8.264180E-001  0.000000E+000  9.848194E-001  1.735820E-001  0.000000E+000 -1.735820E-001  9.848194E-001  0.000000E+000  0.000000E+000  0.000000E+000  1.000000E+000
  3.200000E+000  9.804515E-001  8.032391E-001  0.000000E+000  9.804515E-001  1.967609E-001  0.000000E+000 -1.967609E-001  9.804515E-001  0.000000E+000  0.000000E+000  0.000000E+000  1.000000E+000
  3.220000E+000  9.758010E-001  7.813395E-001  0.000000E+000  9.758010E-001  2.186605E-001  0.000000E+000 -2.186605E-001  9.758010E-001  0.000000E+000  0.000000E+000  0.000000E+000  1.000000E+000
  3.240000E+000  9.709623E-001  7.607675E-001  0.000000E+000  9.709623E-001  2.392325E-001  0.000000E+000 -2.392325E-001  9.709623E-001  0.000000E+000  0.000000E+000  0.000000E+000  1.000000E+000
  3.260000E+000  9.660281E-001  7.415629E-001  0.000000E+000  9.660281E-001  2.584371E-001  0.000000E+000 -2.584371E-001  9.660281E-001  0.000000E+000  0.000000E+000  0.000000E+000  1.000000E+000
  3.280000E+000  9.610882E-001  7.237582E-001  0.000000E+000  9.610882E-001  2.762418E-001  0.000000E+000 -2.762418E-001  9.610882E-001  0.000000E+000  0.000000E+000  0.000000E+000  1.000000E+000
  3.300000E+000  9.562286E-001  7.073792E-001  0.000000E+000  9.562286E-001  2.926208E-001  0.000000E+000 -2.926208E-001  9.562286E-001  0.000000E+000  0.000000E+000  0.000000E+000  1.000000E+000
  3.320000E+000  9.515305E-001  6.924456E-001  0.000000E+000  9.515305E-001  3.075544E-001  0.000000E+000 -3.075544E-001  9.515305E-001  0.000000E+000  0.000000E+000  0.000000E+000  1.000000E+000
  3.340000E+000  9.470697E-001  6.789720E-001  0.000000E+000  9.470697E-001  3.210280E-001  0.000000E+000 -3.210280E-001  9.470697E-001  0.000000E+000  0.000000E+000  0.000000E+000  1.000000E+000
  3.360000E+000  9.429157E-001  6.669686E-001  0.000000E+000  9.429157E-001  3.330314E-001  0.000000E+000 -3.330314E-001  9.429157E-001  0.000000E+000  0.000000E+000  0.000000E+000  1.000000E+000
  3.380000E+000  9.391315E-001  6.564422E-001  0.000000E+000  9.391315E-001  3.435578E-001  0.000000E+000 -3.435578E-001  9.391315E-001  0.000000E+000  0.000000E+000  0.000000E+000  1.000000E+000
  3.400000E+000  9.357729E-001  6.473968E-001  0.000000E+000  9.357729E-001  3.526032E-001  0.000000E+000 -3.526032E-001  9.357729E-001  0.000000E+000  0.000000E+000  0.000000E+000  1.000000E+000
  3.420000E+000  9.328884E-001  6.398344E-001  0.000000E+000  9.328884E-001  3.601656E-001  0.000000E+000 -3.601656E-001  9.328884E-001  0.000000E+000  0.000000E+000  0.000000E+000  1.000000E+000
  3.440000E+000  9.305187E-001  6.337556E-001  0.000000E+000  9.305187E-001  3.662444E-001  0.000000E+000 -3.662444E-001  9.305187E-001  0.000000E+000  0.000000E+000  0.000000E+000  1.000000E+000
  3.460000E+000  9.286969E-001  6.291602E-001  0.000000E+000  9.286969E-001  3.708398E-001  0.000000E+000 -3.708398E-001  9.286969E-001  0.000000E+000  0.000000E+000  0.000000E+000  1.000000E+000
  3.480000E+000  9.274479E-001  6.260477E-001  0.000000E+000  9.274479E-001  3.739523E-001  0.000000E+000 -3.739523E-001  9.274479E-001  0.000000E+000  0.000000E+000  0.000000E+000  1.000000E+000
  3.500000E+000  9.267889E-001  6.244173E-001  0.000000E+000  9.267889E-001  3.755827E-001  0.000000E+000 -3.755827E-001  9.267889E-001  0.000000E+000  0.000000E+000  0.000000E+000  1.000000E+000
  3.520000E+000  9.267286E-001  6.242687E-001  0.000000E+000  9.267286E-001  3.757313E-001  0.000000E+000 -3.757313E-001  9.267286E-001  0.000000E+000  0.000000E+000  0.000000E+000  1.000000E+000
  3.540000E+000  9.272680E-001  6.256018E-001  0.000000E+000  9.272680E-001  3.743982E-001  0.000000E+000 -3.743982E-001  9.272680E-001  0.000000E+000  0.000000E+000  0.000000E+000  1.000000E+000
  3.560000E+000  9.283998E-001  6.284171E-001  0.000000E+000  9.283998E-001  3.715829E-001  0.000000E+000 -3.715829E-001  9.283998E-001  0.000000E+000  0.000000E+000  0.000000E+000  1.000000E+000
  3.580000E+000  9.301085E-001  6.327150E-001  0.000000E+000  9.301085E-001  3.672850E-001  0.000000E+000 -3.672850E-001  9.301085E-001  0.000000E+000  0.000000E+000  0.000000E+000  1.000000E+000
  3.600000E+000  9.323706E-001  6.384962E-001  0.000000E+000  9.323706E-001  3.615038E-001  0.000000E+000 -3.615038E-001  9.323706E-001  0.000000E+000  0.000000E+000  0.000000E+000  1.000000E+000
  3.620000E+000  9.351549E-001  6.457611E-001  0.000000E+000  9.351549E-001  3.542389E-001  0.000000E+000 -3.542389E-001  9.351549E-001  0.000000E+000  0.000000E+000  0.000000E+000  1.000000E+000
  3.640000E+000  9.384221E-001  6.545091E-001  0.000000E+000  9.384221E-001  3.454909E-001  0.000000E+000 -3.454909E-001  9.384221E-001  0.000000E+000  0.000000E+000  0.000000E+000  1.000000E+000
  3.660000E+000  9.421252E-001  6.647387E-001  0.000000E+000  9.421252E-001  3.352613E-001  0.000000E+000 -3.352613E-001  9.421252E-001  0.000000E+000  0.000000E+000  0.000000E+000  1.000000E+000
  3.680000E+000  9.462098E-001  6.764463E-001  0.000000E+000  9.462098E-001  3.235537E-001  0.000000E+000 -3.235537E-001  9.462098E-001  0.000000E+000  0.000000E+000  0.000000E+000  1.000000E+000
  3.700000E+000  9.506144E-001  6.896258E-001  0.000000E+000  9.506144E-001  3.103742E-001  0.000000E+000 -3.103742E-001  9.506144E-001  0.000000E+000  0.000000E+000  0.000000E+000  1.000000E+000
  3.720000E+000  9.552708E-001  7.042676E-001  0.000000E+000  9.552708E-001  2.957324E-001  0.000000E+000 -2.957324E-001  9.552708E-001  0.000000E+000  0.000000E+000  0.000000E+000  1.000000E+000
  3.740000E+000  9.601044E-001  7.203581E-001  0.000000E+000  9.601044E-001  2.796419E-001  0.000000E+000 -2.796419E-001  9.601044E-001  0.000000E+000  0.000000E+000  0.000000E+000  1.000000E+000
  3.760000E+000  9.650349E-001  7.378786E-001  0.000000E+000  9.650349E-001  2.621214E-001  0.000000E+000 -2.621214E-001  9.650349E-001  0.000000E+000  0.000000E+000  0.000000E+000  1.000000E+000
  3.780000E+000  9.699774E-001  7.568048E-001  0.000000E+000  9.699774E-001  2.431952E-001  0.000000E+000 -2.431952E-001  9.699774E-001  0.000000E+000  0.000000E+000  0.000000E+000  1.000000E+000
  3.800000E+000  9.748426E-001  7.771056E-001  0.000000E+000  9.748426E-001  2.228944E-001  0.000000E+000 -2.228944E-001  9.748426E-001  0.000000E+000  0.000000E+000  0.000000E+000  1.000000E+000
  3.820000E+000  9.795384E-001  7.987424E-001  0.000000E+000  9.795384E-001  2.012576E-001  0.000000E+000 -2.012576E-001  9.795384E-001  0.000000E+000  0.000000E+000  0.000000E+000  1.000000E+000
  3.840000E+000  9.839706E-001  8.216690E-001  0.000000E+000  9.839706E-001  1.783310E-001  0.000000E+000 -1.783310E-001  9.839706E-001  0.000000E+000  0.000000E+000  0.000000E+000  1.000000E+000
  3.860000E+000  9.880444E-001  8.458303E-001  0.000000E+000  9.880444E-001  1.541697E-001  0.000000E+000 -1.541697E-001  9.880444E-001  0.000000E+000  0.000000E+000  0.000000E+000  1.000000E+000
  3.880000E+000  9.916657E-001  8.711623E-001  0.000000E+000  9.916657E-001  1.288377E-001  0.000000E+000 -1.288377E-001  9.916657E-001  0.000000E+000  0.000000E+000  0.000000E+000  1.000000E+000
  3.900000E+000  9.947425E-001  8.975919E-001  0.000000E+000  9.947425E-001  1.024081E-001  0.000000E+000 -1.024081E-001  9.947425E-001  0.000000E+000  0.000000E+000  0.000000E+000  1.000000E+000
  3.920000E+000  9.971863E-001  9.250365E-001  0.000000E+000  9.971863E-001  7.496346E-002  0.000000E+000 -7.496346E-002  9.971863E-001  0.000000E+000  0.000000E+000  0.000000E+000  1.000000E+000
  3.940000E+000  9.989139E-001  9.534047E-001  0.000000E+000  9.989139E-001  4.659528E-002  0.000000E+000 -4.659528E-002  9.989139E-001  0.000000E+000  0.000000E+000  0.000000E+000  1.000000E+000
  3.960000E+000  9.998485E-001  9.825961E-001  0.000000E+000  9.998485E-001  1.740386E-002  0.000000E+000 -1.740386E-002  9.998485E-001  0.000000E+000  0.000000E+000  0.000000E+000  1.000000E+000
  3.980000E+000  9.999218E-001  1.012502E+000  0.000000E+000  9.999218E-001 -1.250232E-002  0.000000E+000  1.250232E-002  9.999218E-001  0.000000E+000  0.000000E+000  0.000000E+000  1.000000E+000
