% FILE: correct/Data.3
%
%       t         P_Na_Bo[1]     P_Na_Bo[2]     P_Na_Bo[3]      N_B[1,1]       N_B[1,2]       N_B[1,3]       N_B[2,1]       N_B[2,2]       N_B[2,3]       N_B[3,1]       N_B[3,2]       N_B[3,3]
%   (second)        (meter)        (meter)        (meter)       (NoUnits)      (NoUnits)      (NoUnits)      (NoUnits)      (NoUnits)      (NoUnits)      (NoUnits)      (NoUnits)      (NoUnits)

  0.000000E+000  1.133642E+000  1.463525E+000  0.000000E+000  2.676166E-001 -9.635255E-001  0.000000E+000  9.635255E-001  2.676166E-001  0.000000E+000  0.000000E+000  0.000000E+000  1.000000E+000
  2.000000E-002  1.134538E+000  1.462426E+000  0.000000E+000  2.679280E-001 -9.634389E-001  0.000000E+000  9.634389E-001  2.679280E-001  0.000000E+000  0.000000E+000  0.000000E+000  1.000000E+000
  4.000000E-002  1.137216E+000  1.459124E+000  0.000000E+000  2.688621E-001 -9.631787E-001  0.000000E+000  9.631787E-001  2.688621E-001  0.000000E+000  0.000000E+000  0.000000E+000  1.000000E+000
  6.000000E-002  1.141651E+000  1.453612E+000  0.000000E+000  2.704177E-001 -9.627431E-001  0.000000E+000  9.627431E-001  2.704177E-001  0.000000E+000  0.000000E+000  0.000000E+000  1.000000E+000
  8.000000E-002  1.147801E+000  1.445876E+000  0.000000E+000  2.725932E-001 -9.621294E-001  0.000000E+000  9.621294E-001  2.725932E-001  0.000000E+000  0.000000E+000  0.000000E+000  1.000000E+000
  1.000000E-001  1.155605E+000  1.435901E+000  0.000000E+000  2.753859E-001 -9.613338E-001  0.000000E+000  9.613338E-001  2.753859E-001  0.000000E+000  0.000000E+000  0.000000E+000  1.000000E+000
  1.200000E-001  1.164988E+000  1.423664E+000  0.000000E+000  2.787928E-001 -9.603513E-001  0.000000E+000  9.603513E-001  2.787928E-001  0.000000E+000  0.000000E+000  0.000000E+000  1.000000E+000
  1.400000E-001  1.175855E+000  1.409143E+000  0.000000E+000  2.828099E-001 -9.591760E-001  0.000000E+000  9.591760E-001  2.828099E-001  0.000000E+000  0.000000E+000  0.000000E+000  1.000000E+000
  1.600000E-001  1.188098E+000  1.392314E+000  0.000000E+000  2.874325E-001 -9.578009E-001  0.000000E+000  9.578009E-001  2.874325E-001  0.000000E+000  0.000000E+000  0.000000E+000  1.000000E+000
  1.800000E-001  1.201591E+000  1.373153E+000  0.000000E+000  2.926550E-001 -9.562181E-001  0.000000E+000  9.562181E-001  2.926550E-001  0.000000E+000  0.000000E+000  0.000000E+000  1.000000E+000
  2.000000E-001  1.216194E+000  1.351640E+000  0.000000E+000  2.984711E-001 -9.544187E-001  0.000000E+000  9.544187E-001  2.984711E-001  0.000000E+000  0.000000E+000  0.000000E+000  1.000000E+000
  2.200000E-001  1.231750E+000  1.327758E+000  0.000000E+000  3.048735E-001 -9.523929E-001  0.000000E+000  9.523929E-001  3.048735E-001  0.000000E+000  0.000000E+000  0.000000E+000  1.000000E+000
  2.400000E-001  1.248092E+000  1.301496E+000  0.000000E+000  3.118541E-001 -9.501300E-001  0.000000E+000  9.501300E-001  3.118541E-001  0.000000E+000  0.000000E+000  0.000000E+000  1.000000E+000
  2.600000E-001  1.265038E+000  1.272850E+000  0.000000E+000  3.194036E-001 -9.476188E-001  0.000000E+000  9.476188E-001  3.194036E-001  0.000000E+000  0.000000E+000  0.000000E+000  1.000000E+000
  2.800000E-001  1.282395E+000  1.241829E+000  0.000000E+000  3.275118E-001 -9.448471E-001  0.000000E+000  9.448471E-001  3.275118E-001  0.000000E+000  0.000000E+000  0.000000E+000  1.000000E+000
  3.000000E-001  1.299961E+000  1.208451E+000  0.000000E+000  3.361674E-001 -9.418022E-001  0.000000E+000  9.418022E-001  3.361674E-001  0.000000E+000  0.000000E+000  0.000000E+000  1.000000E+000
  3.200000E-001  1.317527E+000  1.172751E+000  0.000000E+000  3.453577E-001 -9.384711E-001  0.000000E+000  9.384711E-001  3.453577E-001  0.000000E+000  0.000000E+000  0.000000E+000  1.000000E+000
  3.400000E-001  1.334878E+000  1.134777E+000  0.000000E+000  3.550688E-001 -9.348402E-001  0.000000E+000  9.348402E-001  3.550688E-001  0.000000E+000  0.000000E+000  0.000000E+000  1.000000E+000
  3.600000E-001  1.351795E+000  1.094597E+000  0.000000E+000  3.652853E-001 -9.308956E-001  0.000000E+000  9.308956E-001  3.652853E-001  0.000000E+000  0.000000E+000  0.000000E+000  1.000000E+000
  3.800000E-001  1.368062E+000  1.052295E+000  0.000000E+000  3.759902E-001 -9.266236E-001  0.000000E+000  9.266236E-001  3.759902E-001  0.000000E+000  0.000000E+000  0.000000E+000  1.000000E+000
  4.000000E-001  1.383463E+000  1.007976E+000  0.000000E+000  3.871652E-001 -9.220104E-001  0.000000E+000  9.220104E-001  3.871652E-001  0.000000E+000  0.000000E+000  0.000000E+000  1.000000E+000
  4.200000E-001  1.397789E+000  9.617666E-001  0.000000E+000  3.987896E-001 -9.170424E-001  0.000000E+000  9.170424E-001  3.987896E-001  0.000000E+000  0.000000E+000  0.000000E+000  1.000000E+000
  4.400000E-001  1.410839E+000  9.138114E-001  0.000000E+000  4.108413E-001 -9.117069E-001  0.000000E+000  9.117069E-001  4.108413E-001  0.000000E+000  0.000000E+000  0.000000E+000  1.000000E+000
  4.600000E-001  1.422426E+000  8.642762E-001  0.000000E+000  4.232960E-001 -9.059915E-001  0.000000E+000  9.059915E-001  4.232960E-001  0.000000E+000  0.000000E+000  0.000000E+000  1.000000E+000
  4.800000E-001  1.432375E+000  8.133460E-001  0.000000E+000  4.361270E-001 -8.998851E-001  0.000000E+000  8.998851E-001  4.361270E-001  0.000000E+000  0.000000E+000  0.000000E+000  1.000000E+000
  5.000000E-001  1.440535E+000  7.612238E-001  0.000000E+000  4.493056E-001 -8.933781E-001  0.000000E+000  8.933781E-001  4.493056E-001  0.000000E+000  0.000000E+000  0.000000E+000  1.000000E+000
  5.200000E-001  1.446771E+000  7.081287E-001  0.000000E+000  4.628005E-001 -8.864625E-001  0.000000E+000  8.864625E-001  4.628005E-001  0.000000E+000  0.000000E+000  0.000000E+000  1.000000E+000
  5.400000E-001  1.450974E+000  6.542939E-001  0.000000E+000  4.765779E-001 -8.791322E-001  0.000000E+000  8.791322E-001  4.765779E-001  0.000000E+000  0.000000E+000  0.000000E+000  1.000000E+000
  5.600000E-001  1.453063E+000  5.999641E-001  0.000000E+000  4.906016E-001 -8.713840E-001  0.000000E+000  8.713840E-001  4.906016E-001  0.000000E+000  0.000000E+000  0.000000E+000  1.000000E+000
  5.800000E-001  1.452982E+000  5.453920E-001  0.000000E+000  5.048327E-001 -8.632172E-001  0.000000E+000  8.632172E-001  5.048327E-001  0.000000E+000  0.000000E+000  0.000000E+000  1.000000E+000
  6.000000E-001  1.450707E+000  4.908357E-001  0.000000E+000  5.192296E-001 -8.546348E-001  0.000000E+000  8.546348E-001  5.192296E-001  0.000000E+000  0.000000E+000  0.000000E+000  1.000000E+000
  6.200000E-001  1.446243E+000  4.365545E-001  0.000000E+000  5.337482E-001 -8.456434E-001  0.000000E+000  8.456434E-001  5.337482E-001  0.000000E+000  0.000000E+000  0.000000E+000  1.000000E+000
  6.400000E-001  1.439625E+000  3.828057E-001  0.000000E+000  5.483422E-001 -8.362540E-001  0.000000E+000  8.362540E-001  5.483422E-001  0.000000E+000  0.000000E+000  0.000000E+000  1.000000E+000
  6.600000E-001  1.430919E+000  3.298407E-001  0.000000E+000  5.629628E-001 -8.264822E-001  0.000000E+000  8.264822E-001  5.629628E-001  0.000000E+000  0.000000E+000  0.000000E+000  1.000000E+000
  6.800000E-001  1.420219E+000  2.779018E-001  0.000000E+000  5.775593E-001 -8.163488E-001  0.000000E+000  8.163488E-001  5.775593E-001  0.000000E+000  0.000000E+000  0.000000E+000  1.000000E+000
  7.000000E-001  1.407647E+000  2.272185E-001  0.000000E+000  5.920791E-001 -8.058799E-001  0.000000E+000  8.058799E-001  5.920791E-001  0.000000E+000  0.000000E+000  0.000000E+000  1.000000E+000
  7.200000E-001  1.393351E+000  1.780046E-001  0.000000E+000  6.064684E-001 -7.951076E-001  0.000000E+000  7.951076E-001  6.064684E-001  0.000000E+000  0.000000E+000  0.000000E+000  1.000000E+000
  7.400000E-001  1.377500E+000  1.304554E-001  0.000000E+000  6.206725E-001 -7.840699E-001  0.000000E+000  7.840699E-001  6.206725E-001  0.000000E+000  0.000000E+000  0.000000E+000  1.000000E+000
  7.600000E-001  1.360285E+000  8.474568E-002  0.000000E+000  6.346362E-001 -7.728111E-001  0.000000E+000  7.728111E-001  6.346362E-001  0.000000E+000  0.000000E+000  0.000000E+000  1.000000E+000
  7.800000E-001  1.341911E+000  4.102802E-002  0.000000E+000  6.483042E-001 -7.613814E-001  0.000000E+000  7.613814E-001  6.483042E-001  0.000000E+000  0.000000E+000  0.000000E+000  1.000000E+000
  8.000000E-001  1.322599E+000 -5.685704E-004  0.000000E+000  6.616221E-001 -7.498375E-001  0.000000E+000  7.498375E-001  6.616221E-001  0.000000E+000  0.000000E+000  0.000000E+000  1.000000E+000
  8.200000E-001  1.302577E+000 -3.993901E-002  0.000000E+000  6.745365E-001 -7.382415E-001  0.000000E+000  7.382415E-001  6.745365E-001  0.000000E+000  0.000000E+000  0.000000E+000  1.000000E+000
  8.400000E-001  1.282080E+000 -7.700216E-002  0.000000E+000  6.869960E-001 -7.266612E-001  0.000000E+000  7.266612E-001  6.869960E-001  0.000000E+000  0.000000E+000  0.000000E+000  1.000000E+000
  8.600000E-001  1.261345E+000 -1.117003E-001  0.000000E+000  6.989514E-001 -7.151692E-001  0.000000E+000  7.151692E-001  6.989514E-001  0.000000E+000  0.000000E+000  0.000000E+000  1.000000E+000
  8.800000E-001  1.240608E+000 -1.439978E-001  0.000000E+000  7.103563E-001 -7.038423E-001  0.000000E+000  7.038423E-001  7.103563E-001  0.000000E+000  0.000000E+000  0.000000E+000  1.000000E+000
  9.000000E-001  1.220101E+000 -1.738797E-001  0.000000E+000  7.211676E-001 -6.927606E-001  0.000000E+000  6.927606E-001  7.211676E-001  0.000000E+000  0.000000E+000  0.000000E+000  1.000000E+000
  9.200000E-001  1.200048E+000 -2.013496E-001  0.000000E+000  7.313460E-001 -6.820067E-001  0.000000E+000  6.820067E-001  7.313460E-001  0.000000E+000  0.000000E+000  0.000000E+000  1.000000E+000
  9.400000E-001  1.180664E+000 -2.264274E-001  0.000000E+000  7.408557E-001 -6.716643E-001  0.000000E+000  6.716643E-001  7.408557E-001  0.000000E+000  0.000000E+000  0.000000E+000  1.000000E+000
  9.600000E-001  1.162152E+000 -2.491463E-001  0.000000E+000  7.496652E-001 -6.618173E-001  0.000000E+000  6.618173E-001  7.496652E-001  0.000000E+000  0.000000E+000  0.000000E+000  1.000000E+000
  9.800000E-001  1.144701E+000 -2.695503E-001  0.000000E+000  7.577469E-001 -6.525486E-001  0.000000E+000  6.525486E-001  7.577469E-001  0.000000E+000  0.000000E+000  0.000000E+000  1.000000E+000
  1.000000E+000  1.128486E+000 -2.876914E-001  0.000000E+000  7.650773E-001 -6.439384E-001  0.000000E+000  6.439384E-001  7.650773E-001  0.000000E+000  0.000000E+000  0.000000E+000  1.000000E+000
  1.020000E+000  1.113664E+000 -3.036262E-001  0.000000E+000  7.716366E-001 -6.360636E-001  0.000000E+000  6.360636E-001  7.716366E-001  0.000000E+000  0.000000E+000  0.000000E+000  1.000000E+000
  1.040000E+000  1.100378E+000 -3.174135E-001  0.000000E+000  7.774086E-001 -6.289960E-001  0.000000E+000  6.289960E-001  7.774086E-001  0.000000E+000  0.000000E+000  0.000000E+000  1.000000E+000
  1.060000E+000  1.088750E+000 -3.291114E-001  0.000000E+000  7.823801E-001 -6.228013E-001  0.000000E+000  6.228013E-001  7.823801E-001  0.000000E+000  0.000000E+000  0.000000E+000  1.000000E+000
  1.080000E+000  1.078886E+000 -3.387747E-001  0.000000E+000  7.865409E-001 -6.175382E-001  0.000000E+000  6.175382E-001  7.865409E-001  0.000000E+000  0.000000E+000  0.000000E+000  1.000000E+000
  1.100000E+000  1.070876E+000 -3.464529E-001  0.000000E+000  7.898833E-001 -6.132571E-001  0.000000E+000  6.132571E-001  7.898833E-001  0.000000E+000  0.000000E+000  0.000000E+000  1.000000E+000
  1.120000E+000  1.064789E+000 -3.521879E-001  0.000000E+000  7.924016E-001 -6.099997E-001  0.000000E+000  6.099997E-001  7.924016E-001  0.000000E+000  0.000000E+000  0.000000E+000  1.000000E+000
  1.140000E+000  1.060679E+000 -3.560130E-001  0.000000E+000  7.940918E-001 -6.077979E-001  0.000000E+000  6.077979E-001  7.940918E-001  0.000000E+000  0.000000E+000  0.000000E+000  1.000000E+000
  1.160000E+000  1.058581E+000 -3.579509E-001  0.000000E+000  7.949514E-001 -6.066731E-001  0.000000E+000  6.066731E-001  7.949514E-001  0.000000E+000  0.000000E+000  0.000000E+000  1.000000E+000
  1.180000E+000  1.058513E+000 -3.580135E-001  0.000000E+000  7.949792E-001 -6.066367E-001  0.000000E+000  6.066367E-001  7.949792E-001  0.000000E+000  0.000000E+000  0.000000E+000  1.000000E+000
  1.200000E+000  1.060476E+000 -3.562012E-001  0.000000E+000  7.941752E-001 -6.076889E-001  0.000000E+000  6.076889E-001  7.941752E-001  0.000000E+000  0.000000E+000  0.000000E+000  1.000000E+000
  1.220000E+000  1.064452E+000 -3.525029E-001  0.000000E+000  7.925405E-001 -6.098193E-001  0.000000E+000  6.098193E-001  7.925405E-001  0.000000E+000  0.000000E+000  0.000000E+000  1.000000E+000
  1.240000E+000  1.070408E+000 -3.468965E-001  0.000000E+000  7.900775E-001 -6.130070E-001  0.000000E+000  6.130070E-001  7.900775E-001  0.000000E+000  0.000000E+000  0.000000E+000  1.000000E+000
  1.260000E+000  1.078292E+000 -3.393495E-001  0.000000E+000  7.867900E-001 -6.172208E-001  0.000000E+000  6.172208E-001  7.867900E-001  0.000000E+000  0.000000E+000  0.000000E+000  1.000000E+000
  1.280000E+000  1.088034E+000 -3.298204E-001  0.000000E+000  7.826836E-001 -6.224197E-001  0.000000E+000  6.224197E-001  7.826836E-001  0.000000E+000  0.000000E+000  0.000000E+000  1.000000E+000
  1.300000E+000  1.099547E+000 -3.182602E-001  0.000000E+000  7.777660E-001 -6.285539E-001  0.000000E+000  6.285539E-001  7.777660E-001  0.000000E+000  0.000000E+000  0.000000E+000  1.000000E+000
  1.320000E+000  1.112727E+000 -3.046143E-001  0.000000E+000  7.720473E-001 -6.355651E-001  0.000000E+000  6.355651E-001  7.720473E-001  0.000000E+000  0.000000E+000  0.000000E+000  1.000000E+000
  1.340000E+000  1.127450E+000 -2.888249E-001  0.000000E+000  7.655401E-001 -6.433882E-001  0.000000E+000  6.433882E-001  7.655401E-001  0.000000E+000  0.000000E+000  0.000000E+000  1.000000E+000
  1.360000E+000  1.143577E+000 -2.708332E-001  0.000000E+000  7.582607E-001 -6.519515E-001  0.000000E+000  6.519515E-001  7.582607E-001  0.000000E+000  0.000000E+000  0.000000E+000  1.000000E+000
  1.380000E+000  1.160950E+000 -2.505821E-001  0.000000E+000  7.502285E-001 -6.611787E-001  0.000000E+000  6.611787E-001  7.502285E-001  0.000000E+000  0.000000E+000  0.000000E+000  1.000000E+000
  1.400000E+000  1.179397E+000 -2.280194E-001  0.000000E+000  7.414668E-001 -6.709895E-001  0.000000E+000  6.709895E-001  7.414668E-001  0.000000E+000  0.000000E+000  0.000000E+000  1.000000E+000
  1.420000E+000  1.198729E+000 -2.031006E-001  0.000000E+000  7.320030E-001 -6.813014E-001  0.000000E+000  6.813014E-001  7.320030E-001  0.000000E+000  0.000000E+000  0.000000E+000  1.000000E+000
  1.440000E+000  1.218744E+000 -1.757913E-001  0.000000E+000  7.218683E-001 -6.920305E-001  0.000000E+000  6.920305E-001  7.218683E-001  0.000000E+000  0.000000E+000  0.000000E+000  1.000000E+000
  1.460000E+000  1.239228E+000 -1.460710E-001  0.000000E+000  7.110981E-001 -7.030928E-001  0.000000E+000  7.030928E-001  7.110981E-001  0.000000E+000  0.000000E+000  0.000000E+000  1.000000E+000
  1.480000E+000  1.259956E+000 -1.139347E-001  0.000000E+000  6.997316E-001 -7.144059E-001  0.000000E+000  7.144059E-001  6.997316E-001  0.000000E+000  0.000000E+000  0.000000E+000  1.000000E+000
  1.500000E+000  1.280699E+000 -7.939626E-002  0.000000E+000  6.878116E-001 -7.258893E-001  0.000000E+000  7.258893E-001  6.878116E-001  0.000000E+000  0.000000E+000  0.000000E+000  1.000000E+000
  1.520000E+000  1.301219E+000 -4.248967E-002  0.000000E+000  6.753843E-001 -7.374660E-001  0.000000E+000  7.374660E-001  6.753843E-001  0.000000E+000  0.000000E+000  0.000000E+000  1.000000E+000
  1.540000E+000  1.321280E+000 -3.271222E-003  0.000000E+000  6.624986E-001 -7.490631E-001  0.000000E+000  7.490631E-001  6.624986E-001  0.000000E+000  0.000000E+000  0.000000E+000  1.000000E+000
  1.560000E+000  1.340647E+000  3.817954E-002  0.000000E+000  6.492061E-001 -7.606125E-001  0.000000E+000  7.606125E-001  6.492061E-001  0.000000E+000  0.000000E+000  0.000000E+000  1.000000E+000
  1.580000E+000  1.359090E+000  8.175916E-002  0.000000E+000  6.355598E-001 -7.720516E-001  0.000000E+000  7.720516E-001  6.355598E-001  0.000000E+000  0.000000E+000  0.000000E+000  1.000000E+000
  1.600000E+000  1.376390E+000  1.273402E-001  0.000000E+000  6.216142E-001 -7.833235E-001  0.000000E+000  7.833235E-001  6.216142E-001  0.000000E+000  0.000000E+000  0.000000E+000  1.000000E+000
  1.620000E+000  1.392338E+000  1.747716E-001  0.000000E+000  6.074245E-001 -7.943774E-001  0.000000E+000  7.943774E-001  6.074245E-001  0.000000E+000  0.000000E+000  0.000000E+000  1.000000E+000
  1.640000E+000  1.406743E+000  2.238801E-001  0.000000E+000  5.930458E-001 -8.051687E-001  0.000000E+000  8.051687E-001  5.930458E-001  0.000000E+000  0.000000E+000  0.000000E+000  1.000000E+000
  1.660000E+000  1.419435E+000  2.744717E-001  0.000000E+000  5.785330E-001 -8.156590E-001  0.000000E+000  8.156590E-001  5.785330E-001  0.000000E+000  0.000000E+000  0.000000E+000  1.000000E+000
  1.680000E+000  1.430264E+000  3.263336E-001  0.000000E+000  5.639400E-001 -8.258157E-001  0.000000E+000  8.258157E-001  5.639400E-001  0.000000E+000  0.000000E+000  0.000000E+000  1.000000E+000
  1.700000E+000  1.439107E+000  3.792374E-001  0.000000E+000  5.493194E-001 -8.356124E-001  0.000000E+000  8.356124E-001  5.493194E-001  0.000000E+000  0.000000E+000  0.000000E+000  1.000000E+000
  1.720000E+000  1.445867E+000  4.329416E-001  0.000000E+000  5.347221E-001 -8.450280E-001  0.000000E+000  8.450280E-001  5.347221E-001  0.000000E+000  0.000000E+000  0.000000E+000  1.000000E+000
  1.740000E+000  1.450477E+000  4.871952E-001  0.000000E+000  5.201969E-001 -8.540463E-001  0.000000E+000  8.540463E-001  5.201969E-001  0.000000E+000  0.000000E+000  0.000000E+000  1.000000E+000
  1.760000E+000  1.452898E+000  5.417412E-001  0.000000E+000  5.057905E-001 -8.626563E-001  0.000000E+000  8.626563E-001  5.057905E-001  0.000000E+000  0.000000E+000  0.000000E+000  1.000000E+000
  1.780000E+000  1.453125E+000  5.963203E-001  0.000000E+000  4.915471E-001 -8.708510E-001  0.000000E+000  8.708510E-001  4.915471E-001  0.000000E+000  0.000000E+000  0.000000E+000  1.000000E+000
  1.800000E+000  1.451180E+000  6.506743E-001  0.000000E+000  4.775082E-001 -8.786273E-001  0.000000E+000  8.786273E-001  4.775082E-001  0.000000E+000  0.000000E+000  0.000000E+000  1.000000E+000
  1.820000E+000  1.447116E+000  7.045499E-001  0.000000E+000  4.637132E-001 -8.859854E-001  0.000000E+000  8.859854E-001  4.637132E-001  0.000000E+000  0.000000E+000  0.000000E+000  1.000000E+000
  1.840000E+000  1.441013E+000  7.577018E-001  0.000000E+000  4.501983E-001 -8.929286E-001  0.000000E+000  8.929286E-001  4.501983E-001  0.000000E+000  0.000000E+000  0.000000E+000  1.000000E+000
  1.860000E+000  1.432978E+000  8.098961E-001  0.000000E+000  4.369976E-001 -8.994627E-001  0.000000E+000  8.994627E-001  4.369976E-001  0.000000E+000  0.000000E+000  0.000000E+000  1.000000E+000
  1.880000E+000  1.423144E+000  8.609125E-001  0.000000E+000  4.241424E-001 -9.055955E-001  0.000000E+000  9.055955E-001  4.241424E-001  0.000000E+000  0.000000E+000  0.000000E+000  1.000000E+000
  1.900000E+000  1.411661E+000  9.105470E-001  0.000000E+000  4.116617E-001 -9.113367E-001  0.000000E+000  9.113367E-001  4.116617E-001  0.000000E+000  0.000000E+000  0.000000E+000  1.000000E+000
  1.920000E+000  1.398703E+000  9.586132E-001  0.000000E+000  3.995823E-001 -9.166973E-001  0.000000E+000  9.166973E-001  3.995823E-001  0.000000E+000  0.000000E+000  0.000000E+000  1.000000E+000
  1.940000E+000  1.384457E+000  1.004944E+000  0.000000E+000  3.879285E-001 -9.216895E-001  0.000000E+000  9.216895E-001  3.879285E-001  0.000000E+000  0.000000E+000  0.000000E+000  1.000000E+000
  1.960000E+000  1.369121E+000  1.049393E+000  0.000000E+000  3.767229E-001 -9.263260E-001  0.000000E+000  9.263260E-001  3.767229E-001  0.000000E+000  0.000000E+000  0.000000E+000  1.000000E+000
  1.980000E+000  1.352906E+000  1.091834E+000  0.000000E+000  3.659859E-001 -9.306204E-001  0.000000E+000  9.306204E-001  3.659859E-001  0.000000E+000  0.000000E+000  0.000000E+000  1.000000E+000
  2.000000E+000  1.336025E+000  1.132159E+000  0.000000E+000  3.557362E-001 -9.345864E-001  0.000000E+000  9.345864E-001  3.557362E-001  0.000000E+000  0.000000E+000  0.000000E+000  1.000000E+000
  2.020000E+000  1.318696E+000  1.170283E+000  0.000000E+000  3.459909E-001 -9.382379E-001  0.000000E+000  9.382379E-001  3.459909E-001  0.000000E+000  0.000000E+000  0.000000E+000  1.000000E+000
  2.040000E+000  1.301138E+000  1.206137E+000  0.000000E+000  3.367653E-001 -9.415886E-001  0.000000E+000  9.415886E-001  3.367653E-001  0.000000E+000  0.000000E+000  0.000000E+000  1.000000E+000
  2.060000E+000  1.283565E+000  1.239671E+000  0.000000E+000  3.280736E-001 -9.446522E-001  0.000000E+000  9.446522E-001  3.280736E-001  0.000000E+000  0.000000E+000  0.000000E+000  1.000000E+000
  2.080000E+000  1.266188E+000  1.270850E+000  0.000000E+000  3.199284E-001 -9.474417E-001  0.000000E+000  9.474417E-001  3.199284E-001  0.000000E+000  0.000000E+000  0.000000E+000  1.000000E+000
  2.100000E+000  1.249208E+000  1.299655E+000  0.000000E+000  3.123412E-001 -9.499700E-001  0.000000E+000  9.499700E-001  3.123412E-001  0.000000E+000  0.000000E+000  0.000000E+000  1.000000E+000
  2.120000E+000  1.232820E+000  1.326077E+000  0.000000E+000  3.053223E-001 -9.522491E-001  0.000000E+000  9.522491E-001  3.053223E-001  0.000000E+000  0.000000E+000  0.000000E+000  1.000000E+000
  2.140000E+000  1.217206E+000  1.350118E+000  0.000000E+000  2.988809E-001 -9.542904E-001  0.000000E+000  9.542904E-001  2.988809E-001  0.000000E+000  0.000000E+000  0.000000E+000  1.000000E+000
  2.160000E+000  1.202535E+000  1.371789E+000  0.000000E+000  2.930254E-001 -9.561047E-001  0.000000E+000  9.561047E-001  2.930254E-001  0.000000E+000  0.000000E+000  0.000000E+000  1.000000E+000
  2.180000E+000  1.188963E+000  1.391106E+000  0.000000E+000  2.877630E-001 -9.577017E-001  0.000000E+000  9.577017E-001  2.877630E-001  0.000000E+000  0.000000E+000  0.000000E+000  1.000000E+000
  2.200000E+000  1.176632E+000  1.408090E+000  0.000000E+000  2.831001E-001 -9.590904E-001  0.000000E+000  9.590904E-001  2.831001E-001  0.000000E+000  0.000000E+000  0.000000E+000  1.000000E+000
  2.220000E+000  1.165669E+000  1.422764E+000  0.000000E+000  2.790424E-001 -9.602788E-001  0.000000E+000  9.602788E-001  2.790424E-001  0.000000E+000  0.000000E+000  0.000000E+000  1.000000E+000
  2.240000E+000  1.156184E+000  1.435153E+000  0.000000E+000  2.755946E-001 -9.612740E-001  0.000000E+000  9.612740E-001  2.755946E-001  0.000000E+000  0.000000E+000  0.000000E+000  1.000000E+000
  2.260000E+000  1.148272E+000  1.445280E+000  0.000000E+000  2.727607E-001 -9.620819E-001  0.000000E+000  9.620819E-001  2.727607E-001  0.000000E+000  0.000000E+000  0.000000E+000  1.000000E+000
  2.280000E+000  1.142010E+000  1.453164E+000  0.000000E+000  2.705439E-001 -9.627076E-001  0.000000E+000  9.627076E-001  2.705439E-001  0.000000E+000  0.000000E+000  0.000000E+000  1.000000E+000
  2.300000E+000  1.137458E+000  1.458824E+000  0.000000E+000  2.689467E-001 -9.631550E-001  0.000000E+000  9.631550E-001  2.689467E-001  0.000000E+000  0.000000E+000  0.000000E+000  1.000000E+000
  2.320000E+000  1.134661E+000  1.462274E+000  0.000000E+000  2.679711E-001 -9.634270E-001  0.000000E+000  9.634270E-001  2.679711E-001  0.000000E+000  0.000000E+000  0.000000E+000  1.000000E+000
  2.340000E+000  1.133646E+000  1.463521E+000  0.000000E+000  2.676180E-001 -9.635251E-001  0.000000E+000  9.635251E-001  2.676180E-001  0.000000E+000  0.000000E+000  0.000000E+000  1.000000E+000
  2.360000E+000  1.134422E+000  1.462568E+000  0.000000E+000  2.678878E-001 -9.634501E-001  0.000000E+000  9.634501E-001  2.678878E-001  0.000000E+000  0.000000E+000  0.000000E+000  1.000000E+000
  2.380000E+000  1.136982E+000  1.459413E+000  0.000000E+000  2.687803E-001 -9.632015E-001  0.000000E+000  9.632015E-001  2.687803E-001  0.000000E+000  0.000000E+000  0.000000E+000  1.000000E+000
  2.400000E+000  1.141301E+000  1.454049E+000  0.000000E+000  2.702944E-001 -9.627777E-001  0.000000E+000  9.627777E-001  2.702944E-001  0.000000E+000  0.000000E+000  0.000000E+000  1.000000E+000
  2.420000E+000  1.147338E+000  1.446463E+000  0.000000E+000  2.724284E-001 -9.621760E-001  0.000000E+000  9.621760E-001  2.724284E-001  0.000000E+000  0.000000E+000  0.000000E+000  1.000000E+000
  2.440000E+000  1.155033E+000  1.436638E+000  0.000000E+000  2.751800E-001 -9.613927E-001  0.000000E+000  9.613927E-001  2.751800E-001  0.000000E+000  0.000000E+000  0.000000E+000  1.000000E+000
  2.460000E+000  1.164313E+000  1.424553E+000  0.000000E+000  2.785460E-001 -9.604229E-001  0.000000E+000  9.604229E-001  2.785460E-001  0.000000E+000  0.000000E+000  0.000000E+000  1.000000E+000
  2.480000E+000  1.175085E+000  1.410185E+000  0.000000E+000  2.825224E-001 -9.592607E-001  0.000000E+000  9.592607E-001  2.825224E-001  0.000000E+000  0.000000E+000  0.000000E+000  1.000000E+000
  2.500000E+000  1.187239E+000  1.393511E+000  0.000000E+000  2.871047E-001 -9.578992E-001  0.000000E+000  9.578992E-001  2.871047E-001  0.000000E+000  0.000000E+000  0.000000E+000  1.000000E+000
  2.520000E+000  1.200653E+000  1.374507E+000  0.000000E+000  2.922872E-001 -9.563306E-001  0.000000E+000  9.563306E-001  2.922872E-001  0.000000E+000  0.000000E+000  0.000000E+000  1.000000E+000
  2.540000E+000  1.215186E+000  1.353153E+000  0.000000E+000  2.980639E-001 -9.545459E-001  0.000000E+000  9.545459E-001  2.980639E-001  0.000000E+000  0.000000E+000  0.000000E+000  1.000000E+000
  2.560000E+000  1.230684E+000  1.329429E+000  0.000000E+000  3.044273E-001 -9.525356E-001  0.000000E+000  9.525356E-001  3.044273E-001  0.000000E+000  0.000000E+000  0.000000E+000  1.000000E+000
  2.580000E+000  1.246979E+000  1.303326E+000  0.000000E+000  3.113695E-001 -9.502889E-001  0.000000E+000  9.502889E-001  3.113695E-001  0.000000E+000  0.000000E+000  0.000000E+000  1.000000E+000
  2.600000E+000  1.263890E+000  1.274840E+000  0.000000E+000  3.188813E-001 -9.477947E-001  0.000000E+000  9.477947E-001  3.188813E-001  0.000000E+000  0.000000E+000  0.000000E+000  1.000000E+000
  2.620000E+000  1.281226E+000  1.243977E+000  0.000000E+000  3.269526E-001 -9.450408E-001  0.000000E+000  9.450408E-001  3.269526E-001  0.000000E+000  0.000000E+000  0.000000E+000  1.000000E+000
  2.640000E+000  1.298784E+000  1.210756E+000  0.000000E+000  3.355719E-001 -9.420146E-001  0.000000E+000  9.420146E-001  3.355719E-001  0.000000E+000  0.000000E+000  0.000000E+000  1.000000E+000
  2.660000E+000  1.316357E+000  1.175209E+000  0.000000E+000  3.447269E-001 -9.387030E-001  0.000000E+000  9.387030E-001  3.447269E-001  0.000000E+000  0.000000E+000  0.000000E+000  1.000000E+000
  2.680000E+000  1.333729E+000  1.137386E+000  0.000000E+000  3.544036E-001 -9.350926E-001  0.000000E+000  9.350926E-001  3.544036E-001  0.000000E+000  0.000000E+000  0.000000E+000  1.000000E+000
  2.700000E+000  1.350682E+000  1.097350E+000  0.000000E+000  3.645868E-001 -9.311694E-001  0.000000E+000  9.311694E-001  3.645868E-001  0.000000E+000  0.000000E+000  0.000000E+000  1.000000E+000
  2.720000E+000  1.366999E+000  1.055187E+000  0.000000E+000  3.752597E-001 -9.269197E-001  0.000000E+000  9.269197E-001  3.752597E-001  0.000000E+000  0.000000E+000  0.000000E+000  1.000000E+000
  2.740000E+000  1.382465E+000  1.011000E+000  0.000000E+000  3.864038E-001 -9.223297E-001  0.000000E+000  9.223297E-001  3.864038E-001  0.000000E+000  0.000000E+000  0.000000E+000  1.000000E+000
  2.760000E+000  1.396869E+000  9.649122E-001  0.000000E+000  3.979988E-001 -9.173859E-001  0.000000E+000  9.173859E-001  3.979988E-001  0.000000E+000  0.000000E+000  0.000000E+000  1.000000E+000
  2.780000E+000  1.410010E+000  9.170688E-001  0.000000E+000  4.100227E-001 -9.120753E-001  0.000000E+000  9.120753E-001  4.100227E-001  0.000000E+000  0.000000E+000  0.000000E+000  1.000000E+000
  2.800000E+000  1.421700E+000  8.676336E-001  0.000000E+000  4.224512E-001 -9.063857E-001  0.000000E+000  9.063857E-001  4.224512E-001  0.000000E+000  0.000000E+000  0.000000E+000  1.000000E+000
  2.820000E+000  1.431764E+000  8.167906E-001  0.000000E+000  4.352580E-001 -9.003058E-001  0.000000E+000  9.003058E-001  4.352580E-001  0.000000E+000  0.000000E+000  0.000000E+000  1.000000E+000
  2.840000E+000  1.440048E+000  7.647414E-001  0.000000E+000  4.484143E-001 -8.938258E-001  0.000000E+000  8.938258E-001  4.484143E-001  0.000000E+000  0.000000E+000  0.000000E+000  1.000000E+000
  2.860000E+000  1.446416E+000  7.117042E-001  0.000000E+000  4.618890E-001 -8.869377E-001  0.000000E+000  8.869377E-001  4.618890E-001  0.000000E+000  0.000000E+000  0.000000E+000  1.000000E+000
  2.880000E+000  1.450758E+000  6.579113E-001  0.000000E+000  4.756487E-001 -8.796353E-001  0.000000E+000  8.796353E-001  4.756487E-001  0.000000E+000  0.000000E+000  0.000000E+000  1.000000E+000
  2.900000E+000  1.452990E+000  6.036068E-001  0.000000E+000  4.896572E-001 -8.719151E-001  0.000000E+000  8.719151E-001  4.896572E-001  0.000000E+000  0.000000E+000  0.000000E+000  1.000000E+000
  2.920000E+000  1.453056E+000  5.490429E-001  0.000000E+000  5.038756E-001 -8.637762E-001  0.000000E+000  8.637762E-001  5.038756E-001  0.000000E+000  0.000000E+000  0.000000E+000  1.000000E+000
  2.940000E+000  1.450928E+000  4.944775E-001  0.000000E+000  5.182627E-001 -8.552215E-001  0.000000E+000  8.552215E-001  5.182627E-001  0.000000E+000  0.000000E+000  0.000000E+000  1.000000E+000
  2.960000E+000  1.446609E+000  4.401698E-001  0.000000E+000  5.327747E-001 -8.462571E-001  0.000000E+000  8.462571E-001  5.327747E-001  0.000000E+000  0.000000E+000  0.000000E+000  1.000000E+000
  2.980000E+000  1.440133E+000  3.863774E-001  0.000000E+000  5.473651E-001 -8.368939E-001  0.000000E+000  8.368939E-001  5.473651E-001  0.000000E+000  0.000000E+000  0.000000E+000  1.000000E+000
  3.000000E+000  1.431564E+000  3.333524E-001  0.000000E+000  5.619855E-001 -8.271471E-001  0.000000E+000  8.271471E-001  5.619855E-001  0.000000E+000  0.000000E+000  0.000000E+000  1.000000E+000
  3.020000E+000  1.420994E+000  2.813376E-001  0.000000E+000  5.765852E-001 -8.170370E-001  0.000000E+000  8.170370E-001  5.765852E-001  0.000000E+000  0.000000E+000  0.000000E+000  1.000000E+000
  3.040000E+000  1.408543E+000  2.305635E-001  0.000000E+000  5.911118E-001 -8.065896E-001  0.000000E+000  8.065896E-001  5.911118E-001  0.000000E+000  0.000000E+000  0.000000E+000  1.000000E+000
  3.060000E+000  1.394357E+000  1.812450E-001  0.000000E+000  6.055116E-001 -7.958365E-001  0.000000E+000  7.958365E-001  6.055116E-001  0.000000E+000  0.000000E+000  0.000000E+000  1.000000E+000
  3.080000E+000  1.378605E+000  1.335788E-001  0.000000E+000  6.197298E-001 -7.848153E-001  0.000000E+000  7.848153E-001  6.197298E-001  0.000000E+000  0.000000E+000  0.000000E+000  1.000000E+000
  3.100000E+000  1.361474E+000  8.774111E-002  0.000000E+000  6.337112E-001 -7.735697E-001  0.000000E+000  7.735697E-001  6.337112E-001  0.000000E+000  0.000000E+000  0.000000E+000  1.000000E+000
  3.120000E+000  1.343172E+000  4.388598E-002  0.000000E+000  6.474007E-001 -7.621498E-001  0.000000E+000  7.621498E-001  6.474007E-001  0.000000E+000  0.000000E+000  0.000000E+000  1.000000E+000
  3.140000E+000  1.323915E+000  2.144039E-003  0.000000E+000  6.607437E-001 -7.506116E-001  0.000000E+000  7.506116E-001  6.607437E-001  0.000000E+000  0.000000E+000  0.000000E+000  1.000000E+000
  3.160000E+000  1.303933E+000 -3.737802E-002  0.000000E+000  6.736867E-001 -7.390171E-001  0.000000E+000  7.390171E-001  6.736867E-001  0.000000E+000  0.000000E+000  0.000000E+000  1.000000E+000
  3.180000E+000  1.283461E+000 -7.459750E-002  0.000000E+000  6.861782E-001 -7.274335E-001  0.000000E+000  7.274335E-001  6.861782E-001  0.000000E+000  0.000000E+000  0.000000E+000  1.000000E+000
  3.200000E+000  1.262734E+000 -1.094551E-001  0.000000E+000  6.981688E-001 -7.159332E-001  0.000000E+000  7.159332E-001  6.981688E-001  0.000000E+000  0.000000E+000  0.000000E+000  1.000000E+000
  3.220000E+000  1.241990E+000 -1.419137E-001  0.000000E+000  7.096118E-001 -7.045928E-001  0.000000E+000  7.045928E-001  7.096118E-001  0.000000E+000  0.000000E+000  0.000000E+000  1.000000E+000
  3.240000E+000  1.221460E+000 -1.719572E-001  0.000000E+000  7.204642E-001 -6.934922E-001  0.000000E+000  6.934922E-001  7.204642E-001  0.000000E+000  0.000000E+000  0.000000E+000  1.000000E+000
  3.260000E+000  1.201370E+000 -1.995880E-001  0.000000E+000  7.306859E-001 -6.827137E-001  0.000000E+000  6.827137E-001  7.306859E-001  0.000000E+000  0.000000E+000  0.000000E+000  1.000000E+000
  3.280000E+000  1.181935E+000 -2.248248E-001  0.000000E+000  7.402414E-001 -6.723412E-001  0.000000E+000  6.723412E-001  7.402414E-001  0.000000E+000  0.000000E+000  0.000000E+000  1.000000E+000
  3.300000E+000  1.163359E+000 -2.477001E-001  0.000000E+000  7.490986E-001 -6.624585E-001  0.000000E+000  6.624585E-001  7.490986E-001  0.000000E+000  0.000000E+000  0.000000E+000  1.000000E+000
  3.320000E+000  1.145831E+000 -2.682574E-001  0.000000E+000  7.572298E-001 -6.531486E-001  0.000000E+000  6.531486E-001  7.572298E-001  0.000000E+000  0.000000E+000  0.000000E+000  1.000000E+000
  3.340000E+000  1.129528E+000 -2.865480E-001  0.000000E+000  7.646111E-001 -6.444920E-001  0.000000E+000  6.444920E-001  7.646111E-001  0.000000E+000  0.000000E+000  0.000000E+000  1.000000E+000
  3.360000E+000  1.114609E+000 -3.026285E-001  0.000000E+000  7.712225E-001 -6.365657E-001  0.000000E+000  6.365657E-001  7.712225E-001  0.000000E+000  0.000000E+000  0.000000E+000  1.000000E+000
  3.380000E+000  1.101216E+000 -3.165576E-001  0.000000E+000  7.770475E-001 -6.294419E-001  0.000000E+000  6.294419E-001  7.770475E-001  0.000000E+000  0.000000E+000  0.000000E+000  1.000000E+000
  3.400000E+000  1.089473E+000 -3.283934E-001  0.000000E+000  7.820729E-001 -6.231870E-001  0.000000E+000  6.231870E-001  7.820729E-001  0.000000E+000  0.000000E+000  0.000000E+000  1.000000E+000
  3.420000E+000  1.079489E+000 -3.381911E-001  0.000000E+000  7.862882E-001 -6.178599E-001  0.000000E+000  6.178599E-001  7.862882E-001  0.000000E+000  0.000000E+000  0.000000E+000  1.000000E+000
  3.440000E+000  1.071352E+000 -3.460006E-001  0.000000E+000  7.896855E-001 -6.135118E-001  0.000000E+000  6.135118E-001  7.896855E-001  0.000000E+000  0.000000E+000  0.000000E+000  1.000000E+000
  3.460000E+000  1.065135E+000 -3.518644E-001  0.000000E+000  7.922590E-001 -6.101849E-001  0.000000E+000  6.101849E-001  7.922590E-001  0.000000E+000  0.000000E+000  0.000000E+000  1.000000E+000
  3.480000E+000  1.060891E+000 -3.558163E-001  0.000000E+000  7.940047E-001 -6.079116E-001  0.000000E+000  6.079116E-001  7.940047E-001  0.000000E+000  0.000000E+000  0.000000E+000  1.000000E+000
  3.500000E+000  1.058658E+000 -3.578799E-001  0.000000E+000  7.949199E-001 -6.067144E-001  0.000000E+000  6.067144E-001  7.949199E-001  0.000000E+000  0.000000E+000  0.000000E+000  1.000000E+000
  3.520000E+000  1.058454E+000 -3.580678E-001  0.000000E+000  7.950033E-001 -6.066051E-001  0.000000E+000  6.066051E-001  7.950033E-001  0.000000E+000  0.000000E+000  0.000000E+000  1.000000E+000
  3.540000E+000  1.060281E+000 -3.563811E-001  0.000000E+000  7.942549E-001 -6.075847E-001  0.000000E+000  6.075847E-001  7.942549E-001  0.000000E+000  0.000000E+000  0.000000E+000  1.000000E+000
  3.560000E+000  1.064124E+000 -3.528094E-001  0.000000E+000  7.926756E-001 -6.096436E-001  0.000000E+000  6.096436E-001  7.926756E-001  0.000000E+000  0.000000E+000  0.000000E+000  1.000000E+000
  3.580000E+000  1.069949E+000 -3.473315E-001  0.000000E+000  7.902679E-001 -6.127615E-001  0.000000E+000  6.127615E-001  7.902679E-001  0.000000E+000  0.000000E+000  0.000000E+000  1.000000E+000
  3.600000E+000  1.077706E+000 -3.399154E-001  0.000000E+000  7.870354E-001 -6.169078E-001  0.000000E+000  6.169078E-001  7.870354E-001  0.000000E+000  0.000000E+000  0.000000E+000  1.000000E+000
  3.620000E+000  1.087326E+000 -3.305202E-001  0.000000E+000  7.829836E-001 -6.220424E-001  0.000000E+000  6.220424E-001  7.829836E-001  0.000000E+000  0.000000E+000  0.000000E+000  1.000000E+000
  3.640000E+000  1.098724E+000 -3.190975E-001  0.000000E+000  7.781199E-001 -6.281157E-001  0.000000E+000  6.281157E-001  7.781199E-001  0.000000E+000  0.000000E+000  0.000000E+000  1.000000E+000
  3.660000E+000  1.111796E+000 -3.055929E-001  0.000000E+000  7.724543E-001 -6.350703E-001  0.000000E+000  6.350703E-001  7.724543E-001  0.000000E+000  0.000000E+000  0.000000E+000  1.000000E+000
  3.680000E+000  1.126420E+000 -2.899486E-001  0.000000E+000  7.659995E-001 -6.428412E-001  0.000000E+000  6.428412E-001  7.659995E-001  0.000000E+000  0.000000E+000  0.000000E+000  1.000000E+000
  3.700000E+000  1.142458E+000 -2.721059E-001  0.000000E+000  7.587711E-001 -6.513574E-001  0.000000E+000  6.513574E-001  7.587711E-001  0.000000E+000  0.000000E+000  0.000000E+000  1.000000E+000
  3.720000E+000  1.159753E+000 -2.520076E-001  0.000000E+000  7.507885E-001 -6.605427E-001  0.000000E+000  6.605427E-001  7.507885E-001  0.000000E+000  0.000000E+000  0.000000E+000  1.000000E+000
  3.740000E+000  1.178134E+000 -2.296010E-001  0.000000E+000  7.420748E-001 -6.703171E-001  0.000000E+000  6.703171E-001  7.420748E-001  0.000000E+000  0.000000E+000  0.000000E+000  1.000000E+000
  3.760000E+000  1.197413E+000 -2.048408E-001  0.000000E+000  7.326570E-001 -6.805981E-001  0.000000E+000  6.805981E-001  7.326570E-001  0.000000E+000  0.000000E+000  0.000000E+000  1.000000E+000
  3.780000E+000  1.217389E+000 -1.776922E-001  0.000000E+000  7.225661E-001 -6.913018E-001  0.000000E+000  6.913018E-001  7.225661E-001  0.000000E+000  0.000000E+000  0.000000E+000  1.000000E+000
  3.800000E+000  1.237848E+000 -1.481334E-001  0.000000E+000  7.118372E-001 -7.023445E-001  0.000000E+000  7.023445E-001  7.118372E-001  0.000000E+000  0.000000E+000  0.000000E+000  1.000000E+000
  3.820000E+000  1.258567E+000 -1.161585E-001  0.000000E+000  7.005092E-001 -7.136433E-001  0.000000E+000  7.136433E-001  7.005092E-001  0.000000E+000  0.000000E+000  0.000000E+000  1.000000E+000
  3.840000E+000  1.279316E+000 -8.177976E-002  0.000000E+000  6.886249E-001 -7.251178E-001  0.000000E+000  7.251178E-001  6.886249E-001  0.000000E+000  0.000000E+000  0.000000E+000  1.000000E+000
  3.860000E+000  1.299859E+000 -4.502999E-002  0.000000E+000  6.762300E-001 -7.366906E-001  0.000000E+000  7.366906E-001  6.762300E-001  0.000000E+000  0.000000E+000  0.000000E+000  1.000000E+000
  3.880000E+000  1.319958E+000 -5.963892E-003  0.000000E+000  6.633734E-001 -7.482885E-001  0.000000E+000  7.482885E-001  6.633734E-001  0.000000E+000  0.000000E+000  0.000000E+000  1.000000E+000
  3.900000E+000  1.339379E+000  3.534059E-002  0.000000E+000  6.501064E-001 -7.598432E-001  0.000000E+000  7.598432E-001  6.501064E-001  0.000000E+000  0.000000E+000  0.000000E+000  1.000000E+000
  3.920000E+000  1.357890E+000  7.878159E-002  0.000000E+000  6.364821E-001 -7.712915E-001  0.000000E+000  7.712915E-001  6.364821E-001  0.000000E+000  0.000000E+000  0.000000E+000  1.000000E+000
  3.940000E+000  1.375273E+000  1.242332E-001  0.000000E+000  6.225548E-001 -7.825762E-001  0.000000E+000  7.825762E-001  6.225548E-001  0.000000E+000  0.000000E+000  0.000000E+000  1.000000E+000
  3.960000E+000  1.391317E+000  1.715461E-001  0.000000E+000  6.083797E-001 -7.936461E-001  0.000000E+000  7.936461E-001  6.083797E-001  0.000000E+000  0.000000E+000  0.000000E+000  1.000000E+000
  3.980000E+000  1.405832E+000  2.205484E-001  0.000000E+000  5.940119E-001 -8.044563E-001  0.000000E+000  8.044563E-001  5.940119E-001  0.000000E+000  0.000000E+000  0.000000E+000  1.000000E+000
