% FILE: correct/Data.2
%
%       t         P_Na_Ao[1]     P_Na_Ao[2]     P_Na_Ao[3]      N_A[1,1]       N_A[1,2]       N_A[1,3]       N_A[2,1]       N_A[2,2]       N_A[2,3]       N_A[3,1]       N_A[3,2]       N_A[3,3]
%   (second)        (meter)        (meter)        (meter)       (NoUnits)      (NoUnits)      (NoUnits)      (NoUnits)      (NoUnits)      (NoUnits)      (NoUnits)      (NoUnits)      (NoUnits)

  0.000000E+000  4.330127E-001  2.500000E-001  0.000000E+000  8.660254E-001 -5.000000E-001  0.000000E+000  5.000000E-001  8.660254E-001  0.000000E+000  0.000000E+000  0.000000E+000  1.000000E+000
  2.000000E-002  4.333048E-001  2.494934E-001  0.000000E+000  8.666096E-001 -4.989868E-001  0.000000E+000  4.989868E-001  8.666096E-001  0.000000E+000  0.000000E+000  0.000000E+000  1.000000E+000
  4.000000E-002  4.341769E-001  2.479726E-001  0.000000E+000  8.683538E-001 -4.959452E-001  0.000000E+000  4.959452E-001  8.683538E-001  0.000000E+000  0.000000E+000  0.000000E+000  1.000000E+000
  6.000000E-002  4.356168E-001  2.454343E-001  0.000000E+000  8.712336E-001 -4.908686E-001  0.000000E+000  4.908686E-001  8.712336E-001  0.000000E+000  0.000000E+000  0.000000E+000  1.000000E+000
  8.000000E-002  4.376040E-001  2.418735E-001  0.000000E+000  8.752079E-001 -4.837470E-001  0.000000E+000  4.837470E-001  8.752079E-001  0.000000E+000  0.000000E+000  0.000000E+000  1.000000E+000
  1.000000E-001  4.401097E-001  2.372834E-001  0.000000E+000  8.802195E-001 -4.745668E-001  0.000000E+000  4.745668E-001  8.802195E-001  0.000000E+000  0.000000E+000  0.000000E+000  1.000000E+000
  1.200000E-001  4.430975E-001  2.316562E-001  0.000000E+000  8.861950E-001 -4.633124E-001  0.000000E+000  4.633124E-001  8.861950E-001  0.000000E+000  0.000000E+000  0.000000E+000  1.000000E+000
  1.400000E-001  4.465227E-001  2.249833E-001  0.000000E+000  8.930454E-001 -4.499667E-001  0.000000E+000  4.499667E-001  8.930454E-001  0.000000E+000  0.000000E+000  0.000000E+000  1.000000E+000
  1.600000E-001  4.503328E-001  2.172564E-001  0.000000E+000  9.006657E-001 -4.345127E-001  0.000000E+000  4.345127E-001  9.006657E-001  0.000000E+000  0.000000E+000  0.000000E+000  1.000000E+000
  1.800000E-001  4.544681E-001  2.084676E-001  0.000000E+000  9.089362E-001 -4.169352E-001  0.000000E+000  4.169352E-001  9.089362E-001  0.000000E+000  0.000000E+000  0.000000E+000  1.000000E+000
  2.000000E-001  4.588613E-001  1.986109E-001  0.000000E+000  9.177226E-001 -3.972218E-001  0.000000E+000  3.972218E-001  9.177226E-001  0.000000E+000  0.000000E+000  0.000000E+000  1.000000E+000
  2.200000E-001  4.634385E-001  1.876827E-001  0.000000E+000  9.268769E-001 -3.753654E-001  0.000000E+000  3.753654E-001  9.268769E-001  0.000000E+000  0.000000E+000  0.000000E+000  1.000000E+000
  2.400000E-001  4.681191E-001  1.756829E-001  0.000000E+000  9.362383E-001 -3.513658E-001  0.000000E+000  3.513658E-001  9.362383E-001  0.000000E+000  0.000000E+000  0.000000E+000  1.000000E+000
  2.600000E-001  4.728172E-001  1.626158E-001  0.000000E+000  9.456344E-001 -3.252315E-001  0.000000E+000  3.252315E-001  9.456344E-001  0.000000E+000  0.000000E+000  0.000000E+000  1.000000E+000
  2.800000E-001  4.774416E-001  1.484910E-001  0.000000E+000  9.548831E-001 -2.969819E-001  0.000000E+000  2.969819E-001  9.548831E-001  0.000000E+000  0.000000E+000  0.000000E+000  1.000000E+000
  3.000000E-001  4.818968E-001  1.333246E-001  0.000000E+000  9.637937E-001 -2.666492E-001  0.000000E+000  2.666492E-001  9.637937E-001  0.000000E+000  0.000000E+000  0.000000E+000  1.000000E+000
  3.200000E-001  4.860846E-001  1.171400E-001  0.000000E+000  9.721692E-001 -2.342799E-001  0.000000E+000  2.342799E-001  9.721692E-001  0.000000E+000  0.000000E+000  0.000000E+000  1.000000E+000
  3.400000E-001  4.899044E-001  9.996853E-002  0.000000E+000  9.798087E-001 -1.999371E-001  0.000000E+000  1.999371E-001  9.798087E-001  0.000000E+000  0.000000E+000  0.000000E+000  1.000000E+000
  3.600000E-001  4.932550E-001  8.185051E-002  0.000000E+000  9.865100E-001 -1.637010E-001  0.000000E+000  1.637010E-001  9.865100E-001  0.000000E+000  0.000000E+000  0.000000E+000  1.000000E+000
  3.800000E-001  4.960360E-001  6.283552E-002  0.000000E+000  9.920720E-001 -1.256710E-001  0.000000E+000  1.256710E-001  9.920720E-001  0.000000E+000  0.000000E+000  0.000000E+000  1.000000E+000
  4.000000E-001  4.981490E-001  4.298293E-002  0.000000E+000  9.962981E-001 -8.596586E-002  0.000000E+000  8.596586E-002  9.962981E-001  0.000000E+000  0.000000E+000  0.000000E+000  1.000000E+000
  4.200000E-001  4.994997E-001  2.236209E-002  0.000000E+000  9.989994E-001 -4.472418E-002  0.000000E+000  4.472418E-002  9.989994E-001  0.000000E+000  0.000000E+000  0.000000E+000  1.000000E+000
  4.400000E-001  4.999989E-001  1.052263E-003  0.000000E+000  9.999978E-001 -2.104527E-003  0.000000E+000  2.104527E-003  9.999978E-001  0.000000E+000  0.000000E+000  0.000000E+000  1.000000E+000
  4.600000E-001  4.995648E-001 -2.085763E-002  0.000000E+000  9.991295E-001  4.171526E-002  0.000000E+000 -4.171526E-002  9.991295E-001  0.000000E+000  0.000000E+000  0.000000E+000  1.000000E+000
  4.800000E-001  4.981242E-001 -4.326956E-002  0.000000E+000  9.962485E-001  8.653913E-002  0.000000E+000 -8.653913E-002  9.962485E-001  0.000000E+000  0.000000E+000  0.000000E+000  1.000000E+000
  5.000000E-001  4.956146E-001 -6.607719E-002  0.000000E+000  9.912291E-001  1.321544E-001  0.000000E+000 -1.321544E-001  9.912291E-001  0.000000E+000  0.000000E+000  0.000000E+000  1.000000E+000
  5.200000E-001  4.919850E-001 -8.916691E-002  0.000000E+000  9.839700E-001  1.783338E-001  0.000000E+000 -1.783338E-001  9.839700E-001  0.000000E+000  0.000000E+000  0.000000E+000  1.000000E+000
  5.400000E-001  4.871980E-001 -1.124192E-001  0.000000E+000  9.743961E-001  2.248383E-001  0.000000E+000 -2.248383E-001  9.743961E-001  0.000000E+000  0.000000E+000  0.000000E+000  1.000000E+000
  5.600000E-001  4.812305E-001 -1.357099E-001  0.000000E+000  9.624610E-001  2.714199E-001  0.000000E+000 -2.714199E-001  9.624610E-001  0.000000E+000  0.000000E+000  0.000000E+000  1.000000E+000
  5.800000E-001  4.740747E-001 -1.589126E-001  0.000000E+000  9.481493E-001  3.178252E-001  0.000000E+000 -3.178252E-001  9.481493E-001  0.000000E+000  0.000000E+000  0.000000E+000  1.000000E+000
  6.000000E-001  4.657387E-001 -1.818995E-001  0.000000E+000  9.314774E-001  3.637991E-001  0.000000E+000 -3.637991E-001  9.314774E-001  0.000000E+000  0.000000E+000  0.000000E+000  1.000000E+000
  6.200000E-001  4.562473E-001 -2.045445E-001  0.000000E+000  9.124945E-001  4.090889E-001  0.000000E+000 -4.090889E-001  9.124945E-001  0.000000E+000  0.000000E+000  0.000000E+000  1.000000E+000
  6.400000E-001  4.456413E-001 -2.267242E-001  0.000000E+000  8.912825E-001  4.534484E-001  0.000000E+000 -4.534484E-001  8.912825E-001  0.000000E+000  0.000000E+000  0.000000E+000  1.000000E+000
  6.600000E-001  4.339779E-001 -2.483208E-001  0.000000E+000  8.679558E-001  4.966415E-001  0.000000E+000 -4.966415E-001  8.679558E-001  0.000000E+000  0.000000E+000  0.000000E+000  1.000000E+000
  6.800000E-001  4.213297E-001 -2.692235E-001  0.000000E+000  8.426594E-001  5.384469E-001  0.000000E+000 -5.384469E-001  8.426594E-001  0.000000E+000  0.000000E+000  0.000000E+000  1.000000E+000
  7.000000E-001  4.077840E-001 -2.893307E-001  0.000000E+000  8.155679E-001  5.786613E-001  0.000000E+000 -5.786613E-001  8.155679E-001  0.000000E+000  0.000000E+000  0.000000E+000  1.000000E+000
  7.200000E-001  3.934412E-001 -3.085515E-001  0.000000E+000  7.868824E-001  6.171030E-001  0.000000E+000 -6.171030E-001  7.868824E-001  0.000000E+000  0.000000E+000  0.000000E+000  1.000000E+000
  7.400000E-001  3.784138E-001 -3.268073E-001  0.000000E+000  7.568276E-001  6.536145E-001  0.000000E+000 -6.536145E-001  7.568276E-001  0.000000E+000  0.000000E+000  0.000000E+000  1.000000E+000
  7.600000E-001  3.628243E-001 -3.440327E-001  0.000000E+000  7.256487E-001  6.880654E-001  0.000000E+000 -6.880654E-001  7.256487E-001  0.000000E+000  0.000000E+000  0.000000E+000  1.000000E+000
  7.800000E-001  3.468036E-001 -3.601767E-001  0.000000E+000  6.936072E-001  7.203534E-001  0.000000E+000 -7.203534E-001  6.936072E-001  0.000000E+000  0.000000E+000  0.000000E+000  1.000000E+000
  8.000000E-001  3.304886E-001 -3.752030E-001  0.000000E+000  6.609771E-001  7.504061E-001  0.000000E+000 -7.504061E-001  6.609771E-001  0.000000E+000  0.000000E+000  0.000000E+000  1.000000E+000
  8.200000E-001  3.140203E-001 -3.890902E-001  0.000000E+000  6.280407E-001  7.781805E-001  0.000000E+000 -7.781805E-001  6.280407E-001  0.000000E+000  0.000000E+000  0.000000E+000  1.000000E+000
  8.400000E-001  2.975421E-001 -4.018317E-001  0.000000E+000  5.950842E-001  8.036634E-001  0.000000E+000 -8.036634E-001  5.950842E-001  0.000000E+000  0.000000E+000  0.000000E+000  1.000000E+000
  8.600000E-001  2.811970E-001 -4.134347E-001  0.000000E+000  5.623939E-001  8.268695E-001  0.000000E+000 -8.268695E-001  5.623939E-001  0.000000E+000  0.000000E+000  0.000000E+000  1.000000E+000
  8.800000E-001  2.651260E-001 -4.239200E-001  0.000000E+000  5.302521E-001  8.478400E-001  0.000000E+000 -8.478400E-001  5.302521E-001  0.000000E+000  0.000000E+000  0.000000E+000  1.000000E+000
  9.000000E-001  2.494667E-001 -4.333201E-001  0.000000E+000  4.989335E-001  8.666403E-001  0.000000E+000 -8.666403E-001  4.989335E-001  0.000000E+000  0.000000E+000  0.000000E+000  1.000000E+000
  9.200000E-001  2.343511E-001 -4.416781E-001  0.000000E+000  4.687021E-001  8.833563E-001  0.000000E+000 -8.833563E-001  4.687021E-001  0.000000E+000  0.000000E+000  0.000000E+000  1.000000E+000
  9.400000E-001  2.199042E-001 -4.490458E-001  0.000000E+000  4.398084E-001  8.980916E-001  0.000000E+000 -8.980916E-001  4.398084E-001  0.000000E+000  0.000000E+000  0.000000E+000  1.000000E+000
  9.600000E-001  2.062434E-001 -4.554818E-001  0.000000E+000  4.124868E-001  9.109636E-001  0.000000E+000 -9.109636E-001  4.124868E-001  0.000000E+000  0.000000E+000  0.000000E+000  1.000000E+000
  9.800000E-001  1.934772E-001 -4.610494E-001  0.000000E+000  3.869543E-001  9.220989E-001  0.000000E+000 -9.220989E-001  3.869543E-001  0.000000E+000  0.000000E+000  0.000000E+000  1.000000E+000
  1.000000E+000  1.817043E-001 -4.658149E-001  0.000000E+000  3.634087E-001  9.316298E-001  0.000000E+000 -9.316298E-001  3.634087E-001  0.000000E+000  0.000000E+000  0.000000E+000  1.000000E+000
  1.020000E+000  1.710139E-001 -4.698449E-001  0.000000E+000  3.420278E-001  9.396898E-001  0.000000E+000 -9.396898E-001  3.420278E-001  0.000000E+000  0.000000E+000  0.000000E+000  1.000000E+000
  1.040000E+000  1.614846E-001 -4.732048E-001  0.000000E+000  3.229691E-001  9.464095E-001  0.000000E+000 -9.464095E-001  3.229691E-001  0.000000E+000  0.000000E+000  0.000000E+000  1.000000E+000
  1.060000E+000  1.531847E-001 -4.759563E-001  0.000000E+000  3.063694E-001  9.519127E-001  0.000000E+000 -9.519127E-001  3.063694E-001  0.000000E+000  0.000000E+000  0.000000E+000  1.000000E+000
  1.080000E+000  1.461726E-001 -4.781564E-001  0.000000E+000  2.923451E-001  9.563129E-001  0.000000E+000 -9.563129E-001  2.923451E-001  0.000000E+000  0.000000E+000  0.000000E+000  1.000000E+000
  1.100000E+000  1.404962E-001 -4.798550E-001  0.000000E+000  2.809923E-001  9.597100E-001  0.000000E+000 -9.597100E-001  2.809923E-001  0.000000E+000  0.000000E+000  0.000000E+000  1.000000E+000
  1.120000E+000  1.361937E-001 -4.810938E-001  0.000000E+000  2.723873E-001  9.621877E-001  0.000000E+000 -9.621877E-001  2.723873E-001  0.000000E+000  0.000000E+000  0.000000E+000  1.000000E+000
  1.140000E+000  1.332935E-001 -4.819054E-001  0.000000E+000  2.665870E-001  9.638108E-001  0.000000E+000 -9.638108E-001  2.665870E-001  0.000000E+000  0.000000E+000  0.000000E+000  1.000000E+000
  1.160000E+000  1.318147E-001 -4.823120E-001  0.000000E+000  2.636294E-001  9.646240E-001  0.000000E+000 -9.646240E-001  2.636294E-001  0.000000E+000  0.000000E+000  0.000000E+000  1.000000E+000
  1.180000E+000  1.317668E-001 -4.823251E-001  0.000000E+000  2.635336E-001  9.646502E-001  0.000000E+000 -9.646502E-001  2.635336E-001  0.000000E+000  0.000000E+000  0.000000E+000  1.000000E+000
  1.200000E+000  1.331502E-001 -4.819451E-001  0.000000E+000  2.663003E-001  9.638901E-001  0.000000E+000 -9.638901E-001  2.663003E-001  0.000000E+000  0.000000E+000  0.000000E+000  1.000000E+000
  1.220000E+000  1.359558E-001 -4.811611E-001  0.000000E+000  2.719115E-001  9.623223E-001  0.000000E+000 -9.623223E-001  2.719115E-001  0.000000E+000  0.000000E+000  0.000000E+000  1.000000E+000
  1.240000E+000  1.401653E-001 -4.799518E-001  0.000000E+000  2.803306E-001  9.599035E-001  0.000000E+000 -9.599035E-001  2.803306E-001  0.000000E+000  0.000000E+000  0.000000E+000  1.000000E+000
  1.260000E+000  1.457509E-001 -4.782851E-001  0.000000E+000  2.915018E-001  9.565703E-001  0.000000E+000 -9.565703E-001  2.915018E-001  0.000000E+000  0.000000E+000  0.000000E+000  1.000000E+000
  1.280000E+000  1.526752E-001 -4.761200E-001  0.000000E+000  3.053503E-001  9.522401E-001  0.000000E+000 -9.522401E-001  3.053503E-001  0.000000E+000  0.000000E+000  0.000000E+000  1.000000E+000
  1.300000E+000  1.608906E-001 -4.734070E-001  0.000000E+000  3.217812E-001  9.468141E-001  0.000000E+000 -9.468141E-001  3.217812E-001  0.000000E+000  0.000000E+000  0.000000E+000  1.000000E+000
  1.320000E+000  1.703398E-001 -4.700897E-001  0.000000E+000  3.406795E-001  9.401795E-001  0.000000E+000 -9.401795E-001  3.406795E-001  0.000000E+000  0.000000E+000  0.000000E+000  1.000000E+000
  1.340000E+000  1.809549E-001 -4.661066E-001  0.000000E+000  3.619098E-001  9.322131E-001  0.000000E+000 -9.322131E-001  3.619098E-001  0.000000E+000  0.000000E+000  0.000000E+000  1.000000E+000
  1.360000E+000  1.926580E-001 -4.613923E-001  0.000000E+000  3.853161E-001  9.227847E-001  0.000000E+000 -9.227847E-001  3.853161E-001  0.000000E+000  0.000000E+000  0.000000E+000  1.000000E+000
  1.380000E+000  2.053608E-001 -4.558804E-001  0.000000E+000  4.107217E-001  9.117608E-001  0.000000E+000 -9.117608E-001  4.107217E-001  0.000000E+000  0.000000E+000  0.000000E+000  1.000000E+000
  1.400000E+000  2.189651E-001 -4.495045E-001  0.000000E+000  4.379302E-001  8.990090E-001  0.000000E+000 -8.990090E-001  4.379302E-001  0.000000E+000  0.000000E+000  0.000000E+000  1.000000E+000
  1.420000E+000  2.333630E-001 -4.422010E-001  0.000000E+000  4.667260E-001  8.844020E-001  0.000000E+000 -8.844020E-001  4.667260E-001  0.000000E+000  0.000000E+000  0.000000E+000  1.000000E+000
  1.440000E+000  2.484378E-001 -4.339109E-001  0.000000E+000  4.968756E-001  8.678218E-001  0.000000E+000 -8.678218E-001  4.968756E-001  0.000000E+000  0.000000E+000  0.000000E+000  1.000000E+000
  1.460000E+000  2.640648E-001 -4.245819E-001  0.000000E+000  5.281296E-001  8.491638E-001  0.000000E+000 -8.491638E-001  5.281296E-001  0.000000E+000  0.000000E+000  0.000000E+000  1.000000E+000
  1.480000E+000  2.801124E-001 -4.141703E-001  0.000000E+000  5.602248E-001  8.283406E-001  0.000000E+000 -8.283406E-001  5.602248E-001  0.000000E+000  0.000000E+000  0.000000E+000  1.000000E+000
  1.500000E+000  2.964436E-001 -4.026428E-001  0.000000E+000  5.928872E-001  8.052855E-001  0.000000E+000 -8.052855E-001  5.928872E-001  0.000000E+000  0.000000E+000  0.000000E+000  1.000000E+000
  1.520000E+000  3.129174E-001 -3.899778E-001  0.000000E+000  6.258348E-001  7.799557E-001  0.000000E+000 -7.799557E-001  6.258348E-001  0.000000E+000  0.000000E+000  0.000000E+000  1.000000E+000
  1.540000E+000  3.293907E-001 -3.761672E-001  0.000000E+000  6.587815E-001  7.523343E-001  0.000000E+000 -7.523343E-001  6.587815E-001  0.000000E+000  0.000000E+000  0.000000E+000  1.000000E+000
  1.560000E+000  3.457205E-001 -3.612165E-001  0.000000E+000  6.914409E-001  7.224330E-001  0.000000E+000 -7.224330E-001  6.914409E-001  0.000000E+000  0.000000E+000  0.000000E+000  1.000000E+000
  1.580000E+000  3.617652E-001 -3.451462E-001  0.000000E+000  7.235304E-001  6.902925E-001  0.000000E+000 -6.902925E-001  7.235304E-001  0.000000E+000  0.000000E+000  0.000000E+000  1.000000E+000
  1.600000E+000  3.773877E-001 -3.279917E-001  0.000000E+000  7.547753E-001  6.559834E-001  0.000000E+000 -6.559834E-001  7.547753E-001  0.000000E+000  0.000000E+000  0.000000E+000  1.000000E+000
  1.620000E+000  3.924566E-001 -3.098029E-001  0.000000E+000  7.849131E-001  6.196058E-001  0.000000E+000 -6.196058E-001  7.849131E-001  0.000000E+000  0.000000E+000  0.000000E+000  1.000000E+000
  1.640000E+000  4.068487E-001 -2.906443E-001  0.000000E+000  8.136975E-001  5.812886E-001  0.000000E+000 -5.812886E-001  8.136975E-001  0.000000E+000  0.000000E+000  0.000000E+000  1.000000E+000
  1.660000E+000  4.204510E-001 -2.705936E-001  0.000000E+000  8.409021E-001  5.411873E-001  0.000000E+000 -5.411873E-001  8.409021E-001  0.000000E+000  0.000000E+000  0.000000E+000  1.000000E+000
  1.680000E+000  4.331621E-001 -2.497411E-001  0.000000E+000  8.663242E-001  4.994821E-001  0.000000E+000 -4.994821E-001  8.663242E-001  0.000000E+000  0.000000E+000  0.000000E+000  1.000000E+000
  1.700000E+000  4.448938E-001 -2.281875E-001  0.000000E+000  8.897875E-001  4.563750E-001  0.000000E+000 -4.563750E-001  8.897875E-001  0.000000E+000  0.000000E+000  0.000000E+000  1.000000E+000
  1.720000E+000  4.555724E-001 -2.060432E-001  0.000000E+000  9.111448E-001  4.120864E-001  0.000000E+000 -4.120864E-001  9.111448E-001  0.000000E+000  0.000000E+000  0.000000E+000  1.000000E+000
  1.740000E+000  4.651398E-001 -1.834256E-001  0.000000E+000  9.302797E-001  3.668511E-001  0.000000E+000 -3.668511E-001  9.302797E-001  0.000000E+000  0.000000E+000  0.000000E+000  1.000000E+000
  1.760000E+000  4.735540E-001 -1.604576E-001  0.000000E+000  9.471080E-001  3.209151E-001  0.000000E+000 -3.209151E-001  9.471080E-001  0.000000E+000  0.000000E+000  0.000000E+000  1.000000E+000
  1.780000E+000  4.807892E-001 -1.372654E-001  0.000000E+000  9.615783E-001  2.745307E-001  0.000000E+000 -2.745307E-001  9.615783E-001  0.000000E+000  0.000000E+000  0.000000E+000  1.000000E+000
  1.800000E+000  4.868361E-001 -1.139765E-001  0.000000E+000  9.736721E-001  2.279530E-001  0.000000E+000 -2.279530E-001  9.736721E-001  0.000000E+000  0.000000E+000  0.000000E+000  1.000000E+000
  1.820000E+000  4.917014E-001 -9.071776E-002  0.000000E+000  9.834028E-001  1.814355E-001  0.000000E+000 -1.814355E-001  9.834028E-001  0.000000E+000  0.000000E+000  0.000000E+000  1.000000E+000
  1.840000E+000  4.954073E-001 -6.761339E-002  0.000000E+000  9.908147E-001  1.352268E-001  0.000000E+000 -1.352268E-001  9.908147E-001  0.000000E+000  0.000000E+000  0.000000E+000  1.000000E+000
  1.860000E+000  4.979904E-001 -4.478328E-002  0.000000E+000  9.959808E-001  8.956657E-002  0.000000E+000 -8.956657E-002  9.959808E-001  0.000000E+000  0.000000E+000  0.000000E+000  1.000000E+000
  1.880000E+000  4.995006E-001 -2.234149E-002  0.000000E+000  9.990012E-001  4.468298E-002  0.000000E+000 -4.468298E-002  9.990012E-001  0.000000E+000  0.000000E+000  0.000000E+000  1.000000E+000
  1.900000E+000  4.999998E-001 -3.948783E-004  0.000000E+000  9.999997E-001  7.897565E-004  0.000000E+000 -7.897565E-004  9.999997E-001  0.000000E+000  0.000000E+000  0.000000E+000  1.000000E+000
  1.920000E+000  4.995606E-001  2.095794E-002  0.000000E+000  9.991211E-001 -4.191589E-002  0.000000E+000  4.191589E-002  9.991211E-001  0.000000E+000  0.000000E+000  0.000000E+000  1.000000E+000
  1.940000E+000  4.982641E-001  4.162743E-002  0.000000E+000  9.965283E-001 -8.325486E-002  0.000000E+000  8.325486E-002  9.965283E-001  0.000000E+000  0.000000E+000  0.000000E+000  1.000000E+000
  1.960000E+000  4.961992E-001  6.153366E-002  0.000000E+000  9.923983E-001 -1.230673E-001  0.000000E+000  1.230673E-001  9.923983E-001  0.000000E+000  0.000000E+000  0.000000E+000  1.000000E+000
  1.980000E+000  4.934598E-001  8.060661E-002  0.000000E+000  9.869196E-001 -1.612132E-001  0.000000E+000  1.612132E-001  9.869196E-001  0.000000E+000  0.000000E+000  0.000000E+000  1.000000E+000
  2.000000E+000  4.901441E-001  9.878626E-002  0.000000E+000  9.802883E-001 -1.975725E-001  0.000000E+000  1.975725E-001  9.802883E-001  0.000000E+000  0.000000E+000  0.000000E+000  1.000000E+000
  2.020000E+000  4.863526E-001  1.160223E-001  0.000000E+000  9.727051E-001 -2.320447E-001  0.000000E+000  2.320447E-001  9.727051E-001  0.000000E+000  0.000000E+000  0.000000E+000  1.000000E+000
  2.040000E+000  4.821863E-001  1.322740E-001  0.000000E+000  9.643725E-001 -2.645480E-001  0.000000E+000  2.645480E-001  9.643725E-001  0.000000E+000  0.000000E+000  0.000000E+000  1.000000E+000
  2.060000E+000  4.777458E-001  1.475093E-001  0.000000E+000  9.554915E-001 -2.950185E-001  0.000000E+000  2.950185E-001  9.554915E-001  0.000000E+000  0.000000E+000  0.000000E+000  1.000000E+000
  2.080000E+000  4.731297E-001  1.617043E-001  0.000000E+000  9.462594E-001 -3.234085E-001  0.000000E+000  3.234085E-001  9.462594E-001  0.000000E+000  0.000000E+000  0.000000E+000  1.000000E+000
  2.100000E+000  4.684337E-001  1.748425E-001  0.000000E+000  9.368673E-001 -3.496850E-001  0.000000E+000  3.496850E-001  9.368673E-001  0.000000E+000  0.000000E+000  0.000000E+000  1.000000E+000
  2.120000E+000  4.637491E-001  1.869139E-001  0.000000E+000  9.274982E-001 -3.738277E-001  0.000000E+000  3.738277E-001  9.274982E-001  0.000000E+000  0.000000E+000  0.000000E+000  1.000000E+000
  2.140000E+000  4.591625E-001  1.979137E-001  0.000000E+000  9.183249E-001 -3.958275E-001  0.000000E+000  3.958275E-001  9.183249E-001  0.000000E+000  0.000000E+000  0.000000E+000  1.000000E+000
  2.160000E+000  4.547546E-001  2.078420E-001  0.000000E+000  9.095091E-001 -4.156839E-001  0.000000E+000  4.156839E-001  9.095091E-001  0.000000E+000  0.000000E+000  0.000000E+000  1.000000E+000
  2.180000E+000  4.505999E-001  2.167020E-001  0.000000E+000  9.011998E-001 -4.334040E-001  0.000000E+000  4.334040E-001  9.011998E-001  0.000000E+000  0.000000E+000  0.000000E+000  1.000000E+000
  2.200000E+000  4.467660E-001  2.244997E-001  0.000000E+000  8.935320E-001 -4.489994E-001  0.000000E+000  4.489994E-001  8.935320E-001  0.000000E+000  0.000000E+000  0.000000E+000  1.000000E+000
  2.220000E+000  4.433134E-001  2.312428E-001  0.000000E+000  8.866268E-001 -4.624856E-001  0.000000E+000  4.624856E-001  8.866268E-001  0.000000E+000  0.000000E+000  0.000000E+000  1.000000E+000
  2.240000E+000  4.402949E-001  2.369396E-001  0.000000E+000  8.805898E-001 -4.738793E-001  0.000000E+000  4.738793E-001  8.805898E-001  0.000000E+000  0.000000E+000  0.000000E+000  1.000000E+000
  2.260000E+000  4.377557E-001  2.415988E-001  0.000000E+000  8.755113E-001 -4.831976E-001  0.000000E+000  4.831976E-001  8.755113E-001  0.000000E+000  0.000000E+000  0.000000E+000  1.000000E+000
  2.280000E+000  4.357329E-001  2.452282E-001  0.000000E+000  8.714657E-001 -4.904564E-001  0.000000E+000  4.904564E-001  8.714657E-001  0.000000E+000  0.000000E+000  0.000000E+000  1.000000E+000
  2.300000E+000  4.342557E-001  2.478347E-001  0.000000E+000  8.685113E-001 -4.956694E-001  0.000000E+000  4.956694E-001  8.685113E-001  0.000000E+000  0.000000E+000  0.000000E+000  1.000000E+000
  2.320000E+000  4.333451E-001  2.494234E-001  0.000000E+000  8.666902E-001 -4.988468E-001  0.000000E+000  4.988468E-001  8.666902E-001  0.000000E+000  0.000000E+000  0.000000E+000  1.000000E+000
  2.340000E+000  4.330140E-001  2.499977E-001  0.000000E+000  8.660280E-001 -4.999955E-001  0.000000E+000  4.999955E-001  8.660280E-001  0.000000E+000  0.000000E+000  0.000000E+000  1.000000E+000
  2.360000E+000  4.332671E-001  2.495589E-001  0.000000E+000  8.665341E-001 -4.991178E-001  0.000000E+000  4.991178E-001  8.665341E-001  0.000000E+000  0.000000E+000  0.000000E+000  1.000000E+000
  2.380000E+000  4.341007E-001  2.481060E-001  0.000000E+000  8.682014E-001 -4.962119E-001  0.000000E+000  4.962119E-001  8.682014E-001  0.000000E+000  0.000000E+000  0.000000E+000  1.000000E+000
  2.400000E+000  4.355032E-001  2.456358E-001  0.000000E+000  8.710064E-001 -4.912717E-001  0.000000E+000  4.912717E-001  8.710064E-001  0.000000E+000  0.000000E+000  0.000000E+000  1.000000E+000
  2.420000E+000  4.374546E-001  2.421436E-001  0.000000E+000  8.749091E-001 -4.842872E-001  0.000000E+000  4.842872E-001  8.749091E-001  0.000000E+000  0.000000E+000  0.000000E+000  1.000000E+000
  2.440000E+000  4.399267E-001  2.376225E-001  0.000000E+000  8.798535E-001 -4.752451E-001  0.000000E+000  4.752451E-001  8.798535E-001  0.000000E+000  0.000000E+000  0.000000E+000  1.000000E+000
  2.460000E+000  4.428836E-001  2.320649E-001  0.000000E+000  8.857672E-001 -4.641299E-001  0.000000E+000  4.641299E-001  8.857672E-001  0.000000E+000  0.000000E+000  0.000000E+000  1.000000E+000
  2.480000E+000  4.462810E-001  2.254623E-001  0.000000E+000  8.925621E-001 -4.509245E-001  0.000000E+000  4.509245E-001  8.925621E-001  0.000000E+000  0.000000E+000  0.000000E+000  1.000000E+000
  2.500000E+000  4.500673E-001  2.178060E-001  0.000000E+000  9.001345E-001 -4.356120E-001  0.000000E+000  4.356120E-001  9.001345E-001  0.000000E+000  0.000000E+000  0.000000E+000  1.000000E+000
  2.520000E+000  4.541828E-001  2.090884E-001  0.000000E+000  9.083656E-001 -4.181769E-001  0.000000E+000  4.181769E-001  9.083656E-001  0.000000E+000  0.000000E+000  0.000000E+000  1.000000E+000
  2.540000E+000  4.585610E-001  1.993033E-001  0.000000E+000  9.171220E-001 -3.986066E-001  0.000000E+000  3.986066E-001  9.171220E-001  0.000000E+000  0.000000E+000  0.000000E+000  1.000000E+000
  2.560000E+000  4.631283E-001  1.884468E-001  0.000000E+000  9.262566E-001 -3.768936E-001  0.000000E+000  3.768936E-001  9.262566E-001  0.000000E+000  0.000000E+000  0.000000E+000  1.000000E+000
  2.580000E+000  4.678047E-001  1.765185E-001  0.000000E+000  9.356093E-001 -3.530371E-001  0.000000E+000  3.530371E-001  9.356093E-001  0.000000E+000  0.000000E+000  0.000000E+000  1.000000E+000
  2.600000E+000  4.725044E-001  1.635225E-001  0.000000E+000  9.450088E-001 -3.270450E-001  0.000000E+000  3.270450E-001  9.450088E-001  0.000000E+000  0.000000E+000  0.000000E+000  1.000000E+000
  2.620000E+000  4.771366E-001  1.494680E-001  0.000000E+000  9.542732E-001 -2.989360E-001  0.000000E+000  2.989360E-001  9.542732E-001  0.000000E+000  0.000000E+000  0.000000E+000  1.000000E+000
  2.640000E+000  4.816062E-001  1.343706E-001  0.000000E+000  9.632124E-001 -2.687413E-001  0.000000E+000  2.687413E-001  9.632124E-001  0.000000E+000  0.000000E+000  0.000000E+000  1.000000E+000
  2.660000E+000  4.858150E-001  1.182532E-001  0.000000E+000  9.716299E-001 -2.365064E-001  0.000000E+000  2.365064E-001  9.716299E-001  0.000000E+000  0.000000E+000  0.000000E+000  1.000000E+000
  2.680000E+000  4.896625E-001  1.011466E-001  0.000000E+000  9.793250E-001 -2.022932E-001  0.000000E+000  2.022932E-001  9.793250E-001  0.000000E+000  0.000000E+000  0.000000E+000  1.000000E+000
  2.700000E+000  4.930476E-001  8.309041E-002  0.000000E+000  9.860953E-001 -1.661808E-001  0.000000E+000  1.661808E-001  9.860953E-001  0.000000E+000  0.000000E+000  0.000000E+000  1.000000E+000
  2.720000E+000  4.958698E-001  6.413364E-002  0.000000E+000  9.917396E-001 -1.282673E-001  0.000000E+000  1.282673E-001  9.917396E-001  0.000000E+000  0.000000E+000  0.000000E+000  1.000000E+000
  2.740000E+000  4.980305E-001  4.433500E-002  0.000000E+000  9.960611E-001 -8.867001E-002  0.000000E+000  8.867001E-002  9.960611E-001  0.000000E+000  0.000000E+000  0.000000E+000  1.000000E+000
  2.760000E+000  4.994350E-001  2.376316E-002  0.000000E+000  9.988700E-001 -4.752632E-002  0.000000E+000  4.752632E-002  9.988700E-001  0.000000E+000  0.000000E+000  0.000000E+000  1.000000E+000
  2.780000E+000  4.999938E-001  2.496729E-003  0.000000E+000  9.999875E-001 -4.993459E-003  0.000000E+000  4.993459E-003  9.999875E-001  0.000000E+000  0.000000E+000  0.000000E+000  1.000000E+000
  2.800000E+000  4.996244E-001 -1.937601E-002  0.000000E+000  9.992489E-001  3.875201E-002  0.000000E+000 -3.875201E-002  9.992489E-001  0.000000E+000  0.000000E+000  0.000000E+000  1.000000E+000
  2.820000E+000  4.982533E-001 -4.175761E-002  0.000000E+000  9.965065E-001  8.351521E-002  0.000000E+000 -8.351521E-002  9.965065E-001  0.000000E+000  0.000000E+000  0.000000E+000  1.000000E+000
  2.840000E+000  4.958168E-001 -6.454225E-002  0.000000E+000  9.916336E-001  1.290845E-001  0.000000E+000 -1.290845E-001  9.916336E-001  0.000000E+000  0.000000E+000  0.000000E+000  1.000000E+000
  2.860000E+000  4.922634E-001 -8.761678E-002  0.000000E+000  9.845269E-001  1.752336E-001  0.000000E+000 -1.752336E-001  9.845269E-001  0.000000E+000  0.000000E+000  0.000000E+000  1.000000E+000
  2.880000E+000  4.875547E-001 -1.108620E-001  0.000000E+000  9.751095E-001  2.217240E-001  0.000000E+000 -2.217240E-001  9.751095E-001  0.000000E+000  0.000000E+000  0.000000E+000  1.000000E+000
  2.900000E+000  4.816666E-001 -1.341541E-001  0.000000E+000  9.633331E-001  2.683083E-001  0.000000E+000 -2.683083E-001  9.633331E-001  0.000000E+000  0.000000E+000  0.000000E+000  1.000000E+000
  2.920000E+000  4.745901E-001 -1.573666E-001  0.000000E+000  9.491802E-001  3.147333E-001  0.000000E+000 -3.147333E-001  9.491802E-001  0.000000E+000  0.000000E+000  0.000000E+000  1.000000E+000
  2.940000E+000  4.663324E-001 -1.803720E-001  0.000000E+000  9.326649E-001  3.607440E-001  0.000000E+000 -3.607440E-001  9.326649E-001  0.000000E+000  0.000000E+000  0.000000E+000  1.000000E+000
  2.960000E+000  4.569171E-001 -2.030437E-001  0.000000E+000  9.138343E-001  4.060873E-001  0.000000E+000 -4.060873E-001  9.138343E-001  0.000000E+000  0.000000E+000  0.000000E+000  1.000000E+000
  2.980000E+000  4.463841E-001 -2.252582E-001  0.000000E+000  8.927681E-001  4.505165E-001  0.000000E+000 -4.505165E-001  8.927681E-001  0.000000E+000  0.000000E+000  0.000000E+000  1.000000E+000
  3.000000E+000  4.347893E-001 -2.468973E-001  0.000000E+000  8.695785E-001  4.937947E-001  0.000000E+000 -4.937947E-001  8.695785E-001  0.000000E+000  0.000000E+000  0.000000E+000  1.000000E+000
  3.020000E+000  4.222044E-001 -2.678497E-001  0.000000E+000  8.444087E-001  5.356994E-001  0.000000E+000 -5.356994E-001  8.444087E-001  0.000000E+000  0.000000E+000  0.000000E+000  1.000000E+000
  3.040000E+000  4.087156E-001 -2.880131E-001  0.000000E+000  8.174313E-001  5.760261E-001  0.000000E+000 -5.760261E-001  8.174313E-001  0.000000E+000  0.000000E+000  0.000000E+000  1.000000E+000
  3.060000E+000  3.944228E-001 -3.072958E-001  0.000000E+000  7.888455E-001  6.145915E-001  0.000000E+000 -6.145915E-001  7.888455E-001  0.000000E+000  0.000000E+000  0.000000E+000  1.000000E+000
  3.080000E+000  3.794374E-001 -3.256182E-001  0.000000E+000  7.588749E-001  6.512365E-001  0.000000E+000 -6.512365E-001  7.588749E-001  0.000000E+000  0.000000E+000  0.000000E+000  1.000000E+000
  3.100000E+000  3.638816E-001 -3.429143E-001  0.000000E+000  7.277631E-001  6.858286E-001  0.000000E+000 -6.858286E-001  7.277631E-001  0.000000E+000  0.000000E+000  0.000000E+000  1.000000E+000
  3.120000E+000  3.478854E-001 -3.591319E-001  0.000000E+000  6.957708E-001  7.182638E-001  0.000000E+000 -7.182638E-001  6.957708E-001  0.000000E+000  0.000000E+000  0.000000E+000  1.000000E+000
  3.140000E+000  3.315857E-001 -3.742338E-001  0.000000E+000  6.631714E-001  7.484676E-001  0.000000E+000 -7.484676E-001  6.631714E-001  0.000000E+000  0.000000E+000  0.000000E+000  1.000000E+000
  3.160000E+000  3.151233E-001 -3.881975E-001  0.000000E+000  6.302465E-001  7.763951E-001  0.000000E+000 -7.763951E-001  6.302465E-001  0.000000E+000  0.000000E+000  0.000000E+000  1.000000E+000
  3.180000E+000  2.986412E-001 -4.010155E-001  0.000000E+000  5.972824E-001  8.020310E-001  0.000000E+000 -8.020310E-001  5.972824E-001  0.000000E+000  0.000000E+000  0.000000E+000  1.000000E+000
  3.200000E+000  2.822827E-001 -4.126941E-001  0.000000E+000  5.645655E-001  8.253883E-001  0.000000E+000 -8.253883E-001  5.645655E-001  0.000000E+000  0.000000E+000  0.000000E+000  1.000000E+000
  3.220000E+000  2.661892E-001 -4.232533E-001  0.000000E+000  5.323783E-001  8.465066E-001  0.000000E+000 -8.465066E-001  5.323783E-001  0.000000E+000  0.000000E+000  0.000000E+000  1.000000E+000
  3.240000E+000  2.504982E-001 -4.327247E-001  0.000000E+000  5.009963E-001  8.654494E-001  0.000000E+000 -8.654494E-001  5.009963E-001  0.000000E+000  0.000000E+000  0.000000E+000  1.000000E+000
  3.260000E+000  2.353421E-001 -4.411509E-001  0.000000E+000  4.706843E-001  8.823017E-001  0.000000E+000 -8.823017E-001  4.706843E-001  0.000000E+000  0.000000E+000  0.000000E+000  1.000000E+000
  3.280000E+000  2.208468E-001 -4.485830E-001  0.000000E+000  4.416936E-001  8.971660E-001  0.000000E+000 -8.971660E-001  4.416936E-001  0.000000E+000  0.000000E+000  0.000000E+000  1.000000E+000
  3.300000E+000  2.071300E-001 -4.550793E-001  0.000000E+000  4.142599E-001  9.101586E-001  0.000000E+000 -9.101586E-001  4.142599E-001  0.000000E+000  0.000000E+000  0.000000E+000  1.000000E+000
  3.320000E+000  1.943007E-001 -4.607030E-001  0.000000E+000  3.886014E-001  9.214059E-001  0.000000E+000 -9.214059E-001  3.886014E-001  0.000000E+000  0.000000E+000  0.000000E+000  1.000000E+000
  3.340000E+000  1.824586E-001 -4.655200E-001  0.000000E+000  3.649172E-001  9.310400E-001  0.000000E+000 -9.310400E-001  3.649172E-001  0.000000E+000  0.000000E+000  0.000000E+000  1.000000E+000
  3.360000E+000  1.716932E-001 -4.695971E-001  0.000000E+000  3.433865E-001  9.391942E-001  0.000000E+000 -9.391942E-001  3.433865E-001  0.000000E+000  0.000000E+000  0.000000E+000  1.000000E+000
  3.380000E+000  1.620840E-001 -4.729998E-001  0.000000E+000  3.241680E-001  9.459995E-001  0.000000E+000 -9.459995E-001  3.241680E-001  0.000000E+000  0.000000E+000  0.000000E+000  1.000000E+000
  3.400000E+000  1.537000E-001 -4.757902E-001  0.000000E+000  3.074001E-001  9.515804E-001  0.000000E+000 -9.515804E-001  3.074001E-001  0.000000E+000  0.000000E+000  0.000000E+000  1.000000E+000
  3.420000E+000  1.466002E-001 -4.780255E-001  0.000000E+000  2.932004E-001  9.560510E-001  0.000000E+000 -9.560510E-001  2.932004E-001  0.000000E+000  0.000000E+000  0.000000E+000  1.000000E+000
  3.440000E+000  1.408332E-001 -4.797562E-001  0.000000E+000  2.816663E-001  9.595124E-001  0.000000E+000 -9.595124E-001  2.816663E-001  0.000000E+000  0.000000E+000  0.000000E+000  1.000000E+000
  3.460000E+000  1.364378E-001 -4.810247E-001  0.000000E+000  2.728756E-001  9.620493E-001  0.000000E+000 -9.620493E-001  2.728756E-001  0.000000E+000  0.000000E+000  0.000000E+000  1.000000E+000
  3.480000E+000  1.334432E-001 -4.818640E-001  0.000000E+000  2.668865E-001  9.637280E-001  0.000000E+000 -9.637280E-001  2.668865E-001  0.000000E+000  0.000000E+000  0.000000E+000  1.000000E+000
  3.500000E+000  1.318690E-001 -4.822972E-001  0.000000E+000  2.637380E-001  9.645944E-001  0.000000E+000 -9.645944E-001  2.637380E-001  0.000000E+000  0.000000E+000  0.000000E+000  1.000000E+000
  3.520000E+000  1.317253E-001 -4.823364E-001  0.000000E+000  2.634507E-001  9.646729E-001  0.000000E+000 -9.646729E-001  2.634507E-001  0.000000E+000  0.000000E+000  0.000000E+000  1.000000E+000
  3.540000E+000  1.330132E-001 -4.819829E-001  0.000000E+000  2.660263E-001  9.639658E-001  0.000000E+000 -9.639658E-001  2.660263E-001  0.000000E+000  0.000000E+000  0.000000E+000  1.000000E+000
  3.560000E+000  1.357241E-001 -4.812265E-001  0.000000E+000  2.714483E-001  9.624530E-001  0.000000E+000 -9.624530E-001  2.714483E-001  0.000000E+000  0.000000E+000  0.000000E+000  1.000000E+000
  3.580000E+000  1.398406E-001 -4.800465E-001  0.000000E+000  2.796811E-001  9.600930E-001  0.000000E+000 -9.600930E-001  2.796811E-001  0.000000E+000  0.000000E+000  0.000000E+000  1.000000E+000
  3.600000E+000  1.453352E-001 -4.784116E-001  0.000000E+000  2.906705E-001  9.568232E-001  0.000000E+000 -9.568232E-001  2.906705E-001  0.000000E+000  0.000000E+000  0.000000E+000  1.000000E+000
  3.620000E+000  1.521714E-001 -4.762813E-001  0.000000E+000  3.043427E-001  9.525626E-001  0.000000E+000 -9.525626E-001  3.043427E-001  0.000000E+000  0.000000E+000  0.000000E+000  1.000000E+000
  3.640000E+000  1.603022E-001 -4.736066E-001  0.000000E+000  3.206043E-001  9.472132E-001  0.000000E+000 -9.472132E-001  3.206043E-001  0.000000E+000  0.000000E+000  0.000000E+000  1.000000E+000
  3.660000E+000  1.696708E-001 -4.703316E-001  0.000000E+000  3.393417E-001  9.406632E-001  0.000000E+000 -9.406632E-001  3.393417E-001  0.000000E+000  0.000000E+000  0.000000E+000  1.000000E+000
  3.680000E+000  1.802104E-001 -4.663949E-001  0.000000E+000  3.604207E-001  9.327898E-001  0.000000E+000 -9.327898E-001  3.604207E-001  0.000000E+000  0.000000E+000  0.000000E+000  1.000000E+000
  3.700000E+000  1.918434E-001 -4.617317E-001  0.000000E+000  3.836868E-001  9.234633E-001  0.000000E+000 -9.234633E-001  3.836868E-001  0.000000E+000  0.000000E+000  0.000000E+000  1.000000E+000
  3.720000E+000  2.044823E-001 -4.562751E-001  0.000000E+000  4.089646E-001  9.125502E-001  0.000000E+000 -9.125502E-001  4.089646E-001  0.000000E+000  0.000000E+000  0.000000E+000  1.000000E+000
  3.740000E+000  2.180296E-001 -4.499590E-001  0.000000E+000  4.360591E-001  8.999180E-001  0.000000E+000 -8.999180E-001  4.360591E-001  0.000000E+000  0.000000E+000  0.000000E+000  1.000000E+000
  3.760000E+000  2.323779E-001 -4.427194E-001  0.000000E+000  4.647558E-001  8.854389E-001  0.000000E+000 -8.854389E-001  4.647558E-001  0.000000E+000  0.000000E+000  0.000000E+000  1.000000E+000
  3.780000E+000  2.474113E-001 -4.344970E-001  0.000000E+000  4.948225E-001  8.689940E-001  0.000000E+000 -8.689940E-001  4.948225E-001  0.000000E+000  0.000000E+000  0.000000E+000  1.000000E+000
  3.800000E+000  2.630054E-001 -4.252389E-001  0.000000E+000  5.260108E-001  8.504779E-001  0.000000E+000 -8.504779E-001  5.260108E-001  0.000000E+000  0.000000E+000  0.000000E+000  1.000000E+000
  3.820000E+000  2.790291E-001 -4.149009E-001  0.000000E+000  5.580582E-001  8.298018E-001  0.000000E+000 -8.298018E-001  5.580582E-001  0.000000E+000  0.000000E+000  0.000000E+000  1.000000E+000
  3.840000E+000  2.953457E-001 -4.034488E-001  0.000000E+000  5.906914E-001  8.068975E-001  0.000000E+000 -8.068975E-001  5.906914E-001  0.000000E+000  0.000000E+000  0.000000E+000  1.000000E+000
  3.860000E+000  3.118144E-001 -3.908603E-001  0.000000E+000  6.236288E-001  7.817206E-001  0.000000E+000 -7.817206E-001  6.236288E-001  0.000000E+000  0.000000E+000  0.000000E+000  1.000000E+000
  3.880000E+000  3.282923E-001 -3.771262E-001  0.000000E+000  6.565846E-001  7.542524E-001  0.000000E+000 -7.542524E-001  6.565846E-001  0.000000E+000  0.000000E+000  0.000000E+000  1.000000E+000
  3.900000E+000  3.446360E-001 -3.622513E-001  0.000000E+000  6.892721E-001  7.245026E-001  0.000000E+000 -7.245026E-001  6.892721E-001  0.000000E+000  0.000000E+000  0.000000E+000  1.000000E+000
  3.920000E+000  3.607042E-001 -3.462549E-001  0.000000E+000  7.214084E-001  6.925099E-001  0.000000E+000 -6.925099E-001  7.214084E-001  0.000000E+000  0.000000E+000  0.000000E+000  1.000000E+000
  3.940000E+000  3.763590E-001 -3.291715E-001  0.000000E+000  7.527181E-001  6.583430E-001  0.000000E+000 -6.583430E-001  7.527181E-001  0.000000E+000  0.000000E+000  0.000000E+000  1.000000E+000
  3.960000E+000  3.914689E-001 -3.110500E-001  0.000000E+000  7.829378E-001  6.221000E-001  0.000000E+000 -6.221000E-001  7.829378E-001  0.000000E+000  0.000000E+000  0.000000E+000  1.000000E+000
  3.980000E+000  4.059100E-001 -2.919539E-001  0.000000E+000  8.118199E-001  5.839079E-001  0.000000E+000 -5.839079E-001  8.118199E-001  0.000000E+000  0.000000E+000  0.000000E+000  1.000000E+000
