% FILE: double_pendulum_on_cart.3
%
%       t         P_No_Co[1]     P_No_Co[2]     P_No_Co[3]      N_C[1,1]       N_C[1,2]       N_C[1,3]       N_C[2,1]       N_C[2,2]       N_C[2,3]       N_C[3,1]       N_C[3,2]       N_C[3,3]
%    (UNITS)        (meter)        (meter)        (meter)       (NoUnits)      (NoUnits)      (NoUnits)      (NoUnits)      (NoUnits)      (NoUnits)      (NoUnits)      (NoUnits)      (NoUnits)

  0.000000E+000  2.340000E-001 -1.500000E+000  0.000000E+000  1.000000E+000  0.000000E+000  0.000000E+000  0.000000E+000  1.000000E+000  0.000000E+000  0.000000E+000  0.000000E+000  1.000000E+000
  2.000000E-002  3.041820E-001 -1.498900E+000  0.000000E+000  9.982005E-001 -5.996401E-002  0.000000E+000  5.996401E-002  9.982005E-001  0.000000E+000  0.000000E+000  0.000000E+000  1.000000E+000
  4.000000E-002  3.746561E-001 -1.495604E+000  0.000000E+000  9.928086E-001 -1.197122E-001  0.000000E+000  1.197122E-001  9.928086E-001  0.000000E+000  0.000000E+000  0.000000E+000  1.000000E+000
  6.000000E-002  4.453148E-001 -1.490122E+000  0.000000E+000  9.838437E-001 -1.790296E-001  0.000000E+000  1.790296E-001  9.838437E-001  0.000000E+000  0.000000E+000  0.000000E+000  1.000000E+000
  8.000000E-002  5.160513E-001 -1.482471E+000  0.000000E+000  9.713380E-001 -2.377026E-001  0.000000E+000  2.377026E-001  9.713380E-001  0.000000E+000  0.000000E+000  0.000000E+000  1.000000E+000
  1.000000E-001  5.867599E-001 -1.472672E+000  0.000000E+000  9.553365E-001 -2.955202E-001  0.000000E+000  2.955202E-001  9.553365E-001  0.000000E+000  0.000000E+000  0.000000E+000  1.000000E+000
  1.200000E-001  6.573367E-001 -1.460757E+000  0.000000E+000  9.358968E-001 -3.522742E-001  0.000000E+000  3.522742E-001  9.358968E-001  0.000000E+000  0.000000E+000  0.000000E+000  1.000000E+000
  1.400000E-001  7.276792E-001 -1.446760E+000  0.000000E+000  9.130889E-001 -4.077605E-001  0.000000E+000  4.077605E-001  9.130889E-001  0.000000E+000  0.000000E+000  0.000000E+000  1.000000E+000
  1.600000E-001  7.976877E-001 -1.430725E+000  0.000000E+000  8.869949E-001 -4.617792E-001  0.000000E+000  4.617792E-001  8.869949E-001  0.000000E+000  0.000000E+000  0.000000E+000  1.000000E+000
  1.800000E-001  8.672645E-001 -1.412698E+000  0.000000E+000  8.577087E-001 -5.141360E-001  0.000000E+000  5.141360E-001  8.577087E-001  0.000000E+000  0.000000E+000  0.000000E+000  1.000000E+000
  2.000000E-001  9.363152E-001 -1.392734E+000  0.000000E+000  8.253356E-001 -5.646425E-001  0.000000E+000  5.646425E-001  8.253356E-001  0.000000E+000  0.000000E+000  0.000000E+000  1.000000E+000
  2.200000E-001  1.004749E+000 -1.370894E+000  0.000000E+000  7.899922E-001 -6.131169E-001  0.000000E+000  6.131169E-001  7.899922E-001  0.000000E+000  0.000000E+000  0.000000E+000  1.000000E+000
  2.400000E-001  1.072477E+000 -1.347241E+000  0.000000E+000  7.518057E-001 -6.593847E-001  0.000000E+000  6.593847E-001  7.518057E-001  0.000000E+000  0.000000E+000  0.000000E+000  1.000000E+000
  2.600000E-001  1.139416E+000 -1.321847E+000  0.000000E+000  7.109135E-001 -7.032794E-001  0.000000E+000  7.032794E-001  7.109135E-001  0.000000E+000  0.000000E+000  0.000000E+000  1.000000E+000
  2.800000E-001  1.205487E+000 -1.294787E+000  0.000000E+000  6.674628E-001 -7.446431E-001  0.000000E+000  7.446431E-001  6.674628E-001  0.000000E+000  0.000000E+000  0.000000E+000  1.000000E+000
  3.000000E-001  1.270615E+000 -1.266141E+000  0.000000E+000  6.216100E-001 -7.833269E-001  0.000000E+000  7.833269E-001  6.216100E-001  0.000000E+000  0.000000E+000  0.000000E+000  1.000000E+000
  3.200000E-001  1.334728E+000 -1.235995E+000  0.000000E+000  5.735200E-001 -8.191916E-001  0.000000E+000  8.191916E-001  5.735200E-001  0.000000E+000  0.000000E+000  0.000000E+000  1.000000E+000
  3.400000E-001  1.397761E+000 -1.204438E+000  0.000000E+000  5.233660E-001 -8.521080E-001  0.000000E+000  8.521080E-001  5.233660E-001  0.000000E+000  0.000000E+000  0.000000E+000  1.000000E+000
  3.600000E-001  1.459654E+000 -1.171561E+000  0.000000E+000  4.713284E-001 -8.819578E-001  0.000000E+000  8.819578E-001  4.713284E-001  0.000000E+000  0.000000E+000  0.000000E+000  1.000000E+000
  3.800000E-001  1.520351E+000 -1.137462E+000  0.000000E+000  4.175945E-001 -9.086335E-001  0.000000E+000  9.086335E-001  4.175945E-001  0.000000E+000  0.000000E+000  0.000000E+000  1.000000E+000
  4.000000E-001  1.579803E+000 -1.102240E+000  0.000000E+000  3.623578E-001 -9.320391E-001  0.000000E+000  9.320391E-001  3.623578E-001  0.000000E+000  0.000000E+000  0.000000E+000  1.000000E+000
  4.200000E-001  1.637966E+000 -1.065997E+000  0.000000E+000  3.058169E-001 -9.520903E-001  0.000000E+000  9.520903E-001  3.058169E-001  0.000000E+000  0.000000E+000  0.000000E+000  1.000000E+000
  4.400000E-001  1.694802E+000 -1.028839E+000  0.000000E+000  2.481755E-001 -9.687151E-001  0.000000E+000  9.687151E-001  2.481755E-001  0.000000E+000  0.000000E+000  0.000000E+000  1.000000E+000
  4.600000E-001  1.750278E+000 -9.908729E-001  0.000000E+000  1.896408E-001 -9.818535E-001  0.000000E+000  9.818535E-001  1.896408E-001  0.000000E+000  0.000000E+000  0.000000E+000  1.000000E+000
  4.800000E-001  1.804369E+000 -9.522068E-001  0.000000E+000  1.304237E-001 -9.914583E-001  0.000000E+000  9.914583E-001  1.304237E-001  0.000000E+000  0.000000E+000  0.000000E+000  1.000000E+000
  5.000000E-001  1.857053E+000 -9.129512E-001  0.000000E+000  7.073720E-002 -9.974950E-001  0.000000E+000  9.974950E-001  7.073720E-002  0.000000E+000  0.000000E+000  0.000000E+000  1.000000E+000
  5.200000E-001  1.908318E+000 -8.732172E-001  0.000000E+000  1.079612E-002 -9.999417E-001  0.000000E+000  9.999417E-001  1.079612E-002  0.000000E+000  0.000000E+000  0.000000E+000  1.000000E+000
  5.400000E-001  1.958156E+000 -8.331168E-001  0.000000E+000 -4.918382E-002 -9.987897E-001  0.000000E+000  9.987897E-001 -4.918382E-002  0.000000E+000  0.000000E+000  0.000000E+000  1.000000E+000
  5.600000E-001  2.006564E+000 -7.927617E-001  0.000000E+000 -1.089868E-001 -9.940432E-001  0.000000E+000  9.940432E-001 -1.089868E-001  0.000000E+000  0.000000E+000  0.000000E+000  1.000000E+000
  5.800000E-001  2.053547E+000 -7.522639E-001  0.000000E+000 -1.683974E-001 -9.857192E-001  0.000000E+000  9.857192E-001 -1.683974E-001  0.000000E+000  0.000000E+000  0.000000E+000  1.000000E+000
  6.000000E-001  2.099116E+000 -7.117346E-001  0.000000E+000 -2.272021E-001 -9.738476E-001  0.000000E+000  9.738476E-001 -2.272021E-001  0.000000E+000  0.000000E+000  0.000000E+000  1.000000E+000
  6.200000E-001  2.143288E+000 -6.712839E-001  0.000000E+000 -2.851891E-001 -9.584713E-001  0.000000E+000  9.584713E-001 -2.851891E-001  0.000000E+000  0.000000E+000  0.000000E+000  1.000000E+000
  6.400000E-001  2.186084E+000 -6.310209E-001  0.000000E+000 -3.421497E-001 -9.396455E-001  0.000000E+000  9.396455E-001 -3.421497E-001  0.000000E+000  0.000000E+000  0.000000E+000  1.000000E+000
  6.600000E-001  2.227534E+000 -5.910528E-001  0.000000E+000 -3.978789E-001 -9.174380E-001  0.000000E+000  9.174380E-001 -3.978789E-001  0.000000E+000  0.000000E+000  0.000000E+000  1.000000E+000
  6.800000E-001  2.267670E+000 -5.514846E-001  0.000000E+000 -4.521762E-001 -8.919287E-001  0.000000E+000  8.919287E-001 -4.521762E-001  0.000000E+000  0.000000E+000  0.000000E+000  1.000000E+000
  7.000000E-001  2.306534E+000 -5.124191E-001  0.000000E+000 -5.048461E-001 -8.632094E-001  0.000000E+000  8.632094E-001 -5.048461E-001  0.000000E+000  0.000000E+000  0.000000E+000  1.000000E+000
  7.200000E-001  2.344169E+000 -4.739562E-001  0.000000E+000 -5.556991E-001 -8.313835E-001  0.000000E+000  8.313835E-001 -5.556991E-001  0.000000E+000  0.000000E+000  0.000000E+000  1.000000E+000
  7.400000E-001  2.380626E+000 -4.361924E-001  0.000000E+000 -6.045523E-001 -7.965655E-001  0.000000E+000  7.965655E-001 -6.045523E-001  0.000000E+000  0.000000E+000  0.000000E+000  1.000000E+000
  7.600000E-001  2.415959E+000 -3.992212E-001  0.000000E+000 -6.512297E-001 -7.588807E-001  0.000000E+000  7.588807E-001 -6.512297E-001  0.000000E+000  0.000000E+000  0.000000E+000  1.000000E+000
  7.800000E-001  2.450229E+000 -3.631319E-001  0.000000E+000 -6.955633E-001 -7.184648E-001  0.000000E+000  7.184648E-001 -6.955633E-001  0.000000E+000  0.000000E+000  0.000000E+000  1.000000E+000
  8.000000E-001  2.483499E+000 -3.280099E-001  0.000000E+000 -7.373937E-001 -6.754632E-001  0.000000E+000  6.754632E-001 -7.373937E-001  0.000000E+000  0.000000E+000  0.000000E+000  1.000000E+000
  8.200000E-001  2.515837E+000 -2.939361E-001  0.000000E+000 -7.765703E-001 -6.300306E-001  0.000000E+000  6.300306E-001 -7.765703E-001  0.000000E+000  0.000000E+000  0.000000E+000  1.000000E+000
  8.400000E-001  2.547316E+000 -2.609868E-001  0.000000E+000 -8.129520E-001 -5.823306E-001  0.000000E+000  5.823306E-001 -8.129520E-001  0.000000E+000  0.000000E+000  0.000000E+000  1.000000E+000
  8.600000E-001  2.578012E+000 -2.292334E-001  0.000000E+000 -8.464080E-001 -5.325349E-001  0.000000E+000  5.325349E-001 -8.464080E-001  0.000000E+000  0.000000E+000  0.000000E+000  1.000000E+000
  8.800000E-001  2.608003E+000 -1.987422E-001  0.000000E+000 -8.768179E-001 -4.808226E-001  0.000000E+000  4.808226E-001 -8.768179E-001  0.000000E+000  0.000000E+000  0.000000E+000  1.000000E+000
  9.000000E-001  2.637371E+000 -1.695739E-001  0.000000E+000 -9.040721E-001 -4.273799E-001  0.000000E+000  4.273799E-001 -9.040721E-001  0.000000E+000  0.000000E+000  0.000000E+000  1.000000E+000
  9.200000E-001  2.666201E+000 -1.417838E-001  0.000000E+000 -9.280727E-001 -3.723990E-001  0.000000E+000  3.723990E-001 -9.280727E-001  0.000000E+000  0.000000E+000  0.000000E+000  1.000000E+000
  9.400000E-001  2.694580E+000 -1.154214E-001  0.000000E+000 -9.487332E-001 -3.160780E-001  0.000000E+000  3.160780E-001 -9.487332E-001  0.000000E+000  0.000000E+000  0.000000E+000  1.000000E+000
  9.600000E-001  2.722596E+000 -9.053033E-002  0.000000E+000 -9.659793E-001 -2.586193E-001  0.000000E+000  2.586193E-001 -9.659793E-001  0.000000E+000  0.000000E+000  0.000000E+000  1.000000E+000
  9.800000E-001  2.750339E+000 -6.714808E-002  0.000000E+000 -9.797489E-001 -2.002300E-001  0.000000E+000  2.002300E-001 -9.797489E-001  0.000000E+000  0.000000E+000  0.000000E+000  1.000000E+000
  1.000000E+000  2.777901E+000 -4.530606E-002  0.000000E+000 -9.899925E-001 -1.411200E-001  0.000000E+000  1.411200E-001 -9.899925E-001  0.000000E+000  0.000000E+000  0.000000E+000  1.000000E+000
  1.020000E+000  2.805373E+000 -2.502937E-002  0.000000E+000 -9.966732E-001 -8.150215E-002  0.000000E+000  8.150215E-002 -9.966732E-001  0.000000E+000  0.000000E+000  0.000000E+000  1.000000E+000
  1.040000E+000  2.832849E+000 -6.336813E-003  0.000000E+000 -9.997669E-001 -2.159098E-002  0.000000E+000  2.159098E-002 -9.997669E-001  0.000000E+000  0.000000E+000  0.000000E+000  1.000000E+000
  1.060000E+000  2.860421E+000  1.075918E-002  0.000000E+000 -9.992625E-001  3.839790E-002  0.000000E+000 -3.839790E-002 -9.992625E-001  0.000000E+000  0.000000E+000  0.000000E+000  1.000000E+000
  1.080000E+000  2.888180E+000  2.625259E-002  0.000000E+000 -9.951619E-001  9.824859E-002  0.000000E+000 -9.824859E-002 -9.951619E-001  0.000000E+000  0.000000E+000  0.000000E+000  1.000000E+000
  1.100000E+000  2.916219E+000  4.014376E-002  0.000000E+000 -9.874798E-001  1.577457E-001  0.000000E+000 -1.577457E-001 -9.874798E-001  0.000000E+000  0.000000E+000  0.000000E+000  1.000000E+000
  1.120000E+000  2.944628E+000  5.243944E-002  0.000000E+000 -9.762438E-001  2.166751E-001  0.000000E+000 -2.166751E-001 -9.762438E-001  0.000000E+000  0.000000E+000  0.000000E+000  1.000000E+000
  1.140000E+000  2.973495E+000  6.315268E-002  0.000000E+000 -9.614944E-001  2.748247E-001  0.000000E+000 -2.748247E-001 -9.614944E-001  0.000000E+000  0.000000E+000  0.000000E+000  1.000000E+000
  1.160000E+000  3.002908E+000  7.230277E-002  0.000000E+000 -9.432846E-001  3.319852E-001  0.000000E+000 -3.319852E-001 -9.432846E-001  0.000000E+000  0.000000E+000  0.000000E+000  1.000000E+000
  1.180000E+000  3.032951E+000  7.991519E-002  0.000000E+000 -9.216800E-001  3.879509E-001  0.000000E+000 -3.879509E-001 -9.216800E-001  0.000000E+000  0.000000E+000  0.000000E+000  1.000000E+000
  1.200000E+000  3.063706E+000  8.602145E-002  0.000000E+000 -8.967584E-001  4.425204E-001  0.000000E+000 -4.425204E-001 -8.967584E-001  0.000000E+000  0.000000E+000  0.000000E+000  1.000000E+000
  1.220000E+000  3.095253E+000  9.065897E-002  0.000000E+000 -8.686094E-001  4.954974E-001  0.000000E+000 -4.954974E-001 -8.686094E-001  0.000000E+000  0.000000E+000  0.000000E+000  1.000000E+000
  1.240000E+000  3.127667E+000  9.387092E-002  0.000000E+000 -8.373344E-001  5.466910E-001  0.000000E+000 -5.466910E-001 -8.373344E-001  0.000000E+000  0.000000E+000  0.000000E+000  1.000000E+000
  1.260000E+000  3.161022E+000  9.570602E-002  0.000000E+000 -8.030459E-001  5.959172E-001  0.000000E+000 -5.959172E-001 -8.030459E-001  0.000000E+000  0.000000E+000  0.000000E+000  1.000000E+000
  1.280000E+000  3.195384E+000  9.621841E-002  0.000000E+000 -7.658672E-001  6.429987E-001  0.000000E+000 -6.429987E-001 -7.658672E-001  0.000000E+000  0.000000E+000  0.000000E+000  1.000000E+000
  1.300000E+000  3.230820E+000  9.546732E-002  0.000000E+000 -7.259323E-001  6.877662E-001  0.000000E+000 -6.877662E-001 -7.259323E-001  0.000000E+000  0.000000E+000  0.000000E+000  1.000000E+000
  1.320000E+000  3.267388E+000  9.351695E-002  0.000000E+000 -6.833848E-001  7.300584E-001  0.000000E+000 -7.300584E-001 -6.833848E-001  0.000000E+000  0.000000E+000  0.000000E+000  1.000000E+000
  1.340000E+000  3.305143E+000  9.043612E-002  0.000000E+000 -6.383779E-001  7.697231E-001  0.000000E+000 -7.697231E-001 -6.383779E-001  0.000000E+000  0.000000E+000  0.000000E+000  1.000000E+000
  1.360000E+000  3.344137E+000  8.629805E-002  0.000000E+000 -5.910734E-001  8.066177E-001  0.000000E+000 -8.066177E-001 -5.910734E-001  0.000000E+000  0.000000E+000  0.000000E+000  1.000000E+000
  1.380000E+000  3.384414E+000  8.118006E-002  0.000000E+000 -5.416418E-001  8.406094E-001  0.000000E+000 -8.406094E-001 -5.416418E-001  0.000000E+000  0.000000E+000  0.000000E+000  1.000000E+000
  1.400000E+000  3.426012E+000  7.516327E-002  0.000000E+000 -4.902608E-001  8.715758E-001  0.000000E+000 -8.715758E-001 -4.902608E-001  0.000000E+000  0.000000E+000  0.000000E+000  1.000000E+000
  1.420000E+000  3.468968E+000  6.833225E-002  0.000000E+000 -4.371154E-001  8.994054E-001  0.000000E+000 -8.994054E-001 -4.371154E-001  0.000000E+000  0.000000E+000  0.000000E+000  1.000000E+000
  1.440000E+000  3.513307E+000  6.077475E-002  0.000000E+000 -3.823969E-001  9.239982E-001  0.000000E+000 -9.239982E-001 -3.823969E-001  0.000000E+000  0.000000E+000  0.000000E+000  1.000000E+000
  1.460000E+000  3.559054E+000  5.258131E-002  0.000000E+000 -3.263022E-001  9.452655E-001  0.000000E+000 -9.452655E-001 -3.263022E-001  0.000000E+000  0.000000E+000  0.000000E+000  1.000000E+000
  1.480000E+000  3.606223E+000  4.384493E-002  0.000000E+000 -2.690331E-001  9.631309E-001  0.000000E+000 -9.631309E-001 -2.690331E-001  0.000000E+000  0.000000E+000  0.000000E+000  1.000000E+000
  1.500000E+000  3.654825E+000  3.466070E-002  0.000000E+000 -2.107958E-001  9.775301E-001  0.000000E+000 -9.775301E-001 -2.107958E-001  0.000000E+000  0.000000E+000  0.000000E+000  1.000000E+000
  1.520000E+000  3.704864E+000  2.512544E-002  0.000000E+000 -1.517999E-001  9.884113E-001  0.000000E+000 -9.884113E-001 -1.517999E-001  0.000000E+000  0.000000E+000  0.000000E+000  1.000000E+000
  1.540000E+000  3.756337E+000  1.533734E-002  0.000000E+000 -9.225760E-002  9.957352E-001  0.000000E+000 -9.957352E-001 -9.225760E-002  0.000000E+000  0.000000E+000  0.000000E+000  1.000000E+000
  1.560000E+000  3.809236E+000  5.395542E-003  0.000000E+000 -3.238332E-002  9.994755E-001  0.000000E+000 -9.994755E-001 -3.238332E-002  0.000000E+000  0.000000E+000  0.000000E+000  1.000000E+000
  1.580000E+000  3.863545E+000 -4.600212E-003  0.000000E+000  2.760751E-002  9.996188E-001  0.000000E+000 -9.996188E-001  2.760751E-002  0.000000E+000  0.000000E+000  0.000000E+000  1.000000E+000
  1.600000E+000  3.919243E+000 -1.454997E-002  0.000000E+000  8.749898E-002  9.961646E-001  0.000000E+000 -9.961646E-001  8.749898E-002  0.000000E+000  0.000000E+000  0.000000E+000  1.000000E+000
  1.620000E+000  3.976302E+000 -2.435395E-002  0.000000E+000  1.470756E-001  9.891253E-001  0.000000E+000 -9.891253E-001  1.470756E-001  0.000000E+000  0.000000E+000  0.000000E+000  1.000000E+000
  1.640000E+000  4.034687E+000 -3.391296E-002  0.000000E+000  2.061228E-001  9.785261E-001  0.000000E+000 -9.785261E-001  2.061228E-001  0.000000E+000  0.000000E+000  0.000000E+000  1.000000E+000
  1.660000E+000  4.094360E+000 -4.312871E-002  0.000000E+000  2.644282E-001  9.644054E-001  0.000000E+000 -9.644054E-001  2.644282E-001  0.000000E+000  0.000000E+000  0.000000E+000  1.000000E+000
  1.680000E+000  4.155273E+000 -5.190426E-002  0.000000E+000  3.217820E-001  9.468138E-001  0.000000E+000 -9.468138E-001  3.217820E-001  0.000000E+000  0.000000E+000  0.000000E+000  1.000000E+000
  1.700000E+000  4.217375E+000 -6.014438E-002  0.000000E+000  3.779777E-001  9.258147E-001  0.000000E+000 -9.258147E-001  3.779777E-001  0.000000E+000  0.000000E+000  0.000000E+000  1.000000E+000
  1.720000E+000  4.280606E+000 -6.775587E-002  0.000000E+000  4.328131E-001  9.014837E-001  0.000000E+000 -9.014837E-001  4.328131E-001  0.000000E+000  0.000000E+000  0.000000E+000  1.000000E+000
  1.740000E+000  4.344905E+000 -7.464800E-002  0.000000E+000  4.860909E-001  8.739083E-001  0.000000E+000 -8.739083E-001  4.860909E-001  0.000000E+000  0.000000E+000  0.000000E+000  1.000000E+000
  1.760000E+000  4.410202E+000 -8.073277E-002  0.000000E+000  5.376192E-001  8.431877E-001  0.000000E+000 -8.431877E-001  5.376192E-001  0.000000E+000  0.000000E+000  0.000000E+000  1.000000E+000
  1.780000E+000  4.476422E+000 -8.592536E-002  0.000000E+000  5.872127E-001  8.094327E-001  0.000000E+000 -8.094327E-001  5.872127E-001  0.000000E+000  0.000000E+000  0.000000E+000  1.000000E+000
  1.800000E+000  4.543486E+000 -9.014434E-002  0.000000E+000  6.346929E-001  7.727645E-001  0.000000E+000 -7.727645E-001  6.346929E-001  0.000000E+000  0.000000E+000  0.000000E+000  1.000000E+000
  1.820000E+000  4.611311E+000 -9.331210E-002  0.000000E+000  6.798888E-001  7.333152E-001  0.000000E+000 -7.333152E-001  6.798888E-001  0.000000E+000  0.000000E+000  0.000000E+000  1.000000E+000
  1.840000E+000  4.679808E+000 -9.535508E-002  0.000000E+000  7.226379E-001  6.912268E-001  0.000000E+000 -6.912268E-001  7.226379E-001  0.000000E+000  0.000000E+000  0.000000E+000  1.000000E+000
  1.860000E+000  4.748884E+000 -9.620408E-002  0.000000E+000  7.627863E-001  6.466507E-001  0.000000E+000 -6.466507E-001  7.627863E-001  0.000000E+000  0.000000E+000  0.000000E+000  1.000000E+000
  1.880000E+000  4.818443E+000 -9.579455E-002  0.000000E+000  8.001894E-001  5.997473E-001  0.000000E+000 -5.997473E-001  8.001894E-001  0.000000E+000  0.000000E+000  0.000000E+000  1.000000E+000
  1.900000E+000  4.888385E+000 -9.406683E-002  0.000000E+000  8.347128E-001  5.506855E-001  0.000000E+000 -5.506855E-001  8.347128E-001  0.000000E+000  0.000000E+000  0.000000E+000  1.000000E+000
  1.920000E+000  4.958606E+000 -9.096638E-002  0.000000E+000  8.662321E-001  4.996419E-001  0.000000E+000 -4.996419E-001  8.662321E-001  0.000000E+000  0.000000E+000  0.000000E+000  1.000000E+000
  1.940000E+000  5.029000E+000 -8.644404E-002  0.000000E+000  8.946338E-001  4.468001E-001  0.000000E+000 -4.468001E-001  8.946338E-001  0.000000E+000  0.000000E+000  0.000000E+000  1.000000E+000
  1.960000E+000  5.099458E+000 -8.045619E-002  0.000000E+000  9.198159E-001  3.923502E-001  0.000000E+000 -3.923502E-001  9.198159E-001  0.000000E+000  0.000000E+000  0.000000E+000  1.000000E+000
  1.980000E+000  5.169869E+000 -7.296494E-002  0.000000E+000  9.416876E-001  3.364884E-001  0.000000E+000 -3.364884E-001  9.416876E-001  0.000000E+000  0.000000E+000  0.000000E+000  1.000000E+000
  2.000000E+000  5.240121E+000 -6.393831E-002  0.000000E+000  9.601703E-001  2.794155E-001  0.000000E+000 -2.794155E-001  9.601703E-001  0.000000E+000  0.000000E+000  0.000000E+000  1.000000E+000
  2.020000E+000  5.310098E+000 -5.335034E-002  0.000000E+000  9.751974E-001  2.213370E-001  0.000000E+000 -2.213370E-001  9.751974E-001  0.000000E+000  0.000000E+000  0.000000E+000  1.000000E+000
  2.040000E+000  5.379686E+000 -4.118124E-002  0.000000E+000  9.867148E-001  1.624620E-001  0.000000E+000 -1.624620E-001  9.867148E-001  0.000000E+000  0.000000E+000  0.000000E+000  1.000000E+000
  2.060000E+000  5.448769E+000 -2.741745E-002  0.000000E+000  9.946811E-001  1.030023E-001  0.000000E+000 -1.030023E-001  9.946811E-001  0.000000E+000  0.000000E+000  0.000000E+000  1.000000E+000
  2.080000E+000  5.517229E+000 -1.205173E-002  0.000000E+000  9.990677E-001  4.317189E-002  0.000000E+000 -4.317189E-002  9.990677E-001  0.000000E+000  0.000000E+000  0.000000E+000  1.000000E+000
  2.100000E+000  5.584951E+000  4.916786E-003  0.000000E+000  9.998586E-001 -1.681390E-002  0.000000E+000  1.681390E-002  9.998586E-001  0.000000E+000  0.000000E+000  0.000000E+000  1.000000E+000
  2.120000E+000  5.651818E+000  2.348257E-002  0.000000E+000  9.970512E-001 -7.673917E-002  0.000000E+000  7.673917E-002  9.970512E-001  0.000000E+000  0.000000E+000  0.000000E+000  1.000000E+000
  2.140000E+000  5.717717E+000  4.363372E-002  0.000000E+000  9.906555E-001 -1.363883E-001  0.000000E+000  1.363883E-001  9.906555E-001  0.000000E+000  0.000000E+000  0.000000E+000  1.000000E+000
  2.160000E+000  5.782532E+000  6.535193E-002  0.000000E+000  9.806944E-001 -1.955465E-001  0.000000E+000  1.955465E-001  9.806944E-001  0.000000E+000  0.000000E+000  0.000000E+000  1.000000E+000
  2.180000E+000  5.846153E+000  8.861259E-002  0.000000E+000  9.672040E-001 -2.540010E-001  0.000000E+000  2.540010E-001  9.672040E-001  0.000000E+000  0.000000E+000  0.000000E+000  1.000000E+000
  2.200000E+000  5.908469E+000  1.133848E-001  0.000000E+000  9.502326E-001 -3.115414E-001  0.000000E+000  3.115414E-001  9.502326E-001  0.000000E+000  0.000000E+000  0.000000E+000  1.000000E+000
  2.220000E+000  5.969373E+000  1.396316E-001  0.000000E+000  9.298414E-001 -3.679605E-001  0.000000E+000  3.679605E-001  9.298414E-001  0.000000E+000  0.000000E+000  0.000000E+000  1.000000E+000
  2.240000E+000  6.028760E+000  1.673097E-001  0.000000E+000  9.061038E-001 -4.230554E-001  0.000000E+000  4.230554E-001  9.061038E-001  0.000000E+000  0.000000E+000  0.000000E+000  1.000000E+000
  2.260000E+000  6.086528E+000  1.963702E-001  0.000000E+000  8.791052E-001 -4.766277E-001  0.000000E+000  4.766277E-001  8.791052E-001  0.000000E+000  0.000000E+000  0.000000E+000  1.000000E+000
  2.280000E+000  6.142579E+000  2.267583E-001  0.000000E+000  8.489428E-001 -5.284847E-001  0.000000E+000  5.284847E-001  8.489428E-001  0.000000E+000  0.000000E+000  0.000000E+000  1.000000E+000
  2.300000E+000  6.196820E+000  2.584135E-001  0.000000E+000  8.157251E-001 -5.784398E-001  0.000000E+000  5.784398E-001  8.157251E-001  0.000000E+000  0.000000E+000  0.000000E+000  1.000000E+000
  2.320000E+000  6.249159E+000  2.912700E-001  0.000000E+000  7.795717E-001 -6.263130E-001  0.000000E+000  6.263130E-001  7.795717E-001  0.000000E+000  0.000000E+000  0.000000E+000  1.000000E+000
  2.340000E+000  6.299513E+000  3.252570E-001  0.000000E+000  7.406126E-001 -6.719322E-001  0.000000E+000  6.719322E-001  7.406126E-001  0.000000E+000  0.000000E+000  0.000000E+000  1.000000E+000
  2.360000E+000  6.347799E+000  3.602985E-001  0.000000E+000  6.989882E-001 -7.151332E-001  0.000000E+000  7.151332E-001  6.989882E-001  0.000000E+000  0.000000E+000  0.000000E+000  1.000000E+000
  2.380000E+000  6.393942E+000  3.963138E-001  0.000000E+000  6.548481E-001 -7.557605E-001  0.000000E+000  7.557605E-001  6.548481E-001  0.000000E+000  0.000000E+000  0.000000E+000  1.000000E+000
  2.400000E+000  6.437872E+000  4.332181E-001  0.000000E+000  6.083513E-001 -7.936679E-001  0.000000E+000  7.936679E-001  6.083513E-001  0.000000E+000  0.000000E+000  0.000000E+000  1.000000E+000
  2.420000E+000  6.479525E+000  4.709221E-001  0.000000E+000  5.596651E-001 -8.287189E-001  0.000000E+000  8.287189E-001  5.596651E-001  0.000000E+000  0.000000E+000  0.000000E+000  1.000000E+000
  2.440000E+000  6.518840E+000  5.093328E-001  0.000000E+000  5.089647E-001 -8.607874E-001  0.000000E+000  8.607874E-001  5.089647E-001  0.000000E+000  0.000000E+000  0.000000E+000  1.000000E+000
  2.460000E+000  6.555766E+000  5.483540E-001  0.000000E+000  4.564326E-001 -8.897580E-001  0.000000E+000  8.897580E-001  4.564326E-001  0.000000E+000  0.000000E+000  0.000000E+000  1.000000E+000
  2.480000E+000  6.590255E+000  5.878858E-001  0.000000E+000  4.022578E-001 -9.155264E-001  0.000000E+000  9.155264E-001  4.022578E-001  0.000000E+000  0.000000E+000  0.000000E+000  1.000000E+000
  2.500000E+000  6.622268E+000  6.278260E-001  0.000000E+000  3.466353E-001 -9.380000E-001  0.000000E+000  9.380000E-001  3.466353E-001  0.000000E+000  0.000000E+000  0.000000E+000  1.000000E+000
  2.520000E+000  6.651771E+000  6.680694E-001  0.000000E+000  2.897653E-001 -9.570977E-001  0.000000E+000  9.570977E-001  2.897653E-001  0.000000E+000  0.000000E+000  0.000000E+000  1.000000E+000
  2.540000E+000  6.678737E+000  7.085090E-001  0.000000E+000  2.318525E-001 -9.727510E-001  0.000000E+000  9.727510E-001  2.318525E-001  0.000000E+000  0.000000E+000  0.000000E+000  1.000000E+000
  2.560000E+000  6.703145E+000  7.490362E-001  0.000000E+000  1.731052E-001 -9.849033E-001  0.000000E+000  9.849033E-001  1.731052E-001  0.000000E+000  0.000000E+000  0.000000E+000  1.000000E+000
  2.580000E+000  6.724982E+000  7.895405E-001  0.000000E+000  1.137350E-001 -9.935111E-001  0.000000E+000  9.935111E-001  1.137350E-001  0.000000E+000  0.000000E+000  0.000000E+000  1.000000E+000
  2.600000E+000  6.744241E+000  8.299110E-001  0.000000E+000  5.395542E-002 -9.985433E-001  0.000000E+000  9.985433E-001  5.395542E-002  0.000000E+000  0.000000E+000  0.000000E+000  1.000000E+000
  2.620000E+000  6.760924E+000  8.700359E-001  0.000000E+000 -6.018330E-003 -9.999819E-001  0.000000E+000  9.999819E-001 -6.018330E-003  0.000000E+000  0.000000E+000  0.000000E+000  1.000000E+000
  2.640000E+000  6.775037E+000  9.098031E-001  0.000000E+000 -6.597042E-002 -9.978216E-001  0.000000E+000  9.978216E-001 -6.597042E-002  0.000000E+000  0.000000E+000  0.000000E+000  1.000000E+000
  2.660000E+000  6.786595E+000  9.491009E-001  0.000000E+000 -1.256851E-001 -9.920702E-001  0.000000E+000  9.920702E-001 -1.256851E-001  0.000000E+000  0.000000E+000  0.000000E+000  1.000000E+000
  2.680000E+000  6.795619E+000  9.878180E-001  0.000000E+000 -1.849474E-001 -9.827484E-001  0.000000E+000  9.827484E-001 -1.849474E-001  0.000000E+000  0.000000E+000  0.000000E+000  1.000000E+000
  2.700000E+000  6.802138E+000  1.025844E+000  0.000000E+000 -2.435442E-001 -9.698898E-001  0.000000E+000  9.698898E-001 -2.435442E-001  0.000000E+000  0.000000E+000  0.000000E+000  1.000000E+000
  2.720000E+000  6.806186E+000  1.063071E+000  0.000000E+000 -3.012644E-001 -9.535406E-001  0.000000E+000  9.535406E-001 -3.012644E-001  0.000000E+000  0.000000E+000  0.000000E+000  1.000000E+000
  2.740000E+000  6.807805E+000  1.099390E+000  0.000000E+000 -3.579004E-001 -9.337598E-001  0.000000E+000  9.337598E-001 -3.579004E-001  0.000000E+000  0.000000E+000  0.000000E+000  1.000000E+000
  2.760000E+000  6.807043E+000  1.134697E+000  0.000000E+000 -4.132483E-001 -9.106184E-001  0.000000E+000  9.106184E-001 -4.132483E-001  0.000000E+000  0.000000E+000  0.000000E+000  1.000000E+000
  2.780000E+000  6.803955E+000  1.168889E+000  0.000000E+000 -4.671090E-001 -8.841997E-001  0.000000E+000  8.841997E-001 -4.671090E-001  0.000000E+000  0.000000E+000  0.000000E+000  1.000000E+000
  2.800000E+000  6.798601E+000  1.201867E+000  0.000000E+000 -5.192887E-001 -8.545989E-001  0.000000E+000  8.545989E-001 -5.192887E-001  0.000000E+000  0.000000E+000  0.000000E+000  1.000000E+000
  2.820000E+000  6.791049E+000  1.233533E+000  0.000000E+000 -5.695994E-001 -8.219225E-001  0.000000E+000  8.219225E-001 -5.695994E-001  0.000000E+000  0.000000E+000  0.000000E+000  1.000000E+000
  2.840000E+000  6.781370E+000  1.263795E+000  0.000000E+000 -6.178602E-001 -7.862880E-001  0.000000E+000  7.862880E-001 -6.178602E-001  0.000000E+000  0.000000E+000  0.000000E+000  1.000000E+000
  2.860000E+000  6.769644E+000  1.292563E+000  0.000000E+000 -6.638973E-001 -7.478237E-001  0.000000E+000  7.478237E-001 -6.638973E-001  0.000000E+000  0.000000E+000  0.000000E+000  1.000000E+000
  2.880000E+000  6.755954E+000  1.319752E+000  0.000000E+000 -7.075452E-001 -7.066681E-001  0.000000E+000  7.066681E-001 -7.075452E-001  0.000000E+000  0.000000E+000  0.000000E+000  1.000000E+000
  2.900000E+000  6.740388E+000  1.345281E+000  0.000000E+000 -7.486466E-001 -6.629692E-001  0.000000E+000  6.629692E-001 -7.486466E-001  0.000000E+000  0.000000E+000  0.000000E+000  1.000000E+000
  2.920000E+000  6.723041E+000  1.369076E+000  0.000000E+000 -7.870538E-001 -6.168844E-001  0.000000E+000  6.168844E-001 -7.870538E-001  0.000000E+000  0.000000E+000  0.000000E+000  1.000000E+000
  2.940000E+000  6.704009E+000  1.391063E+000  0.000000E+000 -8.226284E-001 -5.685794E-001  0.000000E+000  5.685794E-001 -8.226284E-001  0.000000E+000  0.000000E+000  0.000000E+000  1.000000E+000
  2.960000E+000  6.683395E+000  1.411179E+000  0.000000E+000 -8.552424E-001 -5.182282E-001  0.000000E+000  5.182282E-001 -8.552424E-001  0.000000E+000  0.000000E+000  0.000000E+000  1.000000E+000
  2.980000E+000  6.661305E+000  1.429362E+000  0.000000E+000 -8.847784E-001 -4.660119E-001  0.000000E+000  4.660119E-001 -8.847784E-001  0.000000E+000  0.000000E+000  0.000000E+000  1.000000E+000
  3.000000E+000  6.637849E+000  1.445558E+000  0.000000E+000 -9.111303E-001 -4.121185E-001  0.000000E+000  4.121185E-001 -9.111303E-001  0.000000E+000  0.000000E+000  0.000000E+000  1.000000E+000
  3.020000E+000  6.613138E+000  1.459718E+000  0.000000E+000 -9.342030E-001 -3.567419E-001  0.000000E+000  3.567419E-001 -9.342030E-001  0.000000E+000  0.000000E+000  0.000000E+000  1.000000E+000
  3.040000E+000  6.587289E+000  1.471801E+000  0.000000E+000 -9.539136E-001 -3.000814E-001  0.000000E+000  3.000814E-001 -9.539136E-001  0.000000E+000  0.000000E+000  0.000000E+000  1.000000E+000
  3.060000E+000  6.560419E+000  1.481769E+000  0.000000E+000 -9.701912E-001 -2.423409E-001  0.000000E+000  2.423409E-001 -9.701912E-001  0.000000E+000  0.000000E+000  0.000000E+000  1.000000E+000
  3.080000E+000  6.532647E+000  1.489592E+000  0.000000E+000 -9.829771E-001 -1.837283E-001  0.000000E+000  1.837283E-001 -9.829771E-001  0.000000E+000  0.000000E+000  0.000000E+000  1.000000E+000
  3.100000E+000  6.504096E+000  1.495248E+000  0.000000E+000 -9.922253E-001 -1.244544E-001  0.000000E+000  1.244544E-001 -9.922253E-001  0.000000E+000  0.000000E+000  0.000000E+000  1.000000E+000
  3.120000E+000  6.474888E+000  1.498718E+000  0.000000E+000 -9.979026E-001 -6.473267E-002  0.000000E+000  6.473267E-002 -9.979026E-001  0.000000E+000  0.000000E+000  0.000000E+000  1.000000E+000
  3.140000E+000  6.445146E+000  1.499993E+000  0.000000E+000 -9.999886E-001 -4.777943E-003  0.000000E+000  4.777943E-003 -9.999886E-001  0.000000E+000  0.000000E+000  0.000000E+000  1.000000E+000
  3.160000E+000  6.414994E+000  1.499068E+000  0.000000E+000 -9.984757E-001  5.519398E-002  0.000000E+000 -5.519398E-002 -9.984757E-001  0.000000E+000  0.000000E+000  0.000000E+000  1.000000E+000
  3.180000E+000  6.384556E+000  1.495947E+000  0.000000E+000 -9.933693E-001  1.149673E-001  0.000000E+000 -1.149673E-001 -9.933693E-001  0.000000E+000  0.000000E+000  0.000000E+000  1.000000E+000
  3.200000E+000  6.353955E+000  1.490639E+000  0.000000E+000 -9.846879E-001  1.743268E-001  0.000000E+000 -1.743268E-001 -9.846879E-001  0.000000E+000  0.000000E+000  0.000000E+000  1.000000E+000
  3.220000E+000  6.323315E+000  1.483159E+000  0.000000E+000 -9.724626E-001  2.330589E-001  0.000000E+000 -2.330589E-001 -9.724626E-001  0.000000E+000  0.000000E+000  0.000000E+000  1.000000E+000
  3.240000E+000  6.292757E+000  1.473531E+000  0.000000E+000 -9.567376E-001  2.909523E-001  0.000000E+000 -2.909523E-001 -9.567376E-001  0.000000E+000  0.000000E+000  0.000000E+000  1.000000E+000
  3.260000E+000  6.262401E+000  1.461783E+000  0.000000E+000 -9.375693E-001  3.477986E-001  0.000000E+000 -3.477986E-001 -9.375693E-001  0.000000E+000  0.000000E+000  0.000000E+000  1.000000E+000
  3.280000E+000  6.232365E+000  1.447950E+000  0.000000E+000 -9.150268E-001  4.033931E-001  0.000000E+000 -4.033931E-001 -9.150268E-001  0.000000E+000  0.000000E+000  0.000000E+000  1.000000E+000
  3.300000E+000  6.202765E+000  1.432075E+000  0.000000E+000 -8.891912E-001  4.575359E-001  0.000000E+000 -4.575359E-001 -8.891912E-001  0.000000E+000  0.000000E+000  0.000000E+000  1.000000E+000
  3.320000E+000  6.173715E+000  1.414205E+000  0.000000E+000 -8.601554E-001  5.100320E-001  0.000000E+000 -5.100320E-001 -8.601554E-001  0.000000E+000  0.000000E+000  0.000000E+000  1.000000E+000
  3.340000E+000  6.145323E+000  1.394394E+000  0.000000E+000 -8.280240E-001  5.606926E-001  0.000000E+000 -5.606926E-001 -8.280240E-001  0.000000E+000  0.000000E+000  0.000000E+000  1.000000E+000
  3.360000E+000  6.117697E+000  1.372700E+000  0.000000E+000 -7.929127E-001  6.093353E-001  0.000000E+000 -6.093353E-001 -7.929127E-001  0.000000E+000  0.000000E+000  0.000000E+000  1.000000E+000
  3.380000E+000  6.090940E+000  1.349189E+000  0.000000E+000 -7.549476E-001  6.557851E-001  0.000000E+000 -6.557851E-001 -7.549476E-001  0.000000E+000  0.000000E+000  0.000000E+000  1.000000E+000
  3.400000E+000  6.065150E+000  1.323931E+000  0.000000E+000 -7.142657E-001  6.998747E-001  0.000000E+000 -6.998747E-001 -7.142657E-001  0.000000E+000  0.000000E+000  0.000000E+000  1.000000E+000
  3.420000E+000  6.040422E+000  1.297001E+000  0.000000E+000 -6.710131E-001  7.414455E-001  0.000000E+000 -7.414455E-001 -6.710131E-001  0.000000E+000  0.000000E+000  0.000000E+000  1.000000E+000
  3.440000E+000  6.016847E+000  1.268479E+000  0.000000E+000 -6.253456E-001  7.803480E-001  0.000000E+000 -7.803480E-001 -6.253456E-001  0.000000E+000  0.000000E+000  0.000000E+000  1.000000E+000
  3.460000E+000  5.994508E+000  1.238449E+000  0.000000E+000 -5.774275E-001  8.164420E-001  0.000000E+000 -8.164420E-001 -5.774275E-001  0.000000E+000  0.000000E+000  0.000000E+000  1.000000E+000
  3.480000E+000  5.973486E+000  1.207000E+000  0.000000E+000 -5.274313E-001  8.495977E-001  0.000000E+000 -8.495977E-001 -5.274313E-001  0.000000E+000  0.000000E+000  0.000000E+000  1.000000E+000
  3.500000E+000  5.953855E+000  1.174225E+000  0.000000E+000 -4.755369E-001  8.796958E-001  0.000000E+000 -8.796958E-001 -4.755369E-001  0.000000E+000  0.000000E+000  0.000000E+000  1.000000E+000
  3.520000E+000  5.935683E+000  1.140220E+000  0.000000E+000 -4.219311E-001  9.066279E-001  0.000000E+000 -9.066279E-001 -4.219311E-001  0.000000E+000  0.000000E+000  0.000000E+000  1.000000E+000
  3.540000E+000  5.919033E+000  1.105083E+000  0.000000E+000 -3.668068E-001  9.302971E-001  0.000000E+000 -9.302971E-001 -3.668068E-001  0.000000E+000  0.000000E+000  0.000000E+000  1.000000E+000
  3.560000E+000  5.903963E+000  1.068918E+000  0.000000E+000 -3.103625E-001  9.506183E-001  0.000000E+000 -9.506183E-001 -3.103625E-001  0.000000E+000  0.000000E+000  0.000000E+000  1.000000E+000
  3.580000E+000  5.890522E+000  1.031829E+000  0.000000E+000 -2.528011E-001  9.675183E-001  0.000000E+000 -9.675183E-001 -2.528011E-001  0.000000E+000  0.000000E+000  0.000000E+000  1.000000E+000
  3.600000E+000  5.878755E+000  9.939234E-001  0.000000E+000 -1.943299E-001  9.809362E-001  0.000000E+000 -9.809362E-001 -1.943299E-001  0.000000E+000  0.000000E+000  0.000000E+000  1.000000E+000
  3.620000E+000  5.868700E+000  9.553089E-001  0.000000E+000 -1.351594E-001  9.908239E-001  0.000000E+000 -9.908239E-001 -1.351594E-001  0.000000E+000  0.000000E+000  0.000000E+000  1.000000E+000
  3.640000E+000  5.860388E+000  9.160962E-001  0.000000E+000 -7.550237E-002  9.971456E-001  0.000000E+000 -9.971456E-001 -7.550237E-002  0.000000E+000  0.000000E+000  0.000000E+000  1.000000E+000
  3.660000E+000  5.853843E+000  8.763963E-001  0.000000E+000 -1.557366E-002  9.998787E-001  0.000000E+000 -9.998787E-001 -1.557366E-002  0.000000E+000  0.000000E+000  0.000000E+000  1.000000E+000
  3.680000E+000  5.849085E+000  8.363209E-001  0.000000E+000  4.441110E-002  9.990133E-001  0.000000E+000 -9.990133E-001  4.441110E-002  0.000000E+000  0.000000E+000  0.000000E+000  1.000000E+000
  3.700000E+000  5.846123E+000  7.959820E-001  0.000000E+000  1.042360E-001  9.945526E-001  0.000000E+000 -9.945526E-001  1.042360E-001  0.000000E+000  0.000000E+000  0.000000E+000  1.000000E+000
  3.720000E+000  5.844963E+000  7.554915E-001  0.000000E+000  1.636858E-001  9.865125E-001  0.000000E+000 -9.865125E-001  1.636858E-001  0.000000E+000  0.000000E+000  0.000000E+000  1.000000E+000
  3.740000E+000  5.845604E+000  7.149606E-001  0.000000E+000  2.225465E-001  9.749221E-001  0.000000E+000 -9.749221E-001  2.225465E-001  0.000000E+000  0.000000E+000  0.000000E+000  1.000000E+000
  3.760000E+000  5.848035E+000  6.744997E-001  0.000000E+000  2.806063E-001  9.598230E-001  0.000000E+000 -9.598230E-001  2.806063E-001  0.000000E+000  0.000000E+000  0.000000E+000  1.000000E+000
  3.780000E+000  5.852244E+000  6.342178E-001  0.000000E+000  3.376562E-001  9.412695E-001  0.000000E+000 -9.412695E-001  3.376562E-001  0.000000E+000  0.000000E+000  0.000000E+000  1.000000E+000
  3.800000E+000  5.858207E+000  5.942223E-001  0.000000E+000  3.934909E-001  9.193285E-001  0.000000E+000 -9.193285E-001  3.934909E-001  0.000000E+000  0.000000E+000  0.000000E+000  1.000000E+000
  3.820000E+000  5.865898E+000  5.546185E-001  0.000000E+000  4.479094E-001  8.940789E-001  0.000000E+000 -8.940789E-001  4.479094E-001  0.000000E+000  0.000000E+000  0.000000E+000  1.000000E+000
  3.840000E+000  5.875282E+000  5.155092E-001  0.000000E+000  5.007160E-001  8.656116E-001  0.000000E+000 -8.656116E-001  5.007160E-001  0.000000E+000  0.000000E+000  0.000000E+000  1.000000E+000
  3.860000E+000  5.886320E+000  4.769947E-001  0.000000E+000  5.517205E-001  8.340291E-001  0.000000E+000 -8.340291E-001  5.517205E-001  0.000000E+000  0.000000E+000  0.000000E+000  1.000000E+000
  3.880000E+000  5.898967E+000  4.391718E-001  0.000000E+000  6.007394E-001  7.994449E-001  0.000000E+000 -7.994449E-001  6.007394E-001  0.000000E+000  0.000000E+000  0.000000E+000  1.000000E+000
  3.900000E+000  5.913170E+000  4.021341E-001  0.000000E+000  6.475963E-001  7.619836E-001  0.000000E+000 -7.619836E-001  6.475963E-001  0.000000E+000  0.000000E+000  0.000000E+000  1.000000E+000
  3.920000E+000  5.928873E+000  3.659714E-001  0.000000E+000  6.921226E-001  7.217800E-001  0.000000E+000 -7.217800E-001  6.921226E-001  0.000000E+000  0.000000E+000  0.000000E+000  1.000000E+000
  3.940000E+000  5.946015E+000  3.307693E-001  0.000000E+000  7.341580E-001  6.789787E-001  0.000000E+000 -6.789787E-001  7.341580E-001  0.000000E+000  0.000000E+000  0.000000E+000  1.000000E+000
  3.960000E+000  5.964529E+000  2.966092E-001  0.000000E+000  7.735512E-001  6.337338E-001  0.000000E+000 -6.337338E-001  7.735512E-001  0.000000E+000  0.000000E+000  0.000000E+000  1.000000E+000
  3.980000E+000  5.984344E+000  2.635677E-001  0.000000E+000  8.101604E-001  5.862082E-001  0.000000E+000 -5.862082E-001  8.101604E-001  0.000000E+000  0.000000E+000  0.000000E+000  1.000000E+000
