% FILE: double_pendulum_on_cart.2
%
%       t         P_No_Bo[1]     P_No_Bo[2]     P_No_Bo[3]      N_B[1,1]       N_B[1,2]       N_B[1,3]       N_B[2,1]       N_B[2,2]       N_B[2,3]       N_B[3,1]       N_B[3,2]       N_B[3,3]
%    (UNITS)        (meter)        (meter)        (meter)       (NoUnits)      (NoUnits)      (NoUnits)      (NoUnits)      (NoUnits)      (NoUnits)      (NoUnits)      (NoUnits)      (NoUnits)

  0.000000E+000  2.340000E-001 -5.000000E-001  0.000000E+000  1.000000E+000  0.000000E+000  0.000000E+000  0.000000E+000  1.000000E+000  0.000000E+000  0.000000E+000  0.000000E+000  1.000000E+000
  2.000000E-002  2.642007E-001 -4.999000E-001  0.000000E+000  9.998000E-001 -1.999867E-002  0.000000E+000  1.999867E-002  9.998000E-001  0.000000E+000  0.000000E+000  0.000000E+000  1.000000E+000
  4.000000E-002  2.948053E-001 -4.996001E-001  0.000000E+000  9.992001E-001 -3.998933E-002  0.000000E+000  3.998933E-002  9.992001E-001  0.000000E+000  0.000000E+000  0.000000E+000  1.000000E+000
  6.000000E-002  3.258180E-001 -4.991003E-001  0.000000E+000  9.982005E-001 -5.996401E-002  0.000000E+000  5.996401E-002  9.982005E-001  0.000000E+000  0.000000E+000  0.000000E+000  1.000000E+000
  8.000000E-002  3.572426E-001 -4.984009E-001  0.000000E+000  9.968017E-001 -7.991469E-002  0.000000E+000  7.991469E-002  9.968017E-001  0.000000E+000  0.000000E+000  0.000000E+000  1.000000E+000
  1.000000E-001  3.890831E-001 -4.975021E-001  0.000000E+000  9.950042E-001 -9.983342E-002  0.000000E+000  9.983342E-002  9.950042E-001  0.000000E+000  0.000000E+000  0.000000E+000  1.000000E+000
  1.200000E-001  4.213434E-001 -4.964043E-001  0.000000E+000  9.928086E-001 -1.197122E-001  0.000000E+000  1.197122E-001  9.928086E-001  0.000000E+000  0.000000E+000  0.000000E+000  1.000000E+000
  1.400000E-001  4.540275E-001 -4.951080E-001  0.000000E+000  9.902160E-001 -1.395431E-001  0.000000E+000  1.395431E-001  9.902160E-001  0.000000E+000  0.000000E+000  0.000000E+000  1.000000E+000
  1.600000E-001  4.871390E-001 -4.936136E-001  0.000000E+000  9.872273E-001 -1.593182E-001  0.000000E+000  1.593182E-001  9.872273E-001  0.000000E+000  0.000000E+000  0.000000E+000  1.000000E+000
  1.800000E-001  5.206817E-001 -4.919218E-001  0.000000E+000  9.838437E-001 -1.790296E-001  0.000000E+000  1.790296E-001  9.838437E-001  0.000000E+000  0.000000E+000  0.000000E+000  1.000000E+000
  2.000000E-001  5.546593E-001 -4.900333E-001  0.000000E+000  9.800666E-001 -1.986693E-001  0.000000E+000  1.986693E-001  9.800666E-001  0.000000E+000  0.000000E+000  0.000000E+000  1.000000E+000
  2.200000E-001  5.890753E-001 -4.879487E-001  0.000000E+000  9.758974E-001 -2.182296E-001  0.000000E+000  2.182296E-001  9.758974E-001  0.000000E+000  0.000000E+000  0.000000E+000  1.000000E+000
  2.400000E-001  6.239333E-001 -4.856690E-001  0.000000E+000  9.713380E-001 -2.377026E-001  0.000000E+000  2.377026E-001  9.713380E-001  0.000000E+000  0.000000E+000  0.000000E+000  1.000000E+000
  2.600000E-001  6.592365E-001 -4.831950E-001  0.000000E+000  9.663900E-001 -2.570806E-001  0.000000E+000  2.570806E-001  9.663900E-001  0.000000E+000  0.000000E+000  0.000000E+000  1.000000E+000
  2.800000E-001  6.949881E-001 -4.805277E-001  0.000000E+000  9.610554E-001 -2.763556E-001  0.000000E+000  2.763556E-001  9.610554E-001  0.000000E+000  0.000000E+000  0.000000E+000  1.000000E+000
  3.000000E-001  7.311912E-001 -4.776682E-001  0.000000E+000  9.553365E-001 -2.955202E-001  0.000000E+000  2.955202E-001  9.553365E-001  0.000000E+000  0.000000E+000  0.000000E+000  1.000000E+000
  3.200000E-001  7.678488E-001 -4.746177E-001  0.000000E+000  9.492354E-001 -3.145666E-001  0.000000E+000  3.145666E-001  9.492354E-001  0.000000E+000  0.000000E+000  0.000000E+000  1.000000E+000
  3.400000E-001  8.049634E-001 -4.713773E-001  0.000000E+000  9.427547E-001 -3.334871E-001  0.000000E+000  3.334871E-001  9.427547E-001  0.000000E+000  0.000000E+000  0.000000E+000  1.000000E+000
  3.600000E-001  8.425378E-001 -4.679484E-001  0.000000E+000  9.358968E-001 -3.522742E-001  0.000000E+000  3.522742E-001  9.358968E-001  0.000000E+000  0.000000E+000  0.000000E+000  1.000000E+000
  3.800000E-001  8.805740E-001 -4.643323E-001  0.000000E+000  9.286646E-001 -3.709205E-001  0.000000E+000  3.709205E-001  9.286646E-001  0.000000E+000  0.000000E+000  0.000000E+000  1.000000E+000
  4.000000E-001  9.190744E-001 -4.605305E-001  0.000000E+000  9.210610E-001 -3.894183E-001  0.000000E+000  3.894183E-001  9.210610E-001  0.000000E+000  0.000000E+000  0.000000E+000  1.000000E+000
  4.200000E-001  9.580407E-001 -4.565445E-001  0.000000E+000  9.130889E-001 -4.077605E-001  0.000000E+000  4.077605E-001  9.130889E-001  0.000000E+000  0.000000E+000  0.000000E+000  1.000000E+000
  4.400000E-001  9.974746E-001 -4.523758E-001  0.000000E+000  9.047517E-001 -4.259395E-001  0.000000E+000  4.259395E-001  9.047517E-001  0.000000E+000  0.000000E+000  0.000000E+000  1.000000E+000
  4.600000E-001  1.037377E+000 -4.480262E-001  0.000000E+000  8.960525E-001 -4.439481E-001  0.000000E+000  4.439481E-001  8.960525E-001  0.000000E+000  0.000000E+000  0.000000E+000  1.000000E+000
  4.800000E-001  1.077750E+000 -4.434975E-001  0.000000E+000  8.869949E-001 -4.617792E-001  0.000000E+000  4.617792E-001  8.869949E-001  0.000000E+000  0.000000E+000  0.000000E+000  1.000000E+000
  5.000000E-001  1.118593E+000 -4.387913E-001  0.000000E+000  8.775826E-001 -4.794255E-001  0.000000E+000  4.794255E-001  8.775826E-001  0.000000E+000  0.000000E+000  0.000000E+000  1.000000E+000
  5.200000E-001  1.159907E+000 -4.339096E-001  0.000000E+000  8.678192E-001 -4.968801E-001  0.000000E+000  4.968801E-001  8.678192E-001  0.000000E+000  0.000000E+000  0.000000E+000  1.000000E+000
  5.400000E-001  1.201693E+000 -4.288543E-001  0.000000E+000  8.577087E-001 -5.141360E-001  0.000000E+000  5.141360E-001  8.577087E-001  0.000000E+000  0.000000E+000  0.000000E+000  1.000000E+000
  5.600000E-001  1.243949E+000 -4.236276E-001  0.000000E+000  8.472551E-001 -5.311862E-001  0.000000E+000  5.311862E-001  8.472551E-001  0.000000E+000  0.000000E+000  0.000000E+000  1.000000E+000
  5.800000E-001  1.286676E+000 -4.182313E-001  0.000000E+000  8.364626E-001 -5.480239E-001  0.000000E+000  5.480239E-001  8.364626E-001  0.000000E+000  0.000000E+000  0.000000E+000  1.000000E+000
  6.000000E-001  1.329871E+000 -4.126678E-001  0.000000E+000  8.253356E-001 -5.646425E-001  0.000000E+000  5.646425E-001  8.253356E-001  0.000000E+000  0.000000E+000  0.000000E+000  1.000000E+000
  6.200000E-001  1.373535E+000 -4.069392E-001  0.000000E+000  8.138785E-001 -5.810352E-001  0.000000E+000  5.810352E-001  8.138785E-001  0.000000E+000  0.000000E+000  0.000000E+000  1.000000E+000
  6.400000E-001  1.417664E+000 -4.010479E-001  0.000000E+000  8.020958E-001 -5.971954E-001  0.000000E+000  5.971954E-001  8.020958E-001  0.000000E+000  0.000000E+000  0.000000E+000  1.000000E+000
  6.600000E-001  1.462256E+000 -3.949961E-001  0.000000E+000  7.899922E-001 -6.131169E-001  0.000000E+000  6.131169E-001  7.899922E-001  0.000000E+000  0.000000E+000  0.000000E+000  1.000000E+000
  6.800000E-001  1.507310E+000 -3.887864E-001  0.000000E+000  7.775727E-001 -6.287930E-001  0.000000E+000  6.287930E-001  7.775727E-001  0.000000E+000  0.000000E+000  0.000000E+000  1.000000E+000
  7.000000E-001  1.552820E+000 -3.824211E-001  0.000000E+000  7.648422E-001 -6.442177E-001  0.000000E+000  6.442177E-001  7.648422E-001  0.000000E+000  0.000000E+000  0.000000E+000  1.000000E+000
  7.200000E-001  1.598785E+000 -3.759029E-001  0.000000E+000  7.518057E-001 -6.593847E-001  0.000000E+000  6.593847E-001  7.518057E-001  0.000000E+000  0.000000E+000  0.000000E+000  1.000000E+000
  7.400000E-001  1.645199E+000 -3.692343E-001  0.000000E+000  7.384686E-001 -6.742879E-001  0.000000E+000  6.742879E-001  7.384686E-001  0.000000E+000  0.000000E+000  0.000000E+000  1.000000E+000
  7.600000E-001  1.692058E+000 -3.624180E-001  0.000000E+000  7.248360E-001 -6.889214E-001  0.000000E+000  6.889214E-001  7.248360E-001  0.000000E+000  0.000000E+000  0.000000E+000  1.000000E+000
  7.800000E-001  1.739357E+000 -3.554568E-001  0.000000E+000  7.109135E-001 -7.032794E-001  0.000000E+000  7.032794E-001  7.109135E-001  0.000000E+000  0.000000E+000  0.000000E+000  1.000000E+000
  8.000000E-001  1.787089E+000 -3.483534E-001  0.000000E+000  6.967067E-001 -7.173561E-001  0.000000E+000  7.173561E-001  6.967067E-001  0.000000E+000  0.000000E+000  0.000000E+000  1.000000E+000
  8.200000E-001  1.835249E+000 -3.411106E-001  0.000000E+000  6.822212E-001 -7.311458E-001  0.000000E+000  7.311458E-001  6.822212E-001  0.000000E+000  0.000000E+000  0.000000E+000  1.000000E+000
  8.400000E-001  1.883830E+000 -3.337314E-001  0.000000E+000  6.674628E-001 -7.446431E-001  0.000000E+000  7.446431E-001  6.674628E-001  0.000000E+000  0.000000E+000  0.000000E+000  1.000000E+000
  8.600000E-001  1.932823E+000 -3.262187E-001  0.000000E+000  6.524375E-001 -7.578426E-001  0.000000E+000  7.578426E-001  6.524375E-001  0.000000E+000  0.000000E+000  0.000000E+000  1.000000E+000
  8.800000E-001  1.982222E+000 -3.185756E-001  0.000000E+000  6.371511E-001 -7.707389E-001  0.000000E+000  7.707389E-001  6.371511E-001  0.000000E+000  0.000000E+000  0.000000E+000  1.000000E+000
  9.000000E-001  2.032018E+000 -3.108050E-001  0.000000E+000  6.216100E-001 -7.833269E-001  0.000000E+000  7.833269E-001  6.216100E-001  0.000000E+000  0.000000E+000  0.000000E+000  1.000000E+000
  9.200000E-001  2.082201E+000 -3.029101E-001  0.000000E+000  6.058202E-001 -7.956016E-001  0.000000E+000  7.956016E-001  6.058202E-001  0.000000E+000  0.000000E+000  0.000000E+000  1.000000E+000
  9.400000E-001  2.132762E+000 -2.948940E-001  0.000000E+000  5.897880E-001 -8.075581E-001  0.000000E+000  8.075581E-001  5.897880E-001  0.000000E+000  0.000000E+000  0.000000E+000  1.000000E+000
  9.600000E-001  2.183690E+000 -2.867600E-001  0.000000E+000  5.735200E-001 -8.191916E-001  0.000000E+000  8.191916E-001  5.735200E-001  0.000000E+000  0.000000E+000  0.000000E+000  1.000000E+000
  9.800000E-001  2.234975E+000 -2.785113E-001  0.000000E+000  5.570225E-001 -8.304974E-001  0.000000E+000  8.304974E-001  5.570225E-001  0.000000E+000  0.000000E+000  0.000000E+000  1.000000E+000
  1.000000E+000  2.286605E+000 -2.701512E-001  0.000000E+000  5.403023E-001 -8.414710E-001  0.000000E+000  8.414710E-001  5.403023E-001  0.000000E+000  0.000000E+000  0.000000E+000  1.000000E+000
  1.020000E+000  2.338568E+000 -2.616830E-001  0.000000E+000  5.233660E-001 -8.521080E-001  0.000000E+000  8.521080E-001  5.233660E-001  0.000000E+000  0.000000E+000  0.000000E+000  1.000000E+000
  1.040000E+000  2.390851E+000 -2.531101E-001  0.000000E+000  5.062203E-001 -8.624042E-001  0.000000E+000  8.624042E-001  5.062203E-001  0.000000E+000  0.000000E+000  0.000000E+000  1.000000E+000
  1.060000E+000  2.443442E+000 -2.444360E-001  0.000000E+000  4.888721E-001 -8.723555E-001  0.000000E+000  8.723555E-001  4.888721E-001  0.000000E+000  0.000000E+000  0.000000E+000  1.000000E+000
  1.080000E+000  2.496326E+000 -2.356642E-001  0.000000E+000  4.713284E-001 -8.819578E-001  0.000000E+000  8.819578E-001  4.713284E-001  0.000000E+000  0.000000E+000  0.000000E+000  1.000000E+000
  1.100000E+000  2.549489E+000 -2.267981E-001  0.000000E+000  4.535961E-001 -8.912074E-001  0.000000E+000  8.912074E-001  4.535961E-001  0.000000E+000  0.000000E+000  0.000000E+000  1.000000E+000
  1.120000E+000  2.602916E+000 -2.178412E-001  0.000000E+000  4.356824E-001 -9.001004E-001  0.000000E+000  9.001004E-001  4.356824E-001  0.000000E+000  0.000000E+000  0.000000E+000  1.000000E+000
  1.140000E+000  2.656591E+000 -2.087973E-001  0.000000E+000  4.175945E-001 -9.086335E-001  0.000000E+000  9.086335E-001  4.175945E-001  0.000000E+000  0.000000E+000  0.000000E+000  1.000000E+000
  1.160000E+000  2.710499E+000 -1.996698E-001  0.000000E+000  3.993395E-001 -9.168031E-001  0.000000E+000  9.168031E-001  3.993395E-001  0.000000E+000  0.000000E+000  0.000000E+000  1.000000E+000
  1.180000E+000  2.764624E+000 -1.904624E-001  0.000000E+000  3.809248E-001 -9.246060E-001  0.000000E+000  9.246060E-001  3.809248E-001  0.000000E+000  0.000000E+000  0.000000E+000  1.000000E+000
  1.200000E+000  2.818947E+000 -1.811789E-001  0.000000E+000  3.623578E-001 -9.320391E-001  0.000000E+000  9.320391E-001  3.623578E-001  0.000000E+000  0.000000E+000  0.000000E+000  1.000000E+000
  1.220000E+000  2.873452E+000 -1.718229E-001  0.000000E+000  3.436457E-001 -9.390994E-001  0.000000E+000  9.390994E-001  3.436457E-001  0.000000E+000  0.000000E+000  0.000000E+000  1.000000E+000
  1.240000E+000  2.928121E+000 -1.623981E-001  0.000000E+000  3.247963E-001 -9.457840E-001  0.000000E+000  9.457840E-001  3.247963E-001  0.000000E+000  0.000000E+000  0.000000E+000  1.000000E+000
  1.260000E+000  2.982935E+000 -1.529085E-001  0.000000E+000  3.058169E-001 -9.520903E-001  0.000000E+000  9.520903E-001  3.058169E-001  0.000000E+000  0.000000E+000  0.000000E+000  1.000000E+000
  1.280000E+000  3.037876E+000 -1.433576E-001  0.000000E+000  2.867152E-001 -9.580159E-001  0.000000E+000  9.580159E-001  2.867152E-001  0.000000E+000  0.000000E+000  0.000000E+000  1.000000E+000
  1.300000E+000  3.092924E+000 -1.337494E-001  0.000000E+000  2.674988E-001 -9.635582E-001  0.000000E+000  9.635582E-001  2.674988E-001  0.000000E+000  0.000000E+000  0.000000E+000  1.000000E+000
  1.320000E+000  3.148059E+000 -1.240877E-001  0.000000E+000  2.481755E-001 -9.687151E-001  0.000000E+000  9.687151E-001  2.481755E-001  0.000000E+000  0.000000E+000  0.000000E+000  1.000000E+000
  1.340000E+000  3.203263E+000 -1.143764E-001  0.000000E+000  2.287528E-001 -9.734845E-001  0.000000E+000  9.734845E-001  2.287528E-001  0.000000E+000  0.000000E+000  0.000000E+000  1.000000E+000
  1.360000E+000  3.258514E+000 -1.046193E-001  0.000000E+000  2.092387E-001 -9.778646E-001  0.000000E+000  9.778646E-001  2.092387E-001  0.000000E+000  0.000000E+000  0.000000E+000  1.000000E+000
  1.380000E+000  3.313792E+000 -9.482042E-002  0.000000E+000  1.896408E-001 -9.818535E-001  0.000000E+000  9.818535E-001  1.896408E-001  0.000000E+000  0.000000E+000  0.000000E+000  1.000000E+000
  1.400000E+000  3.369075E+000 -8.498357E-002  0.000000E+000  1.699671E-001 -9.854497E-001  0.000000E+000  9.854497E-001  1.699671E-001  0.000000E+000  0.000000E+000  0.000000E+000  1.000000E+000
  1.420000E+000  3.424344E+000 -7.511273E-002  0.000000E+000  1.502255E-001 -9.886518E-001  0.000000E+000  9.886518E-001  1.502255E-001  0.000000E+000  0.000000E+000  0.000000E+000  1.000000E+000
  1.440000E+000  3.479577E+000 -6.521185E-002  0.000000E+000  1.304237E-001 -9.914583E-001  0.000000E+000  9.914583E-001  1.304237E-001  0.000000E+000  0.000000E+000  0.000000E+000  1.000000E+000
  1.460000E+000  3.534752E+000 -5.528489E-002  0.000000E+000  1.105698E-001 -9.938684E-001  0.000000E+000  9.938684E-001  1.105698E-001  0.000000E+000  0.000000E+000  0.000000E+000  1.000000E+000
  1.480000E+000  3.589848E+000 -4.533581E-002  0.000000E+000  9.067162E-002 -9.958808E-001  0.000000E+000  9.958808E-001  9.067162E-002  0.000000E+000  0.000000E+000  0.000000E+000  1.000000E+000
  1.500000E+000  3.644843E+000 -3.536860E-002  0.000000E+000  7.073720E-002 -9.974950E-001  0.000000E+000  9.974950E-001  7.073720E-002  0.000000E+000  0.000000E+000  0.000000E+000  1.000000E+000
  1.520000E+000  3.699715E+000 -2.538724E-002  0.000000E+000  5.077448E-002 -9.987101E-001  0.000000E+000  9.987101E-001  5.077448E-002  0.000000E+000  0.000000E+000  0.000000E+000  1.000000E+000
  1.540000E+000  3.754442E+000 -1.539573E-002  0.000000E+000  3.079146E-002 -9.995258E-001  0.000000E+000  9.995258E-001  3.079146E-002  0.000000E+000  0.000000E+000  0.000000E+000  1.000000E+000
  1.560000E+000  3.809003E+000 -5.398059E-003  0.000000E+000  1.079612E-002 -9.999417E-001  0.000000E+000  9.999417E-001  1.079612E-002  0.000000E+000  0.000000E+000  0.000000E+000  1.000000E+000
  1.580000E+000  3.863376E+000  4.601772E-003  0.000000E+000 -9.203543E-003 -9.999576E-001  0.000000E+000  9.999576E-001 -9.203543E-003  0.000000E+000  0.000000E+000  0.000000E+000  1.000000E+000
  1.600000E+000  3.917538E+000  1.459976E-002  0.000000E+000 -2.919952E-002 -9.995736E-001  0.000000E+000  9.995736E-001 -2.919952E-002  0.000000E+000  0.000000E+000  0.000000E+000  1.000000E+000
  1.620000E+000  3.971469E+000  2.459191E-002  0.000000E+000 -4.918382E-002 -9.987897E-001  0.000000E+000  9.987897E-001 -4.918382E-002  0.000000E+000  0.000000E+000  0.000000E+000  1.000000E+000
  1.640000E+000  4.025147E+000  3.457422E-002  0.000000E+000 -6.914845E-002 -9.976064E-001  0.000000E+000  9.976064E-001 -6.914845E-002  0.000000E+000  0.000000E+000  0.000000E+000  1.000000E+000
  1.660000E+000  4.078551E+000  4.454271E-002  0.000000E+000 -8.908542E-002 -9.960240E-001  0.000000E+000  9.960240E-001 -8.908542E-002  0.000000E+000  0.000000E+000  0.000000E+000  1.000000E+000
  1.680000E+000  4.131658E+000  5.449338E-002  0.000000E+000 -1.089868E-001 -9.940432E-001  0.000000E+000  9.940432E-001 -1.089868E-001  0.000000E+000  0.000000E+000  0.000000E+000  1.000000E+000
  1.700000E+000  4.184450E+000  6.442225E-002  0.000000E+000 -1.288445E-001 -9.916648E-001  0.000000E+000  9.916648E-001 -1.288445E-001  0.000000E+000  0.000000E+000  0.000000E+000  1.000000E+000
  1.720000E+000  4.236903E+000  7.432535E-002  0.000000E+000 -1.486507E-001 -9.888898E-001  0.000000E+000  9.888898E-001 -1.486507E-001  0.000000E+000  0.000000E+000  0.000000E+000  1.000000E+000
  1.740000E+000  4.289000E+000  8.419872E-002  0.000000E+000 -1.683974E-001 -9.857192E-001  0.000000E+000  9.857192E-001 -1.683974E-001  0.000000E+000  0.000000E+000  0.000000E+000  1.000000E+000
  1.760000E+000  4.340718E+000  9.403842E-002  0.000000E+000 -1.880768E-001 -9.821543E-001  0.000000E+000  9.821543E-001 -1.880768E-001  0.000000E+000  0.000000E+000  0.000000E+000  1.000000E+000
  1.780000E+000  4.392040E+000  1.038405E-001  0.000000E+000 -2.076810E-001 -9.781966E-001  0.000000E+000  9.781966E-001 -2.076810E-001  0.000000E+000  0.000000E+000  0.000000E+000  1.000000E+000
  1.800000E+000  4.442945E+000  1.136010E-001  0.000000E+000 -2.272021E-001 -9.738476E-001  0.000000E+000  9.738476E-001 -2.272021E-001  0.000000E+000  0.000000E+000  0.000000E+000  1.000000E+000
  1.820000E+000  4.493414E+000  1.233162E-001  0.000000E+000 -2.466323E-001 -9.691091E-001  0.000000E+000  9.691091E-001 -2.466323E-001  0.000000E+000  0.000000E+000  0.000000E+000  1.000000E+000
  1.840000E+000  4.543430E+000  1.329819E-001  0.000000E+000 -2.659639E-001 -9.639830E-001  0.000000E+000  9.639830E-001 -2.659639E-001  0.000000E+000  0.000000E+000  0.000000E+000  1.000000E+000
  1.860000E+000  4.592974E+000  1.425945E-001  0.000000E+000 -2.851891E-001 -9.584713E-001  0.000000E+000  9.584713E-001 -2.851891E-001  0.000000E+000  0.000000E+000  0.000000E+000  1.000000E+000
  1.880000E+000  4.642029E+000  1.521501E-001  0.000000E+000 -3.043002E-001 -9.525762E-001  0.000000E+000  9.525762E-001 -3.043002E-001  0.000000E+000  0.000000E+000  0.000000E+000  1.000000E+000
  1.900000E+000  4.690577E+000  1.616448E-001  0.000000E+000 -3.232896E-001 -9.463001E-001  0.000000E+000  9.463001E-001 -3.232896E-001  0.000000E+000  0.000000E+000  0.000000E+000  1.000000E+000
  1.920000E+000  4.738604E+000  1.710748E-001  0.000000E+000 -3.421497E-001 -9.396455E-001  0.000000E+000  9.396455E-001 -3.421497E-001  0.000000E+000  0.000000E+000  0.000000E+000  1.000000E+000
  1.940000E+000  4.786092E+000  1.804364E-001  0.000000E+000 -3.608729E-001 -9.326150E-001  0.000000E+000  9.326150E-001 -3.608729E-001  0.000000E+000  0.000000E+000  0.000000E+000  1.000000E+000
  1.960000E+000  4.833027E+000  1.897259E-001  0.000000E+000 -3.794518E-001 -9.252115E-001  0.000000E+000  9.252115E-001 -3.794518E-001  0.000000E+000  0.000000E+000  0.000000E+000  1.000000E+000
  1.980000E+000  4.879394E+000  1.989394E-001  0.000000E+000 -3.978789E-001 -9.174380E-001  0.000000E+000  9.174380E-001 -3.978789E-001  0.000000E+000  0.000000E+000  0.000000E+000  1.000000E+000
  2.000000E+000  4.925180E+000  2.080734E-001  0.000000E+000 -4.161468E-001 -9.092974E-001  0.000000E+000  9.092974E-001 -4.161468E-001  0.000000E+000  0.000000E+000  0.000000E+000  1.000000E+000
  2.020000E+000  4.970370E+000  2.171242E-001  0.000000E+000 -4.342483E-001 -9.007932E-001  0.000000E+000  9.007932E-001 -4.342483E-001  0.000000E+000  0.000000E+000  0.000000E+000  1.000000E+000
  2.040000E+000  5.014953E+000  2.260881E-001  0.000000E+000 -4.521762E-001 -8.919287E-001  0.000000E+000  8.919287E-001 -4.521762E-001  0.000000E+000  0.000000E+000  0.000000E+000  1.000000E+000
  2.060000E+000  5.058916E+000  2.349616E-001  0.000000E+000 -4.699231E-001 -8.827074E-001  0.000000E+000  8.827074E-001 -4.699231E-001  0.000000E+000  0.000000E+000  0.000000E+000  1.000000E+000
  2.080000E+000  5.102248E+000  2.437411E-001  0.000000E+000 -4.874821E-001 -8.731330E-001  0.000000E+000  8.731330E-001 -4.874821E-001  0.000000E+000  0.000000E+000  0.000000E+000  1.000000E+000
  2.100000E+000  5.144939E+000  2.524231E-001  0.000000E+000 -5.048461E-001 -8.632094E-001  0.000000E+000  8.632094E-001 -5.048461E-001  0.000000E+000  0.000000E+000  0.000000E+000  1.000000E+000
  2.120000E+000  5.186979E+000  2.610041E-001  0.000000E+000 -5.220082E-001 -8.529405E-001  0.000000E+000  8.529405E-001 -5.220082E-001  0.000000E+000  0.000000E+000  0.000000E+000  1.000000E+000
  2.140000E+000  5.228357E+000  2.694807E-001  0.000000E+000 -5.389614E-001 -8.423304E-001  0.000000E+000  8.423304E-001 -5.389614E-001  0.000000E+000  0.000000E+000  0.000000E+000  1.000000E+000
  2.160000E+000  5.269067E+000  2.778496E-001  0.000000E+000 -5.556991E-001 -8.313835E-001  0.000000E+000  8.313835E-001 -5.556991E-001  0.000000E+000  0.000000E+000  0.000000E+000  1.000000E+000
  2.180000E+000  5.309101E+000  2.861073E-001  0.000000E+000 -5.722146E-001 -8.201039E-001  0.000000E+000  8.201039E-001 -5.722146E-001  0.000000E+000  0.000000E+000  0.000000E+000  1.000000E+000
  2.200000E+000  5.348450E+000  2.942506E-001  0.000000E+000 -5.885011E-001 -8.084964E-001  0.000000E+000  8.084964E-001 -5.885011E-001  0.000000E+000  0.000000E+000  0.000000E+000  1.000000E+000
  2.220000E+000  5.387110E+000  3.022761E-001  0.000000E+000 -6.045523E-001 -7.965655E-001  0.000000E+000  7.965655E-001 -6.045523E-001  0.000000E+000  0.000000E+000  0.000000E+000  1.000000E+000
  2.240000E+000  5.425074E+000  3.101808E-001  0.000000E+000 -6.203616E-001 -7.843159E-001  0.000000E+000  7.843159E-001 -6.203616E-001  0.000000E+000  0.000000E+000  0.000000E+000  1.000000E+000
  2.260000E+000  5.462338E+000  3.179614E-001  0.000000E+000 -6.359228E-001 -7.717527E-001  0.000000E+000  7.717527E-001 -6.359228E-001  0.000000E+000  0.000000E+000  0.000000E+000  1.000000E+000
  2.280000E+000  5.498896E+000  3.256148E-001  0.000000E+000 -6.512297E-001 -7.588807E-001  0.000000E+000  7.588807E-001 -6.512297E-001  0.000000E+000  0.000000E+000  0.000000E+000  1.000000E+000
  2.300000E+000  5.534747E+000  3.331380E-001  0.000000E+000 -6.662760E-001 -7.457052E-001  0.000000E+000  7.457052E-001 -6.662760E-001  0.000000E+000  0.000000E+000  0.000000E+000  1.000000E+000
  2.320000E+000  5.569887E+000  3.405279E-001  0.000000E+000 -6.810559E-001 -7.322314E-001  0.000000E+000  7.322314E-001 -6.810559E-001  0.000000E+000  0.000000E+000  0.000000E+000  1.000000E+000
  2.340000E+000  5.604314E+000  3.477817E-001  0.000000E+000 -6.955633E-001 -7.184648E-001  0.000000E+000  7.184648E-001 -6.955633E-001  0.000000E+000  0.000000E+000  0.000000E+000  1.000000E+000
  2.360000E+000  5.638027E+000  3.548963E-001  0.000000E+000 -7.097926E-001 -7.044108E-001  0.000000E+000  7.044108E-001 -7.097926E-001  0.000000E+000  0.000000E+000  0.000000E+000  1.000000E+000
  2.380000E+000  5.671024E+000  3.618689E-001  0.000000E+000 -7.237379E-001 -6.900750E-001  0.000000E+000  6.900750E-001 -7.237379E-001  0.000000E+000  0.000000E+000  0.000000E+000  1.000000E+000
  2.400000E+000  5.703307E+000  3.686969E-001  0.000000E+000 -7.373937E-001 -6.754632E-001  0.000000E+000  6.754632E-001 -7.373937E-001  0.000000E+000  0.000000E+000  0.000000E+000  1.000000E+000
  2.420000E+000  5.734875E+000  3.753773E-001  0.000000E+000 -7.507546E-001 -6.605812E-001  0.000000E+000  6.605812E-001 -7.507546E-001  0.000000E+000  0.000000E+000  0.000000E+000  1.000000E+000
  2.440000E+000  5.765729E+000  3.819076E-001  0.000000E+000 -7.638152E-001 -6.454350E-001  0.000000E+000  6.454350E-001 -7.638152E-001  0.000000E+000  0.000000E+000  0.000000E+000  1.000000E+000
  2.460000E+000  5.795872E+000  3.882851E-001  0.000000E+000 -7.765703E-001 -6.300306E-001  0.000000E+000  6.300306E-001 -7.765703E-001  0.000000E+000  0.000000E+000  0.000000E+000  1.000000E+000
  2.480000E+000  5.825305E+000  3.945074E-001  0.000000E+000 -7.890147E-001 -6.143743E-001  0.000000E+000  6.143743E-001 -7.890147E-001  0.000000E+000  0.000000E+000  0.000000E+000  1.000000E+000
  2.500000E+000  5.854032E+000  4.005718E-001  0.000000E+000 -8.011436E-001 -5.984721E-001  0.000000E+000  5.984721E-001 -8.011436E-001  0.000000E+000  0.000000E+000  0.000000E+000  1.000000E+000
  2.520000E+000  5.882057E+000  4.064760E-001  0.000000E+000 -8.129520E-001 -5.823306E-001  0.000000E+000  5.823306E-001 -8.129520E-001  0.000000E+000  0.000000E+000  0.000000E+000  1.000000E+000
  2.540000E+000  5.909383E+000  4.122176E-001  0.000000E+000 -8.244353E-001 -5.659562E-001  0.000000E+000  5.659562E-001 -8.244353E-001  0.000000E+000  0.000000E+000  0.000000E+000  1.000000E+000
  2.560000E+000  5.936015E+000  4.177944E-001  0.000000E+000 -8.355888E-001 -5.493554E-001  0.000000E+000  5.493554E-001 -8.355888E-001  0.000000E+000  0.000000E+000  0.000000E+000  1.000000E+000
  2.580000E+000  5.961959E+000  4.232040E-001  0.000000E+000 -8.464080E-001 -5.325349E-001  0.000000E+000  5.325349E-001 -8.464080E-001  0.000000E+000  0.000000E+000  0.000000E+000  1.000000E+000
  2.600000E+000  5.987219E+000  4.284444E-001  0.000000E+000 -8.568888E-001 -5.155014E-001  0.000000E+000  5.155014E-001 -8.568888E-001  0.000000E+000  0.000000E+000  0.000000E+000  1.000000E+000
  2.620000E+000  6.011802E+000  4.335134E-001  0.000000E+000 -8.670267E-001 -4.982616E-001  0.000000E+000  4.982616E-001 -8.670267E-001  0.000000E+000  0.000000E+000  0.000000E+000  1.000000E+000
  2.640000E+000  6.035715E+000  4.384089E-001  0.000000E+000 -8.768179E-001 -4.808226E-001  0.000000E+000  4.808226E-001 -8.768179E-001  0.000000E+000  0.000000E+000  0.000000E+000  1.000000E+000
  2.660000E+000  6.058964E+000  4.431292E-001  0.000000E+000 -8.862583E-001 -4.631913E-001  0.000000E+000  4.631913E-001 -8.862583E-001  0.000000E+000  0.000000E+000  0.000000E+000  1.000000E+000
  2.680000E+000  6.081558E+000  4.476722E-001  0.000000E+000 -8.953443E-001 -4.453746E-001  0.000000E+000  4.453746E-001 -8.953443E-001  0.000000E+000  0.000000E+000  0.000000E+000  1.000000E+000
  2.700000E+000  6.103503E+000  4.520361E-001  0.000000E+000 -9.040721E-001 -4.273799E-001  0.000000E+000  4.273799E-001 -9.040721E-001  0.000000E+000  0.000000E+000  0.000000E+000  1.000000E+000
  2.720000E+000  6.124808E+000  4.562192E-001  0.000000E+000 -9.124384E-001 -4.092142E-001  0.000000E+000  4.092142E-001 -9.124384E-001  0.000000E+000  0.000000E+000  0.000000E+000  1.000000E+000
  2.740000E+000  6.145483E+000  4.602198E-001  0.000000E+000 -9.204396E-001 -3.908848E-001  0.000000E+000  3.908848E-001 -9.204396E-001  0.000000E+000  0.000000E+000  0.000000E+000  1.000000E+000
  2.760000E+000  6.165534E+000  4.640364E-001  0.000000E+000 -9.280727E-001 -3.723990E-001  0.000000E+000  3.723990E-001 -9.280727E-001  0.000000E+000  0.000000E+000  0.000000E+000  1.000000E+000
  2.780000E+000  6.184973E+000  4.676673E-001  0.000000E+000 -9.353346E-001 -3.537643E-001  0.000000E+000  3.537643E-001 -9.353346E-001  0.000000E+000  0.000000E+000  0.000000E+000  1.000000E+000
  2.800000E+000  6.203807E+000  4.711112E-001  0.000000E+000 -9.422223E-001 -3.349882E-001  0.000000E+000  3.349882E-001 -9.422223E-001  0.000000E+000  0.000000E+000  0.000000E+000  1.000000E+000
  2.820000E+000  6.222048E+000  4.743666E-001  0.000000E+000 -9.487332E-001 -3.160780E-001  0.000000E+000  3.160780E-001 -9.487332E-001  0.000000E+000  0.000000E+000  0.000000E+000  1.000000E+000
  2.840000E+000  6.239706E+000  4.774323E-001  0.000000E+000 -9.548646E-001 -2.970414E-001  0.000000E+000  2.970414E-001 -9.548646E-001  0.000000E+000  0.000000E+000  0.000000E+000  1.000000E+000
  2.860000E+000  6.256790E+000  4.803070E-001  0.000000E+000 -9.606141E-001 -2.778859E-001  0.000000E+000  2.778859E-001 -9.606141E-001  0.000000E+000  0.000000E+000  0.000000E+000  1.000000E+000
  2.880000E+000  6.273310E+000  4.829897E-001  0.000000E+000 -9.659793E-001 -2.586193E-001  0.000000E+000  2.586193E-001 -9.659793E-001  0.000000E+000  0.000000E+000  0.000000E+000  1.000000E+000
  2.900000E+000  6.289279E+000  4.854791E-001  0.000000E+000 -9.709582E-001 -2.392493E-001  0.000000E+000  2.392493E-001 -9.709582E-001  0.000000E+000  0.000000E+000  0.000000E+000  1.000000E+000
  2.920000E+000  6.304707E+000  4.877743E-001  0.000000E+000 -9.755486E-001 -2.197836E-001  0.000000E+000  2.197836E-001 -9.755486E-001  0.000000E+000  0.000000E+000  0.000000E+000  1.000000E+000
  2.940000E+000  6.319604E+000  4.898745E-001  0.000000E+000 -9.797489E-001 -2.002300E-001  0.000000E+000  2.002300E-001 -9.797489E-001  0.000000E+000  0.000000E+000  0.000000E+000  1.000000E+000
  2.960000E+000  6.333983E+000  4.917787E-001  0.000000E+000 -9.835573E-001 -1.805963E-001  0.000000E+000  1.805963E-001 -9.835573E-001  0.000000E+000  0.000000E+000  0.000000E+000  1.000000E+000
  2.980000E+000  6.347854E+000  4.934861E-001  0.000000E+000 -9.869723E-001 -1.608903E-001  0.000000E+000  1.608903E-001 -9.869723E-001  0.000000E+000  0.000000E+000  0.000000E+000  1.000000E+000
  3.000000E+000  6.361230E+000  4.949962E-001  0.000000E+000 -9.899925E-001 -1.411200E-001  0.000000E+000  1.411200E-001 -9.899925E-001  0.000000E+000  0.000000E+000  0.000000E+000  1.000000E+000
  3.020000E+000  6.374121E+000  4.963084E-001  0.000000E+000 -9.926167E-001 -1.212933E-001  0.000000E+000  1.212933E-001 -9.926167E-001  0.000000E+000  0.000000E+000  0.000000E+000  1.000000E+000
  3.040000E+000  6.386539E+000  4.974220E-001  0.000000E+000 -9.948439E-001 -1.014180E-001  0.000000E+000  1.014180E-001 -9.948439E-001  0.000000E+000  0.000000E+000  0.000000E+000  1.000000E+000
  3.060000E+000  6.398497E+000  4.983366E-001  0.000000E+000 -9.966732E-001 -8.150215E-002  0.000000E+000  8.150215E-002 -9.966732E-001  0.000000E+000  0.000000E+000  0.000000E+000  1.000000E+000
  3.080000E+000  6.410006E+000  4.990519E-001  0.000000E+000 -9.981038E-001 -6.155372E-002  0.000000E+000  6.155372E-002 -9.981038E-001  0.000000E+000  0.000000E+000  0.000000E+000  1.000000E+000
  3.100000E+000  6.421079E+000  4.995676E-001  0.000000E+000 -9.991352E-001 -4.158066E-002  0.000000E+000  4.158066E-002 -9.991352E-001  0.000000E+000  0.000000E+000  0.000000E+000  1.000000E+000
  3.120000E+000  6.431726E+000  4.998834E-001  0.000000E+000 -9.997669E-001 -2.159098E-002  0.000000E+000  2.159098E-002 -9.997669E-001  0.000000E+000  0.000000E+000  0.000000E+000  1.000000E+000
  3.140000E+000  6.441960E+000  4.999994E-001  0.000000E+000 -9.999987E-001 -1.592653E-003  0.000000E+000  1.592653E-003 -9.999987E-001  0.000000E+000  0.000000E+000  0.000000E+000  1.000000E+000
  3.160000E+000  6.451794E+000  4.999153E-001  0.000000E+000 -9.998306E-001  1.840631E-002  0.000000E+000 -1.840631E-002 -9.998306E-001  0.000000E+000  0.000000E+000  0.000000E+000  1.000000E+000
  3.180000E+000  6.461238E+000  4.996313E-001  0.000000E+000 -9.992625E-001  3.839790E-002  0.000000E+000 -3.839790E-002 -9.992625E-001  0.000000E+000  0.000000E+000  0.000000E+000  1.000000E+000
  3.200000E+000  6.470306E+000  4.991474E-001  0.000000E+000 -9.982948E-001  5.837414E-002  0.000000E+000 -5.837414E-002 -9.982948E-001  0.000000E+000  0.000000E+000  0.000000E+000  1.000000E+000
  3.220000E+000  6.479008E+000  4.984639E-001  0.000000E+000 -9.969277E-001  7.832703E-002  0.000000E+000 -7.832703E-002 -9.969277E-001  0.000000E+000  0.000000E+000  0.000000E+000  1.000000E+000
  3.240000E+000  6.487358E+000  4.975810E-001  0.000000E+000 -9.951619E-001  9.824859E-002  0.000000E+000 -9.824859E-002 -9.951619E-001  0.000000E+000  0.000000E+000  0.000000E+000  1.000000E+000
  3.260000E+000  6.495366E+000  4.964990E-001  0.000000E+000 -9.929980E-001  1.181309E-001  0.000000E+000 -1.181309E-001 -9.929980E-001  0.000000E+000  0.000000E+000  0.000000E+000  1.000000E+000
  3.280000E+000  6.503045E+000  4.952185E-001  0.000000E+000 -9.904370E-001  1.379659E-001  0.000000E+000 -1.379659E-001 -9.904370E-001  0.000000E+000  0.000000E+000  0.000000E+000  1.000000E+000
  3.300000E+000  6.510406E+000  4.937399E-001  0.000000E+000 -9.874798E-001  1.577457E-001  0.000000E+000 -1.577457E-001 -9.874798E-001  0.000000E+000  0.000000E+000  0.000000E+000  1.000000E+000
  3.320000E+000  6.517462E+000  4.920638E-001  0.000000E+000 -9.841276E-001  1.774624E-001  0.000000E+000 -1.774624E-001 -9.841276E-001  0.000000E+000  0.000000E+000  0.000000E+000  1.000000E+000
  3.340000E+000  6.524223E+000  4.901909E-001  0.000000E+000 -9.803817E-001  1.971082E-001  0.000000E+000 -1.971082E-001 -9.803817E-001  0.000000E+000  0.000000E+000  0.000000E+000  1.000000E+000
  3.360000E+000  6.530702E+000  4.881219E-001  0.000000E+000 -9.762438E-001  2.166751E-001  0.000000E+000 -2.166751E-001 -9.762438E-001  0.000000E+000  0.000000E+000  0.000000E+000  1.000000E+000
  3.380000E+000  6.536910E+000  4.858577E-001  0.000000E+000 -9.717153E-001  2.361553E-001  0.000000E+000 -2.361553E-001 -9.717153E-001  0.000000E+000  0.000000E+000  0.000000E+000  1.000000E+000
  3.400000E+000  6.542858E+000  4.833991E-001  0.000000E+000 -9.667982E-001  2.555411E-001  0.000000E+000 -2.555411E-001 -9.667982E-001  0.000000E+000  0.000000E+000  0.000000E+000  1.000000E+000
  3.420000E+000  6.548558E+000  4.807472E-001  0.000000E+000 -9.614944E-001  2.748247E-001  0.000000E+000 -2.748247E-001 -9.614944E-001  0.000000E+000  0.000000E+000  0.000000E+000  1.000000E+000
  3.440000E+000  6.554020E+000  4.779030E-001  0.000000E+000 -9.558059E-001  2.939983E-001  0.000000E+000 -2.939983E-001 -9.558059E-001  0.000000E+000  0.000000E+000  0.000000E+000  1.000000E+000
  3.460000E+000  6.559256E+000  4.748676E-001  0.000000E+000 -9.497352E-001  3.130544E-001  0.000000E+000 -3.130544E-001 -9.497352E-001  0.000000E+000  0.000000E+000  0.000000E+000  1.000000E+000
  3.480000E+000  6.564277E+000  4.716423E-001  0.000000E+000 -9.432846E-001  3.319852E-001  0.000000E+000 -3.319852E-001 -9.432846E-001  0.000000E+000  0.000000E+000  0.000000E+000  1.000000E+000
  3.500000E+000  6.569094E+000  4.682283E-001  0.000000E+000 -9.364567E-001  3.507832E-001  0.000000E+000 -3.507832E-001 -9.364567E-001  0.000000E+000  0.000000E+000  0.000000E+000  1.000000E+000
  3.520000E+000  6.573717E+000  4.646271E-001  0.000000E+000 -9.292542E-001  3.694410E-001  0.000000E+000 -3.694410E-001 -9.292542E-001  0.000000E+000  0.000000E+000  0.000000E+000  1.000000E+000
  3.540000E+000  6.578157E+000  4.608400E-001  0.000000E+000 -9.216800E-001  3.879509E-001  0.000000E+000 -3.879509E-001 -9.216800E-001  0.000000E+000  0.000000E+000  0.000000E+000  1.000000E+000
  3.560000E+000  6.582425E+000  4.568686E-001  0.000000E+000 -9.137372E-001  4.063057E-001  0.000000E+000 -4.063057E-001 -9.137372E-001  0.000000E+000  0.000000E+000  0.000000E+000  1.000000E+000
  3.580000E+000  6.586530E+000  4.527144E-001  0.000000E+000 -9.054289E-001  4.244980E-001  0.000000E+000 -4.244980E-001 -9.054289E-001  0.000000E+000  0.000000E+000  0.000000E+000  1.000000E+000
  3.600000E+000  6.590484E+000  4.483792E-001  0.000000E+000 -8.967584E-001  4.425204E-001  0.000000E+000 -4.425204E-001 -8.967584E-001  0.000000E+000  0.000000E+000  0.000000E+000  1.000000E+000
  3.620000E+000  6.594295E+000  4.438646E-001  0.000000E+000 -8.877293E-001  4.603659E-001  0.000000E+000 -4.603659E-001 -8.877293E-001  0.000000E+000  0.000000E+000  0.000000E+000  1.000000E+000
  3.640000E+000  6.597974E+000  4.391725E-001  0.000000E+000 -8.783450E-001  4.780272E-001  0.000000E+000 -4.780272E-001 -8.783450E-001  0.000000E+000  0.000000E+000  0.000000E+000  1.000000E+000
  3.660000E+000  6.601532E+000  4.343047E-001  0.000000E+000 -8.686094E-001  4.954974E-001  0.000000E+000 -4.954974E-001 -8.686094E-001  0.000000E+000  0.000000E+000  0.000000E+000  1.000000E+000
  3.680000E+000  6.604976E+000  4.292632E-001  0.000000E+000 -8.585264E-001  5.127693E-001  0.000000E+000 -5.127693E-001 -8.585264E-001  0.000000E+000  0.000000E+000  0.000000E+000  1.000000E+000
  3.700000E+000  6.608318E+000  4.240500E-001  0.000000E+000 -8.481000E-001  5.298361E-001  0.000000E+000 -5.298361E-001 -8.481000E-001  0.000000E+000  0.000000E+000  0.000000E+000  1.000000E+000
  3.720000E+000  6.611565E+000  4.186672E-001  0.000000E+000 -8.373344E-001  5.466910E-001  0.000000E+000 -5.466910E-001 -8.373344E-001  0.000000E+000  0.000000E+000  0.000000E+000  1.000000E+000
  3.740000E+000  6.614728E+000  4.131169E-001  0.000000E+000 -8.262338E-001  5.633273E-001  0.000000E+000 -5.633273E-001 -8.262338E-001  0.000000E+000  0.000000E+000  0.000000E+000  1.000000E+000
  3.760000E+000  6.617816E+000  4.074014E-001  0.000000E+000 -8.148028E-001  5.797382E-001  0.000000E+000 -5.797382E-001 -8.148028E-001  0.000000E+000  0.000000E+000  0.000000E+000  1.000000E+000
  3.780000E+000  6.620837E+000  4.015229E-001  0.000000E+000 -8.030459E-001  5.959172E-001  0.000000E+000 -5.959172E-001 -8.030459E-001  0.000000E+000  0.000000E+000  0.000000E+000  1.000000E+000
  3.800000E+000  6.623800E+000  3.954839E-001  0.000000E+000 -7.909677E-001  6.118579E-001  0.000000E+000 -6.118579E-001 -7.909677E-001  0.000000E+000  0.000000E+000  0.000000E+000  1.000000E+000
  3.820000E+000  6.626714E+000  3.892866E-001  0.000000E+000 -7.785732E-001  6.275538E-001  0.000000E+000 -6.275538E-001 -7.785732E-001  0.000000E+000  0.000000E+000  0.000000E+000  1.000000E+000
  3.840000E+000  6.629587E+000  3.829336E-001  0.000000E+000 -7.658672E-001  6.429987E-001  0.000000E+000 -6.429987E-001 -7.658672E-001  0.000000E+000  0.000000E+000  0.000000E+000  1.000000E+000
  3.860000E+000  6.632428E+000  3.764275E-001  0.000000E+000 -7.528549E-001  6.581865E-001  0.000000E+000 -6.581865E-001 -7.528549E-001  0.000000E+000  0.000000E+000  0.000000E+000  1.000000E+000
  3.880000E+000  6.635245E+000  3.697708E-001  0.000000E+000 -7.395415E-001  6.731109E-001  0.000000E+000 -6.731109E-001 -7.395415E-001  0.000000E+000  0.000000E+000  0.000000E+000  1.000000E+000
  3.900000E+000  6.638045E+000  3.629662E-001  0.000000E+000 -7.259323E-001  6.877662E-001  0.000000E+000 -6.877662E-001 -7.259323E-001  0.000000E+000  0.000000E+000  0.000000E+000  1.000000E+000
  3.920000E+000  6.640837E+000  3.560164E-001  0.000000E+000 -7.120327E-001  7.021463E-001  0.000000E+000 -7.021463E-001 -7.120327E-001  0.000000E+000  0.000000E+000  0.000000E+000  1.000000E+000
  3.940000E+000  6.643628E+000  3.489242E-001  0.000000E+000 -6.978483E-001  7.162456E-001  0.000000E+000 -7.162456E-001 -6.978483E-001  0.000000E+000  0.000000E+000  0.000000E+000  1.000000E+000
  3.960000E+000  6.646425E+000  3.416924E-001  0.000000E+000 -6.833848E-001  7.300584E-001  0.000000E+000 -7.300584E-001 -6.833848E-001  0.000000E+000  0.000000E+000  0.000000E+000  1.000000E+000
  3.980000E+000  6.649237E+000  3.343240E-001  0.000000E+000 -6.686479E-001  7.435791E-001  0.000000E+000 -7.435791E-001 -6.686479E-001  0.000000E+000  0.000000E+000  0.000000E+000  1.000000E+000
