% FILE: RollingSphereXZControlViaKane.6
%
%       t         P_No_Co[1]     P_No_Co[2]     P_No_Co[3]      N_C[1,1]       N_C[1,2]       N_C[1,3]       N_C[2,1]       N_C[2,2]       N_C[2,3]       N_C[3,1]       N_C[3,2]       N_C[3,3]
%   (second)        (meter)        (meter)        (meter)       (NoUnits)      (NoUnits)      (NoUnits)      (NoUnits)      (NoUnits)      (NoUnits)      (NoUnits)      (NoUnits)      (NoUnits)

  0.000000E+000  1.350624E+000  8.368081E-001  0.000000E+000  9.981165E-001  6.134676E-002  0.000000E+000 -6.134676E-002  9.981165E-001  0.000000E+000  0.000000E+000  0.000000E+000  1.000000E+000
  2.000000E-002  1.350572E+000  8.368738E-001  2.777763E-004  9.981098E-001  6.145633E-002 -2.056731E-004 -6.145633E-002  9.981098E-001  0.000000E+000  2.052843E-004  1.263991E-005  1.000000E+000
  4.000000E-002  1.349480E+000  8.382469E-001  1.085800E-003  9.979659E-001  6.374489E-002 -8.046061E-004 -6.374491E-002  9.979662E-001  0.000000E+000  8.029697E-004  5.128954E-005  9.999997E-001
  6.000000E-002  1.346078E+000  8.424108E-001  2.363082E-003  9.974972E-001  7.068448E-002 -1.755529E-003 -7.068459E-002  9.974987E-001  0.000000E+000  1.751138E-003  1.240888E-004  9.999985E-001
  8.000000E-002  1.339392E+000  8.501507E-001  4.023638E-003  9.964962E-001  8.358408E-002 -3.004064E-003 -8.358446E-002  9.965007E-001  0.000000E+000  2.993552E-003  2.510930E-004  9.999955E-001
  1.000000E-001  1.328846E+000  8.613740E-001  5.967319E-003  9.947446E-001  1.022889E-001 -4.490557E-003 -1.022899E-001  9.947546E-001  0.000000E+000  4.467002E-003  4.593387E-004  9.999899E-001
  1.200000E-001  1.314292E+000  8.753198E-001  8.093497E-003  9.920706E-001  1.255306E-001 -6.157949E-003 -1.255330E-001  9.920894E-001  0.000000E+000  6.109237E-003  7.730258E-004  9.999810E-001
  1.400000E-001  1.295996E+000  8.909415E-001  1.031532E-002  9.884153E-001  1.515644E-001 -7.959128E-003 -1.515692E-001  9.884467E-001  0.000000E+000  7.867173E-003  1.206358E-003  9.999683E-001
  1.600000E-001  1.274595E+000  9.071955E-001  1.257240E-002  9.838632E-001  1.786505E-001 -9.863363E-003 -1.786592E-001  9.839110E-001  0.000000E+000  9.704672E-003  1.762181E-003  9.999514E-001
  1.800000E-001  1.251032E+000  9.231792E-001  1.484008E-002  9.786305E-001  2.052842E-001 -1.186144E-002 -2.052987E-001  9.786994E-001  0.000000E+000  1.160878E-002  2.435137E-003  9.999297E-001
  2.000000E-001  1.226478E+000  9.381731E-001  1.713414E-002  9.730274E-001  2.302661E-001 -1.396883E-002 -2.302885E-001  9.731224E-001  0.000000E+000  1.359338E-002  3.216862E-003  9.999024E-001
  2.200000E-001  1.202219E+000  9.516421E-001  1.951005E-002  9.674077E-001  2.527036E-001 -1.622623E-002 -2.527368E-001  9.675351E-001  0.000000E+000  1.569945E-002  4.100966E-003  9.998683E-001
  2.400000E-001  1.179543E+000  9.632213E-001  2.205705E-002  9.621190E-001  2.719880E-001 -1.869639E-002 -2.720355E-001  9.622872E-001  0.000000E+000  1.799129E-002  5.086082E-003  9.998252E-001
  2.600000E-001  1.159616E+000  9.726970E-001  2.488755E-002  9.574615E-001  2.877621E-001 -2.145695E-002 -2.878284E-001  9.576820E-001  0.000000E+000  2.054894E-002  6.175919E-003  9.997698E-001
  2.800000E-001  1.143364E+000  9.799861E-001  2.812320E-002  9.536581E-001  2.998861E-001 -2.458946E-002 -2.999768E-001  9.539465E-001  0.000000E+000  2.345703E-002  7.376267E-003  9.996976E-001
  3.000000E-001  1.131380E+000  9.851170E-001  3.187912E-002  9.508377E-001  3.084060E-001 -2.816602E-002 -3.085284E-001  9.512151E-001  0.000000E+000  2.679194E-002  8.690016E-003  9.996033E-001
  3.200000E-001  1.123862E+000  9.882157E-001  3.624780E-002  9.490310E-001  3.135298E-001 -3.223614E-002 -3.136929E-001  9.495245E-001  0.000000E+000  3.060901E-002  1.011225E-002  9.994803E-001
  3.400000E-001  1.120585E+000  9.894971E-001  4.128430E-002  9.481730E-001  3.156144E-001 -3.681675E-002 -3.158285E-001  9.488163E-001  0.000000E+000  3.493233E-002  1.162778E-002  9.993220E-001
  3.600000E-001  1.120928E+000  9.892635E-001  4.699425E-002  9.481130E-001  3.151622E-001 -4.188761E-002 -3.154391E-001  9.489458E-001  0.000000E+000  3.974907E-002  1.321299E-002  9.991223E-001
  3.800000E-001  1.123929E+000  9.879051E-001  5.332650E-002  9.486282E-001  3.128233E-001 -4.739319E-002 -3.131752E-001  9.496954E-001  0.000000E+000  4.500910E-002  1.484237E-002  9.988763E-001
  4.000000E-001  1.128383E+000  9.858968E-001  6.017182E-002  9.494437E-001  3.093884E-001 -5.325005E-002 -3.098280E-001  9.507926E-001  0.000000E+000  5.062975E-002  1.649835E-002  9.985812E-001
  4.200000E-001  1.132963E+000  9.837805E-001  6.736875E-002  9.502563E-001  3.057608E-001 -5.935759E-002 -3.063009E-001  9.519347E-001  0.000000E+000  5.650456E-002  1.818128E-002  9.982368E-001
  4.400000E-001  1.136349E+000  9.821271E-001  7.471685E-002  9.507640E-001  3.028912E-001 -6.560997E-002 -3.035452E-001  9.528170E-001  0.000000E+000  6.251430E-002  1.991559E-002  9.978453E-001
  4.600000E-001  1.137357E+000  9.814733E-001  8.199614E-002  9.506961E-001  3.016725E-001 -7.190694E-002 -3.024555E-001  9.531635E-001  0.000000E+000  6.853907E-002  2.174865E-002  9.974113E-001
  4.800000E-001  1.135052E+000  9.822431E-001  8.899104E-002  9.498406E-001  3.028093E-001 -7.816274E-002 -3.037385E-001  9.527554E-001  0.000000E+000  7.446997E-002  2.374104E-002  9.969406E-001
  5.000000E-001  1.128839E+000  9.846737E-001  9.551564E-002  9.480667E-001  3.066935E-001 -8.431280E-002 -3.077895E-001  9.514545E-001  0.000000E+000  8.021979E-002  2.595059E-002  9.964393E-001
  5.200000E-001  1.118516E+000  9.887707E-001  1.014372E-001  9.453389E-001  3.133320E-001 -9.031841E-002 -3.146178E-001  9.492184E-001  0.000000E+000  8.573190E-002  2.841578E-002  9.959129E-001
  5.400000E-001  1.104297E+000  9.943124E-001  1.066947E-001  9.417218E-001  3.223530E-001 -9.616986E-002 -3.238541E-001  9.461070E-001  0.000000E+000  9.098698E-002  3.114500E-002  9.953649E-001
  5.600000E-001  1.086782E+000  1.000900E+000  1.113096E-001  9.373734E-001  3.330915E-001 -1.018883E-001 -3.348341E-001  9.422771E-001  0.000000E+000  9.600699E-002  3.411566E-002  9.947958E-001
  5.800000E-001  1.066901E+000  1.008038E+000  1.153882E-001  9.325269E-001  3.447198E-001 -1.075257E-001 -3.467300E-001  9.379650E-001  0.000000E+000  1.008553E-001  3.728239E-002  9.942023E-001
  6.000000E-001  1.045823E+000  1.015212E+000  1.191136E-001  9.274620E-001  3.563824E-001 -1.131630E-001 -3.586865E-001  9.334581E-001  0.000000E+000  1.056329E-001  4.059003E-002  9.935764E-001
  6.200000E-001  1.024848E+000  1.021958E+000  1.227295E-001  9.224688E-001  3.673051E-001 -1.189042E-001 -3.699294E-001  9.290598E-001  0.000000E+000  1.104692E-001  4.398618E-002  9.929057E-001
  6.400000E-001  1.005277E+000  1.027901E+000  1.265167E-001  9.178142E-001  3.768622E-001 -1.248676E-001 -3.798350E-001  9.250543E-001  0.000000E+000  1.155093E-001  4.742909E-002  9.921734E-001
  6.600000E-001  9.882877E-001  1.032775E+000  1.307650E-001  9.137133E-001  3.846064E-001 -1.311715E-001 -3.879585E-001  9.216768E-001  0.000000E+000  1.208977E-001  5.088910E-002  9.913597E-001
  6.800000E-001  9.748160E-001  1.036421E+000  1.357423E-001  9.103125E-001  3.902687E-001 -1.379184E-001 -3.940343E-001  9.190957E-001  0.000000E+000  1.267602E-001  5.434459E-002  9.904436E-001
  7.000000E-001  9.654592E-001  1.038775E+000  1.416651E-001  9.076842E-001  3.937416E-001 -1.451788E-001 -3.979578E-001  9.174037E-001  0.000000E+000  1.331875E-001  5.777502E-002  9.894054E-001
  7.200000E-001  9.604131E-001  1.039859E+000  1.486723E-001  9.058288E-001  3.950592E-001 -1.529783E-001 -3.997646E-001  9.166178E-001  0.000000E+000  1.402226E-001  6.115530E-002  9.882296E-001
  7.400000E-001  9.594507E-001  1.039769E+000  1.568052E-001  9.046805E-001  3.943830E-001 -1.612924E-001 -3.996153E-001  9.166829E-001  0.000000E+000  1.478540E-001  6.445492E-002  9.869067E-001
  7.600000E-001  9.619455E-001  1.038674E+000  1.659960E-001  9.041142E-001  3.919958E-001 -1.700495E-001 -3.977894E-001  9.174768E-001  0.000000E+000  1.560164E-001  6.764388E-002  9.854355E-001
  7.800000E-001  9.669377E-001  1.036811E+000  1.760666E-001  9.039529E-001  3.883007E-001 -1.791413E-001 -3.946854E-001  9.188163E-001  0.000000E+000  1.645979E-001  7.070446E-002  9.838234E-001
  8.000000E-001  9.732340E-001  1.034491E+000  1.867404E-001  9.039778E-001  3.838164E-001 -1.884387E-001 -3.908180E-001  9.204680E-001  0.000000E+000  1.734518E-001  7.364523E-002  9.820850E-001
  8.200000E-001  9.795295E-001  1.032079E+000  1.976647E-001  9.039431E-001  3.791554E-001 -1.978082E-001 -3.867982E-001  9.221644E-001  0.000000E+000  1.824117E-001  7.651185E-002  9.802407E-001
  8.400000E-001  9.845365E-001  1.029974E+000  2.084437E-001  9.035987E-001  3.749774E-001 -2.071264E-001 -3.832893E-001  9.236283E-001  0.000000E+000  1.913078E-001  7.938933E-002  9.783142E-001
  8.600000E-001  9.871101E-001  1.028560E+000  2.186789E-001  9.027161E-001  3.719168E-001 -2.162905E-001 -3.809339E-001  9.246023E-001  0.000000E+000  1.999827E-001  8.239239E-002  9.763290E-001
  8.800000E-001  9.863559E-001  1.028157E+000  2.280106E-001  9.011155E-001  3.704921E-001 -2.252252E-001 -3.802622E-001  9.248787E-001  0.000000E+000  2.083060E-001  8.564465E-002  9.743067E-001
  9.000000E-001  9.817128E-001  1.028962E+000  2.361584E-001  8.986893E-001  3.710190E-001 -2.338855E-001 -3.816031E-001  9.243263E-001  0.000000E+000  2.161865E-001  8.925141E-002  9.722642E-001
  9.200000E-001  9.730037E-001  1.031013E+000  2.429544E-001  8.954157E-001  3.735533E-001 -2.422573E-001 -3.850224E-001  9.229072E-001  0.000000E+000  2.235810E-001  9.327449E-002  9.702120E-001
  9.400000E-001  9.604489E-001  1.034187E+000  2.483651E-001  8.913623E-001  3.778814E-001 -2.503575E-001 -3.903115E-001  9.206829E-001  0.000000E+000  2.304998E-001  9.771740E-002  9.681535E-001
  9.600000E-001  9.446436E-001  1.038218E+000  2.525009E-001  8.866767E-001  3.835634E-001 -2.582316E-001 -3.970295E-001  9.178059E-001  0.000000E+000  2.370064E-001  1.025255E-001  9.660830E-001
  9.800000E-001  9.265005E-001  1.042752E+000  2.556095E-001  8.815655E-001  3.900156E-001 -2.659514E-001 -4.045862E-001  9.144999E-001  0.000000E+000  2.432125E-001  1.076002E-001  9.639864E-001
  1.000000E+000  9.071629E-001  1.047405E+000  2.580564E-001  8.762653E-001  3.966063E-001 -2.736103E-001 -4.123410E-001  9.110296E-001  0.000000E+000  2.492671E-001  1.128207E-001  9.618406E-001
  1.020000E+000  8.878964E-001  1.051815E+000  2.602916E-001  8.710106E-001  4.027427E-001 -2.813163E-001 -4.196919E-001  9.076666E-001  0.000000E+000  2.553414E-001  1.180662E-001  9.596151E-001
  1.040000E+000  8.699667E-001  1.055684E+000  2.628070E-001  8.660054E-001  4.079321E-001 -2.891816E-001 -4.261393E-001  9.046576E-001  0.000000E+000  2.616104E-001  1.232316E-001  9.572742E-001
  1.060000E+000  8.545151E-001  1.058790E+000  2.660878E-001  8.614041E-001  4.118130E-001 -2.973097E-001 -4.313167E-001  9.022006E-001  0.000000E+000  2.682330E-001  1.282346E-001  9.547811E-001
  1.080000E+000  8.424425E-001  1.060997E+000  2.705624E-001  8.573038E-001  4.141596E-001 -3.057811E-001 -4.349951E-001  9.004328E-001  0.000000E+000  2.753353E-001  1.330133E-001  9.521019E-001
  1.100000E+000  8.343159E-001  1.062241E+000  2.765555E-001  8.537469E-001  4.148706E-001 -3.146404E-001 -4.370689E-001  8.994280E-001  0.000000E+000  2.829964E-001  1.375195E-001  9.492110E-001
  1.120000E+000  8.303077E-001  1.062523E+000  2.842499E-001  8.507286E-001  4.139527E-001 -3.238889E-001 -4.375382E-001  8.991998E-001  0.000000E+000  2.912408E-001  1.417138E-001  9.460951E-001
  1.140000E+000  8.301783E-001  1.061898E+000  2.936611E-001  8.482031E-001  4.115097E-001 -3.334835E-001 -4.364966E-001  8.997059E-001  0.000000E+000  3.000371E-001  1.455644E-001  9.427559E-001
  1.160000E+000  8.333035E-001  1.060478E+000  3.046280E-001  8.460870E-001  4.077399E-001 -3.433438E-001 -4.341308E-001  9.008498E-001  0.000000E+000  3.093012E-001  1.490561E-001  9.392098E-001
  1.180000E+000  8.387432E-001  1.058436E+000  3.168223E-001  8.442590E-001  4.029390E-001 -3.533652E-001 -4.307272E-001  9.024822E-001  0.000000E+000  3.189058E-001  1.522040E-001  9.354855E-001
  1.200000E+000  8.453420E-001  1.056006E+000  3.297759E-001  8.425614E-001  3.974999E-001 -3.634338E-001 -4.266760E-001  9.044046E-001  0.000000E+000  3.286912E-001  1.550685E-001  9.316200E-001
  1.220000E+000  8.518498E-001  1.053477E+000  3.429252E-001  8.408078E-001  3.918977E-001 -3.734412E-001 -4.224611E-001  9.063810E-001  0.000000E+000  3.384801E-001  1.577644E-001  9.276538E-001
  1.240000E+000  8.570453E-001  1.051175E+000  3.556650E-001  8.387990E-001  3.866536E-001 -3.832952E-001 -4.186257E-001  9.081589E-001  0.000000E+000  3.480930E-001  1.604573E-001  9.236259E-001
  1.260000E+000  8.598542E-001  1.049427E+000  3.674102E-001  8.363458E-001  3.822756E-001 -3.929263E-001 -4.157113E-001  9.094966E-001  0.000000E+000  3.573652E-001  1.633439E-001  9.195700E-001
  1.280000E+000  8.594485E-001  1.048507E+000  3.776553E-001  8.332949E-001  3.791859E-001 -4.022905E-001 -4.141790E-001  9.101955E-001  0.000000E+000  3.661630E-001  1.666203E-001  9.155121E-001
  1.300000E+000  8.553206E-001  1.048598E+000  3.860279E-001  8.295519E-001  3.776495E-001 -4.113690E-001 -4.143306E-001  9.101264E-001  0.000000E+000  3.743978E-001  1.704428E-001  9.114689E-001
  1.320000E+000  8.473267E-001  1.049751E+000  3.923300E-001  8.250958E-001  3.777258E-001 -4.201669E-001 -4.162511E-001  9.092497E-001  0.000000E+000  3.820366E-001  1.748949E-001  9.074469E-001
  1.340000E+000  8.356964E-001  1.051875E+000  3.965627E-001  8.199825E-001  3.792576E-001 -4.287101E-001 -4.197918E-001  9.076204E-001  0.000000E+000  3.891060E-001  1.799690E-001  9.034421E-001
  1.360000E+000  8.210083E-001  1.054760E+000  3.989321E-001  8.143367E-001  3.819022E-001 -4.370428E-001 -4.245996E-001  9.053812E-001  0.000000E+000  3.956903E-001  1.855682E-001  8.994407E-001
  1.380000E+000  8.041341E-001  1.058111E+000  3.998350E-001  8.083316E-001  3.851954E-001 -4.452241E-001 -4.301844E-001  9.027410E-001  0.000000E+000  4.019221E-001  1.915285E-001  8.954192E-001
  1.400000E+000  7.861557E-001  1.061601E+000  3.998255E-001  8.021629E-001  3.886291E-001 -4.533235E-001 -4.360024E-001  8.999455E-001  0.000000E+000  4.079664E-001  1.976501E-001  8.913461E-001
  1.420000E+000  7.682629E-001  1.064922E+000  3.995654E-001  7.960203E-001  3.917240E-001 -4.614152E-001 -4.415362E-001  8.972434E-001  0.000000E+000  4.140018E-001  2.037315E-001  8.871843E-001
  1.440000E+000  7.516377E-001  1.067811E+000  3.997616E-001  7.900648E-001  3.940820E-001 -4.695712E-001 -4.463522E-001  8.948574E-001  0.000000E+000  4.201992E-001  2.095941E-001  8.828946E-001
  1.460000E+000  7.373379E-001  1.070078E+000  4.010958E-001  7.844146E-001  3.954122E-001 -4.778524E-001 -4.501299E-001  8.929631E-001  0.000000E+000  4.267046E-001  2.150957E-001  8.784401E-001
  1.480000E+000  7.261891E-001  1.071599E+000  4.041541E-001  7.791431E-001  3.955345E-001 -4.863009E-001 -4.526647E-001  8.916808E-001  0.000000E+000  4.336252E-001  2.201312E-001  8.737914E-001
  1.500000E+000  7.186989E-001  1.072313E+000  4.093624E-001  7.742837E-001  3.943681E-001 -4.949329E-001 -4.538542E-001  8.910760E-001  0.000000E+000  4.410228E-001  2.246274E-001  8.689312E-001
  1.520000E+000  7.150034E-001  1.072209E+000  4.169362E-001  7.698385E-001  3.919160E-001 -5.037366E-001 -4.536814E-001  8.911639E-001  0.000000E+000  4.489119E-001  2.285359E-001  8.638573E-001
  1.540000E+000  7.148552E-001  1.071323E+000  4.268516E-001  7.657825E-001  3.882559E-001 -5.126740E-001 -4.522052E-001  8.919139E-001  0.000000E+000  4.572610E-001  2.318338E-001  8.585834E-001
  1.560000E+000  7.176539E-001  1.069738E+000  4.388408E-001  7.620628E-001  3.835391E-001 -5.216876E-001 -4.495635E-001  8.932484E-001  0.000000E+000  4.659966E-001  2.345317E-001  8.531366E-001
  1.580000E+000  7.225141E-001  1.067591E+000  4.524149E-001  7.585942E-001  3.779965E-001 -5.307103E-001 -4.459856E-001  8.950402E-001  0.000000E+000  4.750071E-001  2.366892E-001  8.475533E-001
  1.600000E+000  7.283630E-001  1.065081E+000  4.669098E-001  7.552558E-001  3.719407E-001 -5.396747E-001 -4.418011E-001  8.971130E-001  0.000000E+000  4.841492E-001  2.384289E-001  8.418737E-001
  1.620000E+000  7.340518E-001  1.062461E+000  4.815517E-001  7.518956E-001  3.657560E-001 -5.485213E-001 -4.374357E-001  8.992497E-001  0.000000E+000  4.932576E-001  2.399428E-001  8.361366E-001
  1.640000E+000  7.384704E-001  1.060028E+000  4.955335E-001  7.483434E-001  3.598687E-001 -5.572043E-001 -4.333807E-001  9.012109E-001  0.000000E+000  5.021586E-001  2.414816E-001  8.303754E-001
  1.660000E+000  7.406533E-001  1.058082E+000  5.080947E-001  7.444328E-001  3.546980E-001 -5.656935E-001 -4.301374E-001  9.027635E-001  0.000000E+000  5.106874E-001  2.433259E-001  8.246156E-001
  1.680000E+000  7.398671E-001  1.056885E+000  5.185967E-001  7.400250E-001  3.505940E-001 -5.739746E-001 -4.281421E-001  9.037114E-001  0.000000E+000  5.187074E-001  2.457427E-001  8.188731E-001
  1.700000E+000  7.356748E-001  1.056614E+000  5.265879E-001  7.350314E-001  3.477782E-001 -5.820473E-001 -4.276900E-001  9.039255E-001  0.000000E+000  5.261274E-001  2.489358E-001  8.131549E-001
  1.720000E+000  7.279710E-001  1.057327E+000  5.318501E-001  7.294280E-001  3.463019E-001 -5.899235E-001 -4.288785E-001  9.033622E-001  0.000000E+000  5.329146E-001  2.530055E-001  8.074591E-001
  1.740000E+000  7.169869E-001  1.058952E+000  5.344247E-001  7.232592E-001  3.460363E-001 -5.976245E-001 -4.315872E-001  9.020712E-001  0.000000E+000  5.390999E-001  2.579271E-001  8.017761E-001
  1.760000E+000  7.032648E-001  1.061301E+000  5.346144E-001  7.166301E-001  3.466987E-001 -6.051788E-001 -4.355021E-001  9.001877E-001  0.000000E+000  5.447745E-001  2.635566E-001  7.960896E-001
  1.780000E+000  6.876051E-001  1.064106E+000  5.329602E-001  7.096897E-001  3.479054E-001 -6.126193E-001 -4.401759E-001  8.979115E-001  0.000000E+000  5.500779E-001  2.696603E-001  7.903781E-001
  1.800000E+000  6.709891E-001  1.067064E+000  5.301956E-001  7.026069E-001  3.492380E-001 -6.199809E-001 -4.451064E-001  8.954777E-001  0.000000E+000  5.551790E-001  2.759575E-001  7.846169E-001
  1.820000E+000  6.544856E-001  1.069887E+000  5.271796E-001  6.955468E-001  3.503040E-001 -6.272972E-001 -4.498113E-001  8.931236E-001  0.000000E+000  5.602539E-001  2.821654E-001  7.787800E-001
  1.840000E+000  6.391466E-001  1.072330E+000  5.248163E-001  6.886502E-001  3.507810E-001 -6.345972E-001 -4.538839E-001  8.910608E-001  0.000000E+000  5.654647E-001  2.880335E-001  7.728431E-001
  1.860000E+000  6.259035E-001  1.074213E+000  5.239641E-001  6.820229E-001  3.504377E-001 -6.419020E-001 -4.570210E-001  8.894559E-001  0.000000E+000  5.709435E-001  2.933627E-001  7.667867E-001
  1.880000E+000  6.154725E-001  1.075415E+000  5.253469E-001  6.757337E-001  3.491342E-001 -6.492220E-001 -4.590254E-001  8.884232E-001  0.000000E+000  5.767839E-001  2.980094E-001  7.605990E-001
  1.900000E+000  6.082811E-001  1.075875E+000  5.294740E-001  6.698186E-001  3.468109E-001 -6.565556E-001 -4.597921E-001  8.880266E-001  0.000000E+000  5.830389E-001  3.018791E-001  7.542776E-001
  1.920000E+000  6.044249E-001  1.075576E+000  5.365810E-001  6.642865E-001  3.434730E-001 -6.638899E-001 -4.592926E-001  8.882850E-001  0.000000E+000  5.897235E-001  3.049198E-001  7.478303E-001
  1.940000E+000  6.036609E-001  1.074541E+000  5.465984E-001  6.591219E-001  3.391828E-001 -6.712030E-001 -4.575676E-001  8.891749E-001  0.000000E+000  5.968168E-001  3.071207E-001  7.412736E-001
  1.960000E+000  6.054393E-001  1.072839E+000  5.591540E-001  6.542822E-001  3.340597E-001 -6.784681E-001 -4.547320E-001  8.906283E-001  0.000000E+000  6.042629E-001  3.085212E-001  7.346299E-001
  1.980000E+000  6.089672E-001  1.070594E+000  5.736087E-001  6.496928E-001  3.282867E-001 -6.856582E-001 -4.509905E-001  8.925288E-001  0.000000E+000  6.119696E-001  3.092253E-001  7.279237E-001
  2.000000E+000  6.132964E-001  1.067990E+000  5.891205E-001  6.452447E-001  3.221137E-001 -6.927497E-001 -4.466493E-001  8.947091E-001  0.000000E+000  6.198094E-001  3.094162E-001  7.211781E-001
  2.020000E+000  6.174222E-001  1.065268E+000  6.047289E-001  6.407986E-001  3.158514E-001 -6.997250E-001 -4.421136E-001  8.969591E-001  0.000000E+000  6.276247E-001  3.093579E-001  7.144123E-001
  2.040000E+000  6.203840E-001  1.062715E+000  6.194499E-001  6.361987E-001  3.098462E-001 -7.065738E-001 -4.378589E-001  8.990437E-001  0.000000E+000  6.352408E-001  3.093796E-001  7.076393E-001
  2.060000E+000  6.213556E-001  1.060626E+000  6.323727E-001  6.312921E-001  3.044398E-001 -7.132929E-001 -4.343766E-001  9.007314E-001  0.000000E+000  6.424853E-001  3.098377E-001  7.008661E-001
  2.080000E+000  6.197198E-001  1.059260E+000  6.427475E-001  6.259515E-001  2.999176E-001 -7.198848E-001 -4.320997E-001  9.018259E-001  0.000000E+000  6.492107E-001  3.110620E-001  6.940936E-001
  2.100000E+000  6.151209E-001  1.058796E+000  6.500590E-001  6.200954E-001  2.964585E-001 -7.263567E-001 -4.313266E-001  9.021958E-001  0.000000E+000  6.553160E-001  3.132970E-001  6.873179E-001
  2.120000E+000  6.074918E-001  1.059298E+000  6.540779E-001  6.137001E-001  2.941010E-001 -7.327187E-001 -4.321636E-001  9.017952E-001  0.000000E+000  6.607623E-001  3.166544E-001  6.805316E-001
  2.140000E+000  5.970552E-001  1.060702E+000  6.548867E-001  6.068038E-001  2.927355E-001 -7.389824E-001 -4.345032E-001  9.006703E-001  0.000000E+000  6.655795E-001  3.210902E-001  6.737247E-001
  2.160000E+000  5.842976E-001  1.062828E+000  6.528769E-001  5.994994E-001  2.921269E-001 -7.451593E-001 -4.380459E-001  8.989526E-001  0.000000E+000  6.698629E-001  3.264140E-001  6.668865E-001
  2.180000E+000  5.699205E-001  1.065415E+000  6.487181E-001  5.919194E-001  2.919594E-001 -7.512597E-001 -4.423582E-001  8.968385E-001  0.000000E+000  6.737586E-001  3.323259E-001  6.600067E-001
  2.200000E+000  5.547716E-001  1.068169E+000  6.432993E-001  5.842161E-001  2.918921E-001 -7.572916E-001 -4.469490E-001  8.945594E-001  0.000000E+000  6.774423E-001  3.384708E-001  6.530769E-001
  2.220000E+000  5.397630E-001  1.070806E+000  6.376485E-001  5.765400E-001  2.916095E-001 -7.632598E-001 -4.513439E-001  8.923501E-001  0.000000E+000  6.810950E-001  3.444926E-001  6.460917E-001
  2.240000E+000  5.257818E-001  1.073084E+000  6.328349E-001  5.690229E-001  2.908569E-001 -7.691653E-001 -4.551395E-001  8.904201E-001  0.000000E+000  6.848802E-001  3.500775E-001  6.390499E-001
  2.260000E+000  5.136026E-001  1.074819E+000  6.298624E-001  5.617672E-001  2.894559E-001 -7.750051E-001 -4.580325E-001  8.889355E-001  0.000000E+000  6.889296E-001  3.549775E-001  6.319549E-001
  2.280000E+000  5.038098E-001  1.075893E+000  6.295649E-001  5.548422E-001  2.873032E-001 -7.807733E-001 -4.598217E-001  8.880113E-001  0.000000E+000  6.933355E-001  3.590165E-001  6.248144E-001
  2.300000E+000  4.967392E-001  1.076238E+000  6.325152E-001  5.482868E-001  2.843587E-001 -7.864615E-001 -4.603961E-001  8.877136E-001  0.000000E+000  6.981526E-001  3.620838E-001  6.176393E-001
  2.320000E+000  4.924459E-001  1.075832E+000  6.389591E-001  5.421115E-001  2.806319E-001 -7.920612E-001 -4.597194E-001  8.880643E-001  0.000000E+000  7.034012E-001  3.641259E-001  6.104417E-001
  2.340000E+000  4.907034E-001  1.074694E+000  6.487837E-001  5.363002E-001  2.761745E-001 -7.975649E-001 -4.578238E-001  8.890429E-001  0.000000E+000  7.090695E-001  3.651442E-001  6.032331E-001
  2.360000E+000  4.910338E-001  1.072890E+000  6.615269E-001  5.308080E-001  2.710811E-001 -8.029682E-001 -4.548174E-001  8.905847E-001  0.000000E+000  7.151112E-001  3.652039E-001  5.960219E-001
  2.380000E+000  4.927641E-001  1.070540E+000  6.764232E-001  5.255590E-001  2.654951E-001 -8.082698E-001 -4.508993E-001  8.925748E-001  0.000000E+000  7.214413E-001  3.644483E-001  5.888123E-001
  2.400000E+000  4.951008E-001  1.067824E+000  6.924834E-001  5.204462E-001  2.596122E-001 -8.134724E-001 -4.463731E-001  8.948469E-001  0.000000E+000  7.279333E-001  3.631122E-001  5.816036E-001
  2.420000E+000  4.972135E-001  1.064986E+000  7.085939E-001  5.153378E-001  2.536761E-001 -8.185813E-001 -4.416439E-001  8.971904E-001  0.000000E+000  7.344233E-001  3.615215E-001  5.743907E-001
  2.440000E+000  4.983172E-001  1.062314E+000  7.236274E-001  5.100906E-001  2.479590E-001 -8.236042E-001 -4.371903E-001  8.993690E-001  0.000000E+000  7.407241E-001  3.600718E-001  5.671650E-001
  2.460000E+000  4.977461E-001  1.060105E+000  7.365524E-001  5.045677E-001  2.427285E-001 -8.285495E-001 -4.335090E-001  9.011493E-001  0.000000E+000  7.466468E-001  3.591836E-001  5.599158E-001
  2.480000E+000  4.950132E-001  1.058624E+000  7.465312E-001  4.986577E-001  2.382062E-001 -8.334256E-001 -4.310398E-001  9.023329E-001  0.000000E+000  7.520274E-001  3.592396E-001  5.526316E-001
  2.500000E+000  4.898506E-001  1.058053E+000  7.530005E-001  4.922910E-001  2.345280E-001 -8.382399E-001 -4.300886E-001  9.027867E-001  0.000000E+000  7.567518E-001  3.605175E-001  5.453016E-001
  2.520000E+000  4.822286E-001  1.058461E+000  7.557263E-001  4.854497E-001  2.317175E-001 -8.429980E-001 -4.307683E-001  9.024626E-001  0.000000E+000  7.607741E-001  3.631368E-001  5.379167E-001
  2.540000E+000  4.723524E-001  1.059785E+000  7.548285E-001  4.781694E-001  2.296811E-001 -8.477031E-001 -4.329758E-001  9.014055E-001  0.000000E+000  7.641243E-001  3.670350E-001  5.304709E-001
  2.560000E+000  4.606374E-001  1.061848E+000  7.507746E-001  4.705335E-001  2.282278E-001 -8.523557E-001 -4.364133E-001  8.997463E-001  0.000000E+000  7.669039E-001  3.719794E-001  5.229625E-001
  2.580000E+000  4.476660E-001  1.064387E+000  7.443403E-001  4.626598E-001  2.271063E-001 -8.569531E-001 -4.406457E-001  8.976811E-001  0.000000E+000  7.692706E-001  3.776127E-001  5.153943E-001
  2.600000E+000  4.341288E-001  1.067106E+000  7.365413E-001  4.546835E-001  2.260501E-001 -8.614896E-001 -4.451774E-001  8.954424E-001  0.000000E+000  7.714143E-001  3.835157E-001  5.077753E-001
  2.620000E+000  4.207569E-001  1.069716E+000  7.285401E-001  4.467402E-001  2.248171E-001 -8.659564E-001 -4.495267E-001  8.932669E-001  0.000000E+000  7.735301E-001  3.892705E-001  5.001195E-001
  2.640000E+000  4.082496E-001  1.071969E+000  7.215350E-001  4.389504E-001  2.232170E-001 -8.703429E-001 -4.532820E-001  8.913672E-001  0.000000E+000  7.757951E-001  3.945107E-001  4.924462E-001
  2.660000E+000  3.972059E-001  1.073678E+000  7.166412E-001  4.314095E-001  2.211214E-001 -8.746377E-001 -4.561301E-001  8.899131E-001  0.000000E+000  7.783516E-001  3.989486E-001  4.847771E-001
  2.680000E+000  3.880653E-001  1.074717E+000  7.147744E-001  4.241839E-001  2.184613E-001 -8.788303E-001 -4.578610E-001  8.890238E-001  0.000000E+000  7.813010E-001  4.023821E-001  4.771345E-001
  2.700000E+000  3.810657E-001  1.075013E+000  7.165521E-001  4.173099E-001  2.152150E-001 -8.829128E-001 -4.583556E-001  8.887689E-001  0.000000E+000  7.847054E-001  4.046880E-001  4.695371E-001
  2.720000E+000  3.762230E-001  1.074543E+000  7.222233E-001  4.107953E-001  2.113971E-001 -8.868813E-001 -4.575721E-001  8.891725E-001  0.000000E+000  7.885905E-001  4.058122E-001  4.619973E-001
  2.740000E+000  3.733349E-001  1.073324E+000  7.316381E-001  4.046195E-001  2.070517E-001 -8.907371E-001 -4.555404E-001  8.902151E-001  0.000000E+000  7.929476E-001  4.057668E-001  4.545188E-001
  2.760000E+000  3.720086E-001  1.071422E+000  7.442620E-001  3.987338E-001  2.022526E-001 -8.944860E-001 -4.523696E-001  8.918306E-001  0.000000E+000  7.977300E-001  4.046383E-001  4.470959E-001
  2.780000E+000  3.717081E-001  1.068958E+000  7.592310E-001  3.930616E-001  1.971079E-001 -8.981375E-001 -4.482633E-001  8.939016E-001  0.000000E+000  8.028465E-001  4.026021E-001  4.397146E-001
  2.800000E+000  3.718138E-001  1.066120E+000  7.754419E-001  3.875013E-001  1.917635E-001 -9.017036E-001 -4.435329E-001  8.962581E-001  0.000000E+000  8.081592E-001  3.999353E-001  4.323546E-001
  2.820000E+000  3.716883E-001  1.063156E+000  7.916640E-001  3.819343E-001  1.863990E-001 -9.051970E-001 -4.385939E-001  8.986854E-001  0.000000E+000  8.134873E-001  3.970139E-001  4.249923E-001
  2.840000E+000  3.707392E-001  1.060362E+000  8.066614E-001  3.762369E-001  1.812136E-001 -9.086294E-001 -4.339370E-001  9.009432E-001  0.000000E+000  8.186235E-001  3.942879E-001  4.176034E-001
  2.860000E+000  3.684753E-001  1.058043E+000  8.193117E-001  3.702955E-001  1.764006E-001 -9.120110E-001 -4.300716E-001  9.027948E-001  0.000000E+000  8.233588E-001  3.922301E-001  4.101657E-001
  2.880000E+000  3.645494E-001  1.056470E+000  8.287130E-001  3.640209E-001  1.721172E-001 -9.153494E-001 -4.274499E-001  9.040391E-001  0.000000E+000  8.275116E-001  3.912659E-001  4.026606E-001
  2.900000E+000  3.587857E-001  1.055832E+000  8.342686E-001  3.573609E-001  1.684546E-001 -9.186491E-001 -4.263870E-001  9.045408E-001  0.000000E+000  8.309556E-001  3.917001E-001  3.950744E-001
  2.920000E+000  3.511908E-001  1.056201E+000  8.357446E-001  3.503063E-001  1.654201E-001 -9.219120E-001 -4.270013E-001  9.042510E-001  0.000000E+000  8.336398E-001  3.936576E-001  3.873994E-001
  2.940000E+000  3.419462E-001  1.057514E+000  8.332936E-001  3.428912E-001  1.629353E-001 -9.251366E-001 -4.291901E-001  9.032142E-001  0.000000E+000  8.355965E-001  3.970594E-001  3.796345E-001
  2.960000E+000  3.313859E-001  1.059590E+000  8.274436E-001  3.351878E-001  1.608533E-001 -9.283186E-001 -4.326505E-001  9.015617E-001  0.000000E+000  8.369365E-001  4.016375E-001  3.717857E-001
  2.980000E+000  3.199591E-001  1.062163E+000  8.190531E-001  3.272951E-001  1.589873E-001 -9.314510E-001 -4.369381E-001  8.994916E-001  0.000000E+000  8.378323E-001  4.069864E-001  3.638668E-001
  3.000000E+000  3.081837E-001  1.064927E+000  8.092338E-001  3.193262E-001  1.571452E-001 -9.345246E-001 -4.415447E-001  8.972392E-001  0.000000E+000  8.384921E-001  4.126344E-001  3.558987E-001
  3.020000E+000  2.965939E-001  1.067585E+000  7.992477E-001  3.113942E-001  1.551584E-001 -9.375284E-001 -4.459744E-001  8.950457E-001  0.000000E+000  8.391308E-001  4.181137E-001  3.479087E-001
  3.040000E+000  2.856871E-001  1.069880E+000  7.903864E-001  3.036000E-001  1.529000E-001 -9.404513E-001 -4.498006E-001  8.931290E-001  0.000000E+000  8.399444E-001  4.230155E-001  3.399284E-001
  3.060000E+000  2.758753E-001  1.071618E+000  7.838428E-001  2.960243E-001  1.502909E-001 -9.432827E-001 -4.526963E-001  8.916648E-001  0.000000E+000  8.410919E-001  4.270206E-001  3.319906E-001
  3.080000E+000  2.674458E-001  1.072664E+000  7.805878E-001  2.887228E-001  1.472950E-001 -9.460145E-001 -4.544395E-001  8.907776E-001  0.000000E+000  8.426885E-001  4.299064E-001  3.241244E-001
  3.100000E+000  2.605354E-001  1.072942E+000  7.812660E-001  2.817242E-001  1.439092E-001 -9.486420E-001 -4.549025E-001  8.905412E-001  0.000000E+000  8.448048E-001  4.315396E-001  3.163517E-001
  3.120000E+000  2.551216E-001  1.072423E+000  7.861239E-001  2.750306E-001  1.401539E-001 -9.511651E-001 -4.540389E-001  8.909818E-001  0.000000E+000  8.474708E-001  4.318660E-001  3.086826E-001
  3.140000E+000  2.510311E-001  1.071127E+000  7.949812E-001  2.686179E-001  1.360672E-001 -9.535880E-001 -4.518788E-001  8.920793E-001  0.000000E+000  8.506762E-001  4.309062E-001  3.011144E-001
  3.160000E+000  2.479644E-001  1.069122E+000  8.072487E-001  2.624377E-001  1.317044E-001 -9.559186E-001 -4.485361E-001  8.937647E-001  0.000000E+000  8.543663E-001  4.287640E-001  2.936317E-001
  3.180000E+000  2.455325E-001  1.066534E+000  8.219906E-001  2.564193E-001  1.271409E-001 -9.581672E-001 -4.442239E-001  8.959158E-001  0.000000E+000  8.584371E-001  4.256407E-001  2.862091E-001
  3.200000E+000  2.433013E-001  1.063560E+000  8.380226E-001  2.504753E-001  1.224740E-001 -9.603449E-001 -4.392662E-001  8.983569E-001  0.000000E+000  8.627325E-001  4.218470E-001  2.788149E-001
  3.220000E+000  2.408381E-001  1.060457E+000  8.540322E-001  2.445094E-001  1.178199E-001 -9.624623E-001 -4.340942E-001  9.008675E-001  0.000000E+000  8.670510E-001  4.177993E-001  2.714155E-001
  3.240000E+000  2.377545E-001  1.057529E+000  8.687087E-001  2.384265E-001  1.133040E-001 -9.645284E-001 -4.292157E-001  9.032020E-001  0.000000E+000  8.711640E-001  4.139907E-001  2.639791E-001
  3.260000E+000  2.337428E-001  1.055094E+000  8.808690E-001  2.321438E-001  1.090438E-001 -9.665499E-001 -4.251574E-001  9.051194E-001  0.000000E+000  8.748431E-001  4.109358E-001  2.564786E-001
  3.280000E+000  2.286017E-001  1.053432E+000  8.895701E-001  2.256005E-001  1.051291E-001 -9.685310E-001 -4.223867E-001  9.064157E-001  0.000000E+000  8.778917E-001  4.090946E-001  2.488930E-001
  3.300000E+000  2.222507E-001  1.052738E+000  8.941969E-001  2.187654E-001  1.016045E-001 -9.704732E-001 -4.212303E-001  9.069537E-001  0.000000E+000  8.801742E-001  4.087928E-001  2.412090E-001
  3.320000E+000  2.147317E-001  1.053087E+000  8.945202E-001  2.116390E-001  9.845981E-002 -9.723757E-001 -4.218119E-001  9.066833E-001  0.000000E+000  8.816369E-001  4.101597E-001  2.334211E-001
  3.340000E+000  2.061985E-001  1.054416E+000  8.907196E-001  2.042531E-001  9.563182E-002 -9.742357E-001 -4.240273E-001  9.056494E-001  0.000000E+000  8.823160E-001  4.131025E-001  2.255322E-001
  3.360000E+000  1.968961E-001  1.056539E+000  8.833690E-001  1.966651E-001  9.301839E-002 -9.760484E-001 -4.275654E-001  9.039844E-001  0.000000E+000  8.823325E-001  4.173245E-001  2.175536E-001
  3.380000E+000  1.871313E-001  1.059181E+000  8.733855E-001  1.889500E-001  9.049938E-002 -9.778076E-001 -4.319681E-001  9.018889E-001  0.000000E+000  8.818738E-001  4.223817E-001  2.095048E-001
  3.400000E+000  1.772392E-001  1.062026E+000  8.619461E-001  1.811914E-001  8.795897E-002 -9.795065E-001 -4.367100E-001  8.996023E-001  0.000000E+000  8.811663E-001  4.277603E-001  2.014128E-001
  3.420000E+000  1.675474E-001  1.064766E+000  8.503780E-001  1.734713E-001  8.530341E-002 -9.811376E-001 -4.412765E-001  8.973712E-001  0.000000E+000  8.804446E-001  4.329530E-001  1.933106E-001
  3.440000E+000  1.583430E-001  1.067133E+000  8.400310E-001  1.658627E-001  8.247056E-002 -9.826943E-001 -4.452224E-001  8.954200E-001  0.000000E+000  8.799242E-001  4.375175E-001  1.852345E-001
  3.460000E+000  1.498447E-001  1.068922E+000  8.321438E-001  1.584228E-001  7.943085E-002 -9.841712E-001 -4.482039E-001  8.939314E-001  0.000000E+000  8.797815E-001  4.411094E-001  1.772203E-001
  3.480000E+000  1.421836E-001  1.069991E+000  8.277163E-001  1.511897E-001  7.618179E-002 -9.855648E-001 -4.499849E-001  8.930362E-001  0.000000E+000  8.801450E-001  4.434893E-001  1.692985E-001
  3.500000E+000  1.353945E-001  1.070257E+000  8.274037E-001  1.441803E-001  7.273956E-002 -9.868744E-001 -4.504279E-001  8.928128E-001  0.000000E+000  8.810941E-001  4.445158E-001  1.614899E-001
  3.520000E+000  1.294177E-001  1.069689E+000  8.314444E-001  1.373897E-001  6.913124E-002 -9.881017E-001 -4.494820E-001  8.932894E-001  0.000000E+000  8.826608E-001  4.441339E-001  1.538020E-001
  3.540000E+000  1.241121E-001  1.068307E+000  8.396335E-001  1.307930E-001  6.539002E-002 -9.892509E-001 -4.471781E-001  8.944449E-001  0.000000E+000  8.848304E-001  4.423714E-001  1.462281E-001
  3.560000E+000  1.192762E-001  1.066182E+000  8.513443E-001  1.243471E-001  6.155386E-002 -9.903277E-001 -4.436370E-001  8.962065E-001  0.000000E+000  8.875382E-001  4.393460E-001  1.387483E-001
  3.580000E+000  1.146741E-001  1.063450E+000  8.655950E-001  1.179953E-001  5.766595E-002 -9.913384E-001 -4.390834E-001  8.984463E-001  0.000000E+000  8.906643E-001  4.352802E-001  1.313326E-001
  3.600000E+000  1.100639E-001  1.060314E+000  8.811520E-001  1.116730E-001  5.377486E-002 -9.922890E-001 -4.338574E-001  9.009816E-001  0.000000E+000  8.940341E-001  4.305119E-001  1.239459E-001
  3.620000E+000  1.052245E-001  1.057046E+000  8.966554E-001  1.053150E-001  4.993214E-002 -9.931845E-001 -4.284093E-001  9.035848E-001  0.000000E+000  8.974265E-001  4.254895E-001  1.165524E-001
  3.640000E+000  9.997777E-002  1.053961E+000  9.107534E-001  9.886257E-002  4.618670E-002 -9.940287E-001 -4.232680E-001  9.060045E-001  0.000000E+000  9.005945E-001  4.207405E-001  1.091193E-001
  3.660000E+000  9.420448E-002  1.051389E+000  9.222326E-001  9.226997E-002  4.257669E-002 -9.948233E-001 -4.189815E-001  9.079948E-001  0.000000E+000  9.032944E-001  4.168126E-001  1.016195E-001
  3.680000E+000  8.785282E-002  1.049622E+000  9.301320E-001  8.550916E-002  3.912132E-002 -9.955690E-001 -4.160361E-001  9.093481E-001  0.000000E+000  9.053188E-001  4.141926E-001  9.403347E-002
  3.700000E+000  8.093855E-002  1.048863E+000  9.338329E-001  7.857182E-002  3.581549E-002 -9.962649E-001 -4.147723E-001  9.099252E-001  0.000000E+000  9.065266E-001  4.132231E-001  8.634975E-002
  3.720000E+000  7.353781E-002  1.049192E+000  9.331160E-001  7.146887E-002  3.262975E-002 -9.969090E-001 -4.153203E-001  9.096752E-001  0.000000E+000  9.068634E-001  4.140366E-001  7.856526E-002
  3.740000E+000  6.577338E-002  1.050544E+000  9.281827E-001  6.422769E-002  2.951632E-002 -9.974987E-001 -4.175738E-001  9.086430E-001  0.000000E+000  9.063702E-001  4.165293E-001  7.068528E-002
  3.760000E+000  5.779641E-002  1.052727E+000  9.196372E-001  5.688762E-002  2.641972E-002 -9.980310E-001 -4.212111E-001  9.069626E-001  0.000000E+000  9.051768E-001  4.203817E-001  6.272323E-002
  3.780000E+000  4.976589E-002  1.055454E+000  9.084314E-001  4.949479E-002  2.328900E-002 -9.985028E-001 -4.257571E-001  9.048375E-001  0.000000E+000  9.034828E-001  4.251197E-001  5.470020E-002
  3.800000E+000  4.182818E-002  1.058399E+000  8.957774E-001  4.209676E-002  2.008796E-002 -9.989116E-001 -4.306653E-001  9.025117E-001  0.000000E+000  9.015294E-001  4.301966E-001  4.664401E-002
  3.820000E+000  3.409940E-002  1.061239E+000  8.830336E-001  3.473788E-002  1.680090E-002 -9.992552E-001 -4.353982E-001  9.002380E-001  0.000000E+000  8.995675E-001  4.350739E-001  3.858744E-002
  3.840000E+000  2.665250E-002  1.063693E+000  8.715733E-001  2.745538E-002  1.343316E-002 -9.995328E-001 -4.394881E-001  8.982484E-001  0.000000E+000  8.978287E-001  4.392827E-001  3.056547E-002
  3.860000E+000  1.951084E-002  1.065543E+000  8.626493E-001  2.027655E-002  1.000722E-002 -9.997443E-001 -4.425710E-001  8.967335E-001  0.000000E+000  8.965042E-001  4.424578E-001  2.261156E-002
  3.880000E+000  1.264891E-002  1.066637E+000  8.572656E-001  1.321651E-002  6.556302E-003 -9.998912E-001 -4.443943E-001  8.958313E-001  0.000000E+000  8.957338E-001  4.443459E-001  1.475334E-002
  3.900000E+000  5.999955E-003  1.066885E+000  8.560712E-001  6.277025E-003  3.117460E-003 -9.999754E-001 -4.448089E-001  8.956255E-001  0.000000E+000  8.956035E-001  4.447980E-001  7.008537E-003
  3.920000E+000 -5.308914E-004  1.066255E+000  8.592914E-001 -5.536613E-004 -2.741648E-004 -9.999998E-001 -4.437584E-001  8.961464E-001  0.000000E+000  8.961463E-001  4.437584E-001 -6.178245E-004
  3.940000E+000 -7.050133E-003  1.064765E+000  8.667022E-001 -7.299372E-003 -3.589404E-003 -9.999669E-001 -4.412750E-001  8.973719E-001  0.000000E+000  8.973422E-001  4.412604E-001 -8.134166E-003
  3.960000E+000 -1.365870E-002  1.062492E+000  8.776557E-001 -1.399268E-002 -6.807661E-003 -9.998789E-001 -4.374870E-001  8.992247E-001  0.000000E+000  8.991158E-001  4.374341E-001 -1.556083E-002
  3.980000E+000 -2.043646E-002  1.059580E+000  8.911494E-001 -2.067000E-002 -9.918836E-003 -9.997371E-001 -4.326331E-001  9.015701E-001  0.000000E+000  9.013331E-001  4.325194E-001 -2.292667E-002
