% FILE: RollingSphereXZControlViaKane.8
%
%       t         P_No_Eo[1]     P_No_Eo[2]     P_No_Eo[3]      N_E[1,1]       N_E[1,2]       N_E[1,3]       N_E[2,1]       N_E[2,2]       N_E[2,3]       N_E[3,1]       N_E[3,2]       N_E[3,3]
%   (second)        (meter)        (meter)        (meter)       (NoUnits)      (NoUnits)      (NoUnits)      (NoUnits)      (NoUnits)      (NoUnits)      (NoUnits)      (NoUnits)      (NoUnits)

  0.000000E+000  1.949494E+000  4.000000E-001  0.000000E+000  1.000000E+000  0.000000E+000  0.000000E+000  0.000000E+000  1.000000E+000  0.000000E+000  0.000000E+000  0.000000E+000  1.000000E+000
  2.000000E-002  1.949438E+000  4.000000E-001  4.009469E-004  1.000000E+000 -1.399910E-004  1.352672E-007  1.399911E-004  9.999995E-001 -1.002367E-003  5.055309E-009  1.002367E-003  9.999995E-001
  4.000000E-002  1.948259E+000  4.000000E-001  1.567582E-003  9.999952E-001 -3.086607E-003  8.074696E-006  3.086615E-003  9.999876E-001 -3.918934E-003  4.021613E-006  3.918940E-003  9.999923E-001
  6.000000E-002  1.944576E+000  4.000000E-001  3.413764E-003  9.999244E-001 -1.229418E-002  6.721688E-005  1.229430E-002  9.998880E-001 -8.533983E-003  3.770896E-005  8.534164E-003  9.999636E-001
  8.000000E-002  1.937290E+000  4.000000E-001  5.819769E-003  9.995346E-001 -3.050364E-002  2.806191E-004  3.050450E-002  9.994288E-001 -1.454558E-002  1.632344E-004  1.454737E-002  9.998942E-001
  1.000000E-001  1.925693E+000  4.000000E-001  8.647520E-003  9.982303E-001 -5.946126E-002  8.091671E-004  5.946485E-002  9.979967E-001 -2.159848E-002  4.767269E-004  2.160838E-002  9.997664E-001
  1.200000E-001  1.909534E+000  4.000000E-001  1.175904E-002  9.950145E-001 -9.971315E-002  1.843320E-003  9.972422E-002  9.945830E-001 -2.932220E-002  1.090474E-003  2.935984E-002  9.995683E-001
  1.400000E-001  1.889045E+000  4.000000E-001  1.503563E-002  9.886038E-001 -1.504987E-001  3.557557E-003  1.505259E-001  9.878994E-001 -3.737250E-002  2.110003E-003  3.748210E-002  9.992951E-001
  1.600000E-001  1.864912E+000  4.000000E-001  1.839520E-002  9.777298E-001 -2.097801E-001  6.062370E-003  2.098364E-001  9.766783E-001 -4.547636E-002  3.619050E-003  4.573570E-002  9.989470E-001
  1.800000E-001  1.838211E+000  4.000000E-001  2.180535E-002  9.615563E-001 -2.744481E-001  9.369173E-003  2.745492E-001  9.600848E-001 -5.347891E-002  5.681986E-003  5.399528E-002  9.985250E-001
  2.000000E-001  1.810294E+000  4.000000E-001  2.529017E-002  9.400720E-001 -3.407135E-001  1.337840E-002  3.408734E-001  9.381030E-001 -6.138539E-002  8.364511E-003  6.226703E-002  9.980245E-001
  2.200000E-001  1.782663E+000  4.000000E-001  2.892972E-002  9.143051E-001 -4.046308E-001  1.789190E-002  4.048553E-001  9.117443E-001 -6.938678E-002  1.176319E-002  7.068432E-002  9.974294E-001
  2.400000E-001  1.756815E+000  4.000000E-001  3.285183E-002  8.862563E-001 -4.626415E-001  2.264129E-002  4.629178E-001  8.829753E-001 -7.785665E-002  1.602802E-002  7.948200E-002  9.967074E-001
  2.600000E-001  1.734093E+000  4.000000E-001  3.721691E-002  8.585504E-001 -5.120009E-001  2.731909E-002  5.122839E-001  8.543663E-001 -8.731215E-002  2.136339E-002  8.895701E-002  9.958063E-001
  2.800000E-001  1.715558E+000  4.000000E-001  4.219741E-002  8.339066E-001 -5.510000E-001  3.160250E-002  5.511947E-001  8.285610E-001 -9.834101E-002  2.800130E-002  9.942635E-002  9.946509E-001
  3.000000E-001  1.701883E+000  4.000000E-001  4.795428E-002  8.145846E-001 -5.789776E-001  3.516915E-002  5.789170E-001  8.077262E-001 -1.115054E-001  3.615207E-002  1.111906E-001  9.931413E-001
  3.200000E-001  1.693280E+000  4.000000E-001  5.461321E-002  8.019532E-001 -5.961952E-001  3.771501E-002  5.956173E-001  7.931268E-001 -1.272392E-001  4.594662E-002  1.245036E-001  9.911548E-001
  3.400000E-001  1.689489E+000  4.000000E-001  6.224370E-002  7.962758E-001 -6.036759E-001  3.898896E-002  6.022055E-001  7.849222E-001 -1.457591E-001  5.738796E-002  1.395438E-001  9.885515E-001
  3.600000E-001  1.689796E+000  4.000000E-001  7.084369E-002  7.967362E-001 -6.030771E-001  3.885315E-002  6.002213E-001  7.822039E-001 -1.670075E-001  7.032729E-002  1.563814E-001  9.851898E-001
  3.800000E-001  1.693106E+000  4.000000E-001  8.033196E-002  8.016670E-001 -5.966020E-001  3.736338E-002  5.917721E-001  7.832375E-001 -1.906431E-001  8.447364E-002  1.749429E-001  9.809481E-001
  4.000000E-001  1.698049E+000  4.000000E-001  9.054967E-002  8.089045E-001 -5.869065E-001  3.484695E-002  5.794704E-001  7.858260E-001 -2.160822E-001  9.943642E-002  1.949827E-001  9.757531E-001
  4.200000E-001  1.703117E+000  4.000000E-001  1.012715E-001  8.161637E-001 -5.769370E-001  3.194569E-002  5.663039E-001  7.876897E-001 -2.425795E-001  1.147898E-001  2.160756E-001  9.696054E-001
  4.400000E-001  1.706808E+000  4.000000E-001  1.122254E-001  8.213407E-001 -5.696697E-001  2.959546E-002  5.553945E-001  7.867672E-001 -2.693218E-001  1.301397E-001  2.376421E-001  9.625954E-001
  4.600000E-001  1.707775E+000  4.000000E-001  1.231196E-001  8.226792E-001 -5.677693E-001  2.893058E-002  5.496577E-001  7.813787E-001 -2.955061E-001  1.451735E-001  2.590086E-001  9.549027E-001
  4.800000E-001  1.704956E+000  4.000000E-001  1.336730E-001  8.188033E-001 -5.732298E-001  3.112321E-002  5.514194E-001  7.702542E-001 -3.203826E-001  1.596801E-001  2.794923E-001  9.467768E-001
  5.000000E-001  1.697679E+000  4.000000E-001  1.436475E-001  8.086771E-001 -5.870762E-001  3.718640E-002  5.620714E-001  7.524907E-001 -3.432688E-001  1.735425E-001  2.984951E-001  9.385008E-001
  5.200000E-001  1.685720E+000  4.000000E-001  1.528763E-001  7.915803E-001 -6.091943E-001  4.777918E-002  5.818392E-001  7.275213E-001 -3.635602E-001  1.867184E-001  3.155869E-001  9.303446E-001
  5.400000E-001  1.669331E+000  4.000000E-001  1.612869E-001  7.671699E-001 -6.383373E-001  6.305410E-002  6.097201E-001  6.951648E-001 -3.807720E-001  1.992280E-001  3.305622E-001  9.225166E-001
  5.600000E-001  1.649206E+000  4.000000E-001  1.689138E-001  7.356382E-001 -6.723216E-001  8.258335E-002  6.436195E-001  6.557592E-001 -3.946313E-001  2.111644E-001  3.434581E-001  9.151208E-001
  5.800000E-001  1.626417E+000  4.000000E-001  1.759014E-001  6.979053E-001 -7.083938E-001  1.053873E-001  6.806774E-001  6.103173E-001 -4.052050E-001  2.227250E-001  3.545294E-001  9.081313E-001
  6.000000E-001  1.602300E+000  4.000000E-001  1.824933E-001  6.557370E-001 -7.437015E-001  1.300658E-001  7.177304E-001  5.606048E-001 -4.130198E-001  2.342479E-001  3.641845E-001  9.013864E-001
  6.200000E-001  1.578329E+000  4.000000E-001  1.890110E-001  6.116890E-001 -7.757644E-001  1.550037E-001  7.518038E-001  5.090542E-001 -4.191121E-001  2.462269E-001  3.728986E-001  8.946055E-001
  6.400000E-001  1.555966E+000  4.000000E-001  1.958223E-001  5.688377E-001 -8.028249E-001  1.785941E-001  7.805093E-001  4.584907E-001 -4.249606E-001  2.592852E-001  3.811280E-001  8.874191E-001
  6.600000E-001  1.536516E+000  4.000000E-001  2.033037E-001  5.303425E-001 -8.239952E-001  1.994211E-001  8.022499E-001  4.117239E-001 -4.322945E-001  2.741022E-001  3.892497E-001  8.794047E-001
  6.800000E-001  1.521003E+000  4.000000E-001  2.117984E-001  4.989470E-001 -8.391883E-001  2.163673E-001  8.162066E-001  3.711133E-001 -4.428112E-001  2.913052E-001  3.975397E-001  8.701169E-001
  7.000000E-001  1.510070E+000  4.000000E-001  2.215776E-001  4.765428E-001 -8.488968E-001  2.286506E-001  8.221726E-001  3.382136E-001 -4.578687E-001  3.113506E-001  4.061843E-001  8.591130E-001
  7.200000E-001  1.503910E+000  4.000000E-001  2.328058E-001  4.638853E-001 -8.539287E-001  2.358307E-001  8.203493E-001  3.135714E-001 -4.782259E-001  3.344211E-001  4.153055E-001  8.459810E-001
  7.400000E-001  1.502259E+000  4.000000E-001  2.455176E-001  4.605069E-001 -8.552009E-001  2.378337E-001  8.112168E-001  2.966900E-001 -5.038873E-001  3.603620E-001  4.249782E-001  8.303811E-001
  7.600000E-001  1.504414E+000  4.000000E-001  2.596058E-001  4.648269E-001 -8.536406E-001  2.350185E-001  7.955319E-001  2.861437E-001 -5.340888E-001  3.886709E-001  4.352235E-001  8.121056E-001
  7.800000E-001  1.509309E+000  4.000000E-001  2.748254E-001  4.744294E-001 -8.501833E-001  2.282656E-001  7.744246E-001  2.798046E-001 -5.674292E-001  4.185491E-001  4.459796E-001  7.911503E-001
  8.000000E-001  1.515621E+000  4.000000E-001  2.908115E-001  4.864519E-001 -8.458064E-001  2.190344E-001  7.495042E-001  2.751385E-001 -6.021148E-001  4.490078E-001  4.570671E-001  7.677771E-001
  8.200000E-001  1.521895E+000  4.000000E-001  3.071116E-001  4.980051E-001 -8.415307E-001  2.093251E-001  7.228701E-001  2.695199E-001 -6.362530E-001  4.790091E-001  4.681722E-001  7.425396E-001
  8.400000E-001  1.526696E+000  4.000000E-001  3.232284E-001  5.065345E-001 -8.383416E-001  2.015095E-001  6.969622E-001  2.605197E-001 -6.681117E-001  5.076086E-001  4.788662E-001  7.162546E-001
  8.600000E-001  1.528740E+000  4.000000E-001  3.386685E-001  5.100518E-001 -8.370345E-001  1.980412E-001  6.742575E-001  2.461249E-001 -6.962753E-001  5.340636E-001  4.886673E-001  6.899133E-001
  8.800000E-001  1.527025E+000  4.000000E-001  3.529942E-001  5.072162E-001 -8.380283E-001  2.010979E-001  6.568821E-001  2.248799E-001 -7.196769E-001  5.578867E-001  4.971294E-001  6.645485E-001
  9.000000E-001  1.520926E+000  4.000000E-001  3.658703E-001  4.973011E-001 -8.412191E-001  2.122314E-001  6.462430E-001  1.959630E-001 -7.375422E-001  5.788450E-001  5.039335E-001  6.410845E-001
  9.200000E-001  1.510253E+000  4.000000E-001  3.771030E-001  4.801224E-001 -8.459403E-001  2.320937E-001  6.427741E-001  1.592271E-001 -7.493251E-001  5.969287E-001  5.089516E-001  6.201971E-001
  9.400000E-001  1.495266E+000  4.000000E-001  3.866650E-001  4.559977E-001 -8.510658E-001  2.602944E-001  6.458579E-001  1.152229E-001 -7.547127E-001  6.123183E-001  5.122604E-001  6.022090E-001
  9.600000E-001  1.476650E+000  4.000000E-001  3.947047E-001  4.257604E-001 -8.552513E-001  2.954205E-001  6.539406E-001  6.519033E-002 -7.537320E-001  6.253717E-001  5.140967E-001  5.870390E-001
  9.800000E-001  1.455440E+000  4.000000E-001  4.015370E-001  3.907996E-001 -8.572621E-001  3.352273E-001  6.648145E-001  1.098685E-002 -7.469277E-001  6.366297E-001  5.147630E-001  5.742139E-001
  1.000000E+000  1.432922E+000  4.000000E-001  4.076166E-001  3.530537E-001 -8.562982E-001  3.769702E-001  6.760013E-001 -4.508291E-002 -7.355201E-001  6.468194E-001  5.145104E-001  5.629420E-001
  1.020000E+000  1.410503E+000  4.000000E-001  4.134964E-001  3.148958E-001 -8.522181E-001  4.178097E-001  6.851411E-001 -1.005333E-001 -7.214393E-001  6.568275E-001  5.134368E-001  5.522321E-001
  1.040000E+000  1.389570E+000  4.000000E-001  4.197732E-001  2.788877E-001 -8.455897E-001  4.551920E-001  6.902877E-001 -1.530123E-001 -7.071705E-001  6.676261E-001  5.114346E-001  5.410269E-001
  1.060000E+000  1.371358E+000  4.000000E-001  4.270277E-001  2.474411E-001 -8.375505E-001  4.871160E-001  6.900481E-001 -2.005855E-001 -6.954129E-001  6.801519E-001  5.082072E-001  5.283170E-001
  1.080000E+000  1.356825E+000  4.000000E-001  4.357636E-001  2.224629E-001 -8.295266E-001  5.122459E-001  6.835651E-001 -2.419218E-001 -6.886310E-001  6.951612E-001  5.033483E-001  5.132168E-001
  1.100000E+000  1.346564E+000  4.000000E-001  4.463533E-001  2.050703E-001 -8.228960E-001  5.298947E-001  6.704059E-001 -2.763541E-001 -6.886105E-001  7.130934E-001  4.964580E-001  4.950023E-001
  1.120000E+000  1.340745E+000  4.000000E-001  4.589944E-001  1.954359E-001 -8.186926E-001  5.399512E-001  6.504515E-001 -3.038419E-001 -6.961271E-001  7.339739E-001  4.872603E-001  4.731382E-001
  1.140000E+000  1.339100E+000  4.000000E-001  4.736833E-001  1.927923E-001 -8.174151E-001  5.428293E-001  6.238635E-001 -3.248887E-001 -7.108035E-001  7.573806E-001  4.756889E-001  4.473194E-001
  1.160000E+000  1.340956E+000  4.000000E-001  4.902087E-001  1.955919E-001 -8.189701E-001  5.394736E-001  5.911493E-001 -3.404634E-001 -7.311820E-001  7.824872E-001  4.619228E-001  4.175417E-001
  1.180000E+000  1.345299E+000  4.000000E-001  5.081657E-001  2.017936E-001 -8.227363E-001  5.313985E-001  5.532809E-001 -3.519411E-001 -7.549952E-001  8.081829E-001  4.463658E-001  3.841848E-001
  1.200000E+000  1.350879E+000  4.000000E-001  5.269907E-001  2.092211E-001 -8.277124E-001  5.206906E-001  5.117807E-001 -3.610424E-001 -7.795697E-001  8.332509E-001  4.295818E-001  3.480695E-001
  1.220000E+000  1.356334E+000  4.000000E-001  5.460132E-001  2.159152E-001 -8.326938E-001  5.099036E-001  4.686918E-001 -3.697373E-001 -8.022607E-001  8.565679E-001  4.122080E-001  3.104449E-001
  1.240000E+000  1.360325E+000  4.000000E-001  5.645208E-001  2.203965E-001 -8.364270E-001  5.018119E-001  4.263962E-001 -3.800854E-001 -8.208053E-001  8.772751E-001  3.948734E-001  2.728798E-001
  1.260000E+000  1.361662E+000  4.000000E-001  5.818293E-001  2.217811E-001 -8.377103E-001  4.990538E-001  3.873094E-001 -3.940144E-001 -8.335131E-001  8.948768E-001  3.781456E-001  2.370681E-001
  1.280000E+000  1.359425E+000  4.000000E-001  5.973530E-001  2.197407E-001 -8.354413E-001  5.037378E-001  3.535308E-001 -4.130660E-001 -8.392809E-001  9.092469E-001  3.625111E-001  2.045869E-001
  1.300000E+000  1.353052E+000  4.000000E-001  6.106666E-001  2.143564E-001 -8.286454E-001  5.171056E-001  3.265349E-001 -4.381573E-001 -8.374922E-001  9.205576E-001  3.483748E-001  1.766598E-001
  1.320000E+000  1.342384E+000  4.000000E-001  6.215519E-001  2.059428E-001 -8.165291E-001  5.393217E-001  3.069683E-001 -4.694115E-001 -8.279030E-001  9.291706E-001  3.360553E-001  1.539766E-001
  1.340000E+000  1.327686E+000  4.000000E-001  6.300263E-001  1.949212E-001 -7.985921E-001  5.694352E-001  2.945786E-001 -5.061017E-001 -8.106075E-001  9.355368E-001  3.257480E-001  1.365982E-001
  1.360000E+000  1.309610E+000  4.000000E-001  6.363463E-001  1.817758E-001 -7.747901E-001  6.055228E-001  2.882709E-001 -5.467405E-001 -7.861137E-001  9.401369E-001  3.174510E-001  1.239652E-001
  1.380000E+000  1.289133E+000  4.000000E-001  6.409882E-001  1.670841E-001 -7.456981E-001  6.449939E-001  2.862707E-001 -5.893155E-001 -7.554842E-001  9.434681E-001  3.108723E-001  1.150063E-001
  1.400000E+000  1.267453E+000  4.000000E-001  6.446053E-001  1.515701E-001 -7.126002E-001  6.850018E-001  2.863628E-001 -6.316315E-001 -7.204429E-001  9.460565E-001  3.053567E-001  1.083257E-001
  1.420000E+000  1.245875E+000  4.000000E-001  6.479665E-001  1.361207E-001 -6.774382E-001  7.228753E-001  2.861630E-001 -6.716778E-001 -6.833445E-001  9.484629E-001  2.998775E-001  1.024285E-001
  1.440000E+000  1.225677E+000  4.000000E-001  6.518811E-001  1.217244E-001 -6.426025E-001  7.564689E-001  2.833766E-001 -7.079160E-001 -6.469564E-001  9.512523E-001  2.931159E-001  9.592785E-002
  1.460000E+000  1.207987E+000  4.000000E-001  6.571186E-001  1.093304E-001 -6.105999E-001  7.843562E-001  2.760051E-001 -7.394087E-001 -6.140814E-001  9.549178E-001  2.836241E-001  8.768883E-002
  1.480000E+000  1.193675E+000  4.000000E-001  6.643292E-001  9.966639E-002 -5.836777E-001  8.058455E-001  2.624844E-001 -7.657677E-001 -5.871131E-001  9.597752E-001  2.700373E-001  7.688503E-002
  1.500000E+000  1.183269E+000  4.000000E-001  6.739761E-001  9.307359E-002 -5.634875E-001  8.208649E-001  2.417690E-001 -7.869779E-001 -5.676386E-001  9.658598E-001  2.512918E-001  6.298696E-002
  1.520000E+000  1.176906E+000  4.000000E-001  6.862833E-001  8.941981E-002 -5.508474E-001  8.298019E-001  2.133921E-001 -8.031972E-001 -5.561816E-001  9.728658E-001  2.268068E-001  4.572475E-002
  1.540000E+000  1.174325E+000  4.000000E-001  7.012082E-001  8.812803E-002 -5.456323E-001  8.333780E-001  1.775249E-001 -8.146363E-001 -5.521346E-001  9.801624E-001  1.966039E-001  2.507103E-002
  1.560000E+000  1.174892E+000  4.000000E-001  7.184388E-001  8.832605E-002 -5.467961E-001  8.325939E-001  1.350263E-001 -8.215729E-001 -5.538825E-001  9.868974E-001  1.613443E-001  1.265545E-003
  1.580000E+000  1.177671E+000  4.000000E-001  7.374191E-001  8.908473E-002 -5.525174E-001  8.287270E-001  8.744646E-002 -8.244836E-001 -5.590884E-001  9.921779E-001  1.222755E-001 -2.513321E-002
  1.600000E+000  1.181517E+000  4.000000E-001  7.573993E-001  8.967929E-002 -5.604453E-001  8.233218E-001  3.693890E-002 -8.242122E-001 -5.650750E-001  9.952855E-001  8.108812E-002 -5.321253E-002
  1.620000E+000  1.185189E+000  4.000000E-001  7.775063E-001  8.979256E-002 -5.680042E-001  8.181128E-001 -1.394106E-002 -8.220673E-001 -5.692196E-001  9.958629E-001  3.970632E-002 -8.173411E-002
  1.640000E+000  1.187476E+000  4.000000E-001  7.968287E-001  8.959201E-002 -5.726990E-001  8.148553E-001 -6.252507E-002 -8.197657E-001 -5.692757E-001  9.940140E-001  5.367206E-005 -1.092525E-001
  1.660000E+000  1.187313E+000  4.000000E-001  8.145071E-001  8.965332E-002 -5.723645E-001  8.150836E-001 -1.063446E-001 -8.192019E-001 -5.635593E-001  9.902793E-001 -3.615474E-002 -1.343120E-001
  1.680000E+000  1.183882E+000  4.000000E-001  8.298212E-001  9.075739E-002 -5.653265E-001  8.198592E-001 -1.433970E-001 -8.220960E-001 -5.509950E-001  9.854950E-001 -6.755851E-002 -1.556774E-001
  1.700000E+000  1.176694E+000  4.000000E-001  8.422644E-001  9.363059E-002 -5.504863E-001  8.295771E-001 -1.723236E-001 -8.296220E-001 -5.310667E-001  9.805804E-001 -9.323159E-002 -1.725398E-001
  1.720000E+000  1.165628E+000  4.000000E-001  8.515988E-001  9.871330E-002 -5.273634E-001  8.438860E-001 -1.924985E-001 -8.421295E-001 -5.037482E-001  9.763196E-001 -1.127201E-001 -1.846460E-001
  1.740000E+000  1.150942E+000  4.000000E-001  8.578846E-001  1.060264E-001 -4.961351E-001  8.617473E-001 -2.040594E-001 -8.590437E-001 -4.694718E-001  9.732000E-001 -1.260712E-001 -1.923223E-001
  1.760000E+000  1.133243E+000  4.000000E-001  8.614791E-001  1.151688E-001 -4.576793E-001  8.816268E-001 -2.079032E-001 -8.789817E-001 -4.291473E-001  9.713457E-001 -1.338686E-001 -1.963843E-001
  1.780000E+000  1.113419E+000  4.000000E-001  8.630070E-001  1.254369E-001 -4.135882E-001  9.017818E-001 -2.056494E-001 -9.000582E-001 -3.841921E-001  9.705534E-001 -1.372590E-001 -1.979547E-001
  1.800000E+000  1.092553E+000  4.000000E-001  8.633030E-001  1.360158E-001 -3.661001E-001  9.205816E-001 -1.995469E-001 -9.202968E-001 -3.365038E-001  9.704024E-001 -1.379294E-001 -1.982290E-001
  1.820000E+000  1.071814E+000  4.000000E-001  8.633320E-001  1.461740E-001 -3.179128E-001  9.367842E-001 -1.923000E-001 -9.380235E-001 -2.883273E-001  9.703885E-001 -1.379977E-001 -1.982493E-001
  1.840000E+000  1.052337E+000  4.000000E-001  8.640951E-001  1.553929E-001 -2.718841E-001  9.497011E-001 -1.868078E-001 -9.521206E-001 -2.420107E-001  9.700288E-001 -1.398048E-001 -1.987429E-001
  1.860000E+000  1.035117E+000  4.000000E-001  8.665302E-001  1.633938E-001 -2.306728E-001  9.592145E-001 -1.858478E-001 -9.620705E-001 -1.997020E-001  9.688979E-001 -1.456378E-001 -2.000664E-001
  1.880000E+000  1.020913E+000  4.000000E-001  8.714172E-001  1.700711E-001 -1.963983E-001  9.656622E-001 -1.917511E-001 -9.678027E-001 -1.630627E-001  9.665957E-001 -1.574345E-001 -2.022549E-001
  1.900000E+000  1.010172E+000  4.000000E-001  8.792974E-001  1.753819E-001 -1.703819E-001  9.696449E-001 -2.061183E-001 -9.694375E-001 -1.330644E-001  9.626819E-001 -1.765245E-001 -2.051407E-001
  1.920000E+000  1.002997E+000  4.000000E-001  8.904151E-001  1.792594E-001 -1.530050E-001  9.718310E-001 -2.296126E-001 -9.670574E-001 -1.099001E-001  9.566317E-001 -2.034440E-001 -2.084860E-001
  1.940000E+000  9.991340E-001  4.000000E-001  9.046885E-001  1.816051E-001 -1.436899E-001  9.728169E-001 -2.618533E-001 -9.606159E-001 -9.300504E-002  9.478673E-001 -2.378452E-001 -2.120784E-001
  1.960000E+000  9.980086E-001  4.000000E-001  9.217117E-001  1.823766E-001 -1.409959E-001  9.730668E-001 -3.014317E-001 -9.500272E-001 -8.116180E-002  9.358834E-001 -2.785112E-001 -2.157633E-001
  1.980000E+000  9.987829E-001  4.000000E-001  9.407905E-001  1.817373E-001 -1.428171E-001  9.729208E-001 -3.460631E-001 -9.353930E-001 -7.266528E-002  9.204411E-001 -3.234860E-001 -2.194195E-001
  2.000000E+000  1.000443E+000  4.000000E-001  9.610062E-001  1.802006E-001 -1.466617E-001  9.726346E-001 -3.928707E-001 -9.172564E-001 -6.552393E-002  9.017651E-001 -3.703122E-001 -2.229092E-001
  2.020000E+000  1.001901E+000  4.000000E-001  9.813037E-001  1.786911E-001 -1.499719E-001  9.724083E-001 -4.387583E-001 -8.967522E-001 -5.767685E-002  8.806592E-001 -4.163458E-001 -2.260431E-001
  2.040000E+000  1.002103E+000  4.000000E-001  1.000594E+000  1.784742E-001 -1.504268E-001  9.723779E-001 -4.807930E-001 -8.755627E-001 -4.720282E-002  8.584783E-001 -4.590880E-001 -2.285895E-001
  2.060000E+000  1.000131E+000  4.000000E-001  1.017864E+000  1.809551E-001 -1.461702E-001  9.725685E-001 -5.165112E-001 -8.556635E-001 -3.249862E-002  8.369417E-001 -4.964618E-001 -2.303352E-001
  2.080000E+000  9.952908E-001  4.000000E-001  1.032274E+000  1.873988E-001 -1.359326E-001  9.728330E-001 -5.440926E-001 -8.389333E-001 -1.241328E-002  8.178294E-001 -5.269850E-001 -2.311750E-001
  2.100000E+000  9.871781E-001  4.000000E-001  1.043249E+000  1.986488E-001 -1.190582E-001  9.728123E-001 -5.624097E-001 -8.267458E-001  1.366256E-002  8.026419E-001 -5.498332E-001 -2.311915E-001
  2.120000E+000  9.757119E-001  4.000000E-001  1.050535E+000  2.149230E-001 -9.547759E-002  9.719528E-001 -5.710102E-001 -8.196674E-001  4.574640E-002  7.923102E-001 -5.648269E-001 -2.306840E-001
  2.140000E+000  9.611375E-001  4.000000E-001  1.054234E+000  2.357391E-001 -6.566897E-002  9.695951E-001 -5.701027E-001 -8.173444E-001  8.325263E-002  7.870260E-001 -5.723947E-001 -2.301181E-001
  2.160000E+000  9.439972E-001  4.000000E-001  1.054795E+000  2.599884E-001 -3.062759E-002  9.651259E-001 -5.605820E-001 -8.186052E-001  1.250333E-001  7.862276E-001 -5.735394E-001 -2.299971E-001
  2.180000E+000  9.250721E-001  4.000000E-001  1.052973E+000  2.861394E-001  8.174260E-003  9.581531E-001 -5.440736E-001 -8.217401E-001  1.694907E-001  7.887383E-001 -5.698038E-001 -2.306848E-001
  2.200000E+000  9.053013E-001  4.000000E-001  1.049765E+000  3.125207E-001  4.887194E-002  9.486529E-001 -5.229303E-001 -8.248751E-001  2.147675E-001  7.930162E-001 -5.631986E-001 -2.322339E-001
  2.220000E+000  8.856870E-001  4.000000E-001  1.046306E+000  3.376068E-001  8.936541E-002  9.370355E-001 -5.001087E-001 -8.263257E-001  2.589923E-001  7.974415E-001 -5.560572E-001 -2.342807E-001
  2.240000E+000  8.671956E-001  4.000000E-001  1.043763E+000  3.602301E-001  1.275444E-001  9.241032E-001 -4.788963E-001 -8.248294E-001  3.005241E-001  8.005577E-001 -5.508074E-001 -2.360479E-001
  2.260000E+000  8.506629E-001  4.000000E-001  1.043220E+000  3.796714E-001  1.615443E-001  9.109078E-001 -4.625161E-001 -8.196013E-001  3.381308E-001  8.012044E-001 -5.496882E-001 -2.364623E-001
  2.280000E+000  8.367151E-001  4.000000E-001  1.045566E+000  3.956251E-001  1.899778E-001  8.985484E-001 -4.536895E-001 -8.102337E-001  3.710622E-001  7.985278E-001 -5.544635E-001 -2.343579E-001
  2.300000E+000  8.257113E-001  4.000000E-001  1.051407E+000  4.080905E-001  2.120972E-001  8.879622E-001 -4.542460E-001 -7.965205E-001  3.990184E-001  7.919108E-001 -5.661889E-001 -2.287081E-001
  2.320000E+000  8.177128E-001  4.000000E-001  1.061000E+000  4.172566E-001  2.278614E-001  8.797591E-001 -4.648549E-001 -7.783153E-001  4.220607E-001  7.809013E-001 -5.850680E-001 -2.188347E-001
  2.340000E+000  8.124835E-001  4.000000E-001  1.074225E+000  4.234446E-001  2.379045E-001  8.741259E-001 -4.849221E-001 -7.555045E-001  4.405265E-001  7.652093E-001 -6.104215E-001 -2.045492E-001
  2.360000E+000  8.095186E-001  4.000000E-001  1.090594E+000  4.271266E-001  2.434168E-001  8.708106E-001 -5.126689E-001 -7.281170E-001  4.549904E-001  7.448043E-001 -6.407761E-001 -1.862059E-001
  2.380000E+000  8.080995E-001  4.000000E-001  1.109288E+000  4.289948E-001  2.459526E-001  8.691782E-001 -5.453877E-001 -6.965177E-001  4.662782E-001  7.200803E-001 -6.740700E-001 -1.646630E-001
  2.400000E+000  8.073685E-001  4.000000E-001  1.129243E+000  4.300213E-001  2.471957E-001  8.683179E-001 -5.798333E-001 -6.615864E-001  4.754963E-001  6.920080E-001 -7.079532E-001 -1.411640E-001
  2.420000E+000  8.064162E-001  4.000000E-001  1.149248E+000  4.314460E-001  2.487220E-001  8.671745E-001 -6.126770E-001 -6.247782E-001  4.840238E-001  6.621791E-001 -7.401281E-001 -1.171719E-001
  2.440000E+000  8.043715E-001  4.000000E-001  1.168062E+000  4.346613E-001  2.518097E-001  8.646742E-001 -6.409207E-001 -5.880091E-001  4.934227E-001  6.326849E-001 -7.686593E-001 -9.419477E-002
  2.460000E+000  8.004867E-001  4.000000E-001  1.184540E+000  4.410052E-001  2.573342E-001  8.598218E-001 -6.621828E-001 -5.533811E-001  5.052558E-001  6.058287E-001 -7.921796E-001 -7.364169E-002
  2.480000E+000  7.942078E-001  4.000000E-001  1.197748E+000  4.515177E-001  2.657579E-001  8.517655E-001 -6.748177E-001 -5.228226E-001  5.208432E-001  5.837404E-001 -8.099564E-001 -5.672550E-002
  2.500000E+000  7.852252E-001  4.000000E-001  1.207052E+000  4.667265E-001  2.771914E-001  8.398401E-001 -6.779024E-001 -4.977462E-001  5.410149E-001  5.679919E-001 -8.218355E-001 -4.440261E-002
  2.520000E+000  7.734984E-001  4.000000E-001  1.212191E+000  4.865220E-001  2.914806E-001  8.236112E-001 -6.711703E-001 -4.788096E-001  5.659257E-001  5.593093E-001 -8.281186E-001 -3.731827E-002
  2.540000E+000  7.592540E-001  4.000000E-001  1.213303E+000  5.101538E-001  3.082774E-001  8.029372E-001 -6.549750E-001 -4.658246E-001  5.949918E-001  5.574504E-001 -8.294411E-001 -3.572821E-002
  2.560000E+000  7.429575E-001  4.000000E-001  1.210917E+000  5.363533E-001  3.270751E-001  7.780405E-001 -6.303166E-001 -4.578206E-001  6.269778E-001  5.612719E-001 -8.266935E-001 -3.939270E-002
  2.580000E+000  7.252618E-001  4.000000E-001  1.205903E+000  5.635572E-001  3.472171E-001  7.495622E-001 -5.988973E-001 -4.532322E-001  6.602292E-001  5.689686E-001 -8.209878E-001 -4.747488E-002
  2.600000E+000  7.069389E-001  4.000000E-001  1.199390E+000  5.901813E-001  3.679059E-001  7.185619E-001 -5.631246E-001 -4.501601E-001  6.929982E-001  5.784260E-001 -8.136345E-001 -5.849923E-002
  2.620000E+000  6.888011E-001  4.000000E-001  1.192658E+000  6.148776E-001  3.882442E-001  6.864343E-001 -5.259843E-001 -4.466450E-001  7.237740E-001  5.875935E-001 -8.060860E-001 -7.042163E-002
  2.640000E+000  6.716198E-001  4.000000E-001  1.187012E+000  6.367105E-001  4.073179E-001  6.547457E-001 -4.907538E-001 -4.408919E-001  7.515151E-001  5.947777E-001 -7.998165E-001 -8.082771E-002
  2.660000E+000  6.560516E-001  4.000000E-001  1.183652E+000  6.552148E-001  4.243110E-001  6.250230E-001 -4.605956E-001 -4.314100E-001  7.757172E-001  5.987865E-001 -7.961442E-001 -8.723038E-002
  2.680000E+000  6.425756E-001  4.000000E-001  1.183555E+000  6.703397E-001  4.386253E-001  5.985420E-001 -4.381192E-001 -4.170657E-001  7.963088E-001  5.989125E-001 -7.960302E-001 -8.740555E-002
  2.700000E+000  6.314517E-001  4.000000E-001  1.187375E+000  6.823252E-001  4.499697E-001  5.761593E-001 -4.250101E-001 -3.970872E-001  8.134422E-001  5.948099E-001 -7.999056E-001 -7.970098E-002
  2.720000E+000  6.227002E-001  4.000000E-001  1.195378E+000  6.915725E-001  4.583965E-001  5.582116E-001 -4.217952E-001 -3.710691E-001  8.272826E-001  5.863585E-001 -8.075768E-001 -6.327171E-002
  2.740000E+000  6.161066E-001  4.000000E-001  1.207407E+000  6.985605E-001  4.642703E-001  5.444871E-001 -4.277800E-001 -3.390148E-001  8.378981E-001  5.736004E-001 -8.182433E-001 -3.821680E-002
  2.760000E+000  6.112489E-001  4.000000E-001  1.222900E+000  7.038264E-001  4.681758E-001  5.342657E-001 -4.411581E-001 -3.014145E-001  8.452980E-001  5.567835E-001 -8.306387E-001 -5.603987E-003
  2.780000E+000  6.075451E-001  4.000000E-001  1.240939E+000  7.079897E-001  4.707820E-001  5.264170E-001 -4.592766E-001 -2.593152E-001  8.496003E-001  5.364845E-001 -8.432793E-001  3.262666E-002
  2.800000E+000  6.043146E-001  4.000000E-001  1.260337E+000  7.117781E-001  4.726970E-001  5.195474E-001 -4.790131E-001 -2.143221E-001  8.512417E-001  5.137299E-001 -8.547652E-001  7.387831E-002
  2.820000E+000  6.008489E-001  4.000000E-001  1.279756E+000  7.160116E-001  4.743496E-001  5.121716E-001 -4.971962E-001 -1.684875E-001  8.511215E-001  4.900237E-001 -8.640627E-001  1.152058E-001
  2.840000E+000  5.964814E-001  4.000000E-001  1.297836E+000  7.215243E-001  4.759334E-001  5.028818E-001 -5.109834E-001 -1.240883E-001  8.505869E-001  4.672244E-001 -8.706834E-001  1.536614E-001
  2.860000E+000  5.906526E-001  4.000000E-001  1.313327E+000  7.290340E-001  4.774246E-001  4.904847E-001 -5.181245E-001 -8.333794E-002  8.512355E-001  4.472768E-001 -8.747117E-001  1.866092E-001
  2.880000E+000  5.829619E-001  4.000000E-001  1.325220E+000  7.389993E-001  4.786635E-001  4.740900E-001 -5.170811E-001 -4.810661E-002  8.545834E-001  4.318647E-001 -8.766796E-001  2.119571E-001
  2.900000E+000  5.732023E-001  4.000000E-001  1.332842E+000  7.515073E-001  4.794635E-001  4.531573E-001 -5.070329E-001 -1.970395E-002  8.617015E-001  4.220834E-001 -8.773406E-001  2.282961E-001
  2.920000E+000  5.613745E-001  4.000000E-001  1.335929E+000  7.662303E-001  4.797090E-001  4.275165E-001 -4.878342E-001  1.248909E-003  8.729354E-001  4.182211E-001 -8.774267E-001  2.349754E-001
  2.940000E+000  5.476810E-001  4.000000E-001  1.334651E+000  7.824676E-001  4.794082E-001  3.973817E-001 -4.599848E-001  1.486594E-002  8.878023E-001  4.197123E-001 -8.774661E-001  2.321526E-001
  2.960000E+000  5.324986E-001  4.000000E-001  1.329605E+000  7.992679E-001  4.786886E-001  3.633568E-001 -4.246323E-001  2.197890E-002  9.050991E-001  4.252744E-001 -8.777096E-001  2.208336E-001
  2.980000E+000  5.163362E-001  4.000000E-001  1.321753E+000  8.156056E-001  4.777442E-001  3.264169E-001 -3.835731E-001  2.406599E-002  9.231969E-001  4.331964E-001 -8.781693E-001  2.028782E-001
  3.000000E+000  4.997795E-001  4.000000E-001  1.312329E+000  8.305699E-001  4.767610E-001  2.878414E-001 -3.391899E-001  2.312515E-002  9.404336E-001  4.417057E-001 -8.787288E-001  1.809196E-001
  3.020000E+000  4.834304E-001  4.000000E-001  1.302726E+000  8.435171E-001  4.758508E-001  2.490883E-001 -2.942739E-001  2.149043E-002  9.554795E-001  4.493127E-001 -8.792634E-001  1.581580E-001
  3.040000E+000  4.678471E-001  4.000000E-001  1.294353E+000  8.541495E-001  4.750210E-001  2.116215E-001 -2.517325E-001  2.160233E-002  9.675557E-001  4.550378E-001 -8.797093E-001  1.380298E-001
  3.060000E+000  4.534899E-001  4.000000E-001  1.288498E+000  8.625044E-001  4.741875E-001  1.767268E-001 -2.142342E-001  2.575848E-002  9.764426E-001  4.584646E-001 -8.800470E-001  1.238040E-001
  3.080000E+000  4.406795E-001  4.000000E-001  1.286201E+000  8.688686E-001  4.732220E-001  1.453557E-001 -1.838708E-001  3.587602E-002  9.822955E-001  4.596291E-001 -8.802124E-001  1.181833E-001
  3.100000E+000  4.295699E-001  4.000000E-001  1.288149E+000  8.736581E-001  4.720079E-001  1.180257E-001 -1.619073E-001  5.328963E-002  9.853660E-001  4.588111E-001 -8.799822E-001  1.229785E-001
  3.120000E+000  4.201399E-001  4.000000E-001  1.294606E+000  8.773065E-001  4.704774E-001  9.478594E-002 -1.486540E-001  7.859850E-002  9.857608E-001  4.563281E-001 -8.789046E-001  1.388933E-001
  3.140000E+000  4.122019E-001  4.000000E-001  1.305387E+000  8.801941E-001  4.686117E-001  7.524187E-002 -1.434605E-001  1.115726E-001  9.833467E-001  4.524129E-001 -8.763302E-001  1.654328E-001
  3.160000E+000  4.054270E-001  4.000000E-001  1.319868E+000  8.826273E-001  4.664031E-001  5.862772E-002 -1.448170E-001  1.511363E-001  9.778476E-001  4.472103E-001 -8.715652E-001  2.009401E-001
  3.180000E+000  3.993841E-001  4.000000E-001  1.337053E+000  8.848538E-001  4.637942E-001  4.391611E-002 -1.505434E-001  1.954537E-001  9.690895E-001  4.408745E-001 -8.641139E-001  2.427691E-001
  3.200000E+000  3.935865E-001  4.000000E-001  1.355662E+000  8.870897E-001  4.606243E-001  2.995242E-002 -1.580475E-001  2.421265E-001  9.572856E-001  4.336967E-001 -8.539321E-001  2.875884E-001
  3.220000E+000  3.875437E-001  4.000000E-001  1.374263E+000  8.895305E-001  4.566096E-001  1.559633E-002 -1.646223E-001  2.884865E-001  9.432258E-001  4.261866E-001 -8.415956E-001  3.317857E-001
  3.240000E+000  3.808104E-001  4.000000E-001  1.391407E+000  8.923349E-001  4.513740E-001 -1.527684E-004 -1.677392E-001  3.319229E-001  9.282730E-001  4.190490E-001 -8.283047E-001  3.718995E-001
  3.260000E+000  3.730290E-001  4.000000E-001  1.405775E+000  8.955840E-001  4.445254E-001 -1.806714E-002 -1.652925E-001  3.701684E-001  9.141410E-001  4.130468E-001 -8.157037E-001  4.049937E-001
  3.280000E+000  3.639620E-001  4.000000E-001  1.416305E+000  8.992345E-001  4.357564E-001 -3.864736E-002 -1.557673E-001  4.014889E-001  9.025205E-001  4.087955E-001 -8.055576E-001  4.289093E-001
  3.300000E+000  3.535099E-001  4.000000E-001  1.422301E+000  9.030896E-001  4.249362E-001 -6.211647E-002 -1.383298E-001  4.247652E-001  8.946728E-001  4.065638E-001 -7.993771E-001  4.423824E-001
  3.320000E+000  3.417151E-001  4.000000E-001  1.423502E+000  9.068056E-001  4.121688E-001 -8.843384E-002 -1.128638E-001  4.395061E-001  8.911207E-001  4.061594E-001 -7.980923E-001  4.450655E-001
  3.340000E+000  3.287504E-001  4.000000E-001  1.420109E+000  9.099421E-001  3.977976E-001 -1.173138E-001 -7.997002E-002  4.458469E-001  8.915298E-001  4.069524E-001 -8.018589E-001  4.375067E-001
  3.360000E+000  3.148952E-001  4.000000E-001  1.412769E+000  9.120454E-001  3.823563E-001 -1.482458E-001 -4.093162E-002  4.445677E-001  8.948096E-001  4.080414E-001 -8.100390E-001  4.211164E-001
  3.380000E+000  3.005013E-001  4.000000E-001  1.402510E+000  9.127455E-001  3.664776E-001 -1.805266E-001  2.378676E-003  4.371197E-001  8.994002E-001  4.085218E-001 -8.213529E-001  3.981072E-001
  3.400000E+000  2.859540E-001  4.000000E-001  1.390646E+000  9.118380E-001  3.507810E-001 -2.133169E-001  4.767104E-002  4.256093E-001  9.036505E-001  4.077731E-001 -8.341519E-001  3.713646E-001
  3.420000E+000  2.716302E-001  4.000000E-001  1.378645E+000  9.093272E-001  3.357706E-001 -2.457279E-001  9.248958E-002  4.126840E-001  9.061664E-001  4.056720E-001 -8.467291E-001  3.442095E-001
  3.440000E+000  2.578606E-001  4.000000E-001  1.367985E+000  9.054152E-001  3.217674E-001 -2.769279E-001  1.345018E-001  4.012915E-001  9.060212E-001  4.026569E-001 -8.575727E-001  3.200571E-001
  3.460000E+000  2.448984E-001  4.000000E-001  1.360013E+000  9.004449E-001  3.088904E-001 -3.062446E-001  1.717618E-001  3.943369E-001  9.027715E-001  3.996209E-001 -8.654971E-001  3.020231E-001
  3.480000E+000  2.328975E-001  4.000000E-001  1.355803E+000  8.948146E-001  2.970798E-001 -3.332422E-001  2.028905E-001  3.942973E-001  8.963064E-001  3.976710E-001 -8.696397E-001  2.925484E-001
  3.500000E+000  2.219026E-001  4.000000E-001  1.356060E+000  8.888933E-001  2.861466E-001 -3.577553E-001  2.271511E-001  4.028717E-001  8.866210E-001  3.978331E-001 -8.693760E-001  2.931114E-001
  3.520000E+000  2.118515E-001  4.000000E-001  1.361041E+000  8.829571E-001  2.758216E-001 -3.798805E-001  2.444413E-001  4.207267E-001  8.736346E-001  4.007932E-001 -8.642404E-001  3.040615E-001
  3.540000E+000  2.025879E-001  4.000000E-001  1.370532E+000  8.771608E-001  2.657890E-001 -3.999313E-001  2.552431E-001  4.473846E-001  8.571452E-001  4.067429E-001 -8.539340E-001  3.245875E-001
  3.560000E+000  1.938845E-001  4.000000E-001  1.383867E+000  8.715409E-001  2.557000E-001 -4.183706E-001  2.605648E-001  4.812733E-001  8.369480E-001  4.153582E-001 -8.384471E-001  3.528230E-001
  3.580000E+000  1.854712E-001  4.000000E-001  1.399994E+000  8.660412E-001  2.451777E-001 -4.357300E-001  2.618803E-001  5.199433E-001  8.130669E-001  4.259007E-001 -8.182585E-001  3.860851E-001
  3.600000E+000  1.770677E-001  4.000000E-001  1.417572E+000  8.605462E-001  2.338285E-001 -4.525312E-001  2.610472E-001  5.604213E-001  7.859913E-001  4.373953E-001 -7.945138E-001  4.212281E-001
  3.620000E+000  1.684135E-001  4.000000E-001  1.435111E+000  8.549097E-001  2.212714E-001 -4.692210E-001  2.601754E-001  5.996317E-001  7.568029E-001  4.488186E-001 -7.690779E-001  4.550616E-001
  3.640000E+000  1.592953E-001  4.000000E-001  1.451110E+000  8.489704E-001  2.071877E-001 -4.861302E-001  2.614362E-001  6.347886E-001  7.271139E-001  4.592389E-001 -7.443902E-001  4.847503E-001
  3.660000E+000  1.495665E-001  4.000000E-001  1.464209E+000  8.425556E-001  1.913786E-001 -5.034623E-001  2.668273E-001  6.636686E-001  6.988184E-001  4.678710E-001 -7.231308E-001  5.081127E-001
  3.680000E+000  1.391583E-001  4.000000E-001  1.473323E+000  8.354803E-001  1.738145E-001 -5.213072E-001  2.779290E-001  6.847236E-001  6.737277E-001  4.740550E-001 -7.077726E-001  5.237650E-001
  3.700000E+000  1.280816E-001  4.000000E-001  1.477749E+000  8.275516E-001  1.546602E-001 -5.396652E-001  2.956941E-001  6.970609E-001  6.532007E-001  4.772037E-001 -7.001331E-001  5.311217E-001
  3.720000E+000  1.164191E-001  4.000000E-001  1.477234E+000  8.185850E-001  1.342660E-001 -5.584723E-001  3.203073E-001  7.003715E-001  6.378738E-001  4.767828E-001 -7.010366E-001  5.303072E-001
  3.740000E+000  1.043100E-001  4.000000E-001  1.472005E+000  8.084336E-001  1.131257E-001 -5.776138E-001  3.511414E-001  6.948914E-001  6.275553E-001  4.723715E-001 -7.101609E-001  5.220504E-001
  3.760000E+000  9.192899E-002  4.000000E-001  1.462743E+000  7.970215E-001  9.180679E-002 -5.969324E-001  3.868305E-001  6.814337E-001  6.212972E-001  4.638092E-001 -7.260989E-001  5.076037E-001
  3.780000E+000  7.946276E-002  4.000000E-001  1.450521E+000  7.843686E-001  7.086622E-002 -6.162336E-001  4.254612E-001  6.614656E-001  6.176132E-001  4.513852E-001 -7.466198E-001  4.886821E-001
  3.800000E+000  6.708624E-002  4.000000E-001  1.436695E+000  7.705953E-001  5.076707E-002 -6.352996E-001  4.648606E-001  6.371482E-001  6.147738E-001  4.359903E-001 -7.690675E-001  4.673838E-001
  3.820000E+000  5.494212E-002  4.000000E-001  1.422774E+000  7.559007E-001  3.181447E-002 -6.539128E-001  5.029202E-001  6.112536E-001  6.110975E-001  4.191483E-001 -7.907951E-001  4.460469E-001
  3.840000E+000  4.312573E-002  4.000000E-001  1.410271E+000  7.405208E-001  1.412287E-002 -6.718850E-001  5.378765E-001  5.869163E-001  6.051596E-001  4.028868E-001 -8.095244E-001  4.270274E-001
  3.860000E+000  3.167677E-002  4.000000E-001  1.400552E+000  7.246785E-001 -2.381489E-003 -6.890830E-001  5.684745E-001  5.672429E-001  5.958794E-001  3.894584E-001 -8.235471E-001  4.124226E-001
  3.880000E+000  2.057881E-002  4.000000E-001  1.394706E+000  7.085418E-001 -1.792936E-002 -7.054410E-001  5.939888E-001  5.548640E-001  5.824974E-001  3.809801E-001 -8.317478E-001  4.037942E-001
  3.900000E+000  9.766169E-003  4.000000E-001  1.393433E+000  6.922019E-001 -3.286177E-002 -7.209554E-001  6.141312E-001  5.515286E-001  5.644990E-001  3.790770E-001 -8.335085E-001  4.019505E-001
  3.920000E+000 -8.630881E-004  4.000000E-001  1.396979E+000  6.756747E-001 -4.758004E-002 -7.356629E-001  6.289217E-001  5.578270E-001  5.415593E-001  3.846052E-001 -8.285923E-001  4.068337E-001
  3.940000E+000 -1.142976E-002  4.000000E-001  1.405108E+000  6.589220E-001 -6.249947E-002 -7.496103E-001  6.386039E-001  5.730955E-001  5.135628E-001  3.975009E-001 -8.171018E-001  4.175376E-001
  3.960000E+000 -2.205431E-002  4.000000E-001  1.417125E+000  6.418831E-001 -7.800686E-002 -7.628244E-001  6.436480E-001  5.955179E-001  4.807034E-001  4.167774E-001 -7.995458E-001  4.324618E-001
  3.980000E+000 -3.283846E-002  4.000000E-001  1.431949E+000  6.245066E-001 -9.441929E-002 -7.752912E-001  6.448308E-001  6.224113E-001  4.436184E-001  4.406639E-001 -7.769743E-001  4.495845E-001
