% FILE: RollingSphereXZControlViaKane.7
%
%       t         P_No_Do[1]     P_No_Do[2]     P_No_Do[3]      N_D[1,1]       N_D[1,2]       N_D[1,3]       N_D[2,1]       N_D[2,2]       N_D[2,3]       N_D[3,1]       N_D[3,2]       N_D[3,3]
%   (second)        (meter)        (meter)        (meter)       (NoUnits)      (NoUnits)      (NoUnits)      (NoUnits)      (NoUnits)      (NoUnits)      (NoUnits)      (NoUnits)      (NoUnits)

  0.000000E+000  1.949494E+000  8.000000E-001  0.000000E+000  1.000000E+000  0.000000E+000  0.000000E+000  0.000000E+000  1.000000E+000  0.000000E+000  0.000000E+000  0.000000E+000  1.000000E+000
  2.000000E-002  1.949438E+000  8.000000E-001  4.009469E-004  1.000000E+000  0.000000E+000 -2.056731E-004  0.000000E+000  1.000000E+000  0.000000E+000  2.056731E-004  0.000000E+000  1.000000E+000
  4.000000E-002  1.948259E+000  8.000000E-001  1.567582E-003  9.999997E-001  0.000000E+000 -8.046061E-004  0.000000E+000  1.000000E+000  0.000000E+000  8.046061E-004  0.000000E+000  9.999997E-001
  6.000000E-002  1.944576E+000  8.000000E-001  3.413764E-003  9.999985E-001  0.000000E+000 -1.755529E-003  0.000000E+000  1.000000E+000  0.000000E+000  1.755529E-003  0.000000E+000  9.999985E-001
  8.000000E-002  1.937290E+000  8.000000E-001  5.819769E-003  9.999955E-001  0.000000E+000 -3.004064E-003  0.000000E+000  1.000000E+000  0.000000E+000  3.004064E-003  0.000000E+000  9.999955E-001
  1.000000E-001  1.925693E+000  8.000000E-001  8.647520E-003  9.999899E-001  0.000000E+000 -4.490557E-003  0.000000E+000  1.000000E+000  0.000000E+000  4.490557E-003  0.000000E+000  9.999899E-001
  1.200000E-001  1.909534E+000  8.000000E-001  1.175904E-002  9.999810E-001  0.000000E+000 -6.157949E-003  0.000000E+000  1.000000E+000  0.000000E+000  6.157949E-003  0.000000E+000  9.999810E-001
  1.400000E-001  1.889045E+000  8.000000E-001  1.503563E-002  9.999683E-001  0.000000E+000 -7.959128E-003  0.000000E+000  1.000000E+000  0.000000E+000  7.959128E-003  0.000000E+000  9.999683E-001
  1.600000E-001  1.864912E+000  8.000000E-001  1.839520E-002  9.999514E-001  0.000000E+000 -9.863363E-003  0.000000E+000  1.000000E+000  0.000000E+000  9.863363E-003  0.000000E+000  9.999514E-001
  1.800000E-001  1.838211E+000  8.000000E-001  2.180535E-002  9.999297E-001  0.000000E+000 -1.186144E-002  0.000000E+000  1.000000E+000  0.000000E+000  1.186144E-002  0.000000E+000  9.999297E-001
  2.000000E-001  1.810294E+000  8.000000E-001  2.529017E-002  9.999024E-001  0.000000E+000 -1.396883E-002  0.000000E+000  1.000000E+000  0.000000E+000  1.396883E-002  0.000000E+000  9.999024E-001
  2.200000E-001  1.782663E+000  8.000000E-001  2.892972E-002  9.998683E-001  0.000000E+000 -1.622623E-002  0.000000E+000  1.000000E+000  0.000000E+000  1.622623E-002  0.000000E+000  9.998683E-001
  2.400000E-001  1.756815E+000  8.000000E-001  3.285183E-002  9.998252E-001  0.000000E+000 -1.869639E-002  0.000000E+000  1.000000E+000  0.000000E+000  1.869639E-002  0.000000E+000  9.998252E-001
  2.600000E-001  1.734093E+000  8.000000E-001  3.721691E-002  9.997698E-001  0.000000E+000 -2.145695E-002  0.000000E+000  1.000000E+000  0.000000E+000  2.145695E-002  0.000000E+000  9.997698E-001
  2.800000E-001  1.715558E+000  8.000000E-001  4.219741E-002  9.996976E-001  0.000000E+000 -2.458946E-002  0.000000E+000  1.000000E+000  0.000000E+000  2.458946E-002  0.000000E+000  9.996976E-001
  3.000000E-001  1.701883E+000  8.000000E-001  4.795428E-002  9.996033E-001  0.000000E+000 -2.816602E-002  0.000000E+000  1.000000E+000  0.000000E+000  2.816602E-002  0.000000E+000  9.996033E-001
  3.200000E-001  1.693280E+000  8.000000E-001  5.461321E-002  9.994803E-001  0.000000E+000 -3.223614E-002  0.000000E+000  1.000000E+000  0.000000E+000  3.223614E-002  0.000000E+000  9.994803E-001
  3.400000E-001  1.689489E+000  8.000000E-001  6.224370E-002  9.993220E-001  0.000000E+000 -3.681675E-002  0.000000E+000  1.000000E+000  0.000000E+000  3.681675E-002  0.000000E+000  9.993220E-001
  3.600000E-001  1.689796E+000  8.000000E-001  7.084369E-002  9.991223E-001  0.000000E+000 -4.188761E-002  0.000000E+000  1.000000E+000  0.000000E+000  4.188761E-002  0.000000E+000  9.991223E-001
  3.800000E-001  1.693106E+000  8.000000E-001  8.033196E-002  9.988763E-001  0.000000E+000 -4.739319E-002  0.000000E+000  1.000000E+000  0.000000E+000  4.739319E-002  0.000000E+000  9.988763E-001
  4.000000E-001  1.698049E+000  8.000000E-001  9.054967E-002  9.985812E-001  0.000000E+000 -5.325005E-002  0.000000E+000  1.000000E+000  0.000000E+000  5.325005E-002  0.000000E+000  9.985812E-001
  4.200000E-001  1.703117E+000  8.000000E-001  1.012715E-001  9.982368E-001  0.000000E+000 -5.935759E-002  0.000000E+000  1.000000E+000  0.000000E+000  5.935759E-002  0.000000E+000  9.982368E-001
  4.400000E-001  1.706808E+000  8.000000E-001  1.122254E-001  9.978453E-001  0.000000E+000 -6.560997E-002  0.000000E+000  1.000000E+000  0.000000E+000  6.560997E-002  0.000000E+000  9.978453E-001
  4.600000E-001  1.707775E+000  8.000000E-001  1.231196E-001  9.974113E-001  0.000000E+000 -7.190694E-002  0.000000E+000  1.000000E+000  0.000000E+000  7.190694E-002  0.000000E+000  9.974113E-001
  4.800000E-001  1.704956E+000  8.000000E-001  1.336730E-001  9.969406E-001  0.000000E+000 -7.816274E-002  0.000000E+000  1.000000E+000  0.000000E+000  7.816274E-002  0.000000E+000  9.969406E-001
  5.000000E-001  1.697679E+000  8.000000E-001  1.436475E-001  9.964393E-001  0.000000E+000 -8.431280E-002  0.000000E+000  1.000000E+000  0.000000E+000  8.431280E-002  0.000000E+000  9.964393E-001
  5.200000E-001  1.685720E+000  8.000000E-001  1.528763E-001  9.959129E-001  0.000000E+000 -9.031841E-002  0.000000E+000  1.000000E+000  0.000000E+000  9.031841E-002  0.000000E+000  9.959129E-001
  5.400000E-001  1.669331E+000  8.000000E-001  1.612869E-001  9.953649E-001  0.000000E+000 -9.616986E-002  0.000000E+000  1.000000E+000  0.000000E+000  9.616986E-002  0.000000E+000  9.953649E-001
  5.600000E-001  1.649206E+000  8.000000E-001  1.689138E-001  9.947958E-001  0.000000E+000 -1.018883E-001  0.000000E+000  1.000000E+000  0.000000E+000  1.018883E-001  0.000000E+000  9.947958E-001
  5.800000E-001  1.626417E+000  8.000000E-001  1.759014E-001  9.942023E-001  0.000000E+000 -1.075257E-001  0.000000E+000  1.000000E+000  0.000000E+000  1.075257E-001  0.000000E+000  9.942023E-001
  6.000000E-001  1.602300E+000  8.000000E-001  1.824933E-001  9.935764E-001  0.000000E+000 -1.131630E-001  0.000000E+000  1.000000E+000  0.000000E+000  1.131630E-001  0.000000E+000  9.935764E-001
  6.200000E-001  1.578329E+000  8.000000E-001  1.890110E-001  9.929057E-001  0.000000E+000 -1.189042E-001  0.000000E+000  1.000000E+000  0.000000E+000  1.189042E-001  0.000000E+000  9.929057E-001
  6.400000E-001  1.555966E+000  8.000000E-001  1.958223E-001  9.921734E-001  0.000000E+000 -1.248676E-001  0.000000E+000  1.000000E+000  0.000000E+000  1.248676E-001  0.000000E+000  9.921734E-001
  6.600000E-001  1.536516E+000  8.000000E-001  2.033037E-001  9.913597E-001  0.000000E+000 -1.311715E-001  0.000000E+000  1.000000E+000  0.000000E+000  1.311715E-001  0.000000E+000  9.913597E-001
  6.800000E-001  1.521003E+000  8.000000E-001  2.117984E-001  9.904436E-001  0.000000E+000 -1.379184E-001  0.000000E+000  1.000000E+000  0.000000E+000  1.379184E-001  0.000000E+000  9.904436E-001
  7.000000E-001  1.510070E+000  8.000000E-001  2.215776E-001  9.894054E-001  0.000000E+000 -1.451788E-001  0.000000E+000  1.000000E+000  0.000000E+000  1.451788E-001  0.000000E+000  9.894054E-001
  7.200000E-001  1.503910E+000  8.000000E-001  2.328058E-001  9.882296E-001  0.000000E+000 -1.529783E-001  0.000000E+000  1.000000E+000  0.000000E+000  1.529783E-001  0.000000E+000  9.882296E-001
  7.400000E-001  1.502259E+000  8.000000E-001  2.455176E-001  9.869067E-001  0.000000E+000 -1.612924E-001  0.000000E+000  1.000000E+000  0.000000E+000  1.612924E-001  0.000000E+000  9.869067E-001
  7.600000E-001  1.504414E+000  8.000000E-001  2.596058E-001  9.854355E-001  0.000000E+000 -1.700495E-001  0.000000E+000  1.000000E+000  0.000000E+000  1.700495E-001  0.000000E+000  9.854355E-001
  7.800000E-001  1.509309E+000  8.000000E-001  2.748254E-001  9.838234E-001  0.000000E+000 -1.791413E-001  0.000000E+000  1.000000E+000  0.000000E+000  1.791413E-001  0.000000E+000  9.838234E-001
  8.000000E-001  1.515621E+000  8.000000E-001  2.908115E-001  9.820850E-001  0.000000E+000 -1.884387E-001  0.000000E+000  1.000000E+000  0.000000E+000  1.884387E-001  0.000000E+000  9.820850E-001
  8.200000E-001  1.521895E+000  8.000000E-001  3.071116E-001  9.802407E-001  0.000000E+000 -1.978082E-001  0.000000E+000  1.000000E+000  0.000000E+000  1.978082E-001  0.000000E+000  9.802407E-001
  8.400000E-001  1.526696E+000  8.000000E-001  3.232284E-001  9.783142E-001  0.000000E+000 -2.071264E-001  0.000000E+000  1.000000E+000  0.000000E+000  2.071264E-001  0.000000E+000  9.783142E-001
  8.600000E-001  1.528740E+000  8.000000E-001  3.386685E-001  9.763290E-001  0.000000E+000 -2.162905E-001  0.000000E+000  1.000000E+000  0.000000E+000  2.162905E-001  0.000000E+000  9.763290E-001
  8.800000E-001  1.527025E+000  8.000000E-001  3.529942E-001  9.743067E-001  0.000000E+000 -2.252252E-001  0.000000E+000  1.000000E+000  0.000000E+000  2.252252E-001  0.000000E+000  9.743067E-001
  9.000000E-001  1.520926E+000  8.000000E-001  3.658703E-001  9.722642E-001  0.000000E+000 -2.338855E-001  0.000000E+000  1.000000E+000  0.000000E+000  2.338855E-001  0.000000E+000  9.722642E-001
  9.200000E-001  1.510253E+000  8.000000E-001  3.771030E-001  9.702120E-001  0.000000E+000 -2.422573E-001  0.000000E+000  1.000000E+000  0.000000E+000  2.422573E-001  0.000000E+000  9.702120E-001
  9.400000E-001  1.495266E+000  8.000000E-001  3.866650E-001  9.681535E-001  0.000000E+000 -2.503575E-001  0.000000E+000  1.000000E+000  0.000000E+000  2.503575E-001  0.000000E+000  9.681535E-001
  9.600000E-001  1.476650E+000  8.000000E-001  3.947047E-001  9.660830E-001  0.000000E+000 -2.582316E-001  0.000000E+000  1.000000E+000  0.000000E+000  2.582316E-001  0.000000E+000  9.660830E-001
  9.800000E-001  1.455440E+000  8.000000E-001  4.015370E-001  9.639864E-001  0.000000E+000 -2.659514E-001  0.000000E+000  1.000000E+000  0.000000E+000  2.659514E-001  0.000000E+000  9.639864E-001
  1.000000E+000  1.432922E+000  8.000000E-001  4.076166E-001  9.618406E-001  0.000000E+000 -2.736103E-001  0.000000E+000  1.000000E+000  0.000000E+000  2.736103E-001  0.000000E+000  9.618406E-001
  1.020000E+000  1.410503E+000  8.000000E-001  4.134964E-001  9.596151E-001  0.000000E+000 -2.813163E-001  0.000000E+000  1.000000E+000  0.000000E+000  2.813163E-001  0.000000E+000  9.596151E-001
  1.040000E+000  1.389570E+000  8.000000E-001  4.197732E-001  9.572742E-001  0.000000E+000 -2.891816E-001  0.000000E+000  1.000000E+000  0.000000E+000  2.891816E-001  0.000000E+000  9.572742E-001
  1.060000E+000  1.371358E+000  8.000000E-001  4.270277E-001  9.547811E-001  0.000000E+000 -2.973097E-001  0.000000E+000  1.000000E+000  0.000000E+000  2.973097E-001  0.000000E+000  9.547811E-001
  1.080000E+000  1.356825E+000  8.000000E-001  4.357636E-001  9.521019E-001  0.000000E+000 -3.057811E-001  0.000000E+000  1.000000E+000  0.000000E+000  3.057811E-001  0.000000E+000  9.521019E-001
  1.100000E+000  1.346564E+000  8.000000E-001  4.463533E-001  9.492110E-001  0.000000E+000 -3.146404E-001  0.000000E+000  1.000000E+000  0.000000E+000  3.146404E-001  0.000000E+000  9.492110E-001
  1.120000E+000  1.340745E+000  8.000000E-001  4.589944E-001  9.460951E-001  0.000000E+000 -3.238889E-001  0.000000E+000  1.000000E+000  0.000000E+000  3.238889E-001  0.000000E+000  9.460951E-001
  1.140000E+000  1.339100E+000  8.000000E-001  4.736833E-001  9.427559E-001  0.000000E+000 -3.334835E-001  0.000000E+000  1.000000E+000  0.000000E+000  3.334835E-001  0.000000E+000  9.427559E-001
  1.160000E+000  1.340956E+000  8.000000E-001  4.902087E-001  9.392098E-001  0.000000E+000 -3.433438E-001  0.000000E+000  1.000000E+000  0.000000E+000  3.433438E-001  0.000000E+000  9.392098E-001
  1.180000E+000  1.345299E+000  8.000000E-001  5.081657E-001  9.354855E-001  0.000000E+000 -3.533652E-001  0.000000E+000  1.000000E+000  0.000000E+000  3.533652E-001  0.000000E+000  9.354855E-001
  1.200000E+000  1.350879E+000  8.000000E-001  5.269907E-001  9.316200E-001  0.000000E+000 -3.634338E-001  0.000000E+000  1.000000E+000  0.000000E+000  3.634338E-001  0.000000E+000  9.316200E-001
  1.220000E+000  1.356334E+000  8.000000E-001  5.460132E-001  9.276538E-001  0.000000E+000 -3.734412E-001  0.000000E+000  1.000000E+000  0.000000E+000  3.734412E-001  0.000000E+000  9.276538E-001
  1.240000E+000  1.360325E+000  8.000000E-001  5.645208E-001  9.236259E-001  0.000000E+000 -3.832952E-001  0.000000E+000  1.000000E+000  0.000000E+000  3.832952E-001  0.000000E+000  9.236259E-001
  1.260000E+000  1.361662E+000  8.000000E-001  5.818293E-001  9.195700E-001  0.000000E+000 -3.929263E-001  0.000000E+000  1.000000E+000  0.000000E+000  3.929263E-001  0.000000E+000  9.195700E-001
  1.280000E+000  1.359425E+000  8.000000E-001  5.973530E-001  9.155121E-001  0.000000E+000 -4.022905E-001  0.000000E+000  1.000000E+000  0.000000E+000  4.022905E-001  0.000000E+000  9.155121E-001
  1.300000E+000  1.353052E+000  8.000000E-001  6.106666E-001  9.114689E-001  0.000000E+000 -4.113690E-001  0.000000E+000  1.000000E+000  0.000000E+000  4.113690E-001  0.000000E+000  9.114689E-001
  1.320000E+000  1.342384E+000  8.000000E-001  6.215519E-001  9.074469E-001  0.000000E+000 -4.201669E-001  0.000000E+000  1.000000E+000  0.000000E+000  4.201669E-001  0.000000E+000  9.074469E-001
  1.340000E+000  1.327686E+000  8.000000E-001  6.300263E-001  9.034421E-001  0.000000E+000 -4.287101E-001  0.000000E+000  1.000000E+000  0.000000E+000  4.287101E-001  0.000000E+000  9.034421E-001
  1.360000E+000  1.309610E+000  8.000000E-001  6.363463E-001  8.994407E-001  0.000000E+000 -4.370428E-001  0.000000E+000  1.000000E+000  0.000000E+000  4.370428E-001  0.000000E+000  8.994407E-001
  1.380000E+000  1.289133E+000  8.000000E-001  6.409882E-001  8.954192E-001  0.000000E+000 -4.452241E-001  0.000000E+000  1.000000E+000  0.000000E+000  4.452241E-001  0.000000E+000  8.954192E-001
  1.400000E+000  1.267453E+000  8.000000E-001  6.446053E-001  8.913461E-001  0.000000E+000 -4.533235E-001  0.000000E+000  1.000000E+000  0.000000E+000  4.533235E-001  0.000000E+000  8.913461E-001
  1.420000E+000  1.245875E+000  8.000000E-001  6.479665E-001  8.871843E-001  0.000000E+000 -4.614152E-001  0.000000E+000  1.000000E+000  0.000000E+000  4.614152E-001  0.000000E+000  8.871843E-001
  1.440000E+000  1.225677E+000  8.000000E-001  6.518811E-001  8.828946E-001  0.000000E+000 -4.695712E-001  0.000000E+000  1.000000E+000  0.000000E+000  4.695712E-001  0.000000E+000  8.828946E-001
  1.460000E+000  1.207987E+000  8.000000E-001  6.571186E-001  8.784401E-001  0.000000E+000 -4.778524E-001  0.000000E+000  1.000000E+000  0.000000E+000  4.778524E-001  0.000000E+000  8.784401E-001
  1.480000E+000  1.193675E+000  8.000000E-001  6.643292E-001  8.737914E-001  0.000000E+000 -4.863009E-001  0.000000E+000  1.000000E+000  0.000000E+000  4.863009E-001  0.000000E+000  8.737914E-001
  1.500000E+000  1.183269E+000  8.000000E-001  6.739761E-001  8.689312E-001  0.000000E+000 -4.949329E-001  0.000000E+000  1.000000E+000  0.000000E+000  4.949329E-001  0.000000E+000  8.689312E-001
  1.520000E+000  1.176906E+000  8.000000E-001  6.862833E-001  8.638573E-001  0.000000E+000 -5.037366E-001  0.000000E+000  1.000000E+000  0.000000E+000  5.037366E-001  0.000000E+000  8.638573E-001
  1.540000E+000  1.174325E+000  8.000000E-001  7.012082E-001  8.585834E-001  0.000000E+000 -5.126740E-001  0.000000E+000  1.000000E+000  0.000000E+000  5.126740E-001  0.000000E+000  8.585834E-001
  1.560000E+000  1.174892E+000  8.000000E-001  7.184388E-001  8.531366E-001  0.000000E+000 -5.216876E-001  0.000000E+000  1.000000E+000  0.000000E+000  5.216876E-001  0.000000E+000  8.531366E-001
  1.580000E+000  1.177671E+000  8.000000E-001  7.374191E-001  8.475533E-001  0.000000E+000 -5.307103E-001  0.000000E+000  1.000000E+000  0.000000E+000  5.307103E-001  0.000000E+000  8.475533E-001
  1.600000E+000  1.181517E+000  8.000000E-001  7.573993E-001  8.418737E-001  0.000000E+000 -5.396747E-001  0.000000E+000  1.000000E+000  0.000000E+000  5.396747E-001  0.000000E+000  8.418737E-001
  1.620000E+000  1.185189E+000  8.000000E-001  7.775063E-001  8.361366E-001  0.000000E+000 -5.485213E-001  0.000000E+000  1.000000E+000  0.000000E+000  5.485213E-001  0.000000E+000  8.361366E-001
  1.640000E+000  1.187476E+000  8.000000E-001  7.968287E-001  8.303754E-001  0.000000E+000 -5.572043E-001  0.000000E+000  1.000000E+000  0.000000E+000  5.572043E-001  0.000000E+000  8.303754E-001
  1.660000E+000  1.187313E+000  8.000000E-001  8.145071E-001  8.246156E-001  0.000000E+000 -5.656935E-001  0.000000E+000  1.000000E+000  0.000000E+000  5.656935E-001  0.000000E+000  8.246156E-001
  1.680000E+000  1.183882E+000  8.000000E-001  8.298212E-001  8.188731E-001  0.000000E+000 -5.739746E-001  0.000000E+000  1.000000E+000  0.000000E+000  5.739746E-001  0.000000E+000  8.188731E-001
  1.700000E+000  1.176694E+000  8.000000E-001  8.422644E-001  8.131549E-001  0.000000E+000 -5.820473E-001  0.000000E+000  1.000000E+000  0.000000E+000  5.820473E-001  0.000000E+000  8.131549E-001
  1.720000E+000  1.165628E+000  8.000000E-001  8.515988E-001  8.074591E-001  0.000000E+000 -5.899235E-001  0.000000E+000  1.000000E+000  0.000000E+000  5.899235E-001  0.000000E+000  8.074591E-001
  1.740000E+000  1.150942E+000  8.000000E-001  8.578846E-001  8.017761E-001  0.000000E+000 -5.976245E-001  0.000000E+000  1.000000E+000  0.000000E+000  5.976245E-001  0.000000E+000  8.017761E-001
  1.760000E+000  1.133243E+000  8.000000E-001  8.614791E-001  7.960896E-001  0.000000E+000 -6.051788E-001  0.000000E+000  1.000000E+000  0.000000E+000  6.051788E-001  0.000000E+000  7.960896E-001
  1.780000E+000  1.113419E+000  8.000000E-001  8.630070E-001  7.903781E-001  0.000000E+000 -6.126193E-001  0.000000E+000  1.000000E+000  0.000000E+000  6.126193E-001  0.000000E+000  7.903781E-001
  1.800000E+000  1.092553E+000  8.000000E-001  8.633030E-001  7.846169E-001  0.000000E+000 -6.199809E-001  0.000000E+000  1.000000E+000  0.000000E+000  6.199809E-001  0.000000E+000  7.846169E-001
  1.820000E+000  1.071814E+000  8.000000E-001  8.633320E-001  7.787800E-001  0.000000E+000 -6.272972E-001  0.000000E+000  1.000000E+000  0.000000E+000  6.272972E-001  0.000000E+000  7.787800E-001
  1.840000E+000  1.052337E+000  8.000000E-001  8.640951E-001  7.728431E-001  0.000000E+000 -6.345972E-001  0.000000E+000  1.000000E+000  0.000000E+000  6.345972E-001  0.000000E+000  7.728431E-001
  1.860000E+000  1.035117E+000  8.000000E-001  8.665302E-001  7.667867E-001  0.000000E+000 -6.419020E-001  0.000000E+000  1.000000E+000  0.000000E+000  6.419020E-001  0.000000E+000  7.667867E-001
  1.880000E+000  1.020913E+000  8.000000E-001  8.714172E-001  7.605990E-001  0.000000E+000 -6.492220E-001  0.000000E+000  1.000000E+000  0.000000E+000  6.492220E-001  0.000000E+000  7.605990E-001
  1.900000E+000  1.010172E+000  8.000000E-001  8.792974E-001  7.542776E-001  0.000000E+000 -6.565556E-001  0.000000E+000  1.000000E+000  0.000000E+000  6.565556E-001  0.000000E+000  7.542776E-001
  1.920000E+000  1.002997E+000  8.000000E-001  8.904151E-001  7.478303E-001  0.000000E+000 -6.638899E-001  0.000000E+000  1.000000E+000  0.000000E+000  6.638899E-001  0.000000E+000  7.478303E-001
  1.940000E+000  9.991340E-001  8.000000E-001  9.046885E-001  7.412736E-001  0.000000E+000 -6.712030E-001  0.000000E+000  1.000000E+000  0.000000E+000  6.712030E-001  0.000000E+000  7.412736E-001
  1.960000E+000  9.980086E-001  8.000000E-001  9.217117E-001  7.346299E-001  0.000000E+000 -6.784681E-001  0.000000E+000  1.000000E+000  0.000000E+000  6.784681E-001  0.000000E+000  7.346299E-001
  1.980000E+000  9.987829E-001  8.000000E-001  9.407905E-001  7.279237E-001  0.000000E+000 -6.856582E-001  0.000000E+000  1.000000E+000  0.000000E+000  6.856582E-001  0.000000E+000  7.279237E-001
  2.000000E+000  1.000443E+000  8.000000E-001  9.610062E-001  7.211781E-001  0.000000E+000 -6.927497E-001  0.000000E+000  1.000000E+000  0.000000E+000  6.927497E-001  0.000000E+000  7.211781E-001
  2.020000E+000  1.001901E+000  8.000000E-001  9.813037E-001  7.144123E-001  0.000000E+000 -6.997250E-001  0.000000E+000  1.000000E+000  0.000000E+000  6.997250E-001  0.000000E+000  7.144123E-001
  2.040000E+000  1.002103E+000  8.000000E-001  1.000594E+000  7.076393E-001  0.000000E+000 -7.065738E-001  0.000000E+000  1.000000E+000  0.000000E+000  7.065738E-001  0.000000E+000  7.076393E-001
  2.060000E+000  1.000131E+000  8.000000E-001  1.017864E+000  7.008661E-001  0.000000E+000 -7.132929E-001  0.000000E+000  1.000000E+000  0.000000E+000  7.132929E-001  0.000000E+000  7.008661E-001
  2.080000E+000  9.952908E-001  8.000000E-001  1.032274E+000  6.940936E-001  0.000000E+000 -7.198848E-001  0.000000E+000  1.000000E+000  0.000000E+000  7.198848E-001  0.000000E+000  6.940936E-001
  2.100000E+000  9.871781E-001  8.000000E-001  1.043249E+000  6.873179E-001  0.000000E+000 -7.263567E-001  0.000000E+000  1.000000E+000  0.000000E+000  7.263567E-001  0.000000E+000  6.873179E-001
  2.120000E+000  9.757119E-001  8.000000E-001  1.050535E+000  6.805316E-001  0.000000E+000 -7.327187E-001  0.000000E+000  1.000000E+000  0.000000E+000  7.327187E-001  0.000000E+000  6.805316E-001
  2.140000E+000  9.611375E-001  8.000000E-001  1.054234E+000  6.737247E-001  0.000000E+000 -7.389824E-001  0.000000E+000  1.000000E+000  0.000000E+000  7.389824E-001  0.000000E+000  6.737247E-001
  2.160000E+000  9.439972E-001  8.000000E-001  1.054795E+000  6.668865E-001  0.000000E+000 -7.451593E-001  0.000000E+000  1.000000E+000  0.000000E+000  7.451593E-001  0.000000E+000  6.668865E-001
  2.180000E+000  9.250721E-001  8.000000E-001  1.052973E+000  6.600067E-001  0.000000E+000 -7.512597E-001  0.000000E+000  1.000000E+000  0.000000E+000  7.512597E-001  0.000000E+000  6.600067E-001
  2.200000E+000  9.053013E-001  8.000000E-001  1.049765E+000  6.530769E-001  0.000000E+000 -7.572916E-001  0.000000E+000  1.000000E+000  0.000000E+000  7.572916E-001  0.000000E+000  6.530769E-001
  2.220000E+000  8.856870E-001  8.000000E-001  1.046306E+000  6.460917E-001  0.000000E+000 -7.632598E-001  0.000000E+000  1.000000E+000  0.000000E+000  7.632598E-001  0.000000E+000  6.460917E-001
  2.240000E+000  8.671956E-001  8.000000E-001  1.043763E+000  6.390499E-001  0.000000E+000 -7.691653E-001  0.000000E+000  1.000000E+000  0.000000E+000  7.691653E-001  0.000000E+000  6.390499E-001
  2.260000E+000  8.506629E-001  8.000000E-001  1.043220E+000  6.319549E-001  0.000000E+000 -7.750051E-001  0.000000E+000  1.000000E+000  0.000000E+000  7.750051E-001  0.000000E+000  6.319549E-001
  2.280000E+000  8.367151E-001  8.000000E-001  1.045566E+000  6.248144E-001  0.000000E+000 -7.807733E-001  0.000000E+000  1.000000E+000  0.000000E+000  7.807733E-001  0.000000E+000  6.248144E-001
  2.300000E+000  8.257113E-001  8.000000E-001  1.051407E+000  6.176393E-001  0.000000E+000 -7.864615E-001  0.000000E+000  1.000000E+000  0.000000E+000  7.864615E-001  0.000000E+000  6.176393E-001
  2.320000E+000  8.177128E-001  8.000000E-001  1.061000E+000  6.104417E-001  0.000000E+000 -7.920612E-001  0.000000E+000  1.000000E+000  0.000000E+000  7.920612E-001  0.000000E+000  6.104417E-001
  2.340000E+000  8.124835E-001  8.000000E-001  1.074225E+000  6.032331E-001  0.000000E+000 -7.975649E-001  0.000000E+000  1.000000E+000  0.000000E+000  7.975649E-001  0.000000E+000  6.032331E-001
  2.360000E+000  8.095186E-001  8.000000E-001  1.090594E+000  5.960219E-001  0.000000E+000 -8.029682E-001  0.000000E+000  1.000000E+000  0.000000E+000  8.029682E-001  0.000000E+000  5.960219E-001
  2.380000E+000  8.080995E-001  8.000000E-001  1.109288E+000  5.888123E-001  0.000000E+000 -8.082698E-001  0.000000E+000  1.000000E+000  0.000000E+000  8.082698E-001  0.000000E+000  5.888123E-001
  2.400000E+000  8.073685E-001  8.000000E-001  1.129243E+000  5.816036E-001  0.000000E+000 -8.134724E-001  0.000000E+000  1.000000E+000  0.000000E+000  8.134724E-001  0.000000E+000  5.816036E-001
  2.420000E+000  8.064162E-001  8.000000E-001  1.149248E+000  5.743907E-001  0.000000E+000 -8.185813E-001  0.000000E+000  1.000000E+000  0.000000E+000  8.185813E-001  0.000000E+000  5.743907E-001
  2.440000E+000  8.043715E-001  8.000000E-001  1.168062E+000  5.671650E-001  0.000000E+000 -8.236042E-001  0.000000E+000  1.000000E+000  0.000000E+000  8.236042E-001  0.000000E+000  5.671650E-001
  2.460000E+000  8.004867E-001  8.000000E-001  1.184540E+000  5.599158E-001  0.000000E+000 -8.285495E-001  0.000000E+000  1.000000E+000  0.000000E+000  8.285495E-001  0.000000E+000  5.599158E-001
  2.480000E+000  7.942078E-001  8.000000E-001  1.197748E+000  5.526316E-001  0.000000E+000 -8.334256E-001  0.000000E+000  1.000000E+000  0.000000E+000  8.334256E-001  0.000000E+000  5.526316E-001
  2.500000E+000  7.852252E-001  8.000000E-001  1.207052E+000  5.453016E-001  0.000000E+000 -8.382399E-001  0.000000E+000  1.000000E+000  0.000000E+000  8.382399E-001  0.000000E+000  5.453016E-001
  2.520000E+000  7.734984E-001  8.000000E-001  1.212191E+000  5.379167E-001  0.000000E+000 -8.429980E-001  0.000000E+000  1.000000E+000  0.000000E+000  8.429980E-001  0.000000E+000  5.379167E-001
  2.540000E+000  7.592540E-001  8.000000E-001  1.213303E+000  5.304709E-001  0.000000E+000 -8.477031E-001  0.000000E+000  1.000000E+000  0.000000E+000  8.477031E-001  0.000000E+000  5.304709E-001
  2.560000E+000  7.429575E-001  8.000000E-001  1.210917E+000  5.229625E-001  0.000000E+000 -8.523557E-001  0.000000E+000  1.000000E+000  0.000000E+000  8.523557E-001  0.000000E+000  5.229625E-001
  2.580000E+000  7.252618E-001  8.000000E-001  1.205903E+000  5.153943E-001  0.000000E+000 -8.569531E-001  0.000000E+000  1.000000E+000  0.000000E+000  8.569531E-001  0.000000E+000  5.153943E-001
  2.600000E+000  7.069389E-001  8.000000E-001  1.199390E+000  5.077753E-001  0.000000E+000 -8.614896E-001  0.000000E+000  1.000000E+000  0.000000E+000  8.614896E-001  0.000000E+000  5.077753E-001
  2.620000E+000  6.888011E-001  8.000000E-001  1.192658E+000  5.001195E-001  0.000000E+000 -8.659564E-001  0.000000E+000  1.000000E+000  0.000000E+000  8.659564E-001  0.000000E+000  5.001195E-001
  2.640000E+000  6.716198E-001  8.000000E-001  1.187012E+000  4.924462E-001  0.000000E+000 -8.703429E-001  0.000000E+000  1.000000E+000  0.000000E+000  8.703429E-001  0.000000E+000  4.924462E-001
  2.660000E+000  6.560516E-001  8.000000E-001  1.183652E+000  4.847771E-001  0.000000E+000 -8.746377E-001  0.000000E+000  1.000000E+000  0.000000E+000  8.746377E-001  0.000000E+000  4.847771E-001
  2.680000E+000  6.425756E-001  8.000000E-001  1.183555E+000  4.771345E-001  0.000000E+000 -8.788303E-001  0.000000E+000  1.000000E+000  0.000000E+000  8.788303E-001  0.000000E+000  4.771345E-001
  2.700000E+000  6.314517E-001  8.000000E-001  1.187375E+000  4.695371E-001  0.000000E+000 -8.829128E-001  0.000000E+000  1.000000E+000  0.000000E+000  8.829128E-001  0.000000E+000  4.695371E-001
  2.720000E+000  6.227002E-001  8.000000E-001  1.195378E+000  4.619973E-001  0.000000E+000 -8.868813E-001  0.000000E+000  1.000000E+000  0.000000E+000  8.868813E-001  0.000000E+000  4.619973E-001
  2.740000E+000  6.161066E-001  8.000000E-001  1.207407E+000  4.545188E-001  0.000000E+000 -8.907371E-001  0.000000E+000  1.000000E+000  0.000000E+000  8.907371E-001  0.000000E+000  4.545188E-001
  2.760000E+000  6.112489E-001  8.000000E-001  1.222900E+000  4.470959E-001  0.000000E+000 -8.944860E-001  0.000000E+000  1.000000E+000  0.000000E+000  8.944860E-001  0.000000E+000  4.470959E-001
  2.780000E+000  6.075451E-001  8.000000E-001  1.240939E+000  4.397146E-001  0.000000E+000 -8.981375E-001  0.000000E+000  1.000000E+000  0.000000E+000  8.981375E-001  0.000000E+000  4.397146E-001
  2.800000E+000  6.043146E-001  8.000000E-001  1.260337E+000  4.323546E-001  0.000000E+000 -9.017036E-001  0.000000E+000  1.000000E+000  0.000000E+000  9.017036E-001  0.000000E+000  4.323546E-001
  2.820000E+000  6.008489E-001  8.000000E-001  1.279756E+000  4.249923E-001  0.000000E+000 -9.051970E-001  0.000000E+000  1.000000E+000  0.000000E+000  9.051970E-001  0.000000E+000  4.249923E-001
  2.840000E+000  5.964814E-001  8.000000E-001  1.297836E+000  4.176034E-001  0.000000E+000 -9.086294E-001  0.000000E+000  1.000000E+000  0.000000E+000  9.086294E-001  0.000000E+000  4.176034E-001
  2.860000E+000  5.906526E-001  8.000000E-001  1.313327E+000  4.101657E-001  0.000000E+000 -9.120110E-001  0.000000E+000  1.000000E+000  0.000000E+000  9.120110E-001  0.000000E+000  4.101657E-001
  2.880000E+000  5.829619E-001  8.000000E-001  1.325220E+000  4.026606E-001  0.000000E+000 -9.153494E-001  0.000000E+000  1.000000E+000  0.000000E+000  9.153494E-001  0.000000E+000  4.026606E-001
  2.900000E+000  5.732023E-001  8.000000E-001  1.332842E+000  3.950744E-001  0.000000E+000 -9.186491E-001  0.000000E+000  1.000000E+000  0.000000E+000  9.186491E-001  0.000000E+000  3.950744E-001
  2.920000E+000  5.613745E-001  8.000000E-001  1.335929E+000  3.873994E-001  0.000000E+000 -9.219120E-001  0.000000E+000  1.000000E+000  0.000000E+000  9.219120E-001  0.000000E+000  3.873994E-001
  2.940000E+000  5.476810E-001  8.000000E-001  1.334651E+000  3.796345E-001  0.000000E+000 -9.251366E-001  0.000000E+000  1.000000E+000  0.000000E+000  9.251366E-001  0.000000E+000  3.796345E-001
  2.960000E+000  5.324986E-001  8.000000E-001  1.329605E+000  3.717857E-001  0.000000E+000 -9.283186E-001  0.000000E+000  1.000000E+000  0.000000E+000  9.283186E-001  0.000000E+000  3.717857E-001
  2.980000E+000  5.163362E-001  8.000000E-001  1.321753E+000  3.638668E-001  0.000000E+000 -9.314510E-001  0.000000E+000  1.000000E+000  0.000000E+000  9.314510E-001  0.000000E+000  3.638668E-001
  3.000000E+000  4.997795E-001  8.000000E-001  1.312329E+000  3.558987E-001  0.000000E+000 -9.345246E-001  0.000000E+000  1.000000E+000  0.000000E+000  9.345246E-001  0.000000E+000  3.558987E-001
  3.020000E+000  4.834304E-001  8.000000E-001  1.302726E+000  3.479087E-001  0.000000E+000 -9.375284E-001  0.000000E+000  1.000000E+000  0.000000E+000  9.375284E-001  0.000000E+000  3.479087E-001
  3.040000E+000  4.678471E-001  8.000000E-001  1.294353E+000  3.399284E-001  0.000000E+000 -9.404513E-001  0.000000E+000  1.000000E+000  0.000000E+000  9.404513E-001  0.000000E+000  3.399284E-001
  3.060000E+000  4.534899E-001  8.000000E-001  1.288498E+000  3.319906E-001  0.000000E+000 -9.432827E-001  0.000000E+000  1.000000E+000  0.000000E+000  9.432827E-001  0.000000E+000  3.319906E-001
  3.080000E+000  4.406795E-001  8.000000E-001  1.286201E+000  3.241244E-001  0.000000E+000 -9.460145E-001  0.000000E+000  1.000000E+000  0.000000E+000  9.460145E-001  0.000000E+000  3.241244E-001
  3.100000E+000  4.295699E-001  8.000000E-001  1.288149E+000  3.163517E-001  0.000000E+000 -9.486420E-001  0.000000E+000  1.000000E+000  0.000000E+000  9.486420E-001  0.000000E+000  3.163517E-001
  3.120000E+000  4.201399E-001  8.000000E-001  1.294606E+000  3.086826E-001  0.000000E+000 -9.511651E-001  0.000000E+000  1.000000E+000  0.000000E+000  9.511651E-001  0.000000E+000  3.086826E-001
  3.140000E+000  4.122019E-001  8.000000E-001  1.305387E+000  3.011144E-001  0.000000E+000 -9.535880E-001  0.000000E+000  1.000000E+000  0.000000E+000  9.535880E-001  0.000000E+000  3.011144E-001
  3.160000E+000  4.054270E-001  8.000000E-001  1.319868E+000  2.936317E-001  0.000000E+000 -9.559186E-001  0.000000E+000  1.000000E+000  0.000000E+000  9.559186E-001  0.000000E+000  2.936317E-001
  3.180000E+000  3.993841E-001  8.000000E-001  1.337053E+000  2.862091E-001  0.000000E+000 -9.581672E-001  0.000000E+000  1.000000E+000  0.000000E+000  9.581672E-001  0.000000E+000  2.862091E-001
  3.200000E+000  3.935865E-001  8.000000E-001  1.355662E+000  2.788149E-001  0.000000E+000 -9.603449E-001  0.000000E+000  1.000000E+000  0.000000E+000  9.603449E-001  0.000000E+000  2.788149E-001
  3.220000E+000  3.875437E-001  8.000000E-001  1.374263E+000  2.714155E-001  0.000000E+000 -9.624623E-001  0.000000E+000  1.000000E+000  0.000000E+000  9.624623E-001  0.000000E+000  2.714155E-001
  3.240000E+000  3.808104E-001  8.000000E-001  1.391407E+000  2.639791E-001  0.000000E+000 -9.645284E-001  0.000000E+000  1.000000E+000  0.000000E+000  9.645284E-001  0.000000E+000  2.639791E-001
  3.260000E+000  3.730290E-001  8.000000E-001  1.405775E+000  2.564786E-001  0.000000E+000 -9.665499E-001  0.000000E+000  1.000000E+000  0.000000E+000  9.665499E-001  0.000000E+000  2.564786E-001
  3.280000E+000  3.639620E-001  8.000000E-001  1.416305E+000  2.488930E-001  0.000000E+000 -9.685310E-001  0.000000E+000  1.000000E+000  0.000000E+000  9.685310E-001  0.000000E+000  2.488930E-001
  3.300000E+000  3.535099E-001  8.000000E-001  1.422301E+000  2.412090E-001  0.000000E+000 -9.704732E-001  0.000000E+000  1.000000E+000  0.000000E+000  9.704732E-001  0.000000E+000  2.412090E-001
  3.320000E+000  3.417151E-001  8.000000E-001  1.423502E+000  2.334211E-001  0.000000E+000 -9.723757E-001  0.000000E+000  1.000000E+000  0.000000E+000  9.723757E-001  0.000000E+000  2.334211E-001
  3.340000E+000  3.287504E-001  8.000000E-001  1.420109E+000  2.255322E-001  0.000000E+000 -9.742357E-001  0.000000E+000  1.000000E+000  0.000000E+000  9.742357E-001  0.000000E+000  2.255322E-001
  3.360000E+000  3.148952E-001  8.000000E-001  1.412769E+000  2.175536E-001  0.000000E+000 -9.760484E-001  0.000000E+000  1.000000E+000  0.000000E+000  9.760484E-001  0.000000E+000  2.175536E-001
  3.380000E+000  3.005013E-001  8.000000E-001  1.402510E+000  2.095048E-001  0.000000E+000 -9.778076E-001  0.000000E+000  1.000000E+000  0.000000E+000  9.778076E-001  0.000000E+000  2.095048E-001
  3.400000E+000  2.859540E-001  8.000000E-001  1.390646E+000  2.014128E-001  0.000000E+000 -9.795065E-001  0.000000E+000  1.000000E+000  0.000000E+000  9.795065E-001  0.000000E+000  2.014128E-001
  3.420000E+000  2.716302E-001  8.000000E-001  1.378645E+000  1.933106E-001  0.000000E+000 -9.811376E-001  0.000000E+000  1.000000E+000  0.000000E+000  9.811376E-001  0.000000E+000  1.933106E-001
  3.440000E+000  2.578606E-001  8.000000E-001  1.367985E+000  1.852345E-001  0.000000E+000 -9.826943E-001  0.000000E+000  1.000000E+000  0.000000E+000  9.826943E-001  0.000000E+000  1.852345E-001
  3.460000E+000  2.448984E-001  8.000000E-001  1.360013E+000  1.772203E-001  0.000000E+000 -9.841712E-001  0.000000E+000  1.000000E+000  0.000000E+000  9.841712E-001  0.000000E+000  1.772203E-001
  3.480000E+000  2.328975E-001  8.000000E-001  1.355803E+000  1.692985E-001  0.000000E+000 -9.855648E-001  0.000000E+000  1.000000E+000  0.000000E+000  9.855648E-001  0.000000E+000  1.692985E-001
  3.500000E+000  2.219026E-001  8.000000E-001  1.356060E+000  1.614899E-001  0.000000E+000 -9.868744E-001  0.000000E+000  1.000000E+000  0.000000E+000  9.868744E-001  0.000000E+000  1.614899E-001
  3.520000E+000  2.118515E-001  8.000000E-001  1.361041E+000  1.538020E-001  0.000000E+000 -9.881017E-001  0.000000E+000  1.000000E+000  0.000000E+000  9.881017E-001  0.000000E+000  1.538020E-001
  3.540000E+000  2.025879E-001  8.000000E-001  1.370532E+000  1.462281E-001  0.000000E+000 -9.892509E-001  0.000000E+000  1.000000E+000  0.000000E+000  9.892509E-001  0.000000E+000  1.462281E-001
  3.560000E+000  1.938845E-001  8.000000E-001  1.383867E+000  1.387483E-001  0.000000E+000 -9.903277E-001  0.000000E+000  1.000000E+000  0.000000E+000  9.903277E-001  0.000000E+000  1.387483E-001
  3.580000E+000  1.854712E-001  8.000000E-001  1.399994E+000  1.313326E-001  0.000000E+000 -9.913384E-001  0.000000E+000  1.000000E+000  0.000000E+000  9.913384E-001  0.000000E+000  1.313326E-001
  3.600000E+000  1.770677E-001  8.000000E-001  1.417572E+000  1.239459E-001  0.000000E+000 -9.922890E-001  0.000000E+000  1.000000E+000  0.000000E+000  9.922890E-001  0.000000E+000  1.239459E-001
  3.620000E+000  1.684135E-001  8.000000E-001  1.435111E+000  1.165524E-001  0.000000E+000 -9.931845E-001  0.000000E+000  1.000000E+000  0.000000E+000  9.931845E-001  0.000000E+000  1.165524E-001
  3.640000E+000  1.592953E-001  8.000000E-001  1.451110E+000  1.091193E-001  0.000000E+000 -9.940287E-001  0.000000E+000  1.000000E+000  0.000000E+000  9.940287E-001  0.000000E+000  1.091193E-001
  3.660000E+000  1.495665E-001  8.000000E-001  1.464209E+000  1.016195E-001  0.000000E+000 -9.948233E-001  0.000000E+000  1.000000E+000  0.000000E+000  9.948233E-001  0.000000E+000  1.016195E-001
  3.680000E+000  1.391583E-001  8.000000E-001  1.473323E+000  9.403347E-002  0.000000E+000 -9.955690E-001  0.000000E+000  1.000000E+000  0.000000E+000  9.955690E-001  0.000000E+000  9.403347E-002
  3.700000E+000  1.280816E-001  8.000000E-001  1.477749E+000  8.634975E-002  0.000000E+000 -9.962649E-001  0.000000E+000  1.000000E+000  0.000000E+000  9.962649E-001  0.000000E+000  8.634975E-002
  3.720000E+000  1.164191E-001  8.000000E-001  1.477234E+000  7.856526E-002  0.000000E+000 -9.969090E-001  0.000000E+000  1.000000E+000  0.000000E+000  9.969090E-001  0.000000E+000  7.856526E-002
  3.740000E+000  1.043100E-001  8.000000E-001  1.472005E+000  7.068528E-002  0.000000E+000 -9.974987E-001  0.000000E+000  1.000000E+000  0.000000E+000  9.974987E-001  0.000000E+000  7.068528E-002
  3.760000E+000  9.192899E-002  8.000000E-001  1.462743E+000  6.272323E-002  0.000000E+000 -9.980310E-001  0.000000E+000  1.000000E+000  0.000000E+000  9.980310E-001  0.000000E+000  6.272323E-002
  3.780000E+000  7.946276E-002  8.000000E-001  1.450521E+000  5.470020E-002  0.000000E+000 -9.985028E-001  0.000000E+000  1.000000E+000  0.000000E+000  9.985028E-001  0.000000E+000  5.470020E-002
  3.800000E+000  6.708624E-002  8.000000E-001  1.436695E+000  4.664401E-002  0.000000E+000 -9.989116E-001  0.000000E+000  1.000000E+000  0.000000E+000  9.989116E-001  0.000000E+000  4.664401E-002
  3.820000E+000  5.494212E-002  8.000000E-001  1.422774E+000  3.858744E-002  0.000000E+000 -9.992552E-001  0.000000E+000  1.000000E+000  0.000000E+000  9.992552E-001  0.000000E+000  3.858744E-002
  3.840000E+000  4.312573E-002  8.000000E-001  1.410271E+000  3.056547E-002  0.000000E+000 -9.995328E-001  0.000000E+000  1.000000E+000  0.000000E+000  9.995328E-001  0.000000E+000  3.056547E-002
  3.860000E+000  3.167677E-002  8.000000E-001  1.400552E+000  2.261156E-002  0.000000E+000 -9.997443E-001  0.000000E+000  1.000000E+000  0.000000E+000  9.997443E-001  0.000000E+000  2.261156E-002
  3.880000E+000  2.057881E-002  8.000000E-001  1.394706E+000  1.475334E-002  0.000000E+000 -9.998912E-001  0.000000E+000  1.000000E+000  0.000000E+000  9.998912E-001  0.000000E+000  1.475334E-002
  3.900000E+000  9.766169E-003  8.000000E-001  1.393433E+000  7.008537E-003  0.000000E+000 -9.999754E-001  0.000000E+000  1.000000E+000  0.000000E+000  9.999754E-001  0.000000E+000  7.008537E-003
  3.920000E+000 -8.630881E-004  8.000000E-001  1.396979E+000 -6.178245E-004  0.000000E+000 -9.999998E-001  0.000000E+000  1.000000E+000  0.000000E+000  9.999998E-001  0.000000E+000 -6.178245E-004
  3.940000E+000 -1.142976E-002  8.000000E-001  1.405108E+000 -8.134166E-003  0.000000E+000 -9.999669E-001  0.000000E+000  1.000000E+000  0.000000E+000  9.999669E-001  0.000000E+000 -8.134166E-003
  3.960000E+000 -2.205431E-002  8.000000E-001  1.417125E+000 -1.556083E-002  0.000000E+000 -9.998789E-001  0.000000E+000  1.000000E+000  0.000000E+000  9.998789E-001  0.000000E+000 -1.556083E-002
  3.980000E+000 -3.283846E-002  8.000000E-001  1.431949E+000 -2.292667E-002  0.000000E+000 -9.997371E-001  0.000000E+000  1.000000E+000  0.000000E+000  9.997371E-001  0.000000E+000 -2.292667E-002
