% FILE: RollingSphereXZControlViaKane.5
%
%       t         P_No_Bo[1]     P_No_Bo[2]     P_No_Bo[3]      N_B[1,1]       N_B[1,2]       N_B[1,3]       N_B[2,1]       N_B[2,2]       N_B[2,3]       N_B[3,1]       N_B[3,2]       N_B[3,3]
%   (second)        (meter)        (meter)        (meter)       (NoUnits)      (NoUnits)      (NoUnits)      (NoUnits)      (NoUnits)      (NoUnits)      (NoUnits)      (NoUnits)      (NoUnits)

  0.000000E+000  3.758770E-001  7.368081E-001  0.000000E+000  9.396926E-001 -3.420201E-001  0.000000E+000  3.420201E-001  9.396926E-001  0.000000E+000  0.000000E+000  0.000000E+000  1.000000E+000
  2.000000E-002  3.758531E-001  7.368738E-001  7.730287E-005  9.396328E-001 -3.421845E-001 -2.056731E-004  3.421845E-001  9.396328E-001  0.000000E+000  1.932572E-004 -7.037814E-005  1.000000E+000
  4.000000E-002  3.753501E-001  7.382469E-001  3.020091E-004  9.383752E-001 -3.456173E-001 -8.046061E-004  3.456174E-001  9.383755E-001  0.000000E+000  7.550227E-004 -2.780858E-004  9.999997E-001
  6.000000E-002  3.737897E-001  7.424108E-001  6.561996E-004  9.344743E-001 -3.560263E-001 -1.755529E-003  3.560269E-001  9.344757E-001  0.000000E+000  1.640499E-003 -6.250154E-004  9.999985E-001
  8.000000E-002  3.707473E-001  7.501507E-001  1.113753E-003  9.268682E-001 -3.753750E-001 -3.004064E-003  3.753767E-001  9.268723E-001  0.000000E+000  2.784384E-003 -1.127655E-003  9.999955E-001
  1.000000E-001  3.659997E-001  7.613740E-001  1.643559E-003  9.149991E-001 -4.034308E-001 -4.490557E-003  4.034349E-001  9.150084E-001  0.000000E+000  4.108897E-003 -1.811647E-003  9.999899E-001
  1.200000E-001  3.595248E-001  7.753198E-001  2.213977E-003  8.988120E-001 -4.382912E-001 -6.157949E-003  4.382995E-001  8.988290E-001  0.000000E+000  5.534944E-003 -2.699026E-003  9.999810E-001
  1.400000E-001  3.514734E-001  7.909415E-001  2.797510E-003  8.786834E-001 -4.773386E-001 -7.959128E-003  4.773537E-001  8.787112E-001  0.000000E+000  6.993775E-003 -3.799319E-003  9.999683E-001
  1.600000E-001  3.421383E-001  8.071955E-001  3.374799E-003  8.553458E-001 -5.179636E-001 -9.863363E-003  5.179888E-001  8.553874E-001  0.000000E+000  8.436997E-003 -5.109112E-003  9.999514E-001
  1.800000E-001  3.319270E-001  8.231792E-001  3.937408E-003  8.298175E-001 -5.579088E-001 -1.186144E-002  5.579480E-001  8.298759E-001  0.000000E+000  9.843519E-003 -6.618064E-003  9.999297E-001
  2.000000E-001  3.213307E-001  8.381731E-001  4.489053E-003  8.033267E-001 -5.953747E-001 -1.396883E-002  5.954328E-001  8.034051E-001  0.000000E+000  1.122263E-002 -8.317501E-003  9.999024E-001
  2.200000E-001  3.108871E-001  8.516421E-001  5.045190E-003  7.772178E-001 -6.290224E-001 -1.622623E-002  6.291053E-001  7.773201E-001  0.000000E+000  1.261298E-002 -1.020801E-002  9.998683E-001
  2.400000E-001  3.011359E-001  8.632213E-001  5.631138E-003  7.528397E-001 -6.579383E-001 -1.869639E-002  6.580533E-001  7.529713E-001  0.000000E+000  1.407784E-002 -1.230322E-002  9.998252E-001
  2.600000E-001  2.925695E-001  8.726970E-001  6.279095E-003  7.314237E-001 -6.815856E-001 -2.145695E-002  6.817426E-001  7.315922E-001  0.000000E+000  1.569774E-002 -1.462812E-002  9.997698E-001
  2.800000E-001  2.855844E-001  8.799861E-001  7.024490E-003  7.139610E-001 -6.997535E-001 -2.458946E-002  6.999652E-001  7.141770E-001  0.000000E+000  1.756123E-002 -1.721177E-002  9.996976E-001
  3.000000E-001  2.804386E-001  8.851170E-001  7.901975E-003  7.010966E-001 -7.125098E-001 -2.816602E-002  7.127926E-001  7.013749E-001  0.000000E+000  1.975494E-002 -2.007653E-002  9.996033E-001
  3.200000E-001  2.772215E-001  8.882157E-001  8.941199E-003  6.930537E-001 -7.201648E-001 -3.223614E-002  7.205393E-001  6.934141E-001  0.000000E+000  2.235300E-002 -2.322741E-002  9.994803E-001
  3.400000E-001  2.758408E-001  8.894971E-001  1.016245E-002  6.896020E-001 -7.232521E-001 -3.681675E-002  7.237428E-001  6.900699E-001  0.000000E+000  2.540613E-002 -2.664586E-002  9.993220E-001
  3.600000E-001  2.760303E-001  8.892635E-001  1.157241E-002  6.900758E-001 -7.225240E-001 -4.188761E-002  7.231586E-001  6.906820E-001  0.000000E+000  2.893101E-002 -3.029138E-002  9.991223E-001
  3.800000E-001  2.773760E-001  8.879051E-001  1.316052E-002  6.934400E-001 -7.189540E-001 -4.739319E-002  7.197628E-001  6.942201E-001  0.000000E+000  3.290131E-002 -3.411186E-002  9.988763E-001
  4.000000E-001  2.793584E-001  8.858968E-001  1.489698E-002  6.983960E-001 -7.137279E-001 -5.325005E-002  7.147420E-001  6.993882E-001  0.000000E+000  3.724246E-002 -3.806004E-002  9.985812E-001
  4.200000E-001  2.814047E-001  8.837805E-001  1.673301E-002  7.035118E-001 -7.082004E-001 -5.935759E-002  7.094514E-001  7.047544E-001  0.000000E+000  4.183253E-002 -4.211133E-002  9.982368E-001
  4.400000E-001  2.829455E-001  8.821271E-001  1.860413E-002  7.073638E-001 -7.037981E-001 -6.560997E-002  7.053178E-001  7.088912E-001  0.000000E+000  4.651033E-002 -4.627588E-002  9.978453E-001
  4.600000E-001  2.834698E-001  8.814733E-001  2.043635E-002  7.086746E-001 -7.018616E-001 -7.190694E-002  7.036832E-001  7.105139E-001  0.000000E+000  5.109087E-002 -5.059970E-002  9.974113E-001
  4.800000E-001  2.825739E-001  8.822431E-001  2.215453E-002  7.064347E-001 -7.034491E-001 -7.816274E-002  7.056078E-001  7.086026E-001  0.000000E+000  5.538632E-002 -5.515224E-002  9.969406E-001
  5.000000E-001  2.799993E-001  8.846737E-001  2.369188E-002  6.999982E-001 -7.091501E-001 -8.431280E-002  7.116842E-001  7.024995E-001  0.000000E+000  5.922970E-002 -6.000409E-002  9.964393E-001
  5.200000E-001  2.756565E-001  8.887707E-001  2.499903E-002  6.891414E-001 -7.189762E-001 -9.031841E-002  7.219267E-001  6.919695E-001  0.000000E+000  6.249758E-002 -6.520327E-002  9.959129E-001
  5.400000E-001  2.696322E-001  8.943124E-001  2.605124E-002  6.740805E-001 -7.323707E-001 -9.616986E-002  7.357811E-001  6.772194E-001  0.000000E+000  6.512810E-002 -7.075997E-002  9.953649E-001
  5.600000E-001  2.621791E-001  9.009004E-001  2.685272E-002  6.554477E-001 -7.483362E-001 -1.018883E-001  7.522511E-001  6.588766E-001  0.000000E+000  6.713180E-002 -7.664556E-002  9.947958E-001
  5.800000E-001  2.536923E-001  9.080380E-001  2.743751E-002  6.342307E-001 -7.656302E-001 -1.075257E-001  7.700950E-001  6.379292E-001  0.000000E+000  6.859378E-002 -8.280500E-002  9.942023E-001
  6.000000E-001  2.446730E-001  9.152119E-001  2.786693E-002  6.116826E-001 -7.829678E-001 -1.131630E-001  7.880297E-001  6.156372E-001  0.000000E+000  6.966732E-002 -8.917578E-002  9.935764E-001
  6.200000E-001  2.356834E-001  9.219577E-001  2.822399E-002  5.892085E-001 -7.991840E-001 -1.189042E-001  8.048942E-001  5.934184E-001  0.000000E+000  7.055996E-002 -9.570533E-002  9.929057E-001
  6.400000E-001  2.272942E-001  9.279010E-001  2.860557E-002  5.682356E-001 -8.133366E-001 -1.248676E-001  8.197525E-001  5.727180E-001  0.000000E+000  7.151393E-002 -1.023605E-001  9.921734E-001
  6.600000E-001  2.200299E-001  9.327751E-001  2.911320E-002  5.500747E-001 -8.247496E-001 -1.311715E-001  8.319378E-001  5.548689E-001  0.000000E+000  7.278299E-002 -1.091265E-001  9.913597E-001
  6.800000E-001  2.143142E-001  9.364206E-001  2.984307E-002  5.357856E-001 -8.330140E-001 -1.379184E-001  8.410514E-001  5.409552E-001  0.000000E+000  7.460768E-002 -1.159965E-001  9.904436E-001
  7.000000E-001  2.104243E-001  9.387747E-001  3.087626E-002  5.260608E-001 -8.379637E-001 -1.451788E-001  8.469366E-001  5.316938E-001  0.000000E+000  7.719066E-002 -1.229572E-001  9.894054E-001
  7.200000E-001  2.084579E-001  9.398588E-001  3.226936E-002  5.211448E-001 -8.396462E-001 -1.529783E-001  8.496469E-001  5.273520E-001  0.000000E+000  8.067339E-002 -1.299775E-001  9.882296E-001
  7.400000E-001  2.083212E-001  9.397692E-001  3.404641E-002  5.208030E-001 -8.383012E-001 -1.612924E-001  8.494230E-001  5.277126E-001  0.000000E+000  8.511603E-002 -1.370055E-001  9.869067E-001
  7.600000E-001  2.097385E-001  9.386736E-001  3.619305E-002  5.243462E-001 -8.343526E-001 -1.700495E-001  8.466841E-001  5.320959E-001  0.000000E+000  9.048263E-002 -1.439782E-001  9.854355E-001
  7.800000E-001  2.122829E-001  9.368113E-001  3.865393E-002  5.307074E-001 -8.284070E-001 -1.791413E-001  8.420282E-001  5.394336E-001  0.000000E+000  9.663482E-002 -1.508420E-001  9.838234E-001
  8.000000E-001  2.154237E-001  9.344908E-001  4.133467E-002  5.385592E-001 -8.212459E-001 -1.884387E-001  8.362269E-001  5.483835E-001  0.000000E+000  1.033367E-001 -1.575775E-001  9.820850E-001
  8.200000E-001  2.185818E-001  9.320789E-001  4.410883E-002  5.464545E-001 -8.137932E-001 -1.978082E-001  8.301973E-001  5.574697E-001  0.000000E+000  1.102721E-001 -1.642198E-001  9.802407E-001
  8.400000E-001  2.211886E-001  9.299736E-001  4.682953E-002  5.529716E-001 -8.070447E-001 -2.071264E-001  8.249340E-001  5.652290E-001  0.000000E+000  1.170738E-001 -1.708656E-001  9.783142E-001
  8.600000E-001  2.227402E-001  9.285603E-001  4.934463E-002  5.568506E-001 -8.019575E-001 -2.162905E-001  8.214009E-001  5.703513E-001  0.000000E+000  1.233616E-001 -1.776612E-001  9.763290E-001
  8.800000E-001  2.228433E-001  9.281573E-001  5.151348E-002  5.571082E-001 -7.993148E-001 -2.252252E-001  8.203934E-001  5.717996E-001  0.000000E+000  1.287837E-001 -1.847733E-001  9.743067E-001
  9.000000E-001  2.212496E-001  9.289618E-001  5.322326E-002  5.531240E-001 -7.995945E-001 -2.338855E-001  8.224046E-001  5.689030E-001  0.000000E+000  1.330582E-001 -1.923485E-001  9.722642E-001
  9.200000E-001  2.178771E-001  9.310134E-001  5.440288E-002  5.446928E-001 -8.028830E-001 -2.422573E-001  8.275335E-001  5.614163E-001  0.000000E+000  1.360072E-001 -2.004761E-001  9.702120E-001
  9.400000E-001  2.128157E-001  9.341869E-001  5.503261E-002  5.320394E-001 -8.088605E-001 -2.503575E-001  8.354672E-001  5.495403E-001  0.000000E+000  1.375815E-001 -2.091655E-001  9.681535E-001
  9.600000E-001  2.063188E-001  9.382177E-001  5.514850E-002  5.157970E-001 -8.168659E-001 -2.582316E-001  8.455442E-001  5.339054E-001  0.000000E+000  1.378712E-001 -2.183462E-001  9.660830E-001
  9.800000E-001  1.987806E-001  9.427517E-001  5.484099E-002  4.969515E-001 -8.260200E-001 -2.659514E-001  8.568793E-001  5.155171E-001  0.000000E+000  1.371025E-001 -2.278882E-001  9.639864E-001
  1.000000E+000  1.907019E-001  9.474046E-001  5.424806E-002  4.767547E-001 -8.353696E-001 -2.736103E-001  8.685115E-001  4.956691E-001  0.000000E+000  1.356202E-001 -2.376337E-001  9.618406E-001
  1.020000E+000  1.826450E-001  9.518152E-001  5.354337E-002  4.566125E-001 -8.440178E-001 -2.813163E-001  8.795379E-001  4.758288E-001  0.000000E+000  1.338584E-001 -2.474284E-001  9.596151E-001
  1.040000E+000  1.751817E-001  9.556836E-001  5.292040E-002  4.379543E-001 -8.512168E-001 -2.891816E-001  8.892089E-001  4.575014E-001  0.000000E+000  1.323010E-001 -2.571429E-001  9.572742E-001
  1.060000E+000  1.688363E-001  9.587900E-001  5.257402E-002  4.220908E-001 -8.564148E-001 -2.973097E-001  8.969750E-001  4.420812E-001  0.000000E+000  1.314351E-001 -2.666794E-001  9.547811E-001
  1.080000E+000  1.640301E-001  9.609970E-001  5.268061E-002  4.100753E-001 -8.592649E-001 -3.057811E-001  9.024926E-001  4.307053E-001  0.000000E+000  1.317015E-001 -2.759651E-001  9.521019E-001
  1.100000E+000  1.610339E-001  9.622414E-001  5.337882E-002  4.025847E-001 -8.596086E-001 -3.146404E-001  9.056034E-001  4.241256E-001  0.000000E+000  1.334470E-001 -2.849394E-001  9.492110E-001
  1.120000E+000  1.599353E-001  9.625229E-001  5.475269E-002  3.998382E-001 -8.574529E-001 -3.238889E-001  9.063073E-001  4.226194E-001  0.000000E+000  1.368817E-001 -2.935428E-001  9.460951E-001
  1.140000E+000  1.606282E-001  9.618979E-001  5.681944E-002  4.015706E-001 -8.529536E-001 -3.334835E-001  9.047449E-001  4.259539E-001  0.000000E+000  1.420486E-001 -3.017175E-001  9.427559E-001
  1.160000E+000  1.628257E-001  9.604785E-001  5.952364E-002  4.070642E-001 -8.464123E-001 -3.433438E-001  9.011962E-001  4.334114E-001  0.000000E+000  1.488091E-001 -3.094201E-001  9.392098E-001
  1.180000E+000  1.660939E-001  9.584363E-001  6.273940E-002  4.152347E-001 -8.382799E-001 -3.533652E-001  8.960908E-001  4.438708E-001  0.000000E+000  1.568485E-001 -3.166473E-001  9.354855E-001
  1.200000E+000  1.699026E-001  9.560056E-001  6.628062E-002  4.247565E-001 -8.291549E-001 -3.634338E-001  8.900140E-001  4.559332E-001  0.000000E+000  1.657015E-001 -3.234612E-001  9.316200E-001
  1.220000E+000  1.736825E-001  9.534767E-001  6.991856E-002  4.342063E-001 -8.197600E-001 -3.734412E-001  8.836917E-001  4.680694E-001  0.000000E+000  1.747964E-001 -3.300069E-001  9.276538E-001
  1.240000E+000  1.768829E-001  9.511754E-001  7.340461E-002  4.422074E-001 -8.108868E-001 -3.832952E-001  8.779386E-001  4.787733E-001  0.000000E+000  1.835115E-001 -3.365097E-001  9.236259E-001
  1.260000E+000  1.790234E-001  9.494268E-001  7.649554E-002  4.475585E-001 -8.033059E-001 -3.929263E-001  8.735669E-001  4.867041E-001  0.000000E+000  1.912389E-001 -3.432474E-001  9.195700E-001
  1.280000E+000  1.797358E-001  9.485074E-001  7.897874E-002  4.493395E-001 -7.976568E-001 -4.022905E-001  8.712685E-001  4.908067E-001  0.000000E+000  1.974469E-001 -3.505030E-001  9.155121E-001
  1.300000E+000  1.787947E-001  9.485984E-001  8.069459E-002  4.469868E-001 -7.943414E-001 -4.113690E-001  8.714959E-001  4.904027E-001  0.000000E+000  2.017365E-001 -3.585064E-001  9.114689E-001
  1.320000E+000  1.761346E-001  9.497507E-001  8.155401E-002  4.403366E-001 -7.934504E-001 -4.201669E-001  8.743767E-001  4.852478E-001  0.000000E+000  2.038850E-001 -3.673841E-001  9.074469E-001
  1.340000E+000  1.718535E-001  9.518751E-001  8.154955E-002  4.296336E-001 -7.947469E-001 -4.287101E-001  8.796877E-001  4.755519E-001  0.000000E+000  2.038739E-001 -3.771309E-001  9.034421E-001
  1.360000E+000  1.662031E-001  9.547598E-001  8.075895E-002  4.155079E-001 -7.977135E-001 -4.370428E-001  8.868995E-001  4.619625E-001  0.000000E+000  2.018974E-001 -3.876130E-001  8.994407E-001
  1.380000E+000  1.595675E-001  9.581106E-001  7.934085E-002  3.989189E-001 -8.016478E-001 -4.452241E-001  8.952766E-001  4.455107E-001  0.000000E+000  1.983521E-001 -3.985987E-001  8.954192E-001
  1.400000E+000  1.524290E-001  9.616015E-001  7.752280E-002  3.810725E-001 -8.057801E-001 -4.533235E-001  9.040037E-001  4.275247E-001  0.000000E+000  1.938070E-001 -4.098061E-001  8.913461E-001
  1.420000E+000  1.453253E-001  9.649217E-001  7.558218E-002  3.633134E-001 -8.093821E-001 -4.614152E-001  9.123044E-001  4.095128E-001  0.000000E+000  1.889555E-001 -4.209511E-001  8.871843E-001
  1.440000E+000  1.387994E-001  9.678113E-001  7.382104E-002  3.469985E-001 -8.118466E-001 -4.695712E-001  9.195283E-001  3.930237E-001  0.000000E+000  1.845526E-001 -4.317840E-001  8.828946E-001
  1.460000E+000  1.333445E-001  9.700779E-001  7.253655E-002  3.333614E-001 -8.127283E-001 -4.778524E-001  9.251948E-001  3.794924E-001  0.000000E+000  1.813414E-001 -4.421066E-001  8.784401E-001
  1.480000E+000  1.293516E-001  9.715988E-001  7.198951E-002  3.233791E-001 -8.117496E-001 -4.863009E-001  9.289970E-001  3.700873E-001  0.000000E+000  1.799738E-001 -4.517721E-001  8.737914E-001
  1.500000E+000  1.270643E-001  9.723125E-001  7.237434E-002  3.176608E-001 -8.087849E-001 -4.949329E-001  9.307813E-001  3.655765E-001  0.000000E+000  1.809358E-001 -4.606743E-001  8.689312E-001
  1.520000E+000  1.265501E-001  9.722089E-001  7.379452E-002  3.163754E-001 -8.038383E-001 -5.037366E-001  9.305221E-001  3.662357E-001  0.000000E+000  1.844863E-001 -4.687380E-001  8.638573E-001
  1.540000E+000  1.276929E-001  9.713231E-001  7.624747E-002  3.192322E-001 -7.970296E-001 -5.126740E-001  9.283078E-001  3.718127E-001  0.000000E+000  1.906187E-001 -4.759192E-001  8.585834E-001
  1.560000E+000  1.302081E-001  9.697381E-001  7.962143E-002  3.255202E-001 -7.885928E-001 -5.216876E-001  9.243453E-001  3.815570E-001  0.000000E+000  1.990536E-001 -4.822195E-001  8.531366E-001
  1.580000E+000  1.336788E-001  9.675913E-001  8.370533E-002  3.341970E-001 -7.788831E-001 -5.307103E-001  9.189784E-001  3.943080E-001  0.000000E+000  2.092633E-001 -4.877113E-001  8.475533E-001
  1.600000E+000  1.376048E-001  9.650807E-001  8.821015E-002  3.440119E-001 -7.683795E-001 -5.396747E-001  9.127017E-001  4.086265E-001  0.000000E+000  2.205254E-001 -4.925620E-001  8.418737E-001
  1.620000E+000  1.414572E-001  9.624614E-001  9.279858E-002  3.536430E-001 -7.576681E-001 -5.485213E-001  9.061535E-001  4.229489E-001  0.000000E+000  2.319965E-001 -4.970445E-001  8.361366E-001
  1.640000E+000  1.447322E-001  9.600284E-001  9.711918E-002  3.618304E-001 -7.473969E-001 -5.572043E-001  9.000710E-001  4.357432E-001  0.000000E+000  2.427980E-001 -5.015234E-001  8.303754E-001
  1.660000E+000  1.469968E-001  9.580824E-001  1.008411E-001  3.674920E-001 -7.382008E-001 -5.656935E-001  8.952060E-001  4.456525E-001  0.000000E+000  2.521027E-001 -5.064123E-001  8.246156E-001
  1.680000E+000  1.479260E-001  9.568852E-001  1.036861E-001  3.698151E-001 -7.306093E-001 -5.739746E-001  8.922131E-001  4.516147E-001  0.000000E+000  2.592154E-001 -5.121077E-001  8.188731E-001
  1.700000E+000  1.473280E-001  9.566140E-001  1.054557E-001  3.683199E-001 -7.249561E-001 -5.820473E-001  8.915350E-001  4.529517E-001  0.000000E+000  2.636394E-001 -5.189156E-001  8.131549E-001
  1.720000E+000  1.451571E-001  9.573271E-001  1.060507E-001  3.628927E-001 -7.213176E-001 -5.899235E-001  8.933178E-001  4.494255E-001  0.000000E+000  2.651267E-001 -5.269892E-001  8.074591E-001
  1.740000E+000  1.415157E-001  9.589523E-001  1.054824E-001  3.537892E-001 -7.194985E-001 -5.976245E-001  8.973808E-001  4.412569E-001  0.000000E+000  2.637059E-001 -5.362968E-001  8.017761E-001
  1.760000E+000  1.366434E-001  9.613013E-001  1.038748E-001  3.416085E-001 -7.190705E-001 -6.051788E-001  9.032532E-001  4.291080E-001  0.000000E+000  2.596871E-001 -5.466296E-001  7.960896E-001
  1.780000E+000  1.308956E-001  9.641056E-001  1.014567E-001  3.272391E-001 -7.194527E-001 -6.126193E-001  9.102639E-001  4.140285E-001  0.000000E+000  2.536418E-001 -5.576452E-001  7.903781E-001
  1.800000E+000  1.247125E-001  9.670638E-001  9.854407E-002  3.117812E-001 -7.200113E-001 -6.199809E-001  9.176596E-001  3.973674E-001  0.000000E+000  2.463602E-001 -5.689314E-001  7.846169E-001
  1.820000E+000  1.185787E-001  9.698868E-001  9.551364E-002  2.964469E-001 -7.201510E-001 -6.272972E-001  9.247169E-001  3.806555E-001  0.000000E+000  2.387841E-001 -5.800723E-001  7.787800E-001
  1.840000E+000  1.129782E-001  9.723303E-001  9.276872E-002  2.824456E-001 -7.193823E-001 -6.345972E-001  9.308259E-001  3.654630E-001  0.000000E+000  2.319218E-001 -5.906995E-001  7.728431E-001
  1.860000E+000  1.083448E-001  9.742126E-001  9.069898E-002  2.708621E-001 -7.173532E-001 -6.419020E-001  9.355316E-001  3.532431E-001  0.000000E+000  2.267475E-001 -6.005196E-001  7.667867E-001
  1.880000E+000  1.050161E-001  9.754152E-001  8.963828E-002  2.625403E-001 -7.138511E-001 -6.492220E-001  9.385381E-001  3.451758E-001  0.000000E+000  2.240957E-001 -6.093196E-001  7.605990E-001
  1.900000E+000  1.031950E-001  9.758752E-001  8.982536E-002  2.579875E-001 -7.087857E-001 -6.565556E-001  9.396881E-001  3.420326E-001  0.000000E+000  2.245634E-001 -6.169575E-001  7.542776E-001
  1.920000E+000  1.029265E-001  9.755756E-001  9.137349E-002  2.573162E-001 -7.021670E-001 -6.638899E-001  9.389390E-001  3.440837E-001  0.000000E+000  2.284337E-001 -6.233521E-001  7.478303E-001
  1.940000E+000  1.040939E-001  9.745405E-001  9.425416E-002  2.602347E-001 -6.940926E-001 -6.712030E-001  9.363514E-001  3.510643E-001  0.000000E+000  2.356354E-001 -6.284818E-001  7.412736E-001
  1.960000E+000  1.064350E-001  9.728392E-001  9.829813E-002  2.660875E-001 -6.847471E-001 -6.784681E-001  9.320980E-001  3.622062E-001  0.000000E+000  2.457453E-001 -6.323987E-001  7.346299E-001
  1.980000E+000  1.095758E-001  9.705943E-001  1.032135E-001  2.739394E-001 -6.744109E-001 -6.856582E-001  9.264857E-001  3.763299E-001  0.000000E+000  2.580337E-001 -6.352525E-001  7.279237E-001
  2.000000E+000  1.130748E-001  9.679896E-001  1.086174E-001  2.826870E-001 -6.634651E-001 -6.927497E-001  9.199740E-001  3.919794E-001  0.000000E+000  2.715436E-001 -6.373117E-001  7.211781E-001
  2.020000E+000  1.164715E-001  9.652681E-001  1.140770E-001  2.911788E-001 -6.523801E-001 -6.997250E-001  9.131704E-001  4.075781E-001  0.000000E+000  2.851926E-001 -6.389681E-001  7.144123E-001
  2.040000E+000  1.193324E-001  9.627153E-001  1.191527E-001  2.983310E-001 -6.416791E-001 -7.065738E-001  9.067883E-001  4.215863E-001  0.000000E+000  2.978818E-001 -6.407129E-001  7.076393E-001
  2.060000E+000  1.212902E-001  9.606259E-001  1.234408E-001  3.032255E-001 -6.318762E-001 -7.132929E-001  9.015648E-001  4.326440E-001  0.000000E+000  3.086019E-001 -6.430798E-001  7.008661E-001
  2.080000E+000  1.220745E-001  9.592598E-001  1.266105E-001  3.051862E-001 -6.233998E-001 -7.198848E-001  8.981495E-001  4.396902E-001  0.000000E+000  3.165263E-001 -6.465642E-001  6.940936E-001
  2.100000E+000  1.215318E-001  9.587960E-001  1.284347E-001  3.038296E-001 -6.165173E-001 -7.263567E-001  8.969899E-001  4.420510E-001  0.000000E+000  3.210867E-001 -6.515346E-001  6.873179E-001
  2.120000E+000  1.196359E-001  9.592982E-001  1.288103E-001  2.990897E-001 -6.112844E-001 -7.327187E-001  8.982454E-001  4.394942E-001  0.000000E+000  3.220256E-001 -6.581613E-001  6.805316E-001
  2.140000E+000  1.164865E-001  9.607019E-001  1.277695E-001  2.912161E-001 -6.075345E-001 -7.389824E-001  9.017548E-001  4.322480E-001  0.000000E+000  3.194237E-001 -6.663809E-001  6.737247E-001
  2.160000E+000  1.122990E-001  9.628275E-001  1.254796E-001  2.807475E-001 -6.049119E-001 -7.451593E-001  9.070688E-001  4.209824E-001  0.000000E+000  3.136990E-001 -6.759108E-001  6.668865E-001
  2.180000E+000  1.073844E-001  9.654149E-001  1.222315E-001  2.684610E-001 -6.029407E-001 -7.512597E-001  9.135373E-001  4.067550E-001  0.000000E+000  3.055787E-001 -6.863037E-001  6.600067E-001
  2.200000E+000  1.021210E-001  9.681694E-001  1.184170E-001  2.553025E-001 -6.011073E-001 -7.572916E-001  9.204236E-001  3.909226E-001  0.000000E+000  2.960424E-001 -6.970291E-001  6.530769E-001
  2.220000E+000  9.691952E-002  9.708063E-001  1.144958E-001  2.422988E-001 -5.989372E-001 -7.632598E-001  9.270158E-001  3.750223E-001  0.000000E+000  2.862395E-001 -7.075539E-001  6.460917E-001
  2.240000E+000  9.218403E-002  9.730837E-001  1.109534E-001  2.304601E-001 -5.960478E-001 -7.691653E-001  9.327093E-001  3.606292E-001  0.000000E+000  2.773835E-001 -7.174076E-001  6.390499E-001
  2.260000E+000  8.827114E-002  9.748195E-001  1.082523E-001  2.206779E-001 -5.921725E-001 -7.750051E-001  9.370487E-001  3.491987E-001  0.000000E+000  2.706308E-001 -7.262175E-001  6.319549E-001
  2.280000E+000  8.545222E-002  9.758930E-001  1.067818E-001  2.136306E-001 -5.871585E-001 -7.807733E-001  9.397326E-001  3.419104E-001  0.000000E+000  2.669545E-001 -7.337181E-001  6.248144E-001
  2.300000E+000  8.388356E-002  9.762377E-001  1.068118E-001  2.097089E-001 -5.809479E-001 -7.864615E-001  9.405942E-001  3.395330E-001  0.000000E+000  2.670296E-001 -7.397411E-001  6.176393E-001
  2.320000E+000  8.358951E-002  9.758316E-001  1.084592E-001  2.089738E-001 -5.735582E-001 -7.920612E-001  9.395790E-001  3.423321E-001  0.000000E+000  2.711479E-001 -7.442041E-001  6.104417E-001
  2.340000E+000  8.446167E-002  9.746943E-001  1.116710E-001  2.111542E-001 -5.650700E-001 -7.975649E-001  9.367357E-001  3.500374E-001  0.000000E+000  2.791776E-001 -7.471075E-001  6.032331E-001
  2.360000E+000  8.627450E-002  9.728904E-001  1.162301E-001  2.156863E-001 -5.556272E-001 -8.029682E-001  9.322261E-001  3.618764E-001  0.000000E+000  2.905752E-001 -7.485479E-001  5.960219E-001
  2.380000E+000  8.871432E-002  9.705396E-001  1.217792E-001  2.217858E-001 -5.454457E-001 -8.082698E-001  9.263490E-001  3.766664E-001  0.000000E+000  3.044481E-001 -7.487399E-001  5.888123E-001
  2.400000E+000  9.141654E-002  9.678239E-001  1.278617E-001  2.285413E-001 -5.348192E-001 -8.134724E-001  9.195597E-001  3.929504E-001  0.000000E+000  3.196543E-001 -7.480364E-001  5.816036E-001
  2.420000E+000  9.400542E-002  9.649864E-001  1.339699E-001  2.350135E-001 -5.241119E-001 -8.185813E-001  9.124659E-001  4.091528E-001  0.000000E+000  3.349248E-001 -7.469275E-001  5.743907E-001
  2.440000E+000  9.613141E-002  9.623142E-001  1.395965E-001  2.403285E-001 -5.137298E-001 -8.236042E-001  9.057855E-001  4.237365E-001  0.000000E+000  3.489912E-001 -7.460087E-001  5.671650E-001
  2.460000E+000  9.750274E-002  9.601054E-001  1.442821E-001  2.437568E-001 -5.040717E-001 -8.285495E-001  9.002634E-001  4.353456E-001  0.000000E+000  3.607054E-001 -7.459128E-001  5.599158E-001
  2.480000E+000  9.790930E-002  9.586239E-001  1.476574E-001  2.447733E-001 -4.954672E-001 -8.334256E-001  8.965597E-001  4.429230E-001  0.000000E+000  3.691434E-001 -7.472158E-001  5.526316E-001
  2.500000E+000  9.723802E-002  9.580532E-001  1.494747E-001  2.430951E-001 -4.881174E-001 -8.382399E-001  8.951329E-001  4.457993E-001  0.000000E+000  3.736868E-001 -7.503362E-001  5.453016E-001
  2.520000E+000  9.547941E-002  9.584610E-001  1.496309E-001  2.386985E-001 -4.820554E-001 -8.429980E-001  8.961525E-001  4.437463E-001  0.000000E+000  3.740772E-001 -7.554547E-001  5.379167E-001
  2.540000E+000  9.272535E-002  9.597855E-001  1.481770E-001  2.318134E-001 -4.771394E-001 -8.477031E-001  8.994637E-001  4.369954E-001  0.000000E+000  3.704424E-001 -7.624782E-001  5.304709E-001
  2.560000E+000  8.915863E-002  9.618480E-001  1.453161E-001  2.228966E-001 -4.730823E-001 -8.523557E-001  9.046200E-001  4.262191E-001  0.000000E+000  3.632903E-001 -7.710580E-001  5.229625E-001
  2.580000E+000  8.503506E-002  9.643874E-001  1.413889E-001  2.125877E-001 -4.695081E-001 -8.569531E-001  9.109686E-001  4.124757E-001  0.000000E+000  3.534724E-001 -7.806574E-001  5.153943E-001
  2.600000E+000  8.065936E-002  9.671064E-001  1.368464E-001  2.016484E-001 -4.660189E-001 -8.614896E-001  9.177661E-001  3.971214E-001  0.000000E+000  3.421159E-001 -7.906459E-001  5.077753E-001
  2.620000E+000  7.635639E-002  9.697160E-001  1.322110E-001  1.908910E-001 -4.622555E-001 -8.659564E-001  9.242901E-001  3.816907E-001  0.000000E+000  3.305275E-001 -8.003949E-001  5.001195E-001
  2.640000E+000  7.243971E-002  9.719692E-001  1.280290E-001  1.810993E-001 -4.579370E-001 -8.703429E-001  9.299229E-001  3.677544E-001  0.000000E+000  3.200725E-001 -8.093518E-001  4.924462E-001
  2.660000E+000  6.918009E-002  9.736781E-001  1.248151E-001  1.729502E-001 -4.528765E-001 -8.746377E-001  9.341952E-001  3.567623E-001  0.000000E+000  3.120378E-001 -8.170823E-001  4.847771E-001
  2.680000E+000  6.677747E-002  9.747166E-001  1.229969E-001  1.669437E-001 -4.469755E-001 -8.788303E-001  9.367915E-001  3.498881E-001  0.000000E+000  3.074922E-001 -8.232808E-001  4.771345E-001
  2.700000E+000  6.533988E-002  9.750134E-001  1.228644E-001  1.633497E-001 -4.402067E-001 -8.829128E-001  9.375334E-001  3.478952E-001  0.000000E+000  3.071611E-001 -8.277602E-001  4.695371E-001
  2.720000E+000  6.487293E-002  9.745433E-001  1.245345E-001  1.621823E-001 -4.325949E-001 -8.868813E-001  9.363582E-001  3.510461E-001  0.000000E+000  3.113362E-001 -8.304386E-001  4.619973E-001
  2.740000E+000  6.528161E-002  9.733243E-001  1.279348E-001  1.632040E-001 -4.242072E-001 -8.907371E-001  9.333107E-001  3.590699E-001  0.000000E+000  3.198369E-001 -8.313345E-001  4.545188E-001
  2.760000E+000  6.638417E-002  9.714217E-001  1.328120E-001  1.659604E-001 -4.151529E-001 -8.944860E-001  9.285544E-001  3.711964E-001  0.000000E+000  3.320300E-001 -8.305789E-001  4.470959E-001
  2.780000E+000  6.793557E-002  9.689580E-001  1.387615E-001  1.698389E-001 -4.055906E-001 -8.981375E-001  9.223950E-001  3.862480E-001  0.000000E+000  3.469038E-001 -8.284375E-001  4.397146E-001
  2.800000E+000  6.965651E-002  9.661198E-001  1.452732E-001  1.741413E-001 -3.957339E-001 -9.017036E-001  9.152994E-001  4.027742E-001  0.000000E+000  3.631829E-001 -8.253288E-001  4.323546E-001
  2.820000E+000  7.126383E-002  9.631563E-001  1.517858E-001  1.781596E-001 -3.858466E-001 -9.051970E-001  9.078909E-001  4.192066E-001  0.000000E+000  3.794646E-001 -8.218201E-001  4.249923E-001
  2.840000E+000  7.249851E-002  9.603622E-001  1.577436E-001  1.812463E-001 -3.762212E-001 -9.086294E-001  9.009055E-001  4.340154E-001  0.000000E+000  3.943591E-001 -8.185892E-001  4.176034E-001
  2.860000E+000  7.314903E-002  9.580430E-001  1.626482E-001  1.828726E-001 -3.671424E-001 -9.120110E-001  8.951074E-001  4.458505E-001  0.000000E+000  4.066206E-001 -8.163479E-001  4.101657E-001
  2.880000E+000  7.306842E-002  9.564699E-001  1.661030E-001  1.826711E-001 -3.588410E-001 -9.153494E-001  8.911748E-001  4.536601E-001  0.000000E+000  4.152575E-001 -8.157363E-001  4.026606E-001
  2.900000E+000  7.218458E-002  9.558322E-001  1.678476E-001  1.804614E-001 -3.514505E-001 -9.186491E-001  8.895805E-001  4.567784E-001  0.000000E+000  4.196190E-001 -8.172124E-001  3.950744E-001
  2.920000E+000  7.050349E-002  9.562008E-001  1.677804E-001  1.762587E-001 -3.449799E-001 -9.219120E-001  8.905020E-001  4.549794E-001  0.000000E+000  4.194509E-001 -8.209645E-001  3.873994E-001
  2.940000E+000  6.810574E-002  9.575140E-001  1.659678E-001  1.702643E-001 -3.393116E-001 -9.251366E-001  8.937851E-001  4.484955E-001  0.000000E+000  4.149196E-001 -8.268733E-001  3.796345E-001
  2.960000E+000  6.513663E-002  9.595903E-001  1.626408E-001  1.628416E-001 -3.342263E-001 -9.283186E-001  8.989757E-001  4.379984E-001  0.000000E+000  4.066021E-001 -8.345359E-001  3.717857E-001
  2.980000E+000  6.179102E-002  9.621629E-001  1.581769E-001  1.544776E-001 -3.294476E-001 -9.314510E-001  9.054072E-001  4.245443E-001  0.000000E+000  3.954422E-001 -8.433424E-001  3.638668E-001
  3.000000E+000  5.829398E-002  9.649268E-001  1.530693E-001  1.457349E-001 -3.246924E-001 -9.345246E-001  9.123171E-001  4.094844E-001  0.000000E+000  3.826732E-001 -8.525828E-001  3.558987E-001
  3.020000E+000  5.487870E-002  9.675846E-001  1.478846E-001  1.371967E-001 -3.197147E-001 -9.375284E-001  9.189616E-001  3.943470E-001  0.000000E+000  3.697115E-001 -8.615526E-001  3.479087E-001
  3.040000E+000  5.176357E-002  9.698803E-001  1.432099E-001  1.294089E-001 -3.143321E-001 -9.404513E-001  9.247008E-001  3.806946E-001  0.000000E+000  3.580247E-001 -8.696361E-001  3.399284E-001
  3.060000E+000  4.913037E-002  9.716178E-001  1.395938E-001  1.228259E-001 -3.084340E-001 -9.432827E-001  9.290445E-001  3.699681E-001  0.000000E+000  3.489845E-001 -8.763516E-001  3.319906E-001
  3.080000E+000  4.710606E-002  9.726637E-001  1.374874E-001  1.177652E-001 -3.019735E-001 -9.460145E-001  9.316593E-001  3.633331E-001  0.000000E+000  3.437184E-001 -8.813632E-001  3.241244E-001
  3.100000E+000  4.575043E-002  9.729415E-001  1.371916E-001  1.143761E-001 -2.949517E-001 -9.486420E-001  9.323538E-001  3.615472E-001  0.000000E+000  3.429789E-001 -8.844700E-001  3.163517E-001
  3.120000E+000  4.505163E-002  9.724234E-001  1.388207E-001  1.126291E-001 -2.874015E-001 -9.511651E-001  9.310584E-001  3.648702E-001  0.000000E+000  3.470518E-001 -8.855903E-001  3.086826E-001
  3.140000E+000  4.493019E-002  9.711273E-001  1.422878E-001  1.123255E-001 -2.793794E-001 -9.535880E-001  9.278182E-001  3.730326E-001  0.000000E+000  3.557194E-001 -8.847564E-001  3.011144E-001
  3.160000E+000  4.525092E-002  9.691217E-001  1.473144E-001  1.131273E-001 -2.709646E-001 -9.559186E-001  9.228042E-001  3.852693E-001  0.000000E+000  3.682861E-001 -8.821257E-001  2.936317E-001
  3.180000E+000  4.584047E-002  9.665343E-001  1.534641E-001  1.146012E-001 -2.622636E-001 -9.581672E-001  9.163358E-001  4.004107E-001  0.000000E+000  3.836604E-001 -8.780029E-001  2.862091E-001
  3.200000E+000  4.650807E-002  9.635597E-001  1.601915E-001  1.162702E-001 -2.534146E-001 -9.603449E-001  9.088993E-001  4.170157E-001  0.000000E+000  4.004789E-001 -8.728568E-001  2.788149E-001
  3.220000E+000  4.706623E-002  9.604565E-001  1.669008E-001  1.176656E-001 -2.445837E-001 -9.624623E-001  9.011413E-001  4.335256E-001  0.000000E+000  4.172520E-001 -8.673145E-001  2.714155E-001
  3.240000E+000  4.734930E-002  9.575294E-001  1.730051E-001  1.183733E-001 -2.359508E-001 -9.645284E-001  8.938235E-001  4.484190E-001  0.000000E+000  4.325128E-001 -8.621181E-001  2.639791E-001
  3.260000E+000  4.722825E-002  9.550944E-001  1.779816E-001  1.180706E-001 -2.276853E-001 -9.665499E-001  8.877361E-001  4.603528E-001  0.000000E+000  4.449539E-001 -8.580412E-001  2.564786E-001
  3.280000E+000  4.662067E-002  9.534320E-001  1.814175E-001  1.165517E-001 -2.199169E-001 -9.685310E-001  8.835800E-001  4.682802E-001  0.000000E+000  4.535439E-001 -8.557746E-001  2.488930E-001
  3.300000E+000  4.549572E-002  9.527382E-001  1.830462E-001  1.137393E-001 -2.127091E-001 -9.704732E-001  8.818455E-001  4.715384E-001  0.000000E+000  4.576154E-001 -8.558074E-001  2.412090E-001
  3.320000E+000  4.387414E-002  9.530872E-001  1.827690E-001  1.096853E-001 -2.060450E-001 -9.723757E-001  8.827179E-001  4.699033E-001  0.000000E+000  4.569226E-001 -8.583335E-001  2.334211E-001
  3.340000E+000  4.182333E-002  9.544164E-001  1.806650E-001  1.045583E-001 -1.998308E-001 -9.742357E-001  8.860409E-001  4.636070E-001  0.000000E+000  4.516625E-001 -8.632127E-001  2.255322E-001
  3.360000E+000  3.944853E-002  9.565392E-001  1.769847E-001  9.862132E-002 -1.939160E-001 -9.760484E-001  8.913481E-001  4.533196E-001  0.000000E+000  4.424618E-001 -8.699988E-001  2.175536E-001
  3.380000E+000  3.688065E-002  9.591808E-001  1.721306E-001  9.220163E-002 -1.881253E-001 -9.778076E-001  8.979521E-001  4.400932E-001  0.000000E+000  4.303265E-001 -8.780244E-001  2.095048E-001
  3.400000E+000  3.426218E-002  9.620260E-001  1.666231E-001  8.565546E-002 -1.822916E-001 -9.795065E-001  9.050650E-001  4.252732E-001  0.000000E+000  4.165579E-001 -8.865170E-001  2.014128E-001
  3.420000E+000  3.173230E-002  9.647659E-001  1.610556E-001  7.933074E-002 -1.762828E-001 -9.811376E-001  9.119147E-001  4.103797E-001  0.000000E+000  4.026390E-001 -8.947139E-001  1.933106E-001
  3.440000E+000  2.941267E-002  9.671334E-001  1.560382E-001  7.353169E-002 -1.700145E-001 -9.826943E-001  9.178336E-001  3.969653E-001  0.000000E+000  3.900956E-001 -9.019499E-001  1.852345E-001
  3.460000E+000  2.739549E-002  9.689223E-001  1.521374E-001  6.848871E-002 -1.634514E-001 -9.841712E-001  9.223058E-001  3.864608E-001  0.000000E+000  3.803436E-001 -9.077068E-001  1.772203E-001
  3.480000E+000  2.573489E-002  9.699909E-001  1.498146E-001  6.433722E-002 -1.565973E-001 -9.855648E-001  9.249773E-001  3.800223E-001  0.000000E+000  3.745366E-001 -9.116251E-001  1.692985E-001
  3.500000E+000  2.444316E-002  9.702567E-001  1.493736E-001  6.110790E-002 -1.494818E-001 -9.868744E-001  9.256419E-001  3.784008E-001  0.000000E+000  3.734340E-001 -9.134922E-001  1.614899E-001
  3.520000E+000  2.349193E-002  9.696892E-001  1.509240E-001  5.872982E-002 -1.421474E-001 -9.881017E-001  9.242229E-001  3.818533E-001  0.000000E+000  3.773099E-001 -9.132262E-001  1.538020E-001
  3.540000E+000  2.281817E-002  9.683069E-001  1.543676E-001  5.704542E-002 -1.346421E-001 -9.892509E-001  9.207672E-001  3.901125E-001  0.000000E+000  3.859191E-001 -9.108698E-001  1.462281E-001
  3.560000E+000  2.233398E-002  9.661822E-001  1.594107E-001  5.583495E-002 -1.270179E-001 -9.903277E-001  9.154556E-001  4.024191E-001  0.000000E+000  3.985268E-001 -9.066010E-001  1.387483E-001
  3.580000E+000  2.193846E-002  9.634500E-001  1.655982E-001  5.484615E-002 -1.193321E-001 -9.913384E-001  9.086251E-001  4.176127E-001  0.000000E+000  4.139955E-001 -9.007549E-001  1.313326E-001
  3.600000E+000  2.153006E-002  9.603144E-001  1.723658E-001  5.382514E-002 -1.116488E-001 -9.922890E-001  9.007861E-001  4.342631E-001  0.000000E+000  4.309144E-001 -8.938401E-001  1.239459E-001
  3.620000E+000  2.101776E-002  9.570456E-001  1.790998E-001  5.254439E-002 -1.040363E-001 -9.931845E-001  8.926139E-001  4.508219E-001  0.000000E+000  4.477494E-001 -8.865303E-001  1.165524E-001
  3.640000E+000  2.033011E-002  9.539608E-001  1.851984E-001  5.082528E-002 -9.655988E-002 -9.940287E-001  8.849020E-001  4.657772E-001  0.000000E+000  4.629959E-001 -8.796180E-001  1.091193E-001
  3.660000E+000  1.942125E-002  9.513889E-001  1.901280E-001  4.855312E-002 -8.926991E-002 -9.948233E-001  8.784723E-001  4.777933E-001  0.000000E+000  4.753200E-001 -8.739247E-001  1.016195E-001
  3.680000E+000  1.827366E-002  9.496216E-001  1.934704E-001  4.568415E-002 -8.219034E-002 -9.955690E-001  8.740541E-001  4.858286E-001  0.000000E+000  4.836759E-001 -8.701812E-001  9.403347E-002
  3.700000E+000  1.689773E-002  9.488634E-001  1.949585E-001  4.224432E-002 -7.531067E-002 -9.962649E-001  8.721585E-001  4.892235E-001  0.000000E+000  4.873961E-001 -8.689009E-001  8.634975E-002
  3.720000E+000  1.532824E-002  9.491922E-001  1.944990E-001  3.832061E-002 -6.858594E-002 -9.969090E-001  8.729805E-001  4.877551E-001  0.000000E+000  4.862474E-001 -8.702821E-001  7.856526E-002
  3.740000E+000  1.361838E-002  9.505443E-001  1.921803E-001  3.404595E-002 -6.194580E-002 -9.974987E-001  8.763606E-001  4.816555E-001  0.000000E+000  4.804507E-001 -8.741686E-001  7.068528E-002
  3.760000E+000  1.183192E-002  9.527267E-001  1.882655E-001  2.957980E-002 -5.531038E-002 -9.980310E-001  8.818166E-001  4.715924E-001  0.000000E+000  4.706639E-001 -8.800803E-001  6.272323E-002
  3.780000E+000  1.003451E-002  9.554543E-001  1.831709E-001  2.508626E-002 -4.860855E-002 -9.985028E-001  8.886357E-001  4.586138E-001  0.000000E+000  4.579271E-001 -8.873053E-001  5.470020E-002
  3.800000E+000  8.285060E-003  9.583992E-001  1.774299E-001  2.071265E-002 -4.179294E-002 -9.989116E-001  8.959980E-001  4.440581E-001  0.000000E+000  4.435748E-001 -8.950228E-001  4.664401E-002
  3.820000E+000  6.628336E-003  9.612389E-001  1.716465E-001  1.657084E-002 -3.484821E-002 -9.992552E-001  9.030972E-001  4.294361E-001  0.000000E+000  4.291163E-001 -9.024246E-001  3.858744E-002
  3.840000E+000  5.089634E-003  9.636928E-001  1.664380E-001  1.272409E-002 -2.779110E-002 -9.995328E-001  9.092321E-001  4.162896E-001  0.000000E+000  4.160950E-001 -9.088073E-001  3.056547E-002
  3.860000E+000  3.672456E-003  9.655426E-001  1.623734E-001  9.181139E-003 -2.066372E-002 -9.997443E-001  9.138565E-001  4.060373E-001  0.000000E+000  4.059335E-001 -9.136228E-001  2.261156E-002
  3.880000E+000  2.359503E-003  9.666366E-001  1.599126E-001  5.898757E-003 -1.352279E-002 -9.998912E-001  9.165914E-001  3.998251E-001  0.000000E+000  3.997816E-001 -9.164917E-001  1.475334E-002
  3.900000E+000  1.116870E-003  9.668854E-001  1.593546E-001  2.792175E-003 -6.428324E-003 -9.999754E-001  9.172134E-001  3.983962E-001  0.000000E+000  3.983864E-001 -9.171909E-001  7.008537E-003
  3.920000E+000 -9.934732E-005  9.662551E-001  1.608018E-001 -2.483683E-004  5.657034E-004 -9.999998E-001  9.156377E-001  4.020046E-001  0.000000E+000  4.020045E-001 -9.156375E-001 -6.178245E-004
  3.940000E+000 -1.335255E-003  9.647650E-001  1.641484E-001 -3.338137E-003  7.417648E-003 -9.999669E-001  9.119125E-001  4.103846E-001  0.000000E+000  4.103710E-001 -9.118824E-001 -8.134166E-003
  3.960000E+000 -2.631547E-003  9.624922E-001  1.690931E-001 -6.578867E-003  1.410170E-002 -9.998789E-001  9.062305E-001  4.227839E-001  0.000000E+000  4.227327E-001 -9.061208E-001 -1.556083E-002
  3.980000E+000 -4.017230E-003  9.595798E-001  1.751748E-001 -1.004308E-002  2.060992E-002 -9.997371E-001  8.989496E-001  4.380521E-001  0.000000E+000  4.379369E-001 -8.987133E-001 -2.292667E-002
