% FILE: slot.2
%
%      t       P_No_Bo[1]   P_No_Bo[2]   P_No_Bo[3]    N_B[1,1]     N_B[1,2]     N_B[1,3]     N_B[2,1]     N_B[2,2]     N_B[2,3]     N_B[3,1]     N_B[3,2]     N_B[3,3]
%    (sec)       (meter)      (meter)      (meter)     (NoUnits)    (NoUnits)    (NoUnits)    (NoUnits)    (NoUnits)    (NoUnits)    (NoUnits)    (NoUnits)    (NoUnits)

  0.0000E+000  0.0000E+000  0.0000E+000  0.0000E+000  1.0000E+000  0.0000E+000  0.0000E+000  0.0000E+000  1.0000E+000  0.0000E+000  0.0000E+000  0.0000E+000  1.0000E+000
  1.0000E-002  0.0000E+000  0.0000E+000  0.0000E+000  9.9988E-001 -1.5707E-002  0.0000E+000  1.5707E-002  9.9988E-001  0.0000E+000  0.0000E+000  0.0000E+000  1.0000E+000
  2.0000E-002  0.0000E+000  0.0000E+000  0.0000E+000  9.9951E-001 -3.1411E-002  0.0000E+000  3.1411E-002  9.9951E-001  0.0000E+000  0.0000E+000  0.0000E+000  1.0000E+000
  3.0000E-002  0.0000E+000  0.0000E+000  0.0000E+000  9.9889E-001 -4.7106E-002  0.0000E+000  4.7106E-002  9.9889E-001  0.0000E+000  0.0000E+000  0.0000E+000  1.0000E+000
  4.0000E-002  0.0000E+000  0.0000E+000  0.0000E+000  9.9803E-001 -6.2791E-002  0.0000E+000  6.2791E-002  9.9803E-001  0.0000E+000  0.0000E+000  0.0000E+000  1.0000E+000
  5.0000E-002  0.0000E+000  0.0000E+000  0.0000E+000  9.9692E-001 -7.8459E-002  0.0000E+000  7.8459E-002  9.9692E-001  0.0000E+000  0.0000E+000  0.0000E+000  1.0000E+000
  6.0000E-002  0.0000E+000  0.0000E+000  0.0000E+000  9.9556E-001 -9.4108E-002  0.0000E+000  9.4108E-002  9.9556E-001  0.0000E+000  0.0000E+000  0.0000E+000  1.0000E+000
  7.0000E-002  0.0000E+000  0.0000E+000  0.0000E+000  9.9396E-001 -1.0973E-001  0.0000E+000  1.0973E-001  9.9396E-001  0.0000E+000  0.0000E+000  0.0000E+000  1.0000E+000
  8.0000E-002  0.0000E+000  0.0000E+000  0.0000E+000  9.9211E-001 -1.2533E-001  0.0000E+000  1.2533E-001  9.9211E-001  0.0000E+000  0.0000E+000  0.0000E+000  1.0000E+000
  9.0000E-002  0.0000E+000  0.0000E+000  0.0000E+000  9.9002E-001 -1.4090E-001  0.0000E+000  1.4090E-001  9.9002E-001  0.0000E+000  0.0000E+000  0.0000E+000  1.0000E+000
  1.0000E-001  0.0000E+000  0.0000E+000  0.0000E+000  9.8769E-001 -1.5643E-001  0.0000E+000  1.5643E-001  9.8769E-001  0.0000E+000  0.0000E+000  0.0000E+000  1.0000E+000
  1.1000E-001  0.0000E+000  0.0000E+000  0.0000E+000  9.8511E-001 -1.7193E-001  0.0000E+000  1.7193E-001  9.8511E-001  0.0000E+000  0.0000E+000  0.0000E+000  1.0000E+000
  1.2000E-001  0.0000E+000  0.0000E+000  0.0000E+000  9.8229E-001 -1.8738E-001  0.0000E+000  1.8738E-001  9.8229E-001  0.0000E+000  0.0000E+000  0.0000E+000  1.0000E+000
  1.3000E-001  0.0000E+000  0.0000E+000  0.0000E+000  9.7922E-001 -2.0279E-001  0.0000E+000  2.0279E-001  9.7922E-001  0.0000E+000  0.0000E+000  0.0000E+000  1.0000E+000
  1.4000E-001  0.0000E+000  0.0000E+000  0.0000E+000  9.7592E-001 -2.1814E-001  0.0000E+000  2.1814E-001  9.7592E-001  0.0000E+000  0.0000E+000  0.0000E+000  1.0000E+000
  1.5000E-001  0.0000E+000  0.0000E+000  0.0000E+000  9.7237E-001 -2.3345E-001  0.0000E+000  2.3345E-001  9.7237E-001  0.0000E+000  0.0000E+000  0.0000E+000  1.0000E+000
  1.6000E-001  0.0000E+000  0.0000E+000  0.0000E+000  9.6858E-001 -2.4869E-001  0.0000E+000  2.4869E-001  9.6858E-001  0.0000E+000  0.0000E+000  0.0000E+000  1.0000E+000
  1.7000E-001  0.0000E+000  0.0000E+000  0.0000E+000  9.6456E-001 -2.6387E-001  0.0000E+000  2.6387E-001  9.6456E-001  0.0000E+000  0.0000E+000  0.0000E+000  1.0000E+000
  1.8000E-001  0.0000E+000  0.0000E+000  0.0000E+000  9.6029E-001 -2.7899E-001  0.0000E+000  2.7899E-001  9.6029E-001  0.0000E+000  0.0000E+000  0.0000E+000  1.0000E+000
  1.9000E-001  0.0000E+000  0.0000E+000  0.0000E+000  9.5579E-001 -2.9404E-001  0.0000E+000  2.9404E-001  9.5579E-001  0.0000E+000  0.0000E+000  0.0000E+000  1.0000E+000
  2.0000E-001  0.0000E+000  0.0000E+000  0.0000E+000  9.5106E-001 -3.0902E-001  0.0000E+000  3.0902E-001  9.5106E-001  0.0000E+000  0.0000E+000  0.0000E+000  1.0000E+000
  2.1000E-001  0.0000E+000  0.0000E+000  0.0000E+000  9.4609E-001 -3.2392E-001  0.0000E+000  3.2392E-001  9.4609E-001  0.0000E+000  0.0000E+000  0.0000E+000  1.0000E+000
  2.2000E-001  0.0000E+000  0.0000E+000  0.0000E+000  9.4088E-001 -3.3874E-001  0.0000E+000  3.3874E-001  9.4088E-001  0.0000E+000  0.0000E+000  0.0000E+000  1.0000E+000
  2.3000E-001  0.0000E+000  0.0000E+000  0.0000E+000  9.3544E-001 -3.5347E-001  0.0000E+000  3.5347E-001  9.3544E-001  0.0000E+000  0.0000E+000  0.0000E+000  1.0000E+000
  2.4000E-001  0.0000E+000  0.0000E+000  0.0000E+000  9.2978E-001 -3.6812E-001  0.0000E+000  3.6812E-001  9.2978E-001  0.0000E+000  0.0000E+000  0.0000E+000  1.0000E+000
  2.5000E-001  0.0000E+000  0.0000E+000  0.0000E+000  9.2388E-001 -3.8268E-001  0.0000E+000  3.8268E-001  9.2388E-001  0.0000E+000  0.0000E+000  0.0000E+000  1.0000E+000
  2.6000E-001  0.0000E+000  0.0000E+000  0.0000E+000  9.1775E-001 -3.9715E-001  0.0000E+000  3.9715E-001  9.1775E-001  0.0000E+000  0.0000E+000  0.0000E+000  1.0000E+000
  2.7000E-001  0.0000E+000  0.0000E+000  0.0000E+000  9.1140E-001 -4.1151E-001  0.0000E+000  4.1151E-001  9.1140E-001  0.0000E+000  0.0000E+000  0.0000E+000  1.0000E+000
  2.8000E-001  0.0000E+000  0.0000E+000  0.0000E+000  9.0483E-001 -4.2578E-001  0.0000E+000  4.2578E-001  9.0483E-001  0.0000E+000  0.0000E+000  0.0000E+000  1.0000E+000
  2.9000E-001  0.0000E+000  0.0000E+000  0.0000E+000  8.9803E-001 -4.3994E-001  0.0000E+000  4.3994E-001  8.9803E-001  0.0000E+000  0.0000E+000  0.0000E+000  1.0000E+000
  3.0000E-001  0.0000E+000  0.0000E+000  0.0000E+000  8.9101E-001 -4.5399E-001  0.0000E+000  4.5399E-001  8.9101E-001  0.0000E+000  0.0000E+000  0.0000E+000  1.0000E+000
  3.1000E-001  0.0000E+000  0.0000E+000  0.0000E+000  8.8377E-001 -4.6793E-001  0.0000E+000  4.6793E-001  8.8377E-001  0.0000E+000  0.0000E+000  0.0000E+000  1.0000E+000
  3.2000E-001  0.0000E+000  0.0000E+000  0.0000E+000  8.7631E-001 -4.8175E-001  0.0000E+000  4.8175E-001  8.7631E-001  0.0000E+000  0.0000E+000  0.0000E+000  1.0000E+000
  3.3000E-001  0.0000E+000  0.0000E+000  0.0000E+000  8.6863E-001 -4.9546E-001  0.0000E+000  4.9546E-001  8.6863E-001  0.0000E+000  0.0000E+000  0.0000E+000  1.0000E+000
  3.4000E-001  0.0000E+000  0.0000E+000  0.0000E+000  8.6074E-001 -5.0904E-001  0.0000E+000  5.0904E-001  8.6074E-001  0.0000E+000  0.0000E+000  0.0000E+000  1.0000E+000
  3.5000E-001  0.0000E+000  0.0000E+000  0.0000E+000  8.5264E-001 -5.2250E-001  0.0000E+000  5.2250E-001  8.5264E-001  0.0000E+000  0.0000E+000  0.0000E+000  1.0000E+000
  3.6000E-001  0.0000E+000  0.0000E+000  0.0000E+000  8.4433E-001 -5.3583E-001  0.0000E+000  5.3583E-001  8.4433E-001  0.0000E+000  0.0000E+000  0.0000E+000  1.0000E+000
  3.7000E-001  0.0000E+000  0.0000E+000  0.0000E+000  8.3581E-001 -5.4902E-001  0.0000E+000  5.4902E-001  8.3581E-001  0.0000E+000  0.0000E+000  0.0000E+000  1.0000E+000
  3.8000E-001  0.0000E+000  0.0000E+000  0.0000E+000  8.2708E-001 -5.6208E-001  0.0000E+000  5.6208E-001  8.2708E-001  0.0000E+000  0.0000E+000  0.0000E+000  1.0000E+000
  3.9000E-001  0.0000E+000  0.0000E+000  0.0000E+000  8.1815E-001 -5.7501E-001  0.0000E+000  5.7501E-001  8.1815E-001  0.0000E+000  0.0000E+000  0.0000E+000  1.0000E+000
  4.0000E-001  0.0000E+000  0.0000E+000  0.0000E+000  8.0902E-001 -5.8779E-001  0.0000E+000  5.8779E-001  8.0902E-001  0.0000E+000  0.0000E+000  0.0000E+000  1.0000E+000
  4.1000E-001  0.0000E+000  0.0000E+000  0.0000E+000  7.9968E-001 -6.0042E-001  0.0000E+000  6.0042E-001  7.9968E-001  0.0000E+000  0.0000E+000  0.0000E+000  1.0000E+000
  4.2000E-001  0.0000E+000  0.0000E+000  0.0000E+000  7.9016E-001 -6.1291E-001  0.0000E+000  6.1291E-001  7.9016E-001  0.0000E+000  0.0000E+000  0.0000E+000  1.0000E+000
  4.3000E-001  0.0000E+000  0.0000E+000  0.0000E+000  7.8043E-001 -6.2524E-001  0.0000E+000  6.2524E-001  7.8043E-001  0.0000E+000  0.0000E+000  0.0000E+000  1.0000E+000
  4.4000E-001  0.0000E+000  0.0000E+000  0.0000E+000  7.7051E-001 -6.3742E-001  0.0000E+000  6.3742E-001  7.7051E-001  0.0000E+000  0.0000E+000  0.0000E+000  1.0000E+000
  4.5000E-001  0.0000E+000  0.0000E+000  0.0000E+000  7.6041E-001 -6.4945E-001  0.0000E+000  6.4945E-001  7.6041E-001  0.0000E+000  0.0000E+000  0.0000E+000  1.0000E+000
  4.6000E-001  0.0000E+000  0.0000E+000  0.0000E+000  7.5011E-001 -6.6131E-001  0.0000E+000  6.6131E-001  7.5011E-001  0.0000E+000  0.0000E+000  0.0000E+000  1.0000E+000
  4.7000E-001  0.0000E+000  0.0000E+000  0.0000E+000  7.3963E-001 -6.7301E-001  0.0000E+000  6.7301E-001  7.3963E-001  0.0000E+000  0.0000E+000  0.0000E+000  1.0000E+000
  4.8000E-001  0.0000E+000  0.0000E+000  0.0000E+000  7.2897E-001 -6.8455E-001  0.0000E+000  6.8455E-001  7.2897E-001  0.0000E+000  0.0000E+000  0.0000E+000  1.0000E+000
  4.9000E-001  0.0000E+000  0.0000E+000  0.0000E+000  7.1813E-001 -6.9591E-001  0.0000E+000  6.9591E-001  7.1813E-001  0.0000E+000  0.0000E+000  0.0000E+000  1.0000E+000
  5.0000E-001  0.0000E+000  0.0000E+000  0.0000E+000  7.0711E-001 -7.0711E-001  0.0000E+000  7.0711E-001  7.0711E-001  0.0000E+000  0.0000E+000  0.0000E+000  1.0000E+000
  5.1000E-001  0.0000E+000  0.0000E+000  0.0000E+000  6.9591E-001 -7.1813E-001  0.0000E+000  7.1813E-001  6.9591E-001  0.0000E+000  0.0000E+000  0.0000E+000  1.0000E+000
  5.2000E-001  0.0000E+000  0.0000E+000  0.0000E+000  6.8455E-001 -7.2897E-001  0.0000E+000  7.2897E-001  6.8455E-001  0.0000E+000  0.0000E+000  0.0000E+000  1.0000E+000
  5.3000E-001  0.0000E+000  0.0000E+000  0.0000E+000  6.7301E-001 -7.3963E-001  0.0000E+000  7.3963E-001  6.7301E-001  0.0000E+000  0.0000E+000  0.0000E+000  1.0000E+000
  5.4000E-001  0.0000E+000  0.0000E+000  0.0000E+000  6.6131E-001 -7.5011E-001  0.0000E+000  7.5011E-001  6.6131E-001  0.0000E+000  0.0000E+000  0.0000E+000  1.0000E+000
  5.5000E-001  0.0000E+000  0.0000E+000  0.0000E+000  6.4945E-001 -7.6041E-001  0.0000E+000  7.6041E-001  6.4945E-001  0.0000E+000  0.0000E+000  0.0000E+000  1.0000E+000
  5.6000E-001  0.0000E+000  0.0000E+000  0.0000E+000  6.3742E-001 -7.7051E-001  0.0000E+000  7.7051E-001  6.3742E-001  0.0000E+000  0.0000E+000  0.0000E+000  1.0000E+000
  5.7000E-001  0.0000E+000  0.0000E+000  0.0000E+000  6.2524E-001 -7.8043E-001  0.0000E+000  7.8043E-001  6.2524E-001  0.0000E+000  0.0000E+000  0.0000E+000  1.0000E+000
  5.8000E-001  0.0000E+000  0.0000E+000  0.0000E+000  6.1291E-001 -7.9016E-001  0.0000E+000  7.9016E-001  6.1291E-001  0.0000E+000  0.0000E+000  0.0000E+000  1.0000E+000
  5.9000E-001  0.0000E+000  0.0000E+000  0.0000E+000  6.0042E-001 -7.9968E-001  0.0000E+000  7.9968E-001  6.0042E-001  0.0000E+000  0.0000E+000  0.0000E+000  1.0000E+000
  6.0000E-001  0.0000E+000  0.0000E+000  0.0000E+000  5.8779E-001 -8.0902E-001  0.0000E+000  8.0902E-001  5.8779E-001  0.0000E+000  0.0000E+000  0.0000E+000  1.0000E+000
  6.1000E-001  0.0000E+000  0.0000E+000  0.0000E+000  5.7501E-001 -8.1815E-001  0.0000E+000  8.1815E-001  5.7501E-001  0.0000E+000  0.0000E+000  0.0000E+000  1.0000E+000
  6.2000E-001  0.0000E+000  0.0000E+000  0.0000E+000  5.6208E-001 -8.2708E-001  0.0000E+000  8.2708E-001  5.6208E-001  0.0000E+000  0.0000E+000  0.0000E+000  1.0000E+000
  6.3000E-001  0.0000E+000  0.0000E+000  0.0000E+000  5.4902E-001 -8.3581E-001  0.0000E+000  8.3581E-001  5.4902E-001  0.0000E+000  0.0000E+000  0.0000E+000  1.0000E+000
  6.4000E-001  0.0000E+000  0.0000E+000  0.0000E+000  5.3583E-001 -8.4433E-001  0.0000E+000  8.4433E-001  5.3583E-001  0.0000E+000  0.0000E+000  0.0000E+000  1.0000E+000
  6.5000E-001  0.0000E+000  0.0000E+000  0.0000E+000  5.2250E-001 -8.5264E-001  0.0000E+000  8.5264E-001  5.2250E-001  0.0000E+000  0.0000E+000  0.0000E+000  1.0000E+000
  6.6000E-001  0.0000E+000  0.0000E+000  0.0000E+000  5.0904E-001 -8.6074E-001  0.0000E+000  8.6074E-001  5.0904E-001  0.0000E+000  0.0000E+000  0.0000E+000  1.0000E+000
  6.7000E-001  0.0000E+000  0.0000E+000  0.0000E+000  4.9546E-001 -8.6863E-001  0.0000E+000  8.6863E-001  4.9546E-001  0.0000E+000  0.0000E+000  0.0000E+000  1.0000E+000
  6.8000E-001  0.0000E+000  0.0000E+000  0.0000E+000  4.8175E-001 -8.7631E-001  0.0000E+000  8.7631E-001  4.8175E-001  0.0000E+000  0.0000E+000  0.0000E+000  1.0000E+000
  6.9000E-001  0.0000E+000  0.0000E+000  0.0000E+000  4.6793E-001 -8.8377E-001  0.0000E+000  8.8377E-001  4.6793E-001  0.0000E+000  0.0000E+000  0.0000E+000  1.0000E+000
  7.0000E-001  0.0000E+000  0.0000E+000  0.0000E+000  4.5399E-001 -8.9101E-001  0.0000E+000  8.9101E-001  4.5399E-001  0.0000E+000  0.0000E+000  0.0000E+000  1.0000E+000
  7.1000E-001  0.0000E+000  0.0000E+000  0.0000E+000  4.3994E-001 -8.9803E-001  0.0000E+000  8.9803E-001  4.3994E-001  0.0000E+000  0.0000E+000  0.0000E+000  1.0000E+000
  7.2000E-001  0.0000E+000  0.0000E+000  0.0000E+000  4.2578E-001 -9.0483E-001  0.0000E+000  9.0483E-001  4.2578E-001  0.0000E+000  0.0000E+000  0.0000E+000  1.0000E+000
  7.3000E-001  0.0000E+000  0.0000E+000  0.0000E+000  4.1151E-001 -9.1140E-001  0.0000E+000  9.1140E-001  4.1151E-001  0.0000E+000  0.0000E+000  0.0000E+000  1.0000E+000
  7.4000E-001  0.0000E+000  0.0000E+000  0.0000E+000  3.9715E-001 -9.1775E-001  0.0000E+000  9.1775E-001  3.9715E-001  0.0000E+000  0.0000E+000  0.0000E+000  1.0000E+000
  7.5000E-001  0.0000E+000  0.0000E+000  0.0000E+000  3.8268E-001 -9.2388E-001  0.0000E+000  9.2388E-001  3.8268E-001  0.0000E+000  0.0000E+000  0.0000E+000  1.0000E+000
  7.6000E-001  0.0000E+000  0.0000E+000  0.0000E+000  3.6812E-001 -9.2978E-001  0.0000E+000  9.2978E-001  3.6812E-001  0.0000E+000  0.0000E+000  0.0000E+000  1.0000E+000
  7.7000E-001  0.0000E+000  0.0000E+000  0.0000E+000  3.5347E-001 -9.3544E-001  0.0000E+000  9.3544E-001  3.5347E-001  0.0000E+000  0.0000E+000  0.0000E+000  1.0000E+000
  7.8000E-001  0.0000E+000  0.0000E+000  0.0000E+000  3.3874E-001 -9.4088E-001  0.0000E+000  9.4088E-001  3.3874E-001  0.0000E+000  0.0000E+000  0.0000E+000  1.0000E+000
  7.9000E-001  0.0000E+000  0.0000E+000  0.0000E+000  3.2392E-001 -9.4609E-001  0.0000E+000  9.4609E-001  3.2392E-001  0.0000E+000  0.0000E+000  0.0000E+000  1.0000E+000
  8.0000E-001  0.0000E+000  0.0000E+000  0.0000E+000  3.0902E-001 -9.5106E-001  0.0000E+000  9.5106E-001  3.0902E-001  0.0000E+000  0.0000E+000  0.0000E+000  1.0000E+000
  8.1000E-001  0.0000E+000  0.0000E+000  0.0000E+000  2.9404E-001 -9.5579E-001  0.0000E+000  9.5579E-001  2.9404E-001  0.0000E+000  0.0000E+000  0.0000E+000  1.0000E+000
  8.2000E-001  0.0000E+000  0.0000E+000  0.0000E+000  2.7899E-001 -9.6029E-001  0.0000E+000  9.6029E-001  2.7899E-001  0.0000E+000  0.0000E+000  0.0000E+000  1.0000E+000
  8.3000E-001  0.0000E+000  0.0000E+000  0.0000E+000  2.6387E-001 -9.6456E-001  0.0000E+000  9.6456E-001  2.6387E-001  0.0000E+000  0.0000E+000  0.0000E+000  1.0000E+000
  8.4000E-001  0.0000E+000  0.0000E+000  0.0000E+000  2.4869E-001 -9.6858E-001  0.0000E+000  9.6858E-001  2.4869E-001  0.0000E+000  0.0000E+000  0.0000E+000  1.0000E+000
  8.5000E-001  0.0000E+000  0.0000E+000  0.0000E+000  2.3345E-001 -9.7237E-001  0.0000E+000  9.7237E-001  2.3345E-001  0.0000E+000  0.0000E+000  0.0000E+000  1.0000E+000
  8.6000E-001  0.0000E+000  0.0000E+000  0.0000E+000  2.1814E-001 -9.7592E-001  0.0000E+000  9.7592E-001  2.1814E-001  0.0000E+000  0.0000E+000  0.0000E+000  1.0000E+000
  8.7000E-001  0.0000E+000  0.0000E+000  0.0000E+000  2.0279E-001 -9.7922E-001  0.0000E+000  9.7922E-001  2.0279E-001  0.0000E+000  0.0000E+000  0.0000E+000  1.0000E+000
  8.8000E-001  0.0000E+000  0.0000E+000  0.0000E+000  1.8738E-001 -9.8229E-001  0.0000E+000  9.8229E-001  1.8738E-001  0.0000E+000  0.0000E+000  0.0000E+000  1.0000E+000
  8.9000E-001  0.0000E+000  0.0000E+000  0.0000E+000  1.7193E-001 -9.8511E-001  0.0000E+000  9.8511E-001  1.7193E-001  0.0000E+000  0.0000E+000  0.0000E+000  1.0000E+000
  9.0000E-001  0.0000E+000  0.0000E+000  0.0000E+000  1.5643E-001 -9.8769E-001  0.0000E+000  9.8769E-001  1.5643E-001  0.0000E+000  0.0000E+000  0.0000E+000  1.0000E+000
  9.1000E-001  0.0000E+000  0.0000E+000  0.0000E+000  1.4090E-001 -9.9002E-001  0.0000E+000  9.9002E-001  1.4090E-001  0.0000E+000  0.0000E+000  0.0000E+000  1.0000E+000
  9.2000E-001  0.0000E+000  0.0000E+000  0.0000E+000  1.2533E-001 -9.9211E-001  0.0000E+000  9.9211E-001  1.2533E-001  0.0000E+000  0.0000E+000  0.0000E+000  1.0000E+000
  9.3000E-001  0.0000E+000  0.0000E+000  0.0000E+000  1.0973E-001 -9.9396E-001  0.0000E+000  9.9396E-001  1.0973E-001  0.0000E+000  0.0000E+000  0.0000E+000  1.0000E+000
  9.4000E-001  0.0000E+000  0.0000E+000  0.0000E+000  9.4108E-002 -9.9556E-001  0.0000E+000  9.9556E-001  9.4108E-002  0.0000E+000  0.0000E+000  0.0000E+000  1.0000E+000
  9.5000E-001  0.0000E+000  0.0000E+000  0.0000E+000  7.8459E-002 -9.9692E-001  0.0000E+000  9.9692E-001  7.8459E-002  0.0000E+000  0.0000E+000  0.0000E+000  1.0000E+000
  9.6000E-001  0.0000E+000  0.0000E+000  0.0000E+000  6.2791E-002 -9.9803E-001  0.0000E+000  9.9803E-001  6.2791E-002  0.0000E+000  0.0000E+000  0.0000E+000  1.0000E+000
  9.7000E-001  0.0000E+000  0.0000E+000  0.0000E+000  4.7106E-002 -9.9889E-001  0.0000E+000  9.9889E-001  4.7106E-002  0.0000E+000  0.0000E+000  0.0000E+000  1.0000E+000
  9.8000E-001  0.0000E+000  0.0000E+000  0.0000E+000  3.1411E-002 -9.9951E-001  0.0000E+000  9.9951E-001  3.1411E-002  0.0000E+000  0.0000E+000  0.0000E+000  1.0000E+000
  9.9000E-001  0.0000E+000  0.0000E+000  0.0000E+000  1.5707E-002 -9.9988E-001  0.0000E+000  9.9988E-001  1.5707E-002  0.0000E+000  0.0000E+000  0.0000E+000  1.0000E+000
  1.0000E+000  0.0000E+000  0.0000E+000  0.0000E+000  0.0000E+000 -1.0000E+000  0.0000E+000  1.0000E+000  0.0000E+000  0.0000E+000  0.0000E+000  0.0000E+000  1.0000E+000
  1.0100E+000  0.0000E+000  0.0000E+000  0.0000E+000 -1.5707E-002 -9.9988E-001  0.0000E+000  9.9988E-001 -1.5707E-002  0.0000E+000  0.0000E+000  0.0000E+000  1.0000E+000
  1.0200E+000  0.0000E+000  0.0000E+000  0.0000E+000 -3.1411E-002 -9.9951E-001  0.0000E+000  9.9951E-001 -3.1411E-002  0.0000E+000  0.0000E+000  0.0000E+000  1.0000E+000
  1.0300E+000  0.0000E+000  0.0000E+000  0.0000E+000 -4.7106E-002 -9.9889E-001  0.0000E+000  9.9889E-001 -4.7106E-002  0.0000E+000  0.0000E+000  0.0000E+000  1.0000E+000
  1.0400E+000  0.0000E+000  0.0000E+000  0.0000E+000 -6.2791E-002 -9.9803E-001  0.0000E+000  9.9803E-001 -6.2791E-002  0.0000E+000  0.0000E+000  0.0000E+000  1.0000E+000
  1.0500E+000  0.0000E+000  0.0000E+000  0.0000E+000 -7.8459E-002 -9.9692E-001  0.0000E+000  9.9692E-001 -7.8459E-002  0.0000E+000  0.0000E+000  0.0000E+000  1.0000E+000
  1.0600E+000  0.0000E+000  0.0000E+000  0.0000E+000 -9.4108E-002 -9.9556E-001  0.0000E+000  9.9556E-001 -9.4108E-002  0.0000E+000  0.0000E+000  0.0000E+000  1.0000E+000
  1.0700E+000  0.0000E+000  0.0000E+000  0.0000E+000 -1.0973E-001 -9.9396E-001  0.0000E+000  9.9396E-001 -1.0973E-001  0.0000E+000  0.0000E+000  0.0000E+000  1.0000E+000
  1.0800E+000  0.0000E+000  0.0000E+000  0.0000E+000 -1.2533E-001 -9.9211E-001  0.0000E+000  9.9211E-001 -1.2533E-001  0.0000E+000  0.0000E+000  0.0000E+000  1.0000E+000
  1.0900E+000  0.0000E+000  0.0000E+000  0.0000E+000 -1.4090E-001 -9.9002E-001  0.0000E+000  9.9002E-001 -1.4090E-001  0.0000E+000  0.0000E+000  0.0000E+000  1.0000E+000
  1.1000E+000  0.0000E+000  0.0000E+000  0.0000E+000 -1.5643E-001 -9.8769E-001  0.0000E+000  9.8769E-001 -1.5643E-001  0.0000E+000  0.0000E+000  0.0000E+000  1.0000E+000
  1.1100E+000  0.0000E+000  0.0000E+000  0.0000E+000 -1.7193E-001 -9.8511E-001  0.0000E+000  9.8511E-001 -1.7193E-001  0.0000E+000  0.0000E+000  0.0000E+000  1.0000E+000
  1.1200E+000  0.0000E+000  0.0000E+000  0.0000E+000 -1.8738E-001 -9.8229E-001  0.0000E+000  9.8229E-001 -1.8738E-001  0.0000E+000  0.0000E+000  0.0000E+000  1.0000E+000
  1.1300E+000  0.0000E+000  0.0000E+000  0.0000E+000 -2.0279E-001 -9.7922E-001  0.0000E+000  9.7922E-001 -2.0279E-001  0.0000E+000  0.0000E+000  0.0000E+000  1.0000E+000
  1.1400E+000  0.0000E+000  0.0000E+000  0.0000E+000 -2.1814E-001 -9.7592E-001  0.0000E+000  9.7592E-001 -2.1814E-001  0.0000E+000  0.0000E+000  0.0000E+000  1.0000E+000
  1.1500E+000  0.0000E+000  0.0000E+000  0.0000E+000 -2.3345E-001 -9.7237E-001  0.0000E+000  9.7237E-001 -2.3345E-001  0.0000E+000  0.0000E+000  0.0000E+000  1.0000E+000
  1.1600E+000  0.0000E+000  0.0000E+000  0.0000E+000 -2.4869E-001 -9.6858E-001  0.0000E+000  9.6858E-001 -2.4869E-001  0.0000E+000  0.0000E+000  0.0000E+000  1.0000E+000
  1.1700E+000  0.0000E+000  0.0000E+000  0.0000E+000 -2.6387E-001 -9.6456E-001  0.0000E+000  9.6456E-001 -2.6387E-001  0.0000E+000  0.0000E+000  0.0000E+000  1.0000E+000
  1.1800E+000  0.0000E+000  0.0000E+000  0.0000E+000 -2.7899E-001 -9.6029E-001  0.0000E+000  9.6029E-001 -2.7899E-001  0.0000E+000  0.0000E+000  0.0000E+000  1.0000E+000
  1.1900E+000  0.0000E+000  0.0000E+000  0.0000E+000 -2.9404E-001 -9.5579E-001  0.0000E+000  9.5579E-001 -2.9404E-001  0.0000E+000  0.0000E+000  0.0000E+000  1.0000E+000
  1.2000E+000  0.0000E+000  0.0000E+000  0.0000E+000 -3.0902E-001 -9.5106E-001  0.0000E+000  9.5106E-001 -3.0902E-001  0.0000E+000  0.0000E+000  0.0000E+000  1.0000E+000
  1.2100E+000  0.0000E+000  0.0000E+000  0.0000E+000 -3.2392E-001 -9.4609E-001  0.0000E+000  9.4609E-001 -3.2392E-001  0.0000E+000  0.0000E+000  0.0000E+000  1.0000E+000
  1.2200E+000  0.0000E+000  0.0000E+000  0.0000E+000 -3.3874E-001 -9.4088E-001  0.0000E+000  9.4088E-001 -3.3874E-001  0.0000E+000  0.0000E+000  0.0000E+000  1.0000E+000
  1.2300E+000  0.0000E+000  0.0000E+000  0.0000E+000 -3.5347E-001 -9.3544E-001  0.0000E+000  9.3544E-001 -3.5347E-001  0.0000E+000  0.0000E+000  0.0000E+000  1.0000E+000
  1.2400E+000  0.0000E+000  0.0000E+000  0.0000E+000 -3.6812E-001 -9.2978E-001  0.0000E+000  9.2978E-001 -3.6812E-001  0.0000E+000  0.0000E+000  0.0000E+000  1.0000E+000
  1.2500E+000  0.0000E+000  0.0000E+000  0.0000E+000 -3.8268E-001 -9.2388E-001  0.0000E+000  9.2388E-001 -3.8268E-001  0.0000E+000  0.0000E+000  0.0000E+000  1.0000E+000
  1.2600E+000  0.0000E+000  0.0000E+000  0.0000E+000 -3.9715E-001 -9.1775E-001  0.0000E+000  9.1775E-001 -3.9715E-001  0.0000E+000  0.0000E+000  0.0000E+000  1.0000E+000
  1.2700E+000  0.0000E+000  0.0000E+000  0.0000E+000 -4.1151E-001 -9.1140E-001  0.0000E+000  9.1140E-001 -4.1151E-001  0.0000E+000  0.0000E+000  0.0000E+000  1.0000E+000
  1.2800E+000  0.0000E+000  0.0000E+000  0.0000E+000 -4.2578E-001 -9.0483E-001  0.0000E+000  9.0483E-001 -4.2578E-001  0.0000E+000  0.0000E+000  0.0000E+000  1.0000E+000
  1.2900E+000  0.0000E+000  0.0000E+000  0.0000E+000 -4.3994E-001 -8.9803E-001  0.0000E+000  8.9803E-001 -4.3994E-001  0.0000E+000  0.0000E+000  0.0000E+000  1.0000E+000
  1.3000E+000  0.0000E+000  0.0000E+000  0.0000E+000 -4.5399E-001 -8.9101E-001  0.0000E+000  8.9101E-001 -4.5399E-001  0.0000E+000  0.0000E+000  0.0000E+000  1.0000E+000
  1.3100E+000  0.0000E+000  0.0000E+000  0.0000E+000 -4.6793E-001 -8.8377E-001  0.0000E+000  8.8377E-001 -4.6793E-001  0.0000E+000  0.0000E+000  0.0000E+000  1.0000E+000
  1.3200E+000  0.0000E+000  0.0000E+000  0.0000E+000 -4.8175E-001 -8.7631E-001  0.0000E+000  8.7631E-001 -4.8175E-001  0.0000E+000  0.0000E+000  0.0000E+000  1.0000E+000
  1.3300E+000  0.0000E+000  0.0000E+000  0.0000E+000 -4.9546E-001 -8.6863E-001  0.0000E+000  8.6863E-001 -4.9546E-001  0.0000E+000  0.0000E+000  0.0000E+000  1.0000E+000
  1.3400E+000  0.0000E+000  0.0000E+000  0.0000E+000 -5.0904E-001 -8.6074E-001  0.0000E+000  8.6074E-001 -5.0904E-001  0.0000E+000  0.0000E+000  0.0000E+000  1.0000E+000
  1.3500E+000  0.0000E+000  0.0000E+000  0.0000E+000 -5.2250E-001 -8.5264E-001  0.0000E+000  8.5264E-001 -5.2250E-001  0.0000E+000  0.0000E+000  0.0000E+000  1.0000E+000
  1.3600E+000  0.0000E+000  0.0000E+000  0.0000E+000 -5.3583E-001 -8.4433E-001  0.0000E+000  8.4433E-001 -5.3583E-001  0.0000E+000  0.0000E+000  0.0000E+000  1.0000E+000
  1.3700E+000  0.0000E+000  0.0000E+000  0.0000E+000 -5.4902E-001 -8.3581E-001  0.0000E+000  8.3581E-001 -5.4902E-001  0.0000E+000  0.0000E+000  0.0000E+000  1.0000E+000
  1.3800E+000  0.0000E+000  0.0000E+000  0.0000E+000 -5.6208E-001 -8.2708E-001  0.0000E+000  8.2708E-001 -5.6208E-001  0.0000E+000  0.0000E+000  0.0000E+000  1.0000E+000
  1.3900E+000  0.0000E+000  0.0000E+000  0.0000E+000 -5.7501E-001 -8.1815E-001  0.0000E+000  8.1815E-001 -5.7501E-001  0.0000E+000  0.0000E+000  0.0000E+000  1.0000E+000
  1.4000E+000  0.0000E+000  0.0000E+000  0.0000E+000 -5.8779E-001 -8.0902E-001  0.0000E+000  8.0902E-001 -5.8779E-001  0.0000E+000  0.0000E+000  0.0000E+000  1.0000E+000
  1.4100E+000  0.0000E+000  0.0000E+000  0.0000E+000 -6.0042E-001 -7.9968E-001  0.0000E+000  7.9968E-001 -6.0042E-001  0.0000E+000  0.0000E+000  0.0000E+000  1.0000E+000
  1.4200E+000  0.0000E+000  0.0000E+000  0.0000E+000 -6.1291E-001 -7.9016E-001  0.0000E+000  7.9016E-001 -6.1291E-001  0.0000E+000  0.0000E+000  0.0000E+000  1.0000E+000
  1.4300E+000  0.0000E+000  0.0000E+000  0.0000E+000 -6.2524E-001 -7.8043E-001  0.0000E+000  7.8043E-001 -6.2524E-001  0.0000E+000  0.0000E+000  0.0000E+000  1.0000E+000
  1.4400E+000  0.0000E+000  0.0000E+000  0.0000E+000 -6.3742E-001 -7.7051E-001  0.0000E+000  7.7051E-001 -6.3742E-001  0.0000E+000  0.0000E+000  0.0000E+000  1.0000E+000
  1.4500E+000  0.0000E+000  0.0000E+000  0.0000E+000 -6.4945E-001 -7.6041E-001  0.0000E+000  7.6041E-001 -6.4945E-001  0.0000E+000  0.0000E+000  0.0000E+000  1.0000E+000
  1.4600E+000  0.0000E+000  0.0000E+000  0.0000E+000 -6.6131E-001 -7.5011E-001  0.0000E+000  7.5011E-001 -6.6131E-001  0.0000E+000  0.0000E+000  0.0000E+000  1.0000E+000
  1.4700E+000  0.0000E+000  0.0000E+000  0.0000E+000 -6.7301E-001 -7.3963E-001  0.0000E+000  7.3963E-001 -6.7301E-001  0.0000E+000  0.0000E+000  0.0000E+000  1.0000E+000
  1.4800E+000  0.0000E+000  0.0000E+000  0.0000E+000 -6.8455E-001 -7.2897E-001  0.0000E+000  7.2897E-001 -6.8455E-001  0.0000E+000  0.0000E+000  0.0000E+000  1.0000E+000
  1.4900E+000  0.0000E+000  0.0000E+000  0.0000E+000 -6.9591E-001 -7.1813E-001  0.0000E+000  7.1813E-001 -6.9591E-001  0.0000E+000  0.0000E+000  0.0000E+000  1.0000E+000
  1.5000E+000  0.0000E+000  0.0000E+000  0.0000E+000 -7.0711E-001 -7.0711E-001  0.0000E+000  7.0711E-001 -7.0711E-001  0.0000E+000  0.0000E+000  0.0000E+000  1.0000E+000
  1.5100E+000  0.0000E+000  0.0000E+000  0.0000E+000 -7.1813E-001 -6.9591E-001  0.0000E+000  6.9591E-001 -7.1813E-001  0.0000E+000  0.0000E+000  0.0000E+000  1.0000E+000
  1.5200E+000  0.0000E+000  0.0000E+000  0.0000E+000 -7.2897E-001 -6.8455E-001  0.0000E+000  6.8455E-001 -7.2897E-001  0.0000E+000  0.0000E+000  0.0000E+000  1.0000E+000
  1.5300E+000  0.0000E+000  0.0000E+000  0.0000E+000 -7.3963E-001 -6.7301E-001  0.0000E+000  6.7301E-001 -7.3963E-001  0.0000E+000  0.0000E+000  0.0000E+000  1.0000E+000
  1.5400E+000  0.0000E+000  0.0000E+000  0.0000E+000 -7.5011E-001 -6.6131E-001  0.0000E+000  6.6131E-001 -7.5011E-001  0.0000E+000  0.0000E+000  0.0000E+000  1.0000E+000
  1.5500E+000  0.0000E+000  0.0000E+000  0.0000E+000 -7.6041E-001 -6.4945E-001  0.0000E+000  6.4945E-001 -7.6041E-001  0.0000E+000  0.0000E+000  0.0000E+000  1.0000E+000
  1.5600E+000  0.0000E+000  0.0000E+000  0.0000E+000 -7.7051E-001 -6.3742E-001  0.0000E+000  6.3742E-001 -7.7051E-001  0.0000E+000  0.0000E+000  0.0000E+000  1.0000E+000
  1.5700E+000  0.0000E+000  0.0000E+000  0.0000E+000 -7.8043E-001 -6.2524E-001  0.0000E+000  6.2524E-001 -7.8043E-001  0.0000E+000  0.0000E+000  0.0000E+000  1.0000E+000
  1.5800E+000  0.0000E+000  0.0000E+000  0.0000E+000 -7.9016E-001 -6.1291E-001  0.0000E+000  6.1291E-001 -7.9016E-001  0.0000E+000  0.0000E+000  0.0000E+000  1.0000E+000
  1.5900E+000  0.0000E+000  0.0000E+000  0.0000E+000 -7.9968E-001 -6.0042E-001  0.0000E+000  6.0042E-001 -7.9968E-001  0.0000E+000  0.0000E+000  0.0000E+000  1.0000E+000
  1.6000E+000  0.0000E+000  0.0000E+000  0.0000E+000 -8.0902E-001 -5.8779E-001  0.0000E+000  5.8779E-001 -8.0902E-001  0.0000E+000  0.0000E+000  0.0000E+000  1.0000E+000
  1.6100E+000  0.0000E+000  0.0000E+000  0.0000E+000 -8.1815E-001 -5.7501E-001  0.0000E+000  5.7501E-001 -8.1815E-001  0.0000E+000  0.0000E+000  0.0000E+000  1.0000E+000
  1.6200E+000  0.0000E+000  0.0000E+000  0.0000E+000 -8.2708E-001 -5.6208E-001  0.0000E+000  5.6208E-001 -8.2708E-001  0.0000E+000  0.0000E+000  0.0000E+000  1.0000E+000
  1.6300E+000  0.0000E+000  0.0000E+000  0.0000E+000 -8.3581E-001 -5.4902E-001  0.0000E+000  5.4902E-001 -8.3581E-001  0.0000E+000  0.0000E+000  0.0000E+000  1.0000E+000
  1.6400E+000  0.0000E+000  0.0000E+000  0.0000E+000 -8.4433E-001 -5.3583E-001  0.0000E+000  5.3583E-001 -8.4433E-001  0.0000E+000  0.0000E+000  0.0000E+000  1.0000E+000
  1.6500E+000  0.0000E+000  0.0000E+000  0.0000E+000 -8.5264E-001 -5.2250E-001  0.0000E+000  5.2250E-001 -8.5264E-001  0.0000E+000  0.0000E+000  0.0000E+000  1.0000E+000
  1.6600E+000  0.0000E+000  0.0000E+000  0.0000E+000 -8.6074E-001 -5.0904E-001  0.0000E+000  5.0904E-001 -8.6074E-001  0.0000E+000  0.0000E+000  0.0000E+000  1.0000E+000
  1.6700E+000  0.0000E+000  0.0000E+000  0.0000E+000 -8.6863E-001 -4.9546E-001  0.0000E+000  4.9546E-001 -8.6863E-001  0.0000E+000  0.0000E+000  0.0000E+000  1.0000E+000
  1.6800E+000  0.0000E+000  0.0000E+000  0.0000E+000 -8.7631E-001 -4.8175E-001  0.0000E+000  4.8175E-001 -8.7631E-001  0.0000E+000  0.0000E+000  0.0000E+000  1.0000E+000
  1.6900E+000  0.0000E+000  0.0000E+000  0.0000E+000 -8.8377E-001 -4.6793E-001  0.0000E+000  4.6793E-001 -8.8377E-001  0.0000E+000  0.0000E+000  0.0000E+000  1.0000E+000
  1.7000E+000  0.0000E+000  0.0000E+000  0.0000E+000 -8.9101E-001 -4.5399E-001  0.0000E+000  4.5399E-001 -8.9101E-001  0.0000E+000  0.0000E+000  0.0000E+000  1.0000E+000
  1.7100E+000  0.0000E+000  0.0000E+000  0.0000E+000 -8.9803E-001 -4.3994E-001  0.0000E+000  4.3994E-001 -8.9803E-001  0.0000E+000  0.0000E+000  0.0000E+000  1.0000E+000
  1.7200E+000  0.0000E+000  0.0000E+000  0.0000E+000 -9.0483E-001 -4.2578E-001  0.0000E+000  4.2578E-001 -9.0483E-001  0.0000E+000  0.0000E+000  0.0000E+000  1.0000E+000
  1.7300E+000  0.0000E+000  0.0000E+000  0.0000E+000 -9.1140E-001 -4.1151E-001  0.0000E+000  4.1151E-001 -9.1140E-001  0.0000E+000  0.0000E+000  0.0000E+000  1.0000E+000
  1.7400E+000  0.0000E+000  0.0000E+000  0.0000E+000 -9.1775E-001 -3.9715E-001  0.0000E+000  3.9715E-001 -9.1775E-001  0.0000E+000  0.0000E+000  0.0000E+000  1.0000E+000
  1.7500E+000  0.0000E+000  0.0000E+000  0.0000E+000 -9.2388E-001 -3.8268E-001  0.0000E+000  3.8268E-001 -9.2388E-001  0.0000E+000  0.0000E+000  0.0000E+000  1.0000E+000
  1.7600E+000  0.0000E+000  0.0000E+000  0.0000E+000 -9.2978E-001 -3.6812E-001  0.0000E+000  3.6812E-001 -9.2978E-001  0.0000E+000  0.0000E+000  0.0000E+000  1.0000E+000
  1.7700E+000  0.0000E+000  0.0000E+000  0.0000E+000 -9.3544E-001 -3.5347E-001  0.0000E+000  3.5347E-001 -9.3544E-001  0.0000E+000  0.0000E+000  0.0000E+000  1.0000E+000
  1.7800E+000  0.0000E+000  0.0000E+000  0.0000E+000 -9.4088E-001 -3.3874E-001  0.0000E+000  3.3874E-001 -9.4088E-001  0.0000E+000  0.0000E+000  0.0000E+000  1.0000E+000
  1.7900E+000  0.0000E+000  0.0000E+000  0.0000E+000 -9.4609E-001 -3.2392E-001  0.0000E+000  3.2392E-001 -9.4609E-001  0.0000E+000  0.0000E+000  0.0000E+000  1.0000E+000
  1.8000E+000  0.0000E+000  0.0000E+000  0.0000E+000 -9.5106E-001 -3.0902E-001  0.0000E+000  3.0902E-001 -9.5106E-001  0.0000E+000  0.0000E+000  0.0000E+000  1.0000E+000
  1.8100E+000  0.0000E+000  0.0000E+000  0.0000E+000 -9.5579E-001 -2.9404E-001  0.0000E+000  2.9404E-001 -9.5579E-001  0.0000E+000  0.0000E+000  0.0000E+000  1.0000E+000
  1.8200E+000  0.0000E+000  0.0000E+000  0.0000E+000 -9.6029E-001 -2.7899E-001  0.0000E+000  2.7899E-001 -9.6029E-001  0.0000E+000  0.0000E+000  0.0000E+000  1.0000E+000
  1.8300E+000  0.0000E+000  0.0000E+000  0.0000E+000 -9.6456E-001 -2.6387E-001  0.0000E+000  2.6387E-001 -9.6456E-001  0.0000E+000  0.0000E+000  0.0000E+000  1.0000E+000
  1.8400E+000  0.0000E+000  0.0000E+000  0.0000E+000 -9.6858E-001 -2.4869E-001  0.0000E+000  2.4869E-001 -9.6858E-001  0.0000E+000  0.0000E+000  0.0000E+000  1.0000E+000
  1.8500E+000  0.0000E+000  0.0000E+000  0.0000E+000 -9.7237E-001 -2.3345E-001  0.0000E+000  2.3345E-001 -9.7237E-001  0.0000E+000  0.0000E+000  0.0000E+000  1.0000E+000
  1.8600E+000  0.0000E+000  0.0000E+000  0.0000E+000 -9.7592E-001 -2.1814E-001  0.0000E+000  2.1814E-001 -9.7592E-001  0.0000E+000  0.0000E+000  0.0000E+000  1.0000E+000
  1.8700E+000  0.0000E+000  0.0000E+000  0.0000E+000 -9.7922E-001 -2.0279E-001  0.0000E+000  2.0279E-001 -9.7922E-001  0.0000E+000  0.0000E+000  0.0000E+000  1.0000E+000
  1.8800E+000  0.0000E+000  0.0000E+000  0.0000E+000 -9.8229E-001 -1.8738E-001  0.0000E+000  1.8738E-001 -9.8229E-001  0.0000E+000  0.0000E+000  0.0000E+000  1.0000E+000
  1.8900E+000  0.0000E+000  0.0000E+000  0.0000E+000 -9.8511E-001 -1.7193E-001  0.0000E+000  1.7193E-001 -9.8511E-001  0.0000E+000  0.0000E+000  0.0000E+000  1.0000E+000
  1.9000E+000  0.0000E+000  0.0000E+000  0.0000E+000 -9.8769E-001 -1.5643E-001  0.0000E+000  1.5643E-001 -9.8769E-001  0.0000E+000  0.0000E+000  0.0000E+000  1.0000E+000
  1.9100E+000  0.0000E+000  0.0000E+000  0.0000E+000 -9.9002E-001 -1.4090E-001  0.0000E+000  1.4090E-001 -9.9002E-001  0.0000E+000  0.0000E+000  0.0000E+000  1.0000E+000
  1.9200E+000  0.0000E+000  0.0000E+000  0.0000E+000 -9.9211E-001 -1.2533E-001  0.0000E+000  1.2533E-001 -9.9211E-001  0.0000E+000  0.0000E+000  0.0000E+000  1.0000E+000
  1.9300E+000  0.0000E+000  0.0000E+000  0.0000E+000 -9.9396E-001 -1.0973E-001  0.0000E+000  1.0973E-001 -9.9396E-001  0.0000E+000  0.0000E+000  0.0000E+000  1.0000E+000
  1.9400E+000  0.0000E+000  0.0000E+000  0.0000E+000 -9.9556E-001 -9.4108E-002  0.0000E+000  9.4108E-002 -9.9556E-001  0.0000E+000  0.0000E+000  0.0000E+000  1.0000E+000
  1.9500E+000  0.0000E+000  0.0000E+000  0.0000E+000 -9.9692E-001 -7.8459E-002  0.0000E+000  7.8459E-002 -9.9692E-001  0.0000E+000  0.0000E+000  0.0000E+000  1.0000E+000
  1.9600E+000  0.0000E+000  0.0000E+000  0.0000E+000 -9.9803E-001 -6.2791E-002  0.0000E+000  6.2791E-002 -9.9803E-001  0.0000E+000  0.0000E+000  0.0000E+000  1.0000E+000
  1.9700E+000  0.0000E+000  0.0000E+000  0.0000E+000 -9.9889E-001 -4.7106E-002  0.0000E+000  4.7106E-002 -9.9889E-001  0.0000E+000  0.0000E+000  0.0000E+000  1.0000E+000
  1.9800E+000  0.0000E+000  0.0000E+000  0.0000E+000 -9.9951E-001 -3.1411E-002  0.0000E+000  3.1411E-002 -9.9951E-001  0.0000E+000  0.0000E+000  0.0000E+000  1.0000E+000
  1.9900E+000  0.0000E+000  0.0000E+000  0.0000E+000 -9.9988E-001 -1.5707E-002  0.0000E+000  1.5707E-002 -9.9988E-001  0.0000E+000  0.0000E+000  0.0000E+000  1.0000E+000
  2.0000E+000  0.0000E+000  0.0000E+000  0.0000E+000 -1.0000E+000  2.3414E-014  0.0000E+000 -2.3414E-014 -1.0000E+000  0.0000E+000  0.0000E+000  0.0000E+000  1.0000E+000
  2.0100E+000  0.0000E+000  0.0000E+000  0.0000E+000 -9.9988E-001  1.5707E-002  0.0000E+000 -1.5707E-002 -9.9988E-001  0.0000E+000  0.0000E+000  0.0000E+000  1.0000E+000
  2.0200E+000  0.0000E+000  0.0000E+000  0.0000E+000 -9.9951E-001  3.1411E-002  0.0000E+000 -3.1411E-002 -9.9951E-001  0.0000E+000  0.0000E+000  0.0000E+000  1.0000E+000
  2.0300E+000  0.0000E+000  0.0000E+000  0.0000E+000 -9.9889E-001  4.7106E-002  0.0000E+000 -4.7106E-002 -9.9889E-001  0.0000E+000  0.0000E+000  0.0000E+000  1.0000E+000
  2.0400E+000  0.0000E+000  0.0000E+000  0.0000E+000 -9.9803E-001  6.2791E-002  0.0000E+000 -6.2791E-002 -9.9803E-001  0.0000E+000  0.0000E+000  0.0000E+000  1.0000E+000
  2.0500E+000  0.0000E+000  0.0000E+000  0.0000E+000 -9.9692E-001  7.8459E-002  0.0000E+000 -7.8459E-002 -9.9692E-001  0.0000E+000  0.0000E+000  0.0000E+000  1.0000E+000
  2.0600E+000  0.0000E+000  0.0000E+000  0.0000E+000 -9.9556E-001  9.4108E-002  0.0000E+000 -9.4108E-002 -9.9556E-001  0.0000E+000  0.0000E+000  0.0000E+000  1.0000E+000
  2.0700E+000  0.0000E+000  0.0000E+000  0.0000E+000 -9.9396E-001  1.0973E-001  0.0000E+000 -1.0973E-001 -9.9396E-001  0.0000E+000  0.0000E+000  0.0000E+000  1.0000E+000
  2.0800E+000  0.0000E+000  0.0000E+000  0.0000E+000 -9.9211E-001  1.2533E-001  0.0000E+000 -1.2533E-001 -9.9211E-001  0.0000E+000  0.0000E+000  0.0000E+000  1.0000E+000
  2.0900E+000  0.0000E+000  0.0000E+000  0.0000E+000 -9.9002E-001  1.4090E-001  0.0000E+000 -1.4090E-001 -9.9002E-001  0.0000E+000  0.0000E+000  0.0000E+000  1.0000E+000
  2.1000E+000  0.0000E+000  0.0000E+000  0.0000E+000 -9.8769E-001  1.5643E-001  0.0000E+000 -1.5643E-001 -9.8769E-001  0.0000E+000  0.0000E+000  0.0000E+000  1.0000E+000
  2.1100E+000  0.0000E+000  0.0000E+000  0.0000E+000 -9.8511E-001  1.7193E-001  0.0000E+000 -1.7193E-001 -9.8511E-001  0.0000E+000  0.0000E+000  0.0000E+000  1.0000E+000
  2.1200E+000  0.0000E+000  0.0000E+000  0.0000E+000 -9.8229E-001  1.8738E-001  0.0000E+000 -1.8738E-001 -9.8229E-001  0.0000E+000  0.0000E+000  0.0000E+000  1.0000E+000
  2.1300E+000  0.0000E+000  0.0000E+000  0.0000E+000 -9.7922E-001  2.0279E-001  0.0000E+000 -2.0279E-001 -9.7922E-001  0.0000E+000  0.0000E+000  0.0000E+000  1.0000E+000
  2.1400E+000  0.0000E+000  0.0000E+000  0.0000E+000 -9.7592E-001  2.1814E-001  0.0000E+000 -2.1814E-001 -9.7592E-001  0.0000E+000  0.0000E+000  0.0000E+000  1.0000E+000
  2.1500E+000  0.0000E+000  0.0000E+000  0.0000E+000 -9.7237E-001  2.3345E-001  0.0000E+000 -2.3345E-001 -9.7237E-001  0.0000E+000  0.0000E+000  0.0000E+000  1.0000E+000
  2.1600E+000  0.0000E+000  0.0000E+000  0.0000E+000 -9.6858E-001  2.4869E-001  0.0000E+000 -2.4869E-001 -9.6858E-001  0.0000E+000  0.0000E+000  0.0000E+000  1.0000E+000
  2.1700E+000  0.0000E+000  0.0000E+000  0.0000E+000 -9.6456E-001  2.6387E-001  0.0000E+000 -2.6387E-001 -9.6456E-001  0.0000E+000  0.0000E+000  0.0000E+000  1.0000E+000
  2.1800E+000  0.0000E+000  0.0000E+000  0.0000E+000 -9.6029E-001  2.7899E-001  0.0000E+000 -2.7899E-001 -9.6029E-001  0.0000E+000  0.0000E+000  0.0000E+000  1.0000E+000
  2.1900E+000  0.0000E+000  0.0000E+000  0.0000E+000 -9.5579E-001  2.9404E-001  0.0000E+000 -2.9404E-001 -9.5579E-001  0.0000E+000  0.0000E+000  0.0000E+000  1.0000E+000
  2.2000E+000  0.0000E+000  0.0000E+000  0.0000E+000 -9.5106E-001  3.0902E-001  0.0000E+000 -3.0902E-001 -9.5106E-001  0.0000E+000  0.0000E+000  0.0000E+000  1.0000E+000
  2.2100E+000  0.0000E+000  0.0000E+000  0.0000E+000 -9.4609E-001  3.2392E-001  0.0000E+000 -3.2392E-001 -9.4609E-001  0.0000E+000  0.0000E+000  0.0000E+000  1.0000E+000
  2.2200E+000  0.0000E+000  0.0000E+000  0.0000E+000 -9.4088E-001  3.3874E-001  0.0000E+000 -3.3874E-001 -9.4088E-001  0.0000E+000  0.0000E+000  0.0000E+000  1.0000E+000
  2.2300E+000  0.0000E+000  0.0000E+000  0.0000E+000 -9.3544E-001  3.5347E-001  0.0000E+000 -3.5347E-001 -9.3544E-001  0.0000E+000  0.0000E+000  0.0000E+000  1.0000E+000
  2.2400E+000  0.0000E+000  0.0000E+000  0.0000E+000 -9.2978E-001  3.6812E-001  0.0000E+000 -3.6812E-001 -9.2978E-001  0.0000E+000  0.0000E+000  0.0000E+000  1.0000E+000
  2.2500E+000  0.0000E+000  0.0000E+000  0.0000E+000 -9.2388E-001  3.8268E-001  0.0000E+000 -3.8268E-001 -9.2388E-001  0.0000E+000  0.0000E+000  0.0000E+000  1.0000E+000
  2.2600E+000  0.0000E+000  0.0000E+000  0.0000E+000 -9.1775E-001  3.9715E-001  0.0000E+000 -3.9715E-001 -9.1775E-001  0.0000E+000  0.0000E+000  0.0000E+000  1.0000E+000
  2.2700E+000  0.0000E+000  0.0000E+000  0.0000E+000 -9.1140E-001  4.1151E-001  0.0000E+000 -4.1151E-001 -9.1140E-001  0.0000E+000  0.0000E+000  0.0000E+000  1.0000E+000
  2.2800E+000  0.0000E+000  0.0000E+000  0.0000E+000 -9.0483E-001  4.2578E-001  0.0000E+000 -4.2578E-001 -9.0483E-001  0.0000E+000  0.0000E+000  0.0000E+000  1.0000E+000
  2.2900E+000  0.0000E+000  0.0000E+000  0.0000E+000 -8.9803E-001  4.3994E-001  0.0000E+000 -4.3994E-001 -8.9803E-001  0.0000E+000  0.0000E+000  0.0000E+000  1.0000E+000
  2.3000E+000  0.0000E+000  0.0000E+000  0.0000E+000 -8.9101E-001  4.5399E-001  0.0000E+000 -4.5399E-001 -8.9101E-001  0.0000E+000  0.0000E+000  0.0000E+000  1.0000E+000
