% FILE: robot_arm.4
%
%       t         P_No_Co[1]     P_No_Co[2]     P_No_Co[3]      N_C[1,1]       N_C[1,2]       N_C[1,3]       N_C[2,1]       N_C[2,2]       N_C[2,3]       N_C[3,1]       N_C[3,2]       N_C[3,3]
%   (second)        (meter)        (meter)        (meter)       (NoUnits)      (NoUnits)      (NoUnits)      (NoUnits)      (NoUnits)      (NoUnits)      (NoUnits)      (NoUnits)      (NoUnits)

  0.000000E+000  1.350624E+000  8.368081E-001  0.000000E+000  9.981165E-001  6.134676E-002  0.000000E+000 -6.134676E-002  9.981165E-001  0.000000E+000  0.000000E+000  0.000000E+000  1.000000E+000
  5.000000E-002  1.350624E+000  8.368081E-001 -2.091960E-009  9.981165E-001  6.134677E-002  1.548884E-009 -6.134677E-002  9.981165E-001  0.000000E+000 -1.545967E-009 -9.501902E-011  1.000000E+000
  1.000000E-001  1.350624E+000  8.368081E-001 -3.696510E-008  9.981165E-001  6.134682E-002  2.736891E-008 -6.134682E-002  9.981165E-001  0.000000E+000 -2.731736E-008 -1.678995E-009  1.000000E+000
  1.500000E-001  1.350624E+000  8.368083E-001 -2.027271E-007  9.981165E-001  6.134709E-002  1.500989E-007 -6.134709E-002  9.981165E-001  0.000000E+000 -1.498162E-007 -9.208129E-009  1.000000E+000
  2.000000E-001  1.350623E+000  8.368087E-001 -6.892377E-007  9.981164E-001  6.134783E-002  5.103108E-007 -6.134783E-002  9.981164E-001  0.000000E+000 -5.093496E-007 -3.130646E-008  1.000000E+000
  2.500000E-001  1.350623E+000  8.368097E-001 -1.800323E-006  9.981163E-001  6.134944E-002  1.332958E-006 -6.134944E-002  9.981163E-001  0.000000E+000 -1.330447E-006 -8.177622E-008  1.000000E+000
  3.000000E-001  1.350621E+000  8.368114E-001 -3.975589E-006  9.981162E-001  6.135241E-002  2.943526E-006 -6.135241E-002  9.981162E-001  0.000000E+000 -2.937981E-006 -1.805924E-007  1.000000E+000
  3.500000E-001  1.350619E+000  8.368144E-001 -7.811771E-006  9.981159E-001  6.135733E-002  5.783845E-006 -6.135733E-002  9.981159E-001  0.000000E+000 -5.772947E-006 -3.548813E-007  1.000000E+000
  4.000000E-001  1.350615E+000  8.368189E-001 -1.408357E-005  9.981154E-001  6.136488E-002  1.042752E-005 -6.136488E-002  9.981154E-001  0.000000E+000 -1.040787E-005 -6.398835E-007  1.000000E+000
  4.500000E-001  1.350610E+000  8.368255E-001 -2.376395E-005  9.981147E-001  6.137577E-002  1.759497E-005 -6.137577E-002  9.981147E-001  0.000000E+000 -1.756180E-005 -1.079905E-006  1.000000E+000
  5.000000E-001  1.350603E+000  8.368345E-001 -3.804370E-005  9.981138E-001  6.139078E-002  2.816793E-005 -6.139078E-002  9.981138E-001  0.000000E+000 -2.811480E-005 -1.729251E-006  1.000000E+000
  5.500000E-001  1.350594E+000  8.368464E-001 -5.835049E-005  9.981126E-001  6.141065E-002  4.320359E-005 -6.141065E-002  9.981126E-001  0.000000E+000 -4.312204E-005 -2.653160E-006  1.000000E+000
  6.000000E-001  1.350582E+000  8.368617E-001 -8.636711E-005  9.981110E-001  6.143616E-002  6.394808E-005 -6.143616E-002  9.981110E-001  0.000000E+000 -6.382728E-005 -3.928724E-006  1.000000E+000
  6.500000E-001  1.350567E+000  8.368808E-001 -1.240489E-004  9.981090E-001  6.146801E-002  9.184953E-005 -6.146801E-002  9.981091E-001  0.000000E+000 -9.167585E-005 -5.645808E-006  1.000000E+000
  7.000000E-001  1.350548E+000  8.369041E-001 -1.736405E-004  9.981067E-001  6.150690E-002  1.285704E-004 -6.150690E-002  9.981067E-001  0.000000E+000 -1.283270E-004 -7.907968E-006  1.000000E+000
  7.500000E-001  1.350526E+000  8.369321E-001 -2.376917E-004  9.981038E-001  6.155346E-002  1.759994E-004 -6.155346E-002  9.981038E-001  0.000000E+000 -1.756656E-004 -1.083337E-005  1.000000E+000
  8.000000E-001  1.350500E+000  8.369650E-001 -3.190721E-004  9.981004E-001  6.160828E-002  2.362622E-004 -6.160829E-002  9.981004E-001  0.000000E+000 -2.358134E-004 -1.455571E-005  1.000000E+000
  8.500000E-001  1.350470E+000  8.370031E-001 -4.209855E-004  9.980964E-001  6.167190E-002  3.117326E-004 -6.167191E-002  9.980965E-001  0.000000E+000 -3.111393E-004 -1.922515E-005  1.000000E+000
  9.000000E-001  1.350435E+000  8.370469E-001 -5.469826E-004  9.980919E-001  6.174481E-002  4.050417E-004 -6.174481E-002  9.980920E-001  0.000000E+000 -4.042689E-004 -2.500923E-005  9.999999E-001
  9.500000E-001  1.350396E+000  8.370965E-001 -7.009731E-004  9.980867E-001  6.182744E-002  5.190871E-004 -6.182745E-002  9.980869E-001  0.000000E+000 -5.180940E-004 -3.209383E-005  9.999999E-001
  1.000000E+000  1.350352E+000  8.371521E-001 -8.872367E-004  9.980809E-001  6.192021E-002  6.570411E-004 -6.192023E-002  9.980811E-001  0.000000E+000 -6.557803E-004 -4.068413E-005  9.999998E-001
  1.050000E+000  1.350302E+000  8.372141E-001 -1.110433E-003  9.980743E-001  6.202351E-002  8.223584E-004 -6.202353E-002  9.980747E-001  0.000000E+000 -8.207751E-004 -5.100557E-005  9.999997E-001
  1.100000E+000  1.350248E+000  8.372826E-001 -1.375610E-003  9.980671E-001  6.213770E-002  1.018783E-003 -6.213773E-002  9.980676E-001  0.000000E+000 -1.016814E-003 -6.330486E-005  9.999995E-001
  1.150000E+000  1.350188E+000  8.373579E-001 -1.688213E-003  9.980590E-001  6.226313E-002  1.250353E-003 -6.226318E-002  9.980598E-001  0.000000E+000 -1.247927E-003 -7.785097E-005  9.999992E-001
  1.200000E+000  1.350122E+000  8.374401E-001 -2.054089E-003  9.980501E-001  6.240016E-002  1.521408E-003 -6.240023E-002  9.980512E-001  0.000000E+000 -1.518443E-003 -9.493623E-005  9.999988E-001
  1.250000E+000  1.350050E+000  8.375295E-001 -2.479494E-003  9.980402E-001  6.254913E-002  1.836591E-003 -6.254924E-002  9.980419E-001  0.000000E+000 -1.832995E-003 -1.148774E-004  9.999983E-001
  1.300000E+000  1.349972E+000  8.376263E-001 -2.971097E-003  9.980293E-001  6.271041E-002  2.200853E-003 -6.271056E-002  9.980318E-001  0.000000E+000 -2.196521E-003 -1.380167E-004  9.999976E-001
  1.350000E+000  1.349888E+000  8.377307E-001 -3.535981E-003  9.980174E-001  6.288433E-002  2.619454E-003 -6.288455E-002  9.980208E-001  0.000000E+000 -2.614270E-003 -1.647232E-004  9.999966E-001
  1.400000E+000  1.349796E+000  8.378429E-001 -4.181648E-003  9.980042E-001  6.307126E-002  3.097969E-003 -6.307156E-002  9.980090E-001  0.000000E+000 -3.091801E-003 -1.953938E-004  9.999952E-001
  1.450000E+000  1.349698E+000  8.379632E-001 -4.916016E-003  9.979897E-001  6.327155E-002  3.642284E-003 -6.327197E-002  9.979963E-001  0.000000E+000 -3.634986E-003 -2.304545E-004  9.999934E-001
  1.500000E+000  1.349592E+000  8.380917E-001 -5.747422E-003  9.979737E-001  6.348555E-002  4.258598E-003 -6.348612E-002  9.979827E-001  0.000000E+000 -4.250007E-003 -2.703619E-004  9.999909E-001
  1.550000E+000  1.349478E+000  8.382286E-001 -6.684618E-003  9.979559E-001  6.371358E-002  4.953422E-003 -6.371436E-002  9.979682E-001  0.000000E+000 -4.943358E-003 -3.156042E-004  9.999877E-001
  1.600000E+000  1.349356E+000  8.383742E-001 -7.736766E-003  9.979362E-001  6.395598E-002  5.733579E-003 -6.395703E-002  9.979527E-001  0.000000E+000 -5.721840E-003 -3.667027E-004  9.999836E-001
  1.650000E+000  1.349225E+000  8.385287E-001 -8.913440E-003  9.979143E-001  6.421303E-002  6.606197E-003 -6.421443E-002  9.979361E-001  0.000000E+000 -6.592562E-003 -4.242131E-004  9.999782E-001
  1.700000E+000  1.349084E+000  8.386921E-001 -1.022461E-002  9.978899E-001  6.448499E-002  7.578709E-003 -6.448685E-002  9.979186E-001  0.000000E+000 -7.562934E-003 -4.887270E-004  9.999713E-001
  1.750000E+000  1.348934E+000  8.388647E-001 -1.168065E-002  9.978625E-001  6.477211E-002  8.658848E-003 -6.477454E-002  9.978999E-001  0.000000E+000 -8.640664E-003 -5.608729E-004  9.999625E-001
  1.800000E+000  1.348772E+000  8.390466E-001 -1.329231E-002  9.978317E-001  6.507456E-002  9.854641E-003 -6.507772E-002  9.978802E-001  0.000000E+000 -9.833751E-003 -6.413175E-004  9.999514E-001
  1.850000E+000  1.348599E+000  8.392379E-001 -1.507073E-002  9.977971E-001  6.539249E-002  1.117440E-002 -6.539657E-002  9.978594E-001  0.000000E+000 -1.115048E-002 -7.307676E-004  9.999376E-001
  1.900000E+000  1.348413E+000  8.394387E-001 -1.702740E-002  9.977578E-001  6.572599E-002  1.262673E-002 -6.573123E-002  9.978374E-001  0.000000E+000 -1.259942E-002 -8.299701E-004  9.999203E-001
  1.950000E+000  1.348214E+000  8.396491E-001 -1.917418E-002  9.977133E-001  6.607509E-002  1.422048E-002 -6.608177E-002  9.978142E-001  0.000000E+000 -1.418940E-002 -9.397144E-004  9.998989E-001
  2.000000E+000  1.348000E+000  8.398689E-001 -2.152328E-002  9.976627E-001  6.643976E-002  1.596479E-002 -6.644823E-002  9.977899E-001  0.000000E+000 -1.592951E-002 -1.060832E-003  9.998726E-001
  2.050000E+000  1.347770E+000  8.400984E-001 -2.408721E-002  9.976050E-001  6.681993E-002  1.786905E-002 -6.683060E-002  9.977643E-001  0.000000E+000 -1.782910E-002 -1.194199E-003  9.998403E-001
  2.100000E+000  1.347522E+000  8.403373E-001 -2.687880E-002  9.975392E-001  6.721543E-002  1.994287E-002 -6.722880E-002  9.977376E-001  0.000000E+000 -1.989776E-002 -1.340736E-003  9.998011E-001
  2.150000E+000  1.347255E+000  8.405856E-001 -2.991120E-002  9.974638E-001  6.762606E-002  2.219612E-002 -6.764272E-002  9.977096E-001  0.000000E+000 -2.214528E-002 -1.501406E-003  9.997536E-001
  2.200000E+000  1.346967E+000  8.408433E-001 -3.319780E-002  9.973775E-001  6.805150E-002  2.463886E-002 -6.807217E-002  9.976804E-001  0.000000E+000 -2.458171E-002 -1.677220E-003  9.996964E-001
  2.250000E+000  1.346655E+000  8.411101E-001 -3.675226E-002  9.972786E-001  6.849140E-002  2.728136E-002 -6.851690E-002  9.976500E-001  0.000000E+000 -2.721725E-002 -1.869234E-003  9.996278E-001
  2.300000E+000  1.346317E+000  8.413860E-001 -4.058848E-002  9.971652E-001  6.894531E-002  3.013408E-002 -6.897663E-002  9.976183E-001  0.000000E+000 -3.006231E-002 -2.078548E-003  9.995459E-001
  2.350000E+000  1.345951E+000  8.416706E-001 -4.472056E-002  9.970352E-001  6.941270E-002  3.320766E-002 -6.945100E-002  9.975854E-001  0.000000E+000 -3.312747E-002 -2.306305E-003  9.994485E-001
  2.400000E+000  1.345553E+000  8.419638E-001 -4.916279E-002  9.968860E-001  6.989296E-002  3.651286E-002 -6.993960E-002  9.975512E-001  0.000000E+000 -3.642345E-002 -2.553695E-003  9.993332E-001
  2.450000E+000  1.345120E+000  8.422652E-001 -5.392962E-002  9.967151E-001  7.038540E-002  4.006060E-002 -7.044194E-002  9.975159E-001  0.000000E+000 -3.996108E-002 -2.821947E-003  9.991973E-001
  2.500000E+000  1.344648E+000  8.425745E-001 -5.903564E-002  9.965194E-001  7.088921E-002  4.386190E-002 -7.095750E-002  9.974793E-001  0.000000E+000 -4.375134E-002 -3.112331E-003  9.990376E-001
  2.550000E+000  1.344132E+000  8.428914E-001 -6.449552E-002  9.962954E-001  7.140352E-002  4.792788E-002 -7.148567E-002  9.974416E-001  0.000000E+000 -4.780526E-002 -3.426157E-003  9.988508E-001
  2.600000E+000  1.343568E+000  8.432155E-001 -7.032404E-002  9.960393E-001  7.192733E-002  5.226971E-002 -7.202579E-002  9.974028E-001  0.000000E+000 -5.213396E-002 -3.764767E-003  9.986330E-001
  2.650000E+000  1.342950E+000  8.435463E-001 -7.653598E-002  9.957470E-001  7.245955E-002  5.689861E-002 -7.257713E-002  9.973628E-001  0.000000E+000 -5.674856E-002 -4.129538E-003  9.983800E-001
  2.700000E+000  1.342272E+000  8.438833E-001 -8.314613E-002  9.954138E-001  7.299899E-002  6.182582E-002 -7.313890E-002  9.973218E-001  0.000000E+000 -6.166023E-002 -4.521872E-003  9.980870E-001
  2.750000E+000  1.341528E+000  8.442262E-001 -9.016927E-002  9.950346E-001  7.354431E-002  6.706254E-002 -7.371025E-002  9.972797E-001  0.000000E+000 -6.688011E-002 -4.943196E-003  9.977488E-001
  2.800000E+000  1.340710E+000  8.445742E-001 -9.762006E-002  9.946036E-001  7.409410E-002  7.261994E-002 -7.429025E-002  9.972367E-001  0.000000E+000 -7.241927E-002 -5.394954E-003  9.973597E-001
  2.850000E+000  1.339811E+000  8.449268E-001 -1.055131E-001  9.941148E-001  7.464680E-002  7.850913E-002 -7.487792E-002  9.971927E-001  0.000000E+000 -7.828873E-002 -5.878600E-003  9.969134E-001
  2.900000E+000  1.338822E+000  8.452833E-001 -1.138628E-001  9.935612E-001  7.520074E-002  8.474106E-002 -7.547221E-002  9.971479E-001  0.000000E+000 -8.449938E-002 -6.395596E-003  9.964030E-001
  2.950000E+000  1.337733E+000  8.456432E-001 -1.226833E-001  9.929354E-001  7.575411E-002  9.132658E-002 -7.607202E-002  9.971023E-001  0.000000E+000 -9.106194E-002 -6.947397E-003  9.958210E-001
  3.000000E+000  1.336534E+000  8.460057E-001 -1.319885E-001  9.922295E-001  7.630500E-002  9.827630E-002 -7.667617E-002  9.970560E-001  0.000000E+000 -9.798698E-002 -7.535451E-003  9.951592E-001
  3.050000E+000  1.335213E+000  8.463701E-001 -1.417922E-001  9.914345E-001  7.685134E-002  1.056006E-001 -7.728346E-002  9.970092E-001  0.000000E+000 -1.052848E-001 -8.161182E-003  9.944086E-001
  3.100000E+000  1.333759E+000  8.467356E-001 -1.521075E-001  9.905410E-001  7.739095E-002  1.133097E-001 -7.789260E-002  9.969618E-001  0.000000E+000 -1.129654E-001 -8.825986E-003  9.935597E-001
  3.150000E+000  1.332158E+000  8.471014E-001 -1.629472E-001  9.895388E-001  7.792152E-002  1.214133E-001 -7.850227E-002  9.969139E-001  0.000000E+000 -1.210386E-001 -9.531218E-003  9.926020E-001
  3.200000E+000  1.330396E+000  8.474667E-001 -1.743237E-001  9.884167E-001  7.844061E-002  1.299208E-001 -7.911113E-002  9.968658E-001  0.000000E+000 -1.295136E-001 -1.027818E-002  9.915244E-001
  3.250000E+000  1.328458E+000  8.478307E-001 -1.862487E-001  9.871630E-001  7.894567E-002  1.388412E-001 -7.971776E-002  9.968175E-001  0.000000E+000 -1.383994E-001 -1.106811E-002  9.903147E-001
  3.300000E+000  1.326327E+000  8.481925E-001 -1.987333E-001  9.857647E-001  7.943401E-002  1.481831E-001 -8.032076E-002  9.967691E-001  0.000000E+000 -1.477043E-001 -1.190218E-002  9.889599E-001
  3.350000E+000  1.323986E+000  8.485512E-001 -2.117879E-001  9.842083E-001  7.990284E-002  1.579543E-001 -8.091866E-002  9.967207E-001  0.000000E+000 -1.574363E-001 -1.278145E-002  9.874464E-001
  3.400000E+000  1.321415E+000  8.489060E-001 -2.254222E-001  9.824792E-001  8.034927E-002  1.681622E-001 -8.151002E-002  9.966725E-001  0.000000E+000 -1.676026E-001 -1.370690E-002  9.857593E-001
  3.450000E+000  1.318595E+000  8.492560E-001 -2.396449E-001  9.805620E-001  8.077028E-002  1.788135E-001 -8.209338E-002  9.966246E-001  0.000000E+000 -1.782099E-001 -1.467940E-002  9.838830E-001
  3.500000E+000  1.315504E+000  8.496004E-001 -2.544637E-001  9.784402E-001  8.116278E-002  1.899140E-001 -8.266727E-002  9.965772E-001  0.000000E+000 -1.892640E-001 -1.569967E-002  9.818007E-001
  3.550000E+000  1.312120E+000  8.499382E-001 -2.698854E-001  9.760964E-001  8.152361E-002  2.014689E-001 -8.323026E-002  9.965303E-001  0.000000E+000 -2.007699E-001 -1.676831E-002  9.794949E-001
  3.600000E+000  1.308418E+000  8.502686E-001 -2.859155E-001  9.735122E-001  8.184952E-002  2.134824E-001 -8.378093E-002  9.964842E-001  0.000000E+000 -2.127319E-001 -1.788576E-002  9.769469E-001
  3.650000E+000  1.304374E+000  8.505907E-001 -3.025583E-001  9.706681E-001  8.213721E-002  2.259577E-001 -8.431791E-002  9.964389E-001  0.000000E+000 -2.251531E-001 -1.905228E-002  9.741371E-001
  3.700000E+000  1.299960E+000  8.509039E-001 -3.198168E-001  9.675439E-001  8.238333E-002  2.388970E-001 -8.483987E-002  9.963946E-001  0.000000E+000 -2.380357E-001 -2.026799E-002  9.710449E-001
  3.750000E+000  1.295149E+000  8.512073E-001 -3.376925E-001  9.641182E-001  8.258452E-002  2.523013E-001 -8.534555E-002  9.963514E-001  0.000000E+000 -2.513807E-001 -2.153279E-002  9.676487E-001
  3.800000E+000  1.289911E+000  8.515003E-001 -3.561851E-001  9.603686E-001  8.273739E-002  2.661704E-001 -8.583376E-002  9.963095E-001  0.000000E+000 -2.651881E-001 -2.284640E-002  9.639260E-001
  3.850000E+000  1.284216E+000  8.517820E-001 -3.752930E-001  9.562719E-001  8.283858E-002  2.805028E-001 -8.630338E-002  9.962689E-001  0.000000E+000 -2.794562E-001 -2.420834E-002  9.598532E-001
  3.900000E+000  1.278031E+000  8.520520E-001 -3.950124E-001  9.518038E-001  8.288473E-002  2.952957E-001 -8.675342E-002  9.962298E-001  0.000000E+000 -2.941824E-001 -2.561791E-002  9.554059E-001
  3.950000E+000  1.271325E+000  8.523098E-001 -4.153378E-001  9.469394E-001  8.287253E-002  3.105446E-001 -8.718296E-002  9.961923E-001  0.000000E+000 -3.093622E-001 -2.707420E-002  9.505588E-001
  4.000000E+000  1.264061E+000  8.525547E-001 -4.362616E-001  9.416525E-001  8.279874E-002  3.262436E-001 -8.759123E-002  9.961565E-001  0.000000E+000 -3.249897E-001 -2.857608E-002  9.452857E-001
  4.050000E+000  1.256205E+000  8.527865E-001 -4.577738E-001  9.359165E-001  8.266019E-002  3.423851E-001 -8.797758E-002  9.961225E-001  0.000000E+000 -3.410575E-001 -3.012221E-002  9.395597E-001
  4.100000E+000  1.247720E+000  8.530049E-001 -4.798623E-001  9.297039E-001  8.245381E-002  3.589595E-001 -8.834149E-002  9.960902E-001  0.000000E+000 -3.575561E-001 -3.171102E-002  9.333531E-001
  4.150000E+000  1.238569E+000  8.532096E-001 -5.025125E-001  9.229866E-001  8.217665E-002  3.759557E-001 -8.868262E-002  9.960599E-001  0.000000E+000 -3.744745E-001 -3.334074E-002  9.266376E-001
  4.200000E+000  1.228712E+000  8.534004E-001 -5.257072E-001  9.157358E-001  8.182589E-002  3.933605E-001 -8.900075E-002  9.960316E-001  0.000000E+000 -3.917995E-001 -3.500938E-002  9.193843E-001
  4.250000E+000  1.218112E+000  8.535775E-001 -5.494265E-001  9.079222E-001  8.139886E-002  4.111586E-001 -8.929585E-002  9.960051E-001  0.000000E+000 -4.095161E-001 -3.671476E-002  9.115638E-001
  4.300000E+000  1.206728E+000  8.537408E-001 -5.736477E-001  8.995164E-001  8.089305E-002  4.293328E-001 -8.956804E-002  9.959807E-001  0.000000E+000 -4.276071E-001 -3.845449E-002  9.031464E-001
  4.350000E+000  1.194520E+000  8.538906E-001 -5.983451E-001  8.904883E-001  8.030612E-002  4.478633E-001 -8.981762E-002  9.959582E-001  0.000000E+000 -4.460532E-001 -4.022602E-002  8.941020E-001
  4.400000E+000  1.181447E+000  8.540270E-001 -6.234902E-001  8.808079E-001  7.963591E-002  4.667286E-001 -9.004507E-002  9.959377E-001  0.000000E+000 -4.648326E-001 -4.202660E-002  8.844006E-001
  4.450000E+000  1.167469E+000  8.541506E-001 -6.490511E-001  8.704452E-001  7.888047E-002  4.859044E-001 -9.025102E-002  9.959190E-001  0.000000E+000 -4.839214E-001 -4.385336E-002  8.740120E-001
  4.500000E+000  1.152546E+000  8.542618E-001 -6.749928E-001  8.593702E-001  7.803803E-002  5.053642E-001 -9.043629E-002  9.959022E-001  0.000000E+000 -5.032934E-001 -4.570327E-002  8.629061E-001
  4.550000E+000  1.136636E+000  8.543611E-001 -7.012768E-001  8.475531E-001  7.710701E-002  5.250792E-001 -9.060185E-002  9.958872E-001  0.000000E+000 -5.229197E-001 -4.757315E-002  8.510534E-001
  4.600000E+000  1.119701E+000  8.544493E-001 -7.278617E-001  8.349649E-001  7.608604E-002  5.450179E-001 -9.074884E-002  9.958738E-001  0.000000E+000 -5.427691E-001 -4.945975E-002  8.384244E-001
  4.650000E+000  1.101701E+000  8.545271E-001 -7.547020E-001  8.215768E-001  7.497394E-002  5.651464E-001 -9.087853E-002  9.958620E-001  0.000000E+000 -5.628078E-001 -5.135968E-002  8.249906E-001
  4.700000E+000  1.082598E+000  8.545954E-001 -7.817494E-001  8.073611E-001  7.376970E-002  5.854282E-001 -9.099234E-002  9.958516E-001  0.000000E+000 -5.829996E-001 -5.326948E-002  8.107243E-001
  4.750000E+000  1.062355E+000  8.546551E-001 -8.089516E-001  7.922908E-001  7.247251E-002  6.058243E-001 -9.109182E-002  9.958425E-001  0.000000E+000 -6.033055E-001 -5.518563E-002  7.955985E-001
  4.800000E+000  1.040939E+000  8.547072E-001 -8.362531E-001  7.763404E-001  7.108172E-002  6.262931E-001 -9.117861E-002  9.958346E-001  0.000000E+000 -6.236843E-001 -5.710453E-002  7.795877E-001
  4.850000E+000  1.018314E+000  8.547527E-001 -8.635948E-001  7.594855E-001  6.959683E-002  6.467905E-001 -9.125447E-002  9.958276E-001  0.000000E+000 -6.440919E-001 -5.902253E-002  7.626677E-001
  4.900000E+000  9.944504E-001  8.547927E-001 -8.909141E-001  7.417036E-001  6.801750E-002  6.672701E-001 -9.132123E-002  9.958215E-001  0.000000E+000 -6.644819E-001 -6.093592E-002  7.448159E-001
  4.950000E+000  9.693193E-001  8.548285E-001 -9.181453E-001  7.229738E-001  6.634350E-002  6.876826E-001 -9.138079E-002  9.958160E-001  0.000000E+000 -6.848054E-001 -6.284098E-002  7.260114E-001
  5.000000E+000  9.428947E-001  8.548611E-001 -9.452192E-001  7.032773E-001  6.457473E-002  7.079768E-001 -9.143509E-002  9.958110E-001  0.000000E+000 -7.050111E-001 -6.473392E-002  7.062357E-001
  5.050000E+000  9.151537E-001  8.548917E-001 -9.720634E-001  6.825975E-001  6.271119E-002  7.280988E-001 -9.148613E-002  9.958064E-001  0.000000E+000 -7.250454E-001 -6.661094E-002  6.854722E-001
  5.100000E+000  8.860770E-001  8.549215E-001 -9.986024E-001  6.609204E-001  6.075299E-002  7.479928E-001 -9.153589E-002  9.958018E-001  0.000000E+000 -7.448526E-001 -6.846819E-002  6.637068E-001
  5.150000E+000  8.556486E-001  8.549518E-001 -1.024758E+000  6.382346E-001  5.870031E-002  7.676007E-001 -9.158639E-002  9.957971E-001  0.000000E+000 -7.643746E-001 -7.030178E-002  6.409283E-001
  5.200000E+000  8.238569E-001  8.549838E-001 -1.050449E+000  6.145316E-001  5.655342E-002  7.868625E-001 -9.163964E-002  9.957922E-001  0.000000E+000 -7.835516E-001 -7.210780E-002  6.171283E-001
  5.250000E+000  7.906942E-001  8.550186E-001 -1.075593E+000  5.898060E-001  5.431263E-002  8.057164E-001 -9.169760E-002  9.957869E-001  0.000000E+000 -8.023219E-001 -7.388227E-002  5.923015E-001
  5.300000E+000  7.561576E-001  8.550574E-001 -1.100103E+000  5.640560E-001  5.197834E-002  8.240990E-001 -9.176225E-002  9.957809E-001  0.000000E+000 -8.206221E-001 -7.562118E-002  5.664458E-001
  5.350000E+000  7.202491E-001  8.551013E-001 -1.123892E+000  5.372828E-001  4.955103E-002  8.419453E-001 -9.183550E-002  9.957742E-001  0.000000E+000 -8.383874E-001 -7.732047E-002  5.395629E-001
  5.400000E+000  6.829754E-001  8.551515E-001 -1.146870E+000  5.094918E-001  4.703121E-002  8.591893E-001 -9.191924E-002  9.957665E-001  0.000000E+000 -8.555519E-001 -7.897603E-002  5.116579E-001
  5.450000E+000  6.443489E-001  8.552092E-001 -1.168947E+000  4.806920E-001  4.441947E-002  8.757637E-001 -9.201530E-002  9.957576E-001  0.000000E+000 -8.720484E-001 -8.058367E-002  4.827400E-001
  5.500000E+000  6.043875E-001  8.552753E-001 -1.190031E+000  4.508966E-001  4.171647E-002  8.916008E-001 -9.212548E-002  9.957474E-001  0.000000E+000 -8.878092E-001 -8.213916E-002  4.528223E-001
  5.550000E+000  5.631148E-001  8.553509E-001 -1.210029E+000  4.201228E-001  3.892295E-002  9.066321E-001 -9.225152E-002  9.957357E-001  0.000000E+000 -9.027660E-001 -8.363819E-002  4.219220E-001
  5.600000E+000  5.205602E-001  8.554371E-001 -1.228849E+000  3.883924E-001  3.603973E-002  9.207890E-001 -9.239512E-002  9.957224E-001  0.000000E+000 -9.168503E-001 -8.507641E-002  3.900609E-001
  5.650000E+000  4.767593E-001  8.555348E-001 -1.246399E+000  3.557314E-001  3.306770E-002  9.340031E-001 -9.255792E-002  9.957073E-001  0.000000E+000 -9.299937E-001 -8.644938E-002  3.572650E-001
  5.700000E+000  4.317539E-001  8.556449E-001 -1.262586E+000  3.221702E-001  3.000788E-002  9.462060E-001 -9.274152E-002  9.956902E-001  0.000000E+000 -9.421281E-001 -8.775259E-002  3.235647E-001
  5.750000E+000  3.855919E-001  8.557685E-001 -1.277319E+000  2.877441E-001  2.686137E-002  9.573306E-001 -9.294748E-002  9.956710E-001  0.000000E+000 -9.531863E-001 -8.898146E-002  2.889952E-001
  5.800000E+000  3.383278E-001  8.559064E-001 -1.290509E+000  2.524928E-001  2.362940E-002  9.673102E-001 -9.317730E-002  9.956495E-001  0.000000E+000 -9.631019E-001 -9.013135E-002  2.535961E-001
  5.850000E+000  2.900222E-001  8.560595E-001 -1.302068E+000  2.164607E-001  2.031331E-002  9.760800E-001 -9.343244E-002  9.956256E-001  0.000000E+000 -9.718102E-001 -9.119753E-002  2.174117E-001
  5.900000E+000  2.407421E-001  8.562286E-001 -1.311912E+000  1.796967E-001  1.691459E-002  9.835766E-001 -9.371432E-002  9.955991E-001  0.000000E+000 -9.792480E-001 -9.217522E-002  1.804910E-001
  5.950000E+000  1.905605E-001  8.564146E-001 -1.319958E+000  1.422543E-001  1.343488E-002  9.897390E-001 -9.402431E-002  9.955699E-001  0.000000E+000 -9.853543E-001 -9.305953E-002  1.428873E-001
  6.000000E+000  1.395570E-001  8.566182E-001 -1.326127E+000  1.041916E-001  9.875978E-003  9.945082E-001 -9.436375E-002  9.955378E-001  0.000000E+000 -9.900705E-001 -9.384552E-002  1.046586E-001
  6.050000E+000  8.781675E-002  8.568403E-001 -1.330344E+000  6.557098E-002  6.239858E-003  9.978284E-001 -9.473390E-002  9.955026E-001  0.000000E+000 -9.933408E-001 -9.452818E-002  6.586721E-002
  6.100000E+000  3.543098E-002  8.570816E-001 -1.332540E+000  2.645912E-002  2.528684E-003  9.996467E-001 -9.513601E-002  9.954643E-001  0.000000E+000 -9.951126E-001 -9.510240E-002  2.657967E-002
  6.150000E+000 -1.750361E-002  8.573428E-001 -1.332647E+000 -1.307322E-002 -1.255169E-003  9.999138E-001 -9.557126E-002  9.954226E-001  0.000000E+000 -9.953367E-001 -9.556302E-002 -1.313334E-002
  6.200000E+000 -7.088502E-002  8.576245E-001 -1.330607E+000 -5.295135E-002 -5.109107E-003  9.985840E-001 -9.604079E-002  9.953774E-001  0.000000E+000 -9.939680E-001 -9.590480E-002 -5.319726E-002
  6.250000E+000 -1.246062E-001  8.579274E-001 -1.326364E+000 -9.309691E-002 -9.030289E-003  9.956161E-001 -9.654568E-002  9.953286E-001  0.000000E+000 -9.909651E-001 -9.612243E-002 -9.353385E-002
  6.300000E+000 -1.785555E-001  8.582522E-001 -1.319870E+000 -1.334281E-001 -1.301562E-002  9.909730E-001 -9.708697E-002  9.952759E-001  0.000000E+000 -9.862916E-001 -9.621057E-002 -1.340614E-001
  6.350000E+000 -2.326170E-001  8.585994E-001 -1.311084E+000 -1.738600E-001 -1.706171E-002  9.846226E-001 -9.766564E-002  9.952193E-001  0.000000E+000 -9.799154E-001 -9.616379E-002 -1.746951E-001
  6.400000E+000 -2.866710E-001  8.589696E-001 -1.299970E+000 -2.143047E-001 -2.116489E-002  9.765375E-001 -9.828261E-002  9.951585E-001  0.000000E+000 -9.718097E-001 -9.597666E-002 -2.153473E-001
  6.450000E+000 -3.405943E-001  8.593633E-001 -1.286501E+000 -2.546719E-001 -2.532117E-002  9.666960E-001 -9.893878E-002  9.950935E-001  0.000000E+000 -9.619529E-001 -9.564372E-002 -2.559276E-001
  6.500000E+000 -3.942609E-001  8.597810E-001 -1.270657E+000 -2.948691E-001 -2.952620E-002  9.550814E-001 -9.963497E-002  9.950241E-001  0.000000E+000 -9.503289E-001 -9.515951E-002 -2.963437E-001
  6.550000E+000 -4.475425E-001  8.602232E-001 -1.252426E+000 -3.348020E-001 -3.377530E-002  9.416830E-001 -1.003720E-001  9.949500E-001  0.000000E+000 -9.369275E-001 -9.451857E-002 -3.365014E-001
  6.600000E+000 -5.003089E-001  8.606903E-001 -1.231805E+000 -3.743749E-001 -3.806342E-002  9.264959E-001 -1.011505E-001  9.948711E-001  0.000000E+000 -9.217440E-001 -9.371551E-002 -3.763049E-001
  6.650000E+000 -5.524288E-001  8.611827E-001 -1.208797E+000 -4.134909E-001 -4.238511E-002  9.095212E-001 -1.019712E-001  9.947873E-001  0.000000E+000 -9.047801E-001 -9.274498E-002 -4.156576E-001
  6.700000E+000 -6.037700E-001  8.617009E-001 -1.183416E+000 -4.520529E-001 -4.673455E-002  8.907660E-001 -1.028348E-001  9.946984E-001  0.000000E+000 -8.860435E-001 -9.160176E-002 -4.544623E-001
  6.750000E+000 -6.542006E-001  8.622451E-001 -1.155682E+000 -4.899634E-001 -5.110548E-002  8.702437E-001 -1.037419E-001  9.946043E-001  0.000000E+000 -8.655481E-001 -9.028072E-002 -4.926215E-001
  6.800000E+000 -7.035890E-001  8.628158E-001 -1.125627E+000 -5.271252E-001 -5.549125E-002  8.479739E-001 -1.046930E-001  9.945046E-001  0.000000E+000 -8.433139E-001 -8.877689E-002 -5.300380E-001
  6.850000E+000 -7.518049E-001  8.634131E-001 -1.093288E+000 -5.634420E-001 -5.988478E-002  8.239824E-001 -1.056886E-001  9.943993E-001  0.000000E+000 -8.193675E-001 -8.708552E-002 -5.666154E-001
  6.900000E+000 -7.987197E-001  8.640375E-001 -1.058713E+000 -5.988184E-001 -6.427857E-002  7.983012E-001 -1.067292E-001  9.942881E-001  0.000000E+000 -7.937414E-001 -8.520206E-002 -6.022585E-001
  6.950000E+000 -8.442075E-001  8.646892E-001 -1.021957E+000 -6.331611E-001 -6.866472E-002  7.709684E-001 -1.078153E-001  9.941709E-001  0.000000E+000 -7.664743E-001 -8.312221E-002 -6.368734E-001
  7.000000E+000 -8.881451E-001  8.653684E-001 -9.830838E-001 -6.663784E-001 -7.303488E-002  7.420281E-001 -1.089473E-001  9.940475E-001  0.000000E+000 -7.376112E-001 -8.084198E-002 -6.703687E-001
  7.050000E+000 -9.304131E-001  8.660753E-001 -9.421653E-001 -6.983814E-001 -7.738030E-002  7.115305E-001 -1.101256E-001  9.939177E-001  0.000000E+000 -7.072028E-001 -7.835771E-002 -7.026552E-001
  7.100000E+000 -9.708964E-001  8.668103E-001 -8.992812E-001 -7.290841E-001 -8.169184E-002  6.795313E-001 -1.113504E-001  9.937812E-001  0.000000E+000 -6.753055E-001 -7.566610E-002 -7.336465E-001
  7.150000E+000 -1.009485E+000  8.675733E-001 -8.545186E-001 -7.584038E-001 -8.595997E-002  6.460918E-001 -1.126222E-001  9.936379E-001  0.000000E+000 -6.419813E-001 -7.276427E-002 -7.632597E-001
  7.200000E+000 -1.046072E+000  8.683647E-001 -8.079718E-001 -7.862615E-001 -9.017478E-002  6.112784E-001 -1.139411E-001  9.934875E-001  0.000000E+000 -6.072975E-001 -6.964975E-002 -7.914156E-001
  7.250000E+000 -1.080561E+000  8.691845E-001 -7.597419E-001 -8.125825E-001 -9.432600E-002  5.751628E-001 -1.153075E-001  9.933298E-001  0.000000E+000 -5.713264E-001 -6.632057E-002 -8.180389E-001
  7.300000E+000 -1.112857E+000  8.700329E-001 -7.099362E-001 -8.372963E-001 -9.840306E-002  5.378212E-001 -1.167215E-001  9.931647E-001  0.000000E+000 -5.341451E-001 -6.277528E-002 -8.430589E-001
  7.350000E+000 -1.142874E+000  8.709099E-001 -6.586681E-001 -8.603374E-001 -1.023951E-001  4.993343E-001 -1.181832E-001  9.929918E-001  0.000000E+000 -4.958349E-001 -5.901294E-002 -8.664094E-001
  7.400000E+000 -1.170534E+000  8.718157E-001 -6.060563E-001 -8.816453E-001 -1.062908E-001  4.597867E-001 -1.196929E-001  9.928110E-001  0.000000E+000 -4.564812E-001 -5.503320E-002 -8.880294E-001
  7.450000E+000 -1.195764E+000  8.727504E-001 -5.522244E-001 -9.011648E-001 -1.100790E-001  4.192667E-001 -1.212506E-001  9.926219E-001  0.000000E+000 -4.161733E-001 -5.083634E-002 -9.078631E-001
  7.500000E+000 -1.218502E+000  8.737138E-001 -4.973001E-001 -9.188464E-001 -1.137479E-001  3.778660E-001 -1.228564E-001  9.924245E-001  0.000000E+000 -3.750035E-001 -4.642326E-002 -9.258603E-001
  7.550000E+000 -1.238691E+000  8.747062E-001 -4.414152E-001 -9.346462E-001 -1.172857E-001  3.356792E-001 -1.245103E-001  9.922183E-001  0.000000E+000 -3.330670E-001 -4.179550E-002 -9.419764E-001
  7.600000E+000 -1.256284E+000  8.757273E-001 -3.847044E-001 -9.485265E-001 -1.206807E-001  2.928031E-001 -1.262122E-001  9.920033E-001  0.000000E+000 -2.904616E-001 -3.695533E-002 -9.561728E-001
  7.650000E+000 -1.271243E+000  8.767773E-001 -3.273049E-001 -9.604555E-001 -1.239208E-001  2.493369E-001 -1.279622E-001  9.917790E-001  0.000000E+000 -2.472871E-001 -3.190569E-002 -9.684168E-001
  7.700000E+000 -1.283536E+000  8.778561E-001 -2.693561E-001 -9.704077E-001 -1.269939E-001  2.053810E-001 -1.297601E-001  9.915454E-001  0.000000E+000 -2.036446E-001 -2.665027E-002 -9.786821E-001
  7.750000E+000 -1.293144E+000  8.789635E-001 -2.109984E-001 -9.783639E-001 -1.298882E-001  1.610374E-001 -1.316059E-001  9.913021E-001  0.000000E+000 -1.596367E-001 -2.119347E-002 -9.869483E-001
  7.800000E+000 -1.300053E+000  8.800995E-001 -1.523732E-001 -9.843112E-001 -1.325916E-001  1.164085E-001 -1.334992E-001  9.910489E-001  0.000000E+000 -1.153665E-001 -1.554045E-002 -9.932014E-001
  7.850000E+000 -1.304259E+000  8.812640E-001 -9.362158E-002 -9.882428E-001 -1.350925E-001  7.159722E-002 -1.354401E-001  9.907855E-001  0.000000E+000 -7.093749E-002 -9.697132E-003 -9.974336E-001
  7.900000E+000 -1.305767E+000  8.824569E-001 -3.488448E-002 -9.901585E-001 -1.373791E-001  2.670618E-002 -1.374281E-001  9.905117E-001  0.000000E+000 -2.645278E-002 -3.670179E-003 -9.996433E-001
  7.950000E+000 -1.304590E+000  8.836778E-001  2.369848E-002 -9.900639E-001 -1.394400E-001 -1.816247E-002 -1.394630E-001  9.902273E-001  0.000000E+000  1.798498E-002  2.532993E-003 -9.998350E-001
  8.000000E+000 -1.300750E+000  8.849268E-001  8.198935E-002 -9.879712E-001 -1.412642E-001 -6.290755E-002 -1.415446E-001  9.899319E-001  0.000000E+000  6.227419E-002  8.904223E-003 -9.980194E-001
  8.050000E+000 -1.294276E+000  8.862034E-001  1.398524E-001 -9.838981E-001 -1.428409E-001 -1.074292E-001 -1.436724E-001  9.896253E-001  0.000000E+000  1.063147E-001  1.543462E-002 -9.942127E-001
  8.100000E+000 -1.285207E+000  8.875077E-001  1.971549E-001 -9.778683E-001 -1.441597E-001 -1.516295E-001 -1.458461E-001  9.893073E-001  0.000000E+000  1.500082E-001  2.211457E-002 -9.884374E-001
  8.150000E+000 -1.273588E+000  8.888391E-001  2.537671E-001 -9.699113E-001 -1.452107E-001 -1.954124E-001 -1.480652E-001  9.889776E-001  0.000000E+000  1.932584E-001  2.893377E-002 -9.807212E-001
  8.200000E+000 -1.259471E+000  8.901976E-001  3.095633E-001 -9.600616E-001 -1.459844E-001 -2.386844E-001 -1.503293E-001  9.886360E-001  0.000000E+000  2.359719E-001  3.588126E-002 -9.710972E-001
  8.250000E+000 -1.242917E+000  8.915827E-001  3.644220E-001 -9.483594E-001 -1.464719E-001 -2.813548E-001 -1.526379E-001  9.882822E-001  0.000000E+000  2.780579E-001  4.294540E-002 -9.596038E-001
  8.300000E+000 -1.223993E+000  8.929942E-001  4.182264E-001 -9.348493E-001 -1.466649E-001 -3.233361E-001 -1.549903E-001  9.879160E-001  0.000000E+000  3.194289E-001  5.011397E-002 -9.462842E-001
  8.350000E+000 -1.202770E+000  8.944317E-001  4.708648E-001 -9.195809E-001 -1.465558E-001 -3.645440E-001 -1.573862E-001  9.875371E-001  0.000000E+000  3.600008E-001  5.737418E-002 -9.311862E-001
  8.400000E+000 -1.179329E+000  8.958948E-001  5.222308E-001 -9.026081E-001 -1.461376E-001 -4.048980E-001 -1.598247E-001  9.871454E-001  0.000000E+000  3.996932E-001  6.471270E-002 -9.143618E-001
  8.450000E+000 -1.153752E+000  8.973832E-001  5.722238E-001 -8.839888E-001 -1.454040E-001 -4.443214E-001 -1.623053E-001  9.867406E-001  0.000000E+000  4.384299E-001  7.211569E-002 -8.958675E-001
  8.500000E+000 -1.126129E+000  8.988963E-001  6.207492E-001 -8.637847E-001 -1.443495E-001 -4.827414E-001 -1.648272E-001  9.863225E-001  0.000000E+000  4.761387E-001  7.956891E-002 -8.757629E-001
  8.550000E+000 -1.096554E+000  9.004338E-001  6.677189E-001 -8.420608E-001 -1.429695E-001 -5.200898E-001 -1.673897E-001  9.858908E-001  0.000000E+000  5.127517E-001  8.705769E-002 -8.541116E-001
  8.600000E+000 -1.065124E+000  9.019953E-001  7.130509E-001 -8.188853E-001 -1.412600E-001 -5.563025E-001 -1.699921E-001  9.854454E-001  0.000000E+000  5.482058E-001  9.456704E-002 -8.309798E-001
  8.650000E+000 -1.031940E+000  9.035801E-001  7.566701E-001 -7.943292E-001 -1.392180E-001 -5.913202E-001 -1.726335E-001  9.849861E-001  0.000000E+000  5.824422E-001  1.020817E-001 -8.064369E-001
  8.700000E+000 -9.971059E-001  9.051879E-001  7.985080E-001 -7.684657E-001 -1.368414E-001 -6.250879E-001 -1.753131E-001  9.845127E-001  0.000000E+000  6.154070E-001  1.095861E-001 -7.805543E-001
  8.750000E+000 -9.607294E-001  9.068180E-001  8.385030E-001 -7.413703E-001 -1.341288E-001 -6.575557E-001 -1.780300E-001  9.840251E-001  0.000000E+000  6.470513E-001  1.170646E-001 -7.534059E-001
  8.800000E+000 -9.229189E-001  9.084699E-001  8.766005E-001 -7.131201E-001 -1.310799E-001 -6.886782E-001 -1.807832E-001  9.835230E-001  0.000000E+000  6.773309E-001  1.245014E-001 -7.250671E-001
  8.850000E+000 -8.837848E-001  9.101431E-001  9.127527E-001 -6.837937E-001 -1.276952E-001 -7.184150E-001 -1.835718E-001  9.830063E-001  0.000000E+000  7.062065E-001  1.318807E-001 -6.956148E-001
  8.900000E+000 -8.434388E-001  9.118369E-001  9.469188E-001 -6.534706E-001 -1.239762E-001 -7.467302E-001 -1.863948E-001  9.824749E-001  0.000000E+000  7.336437E-001  1.391866E-001 -6.651270E-001
  8.950000E+000 -8.019933E-001  9.135507E-001  9.790649E-001 -6.222312E-001 -1.199252E-001 -7.735931E-001 -1.892511E-001  9.819287E-001  0.000000E+000  7.596133E-001  1.464034E-001 -6.336827E-001
  9.000000E+000 -7.595608E-001  9.152839E-001  1.009164E+000 -5.901563E-001 -1.155454E-001 -7.989774E-001 -1.921398E-001  9.813676E-001  0.000000E+000  7.840905E-001  1.535153E-001 -6.013611E-001
  9.050000E+000 -7.162537E-001  9.170357E-001  1.037195E+000 -5.573267E-001 -1.108410E-001 -8.228616E-001 -1.950596E-001  9.807914E-001  0.000000E+000  8.070556E-001  1.605070E-001 -5.682418E-001
  9.100000E+000 -6.721838E-001  9.188057E-001  1.063145E+000 -5.238232E-001 -1.058171E-001 -8.452290E-001 -1.980094E-001  9.802001E-001  0.000000E+000  8.284935E-001  1.673633E-001 -5.344043E-001
  9.150000E+000 -6.274621E-001  9.205929E-001  1.087006E+000 -4.897261E-001 -1.004796E-001 -8.660671E-001 -2.009881E-001  9.795937E-001  0.000000E+000  8.483938E-001  1.740692E-001 -4.999278E-001
  9.200000E+000 -5.821981E-001  9.223967E-001  1.108776E+000 -4.551149E-001 -9.483515E-002 -8.853681E-001 -2.039945E-001  9.789720E-001  0.000000E+000  8.667506E-001  1.806103E-001 -4.648906E-001
  9.250000E+000 -5.364995E-001  9.242164E-001  1.128461E+000 -4.200683E-001 -8.889145E-002 -9.031284E-001 -2.070274E-001  9.783352E-001  0.000000E+000  8.835623E-001  1.869723E-001 -4.293705E-001
  9.300000E+000 -4.904721E-001  9.260512E-001  1.146071E+000 -3.846635E-001 -8.265683E-002 -9.193486E-001 -2.100854E-001  9.776830E-001  0.000000E+000  8.988315E-001  1.931417E-001 -3.934440E-001
  9.350000E+000 -4.442195E-001  9.279004E-001  1.161623E+000 -3.489766E-001 -7.614042E-002 -9.340332E-001 -2.131673E-001  9.770157E-001  0.000000E+000  9.125651E-001  1.991053E-001 -3.571863E-001
  9.400000E+000 -3.978424E-001  9.297630E-001  1.175137E+000 -3.130818E-001 -6.935209E-002 -9.471906E-001 -2.162717E-001  9.763332E-001  0.000000E+000  9.247736E-001  2.048505E-001 -3.206711E-001
  9.450000E+000 -3.514387E-001  9.316384E-001  1.186641E+000 -2.770517E-001 -6.230237E-002 -9.588330E-001 -2.193974E-001  9.756356E-001  0.000000E+000  9.354716E-001  2.103655E-001 -2.839705E-001
  9.500000E+000 -3.051032E-001  9.335257E-001  1.196166E+000 -2.409565E-001 -5.500247E-002 -9.689761E-001 -2.225429E-001  9.749229E-001  0.000000E+000  9.446770E-001  2.156387E-001 -2.471545E-001
  9.550000E+000 -2.589273E-001  9.354241E-001  1.203747E+000 -2.048647E-001 -4.746416E-002 -9.776388E-001 -2.257068E-001  9.741953E-001  0.000000E+000  9.524111E-001  2.206598E-001 -2.102912E-001
  9.600000E+000 -2.129990E-001  9.373327E-001  1.209425E+000 -1.688420E-001 -3.969980E-002 -9.848433E-001 -2.288878E-001  9.734528E-001  0.000000E+000  9.586985E-001  2.254186E-001 -1.734465E-001
  9.650000E+000 -1.674023E-001  9.392506E-001  1.213244E+000 -1.329520E-001 -3.172225E-002 -9.906147E-001 -2.320844E-001  9.726956E-001  0.000000E+000  9.635666E-001  2.299062E-001 -1.366841E-001
  9.700000E+000 -1.222177E-001  9.411771E-001  1.215252E+000 -9.725565E-002 -2.354483E-002 -9.949809E-001 -2.352951E-001  9.719240E-001  0.000000E+000  9.670458E-001  2.341141E-001 -1.000651E-001
  9.750000E+000 -7.752137E-002  9.431111E-001  1.215499E+000 -6.181108E-002 -1.518124E-002 -9.979724E-001 -2.385185E-001  9.711380E-001  0.000000E+000  9.691689E-001  2.380348E-001 -6.364809E-002
  9.800000E+000 -3.338558E-002  9.450518E-001  1.214040E+000 -2.667379E-002 -6.645590E-003 -9.996221E-001 -2.417529E-001  9.703378E-001  0.000000E+000  9.699711E-001  2.416616E-001 -2.748918E-002
  9.850000E+000  1.012164E-002  9.469982E-001  1.210932E+000  8.103540E-003  2.047751E-003 -9.999651E-001 -2.449970E-001  9.695238E-001  0.000000E+000  9.694900E-001  2.449885E-001  8.358268E-003
  9.900000E+000  5.293651E-002  9.489495E-001  1.206233E+000  4.247114E-002  1.088414E-002 -9.990384E-001 -2.482492E-001  9.686962E-001  0.000000E+000  9.677647E-001  2.480105E-001  4.384361E-002
  9.950000E+000  9.499951E-002  9.509047E-001  1.200005E+000  7.638215E-002  1.984875E-002 -9.968810E-001 -2.515079E-001  9.678553E-001  0.000000E+000  9.648365E-001  2.507234E-001  7.891898E-002
