% FILE: robot_arm.2
%
%       t         P_No_Ao[1]     P_No_Ao[2]     P_No_Ao[3]      N_A[1,1]       N_A[1,2]       N_A[1,3]       N_A[2,1]       N_A[2,2]       N_A[2,3]       N_A[3,1]       N_A[3,2]       N_A[3,3]
%   (second)        (meter)        (meter)        (meter)       (NoUnits)      (NoUnits)      (NoUnits)      (NoUnits)      (NoUnits)      (NoUnits)      (NoUnits)      (NoUnits)      (NoUnits)

  0.000000E+000  0.000000E+000  6.000000E-001  0.000000E+000  1.000000E+000  0.000000E+000  0.000000E+000  0.000000E+000  1.000000E+000  0.000000E+000  0.000000E+000  0.000000E+000  1.000000E+000
  5.000000E-002  0.000000E+000  6.000000E-001  0.000000E+000  1.000000E+000  0.000000E+000  1.548884E-009  0.000000E+000  1.000000E+000  0.000000E+000 -1.548884E-009  0.000000E+000  1.000000E+000
  1.000000E-001  0.000000E+000  6.000000E-001  0.000000E+000  1.000000E+000  0.000000E+000  2.736891E-008  0.000000E+000  1.000000E+000  0.000000E+000 -2.736891E-008  0.000000E+000  1.000000E+000
  1.500000E-001  0.000000E+000  6.000000E-001  0.000000E+000  1.000000E+000  0.000000E+000  1.500989E-007  0.000000E+000  1.000000E+000  0.000000E+000 -1.500989E-007  0.000000E+000  1.000000E+000
  2.000000E-001  0.000000E+000  6.000000E-001  0.000000E+000  1.000000E+000  0.000000E+000  5.103108E-007  0.000000E+000  1.000000E+000  0.000000E+000 -5.103108E-007  0.000000E+000  1.000000E+000
  2.500000E-001  0.000000E+000  6.000000E-001  0.000000E+000  1.000000E+000  0.000000E+000  1.332958E-006  0.000000E+000  1.000000E+000  0.000000E+000 -1.332958E-006  0.000000E+000  1.000000E+000
  3.000000E-001  0.000000E+000  6.000000E-001  0.000000E+000  1.000000E+000  0.000000E+000  2.943526E-006  0.000000E+000  1.000000E+000  0.000000E+000 -2.943526E-006  0.000000E+000  1.000000E+000
  3.500000E-001  0.000000E+000  6.000000E-001  0.000000E+000  1.000000E+000  0.000000E+000  5.783845E-006  0.000000E+000  1.000000E+000  0.000000E+000 -5.783845E-006  0.000000E+000  1.000000E+000
  4.000000E-001  0.000000E+000  6.000000E-001  0.000000E+000  1.000000E+000  0.000000E+000  1.042752E-005  0.000000E+000  1.000000E+000  0.000000E+000 -1.042752E-005  0.000000E+000  1.000000E+000
  4.500000E-001  0.000000E+000  6.000000E-001  0.000000E+000  1.000000E+000  0.000000E+000  1.759497E-005  0.000000E+000  1.000000E+000  0.000000E+000 -1.759497E-005  0.000000E+000  1.000000E+000
  5.000000E-001  0.000000E+000  6.000000E-001  0.000000E+000  1.000000E+000  0.000000E+000  2.816793E-005  0.000000E+000  1.000000E+000  0.000000E+000 -2.816793E-005  0.000000E+000  1.000000E+000
  5.500000E-001  0.000000E+000  6.000000E-001  0.000000E+000  1.000000E+000  0.000000E+000  4.320359E-005  0.000000E+000  1.000000E+000  0.000000E+000 -4.320359E-005  0.000000E+000  1.000000E+000
  6.000000E-001  0.000000E+000  6.000000E-001  0.000000E+000  1.000000E+000  0.000000E+000  6.394808E-005  0.000000E+000  1.000000E+000  0.000000E+000 -6.394808E-005  0.000000E+000  1.000000E+000
  6.500000E-001  0.000000E+000  6.000000E-001  0.000000E+000  1.000000E+000  0.000000E+000  9.184953E-005  0.000000E+000  1.000000E+000  0.000000E+000 -9.184953E-005  0.000000E+000  1.000000E+000
  7.000000E-001  0.000000E+000  6.000000E-001  0.000000E+000  1.000000E+000  0.000000E+000  1.285704E-004  0.000000E+000  1.000000E+000  0.000000E+000 -1.285704E-004  0.000000E+000  1.000000E+000
  7.500000E-001  0.000000E+000  6.000000E-001  0.000000E+000  1.000000E+000  0.000000E+000  1.759994E-004  0.000000E+000  1.000000E+000  0.000000E+000 -1.759994E-004  0.000000E+000  1.000000E+000
  8.000000E-001  0.000000E+000  6.000000E-001  0.000000E+000  1.000000E+000  0.000000E+000  2.362622E-004  0.000000E+000  1.000000E+000  0.000000E+000 -2.362622E-004  0.000000E+000  1.000000E+000
  8.500000E-001  0.000000E+000  6.000000E-001  0.000000E+000  1.000000E+000  0.000000E+000  3.117326E-004  0.000000E+000  1.000000E+000  0.000000E+000 -3.117326E-004  0.000000E+000  1.000000E+000
  9.000000E-001  0.000000E+000  6.000000E-001  0.000000E+000  9.999999E-001  0.000000E+000  4.050417E-004  0.000000E+000  1.000000E+000  0.000000E+000 -4.050417E-004  0.000000E+000  9.999999E-001
  9.500000E-001  0.000000E+000  6.000000E-001  0.000000E+000  9.999999E-001  0.000000E+000  5.190871E-004  0.000000E+000  1.000000E+000  0.000000E+000 -5.190871E-004  0.000000E+000  9.999999E-001
  1.000000E+000  0.000000E+000  6.000000E-001  0.000000E+000  9.999998E-001  0.000000E+000  6.570411E-004  0.000000E+000  1.000000E+000  0.000000E+000 -6.570411E-004  0.000000E+000  9.999998E-001
  1.050000E+000  0.000000E+000  6.000000E-001  0.000000E+000  9.999997E-001  0.000000E+000  8.223584E-004  0.000000E+000  1.000000E+000  0.000000E+000 -8.223584E-004  0.000000E+000  9.999997E-001
  1.100000E+000  0.000000E+000  6.000000E-001  0.000000E+000  9.999995E-001  0.000000E+000  1.018783E-003  0.000000E+000  1.000000E+000  0.000000E+000 -1.018783E-003  0.000000E+000  9.999995E-001
  1.150000E+000  0.000000E+000  6.000000E-001  0.000000E+000  9.999992E-001  0.000000E+000  1.250353E-003  0.000000E+000  1.000000E+000  0.000000E+000 -1.250353E-003  0.000000E+000  9.999992E-001
  1.200000E+000  0.000000E+000  6.000000E-001  0.000000E+000  9.999988E-001  0.000000E+000  1.521408E-003  0.000000E+000  1.000000E+000  0.000000E+000 -1.521408E-003  0.000000E+000  9.999988E-001
  1.250000E+000  0.000000E+000  6.000000E-001  0.000000E+000  9.999983E-001  0.000000E+000  1.836591E-003  0.000000E+000  1.000000E+000  0.000000E+000 -1.836591E-003  0.000000E+000  9.999983E-001
  1.300000E+000  0.000000E+000  6.000000E-001  0.000000E+000  9.999976E-001  0.000000E+000  2.200853E-003  0.000000E+000  1.000000E+000  0.000000E+000 -2.200853E-003  0.000000E+000  9.999976E-001
  1.350000E+000  0.000000E+000  6.000000E-001  0.000000E+000  9.999966E-001  0.000000E+000  2.619454E-003  0.000000E+000  1.000000E+000  0.000000E+000 -2.619454E-003  0.000000E+000  9.999966E-001
  1.400000E+000  0.000000E+000  6.000000E-001  0.000000E+000  9.999952E-001  0.000000E+000  3.097969E-003  0.000000E+000  1.000000E+000  0.000000E+000 -3.097969E-003  0.000000E+000  9.999952E-001
  1.450000E+000  0.000000E+000  6.000000E-001  0.000000E+000  9.999934E-001  0.000000E+000  3.642284E-003  0.000000E+000  1.000000E+000  0.000000E+000 -3.642284E-003  0.000000E+000  9.999934E-001
  1.500000E+000  0.000000E+000  6.000000E-001  0.000000E+000  9.999909E-001  0.000000E+000  4.258598E-003  0.000000E+000  1.000000E+000  0.000000E+000 -4.258598E-003  0.000000E+000  9.999909E-001
  1.550000E+000  0.000000E+000  6.000000E-001  0.000000E+000  9.999877E-001  0.000000E+000  4.953422E-003  0.000000E+000  1.000000E+000  0.000000E+000 -4.953422E-003  0.000000E+000  9.999877E-001
  1.600000E+000  0.000000E+000  6.000000E-001  0.000000E+000  9.999836E-001  0.000000E+000  5.733579E-003  0.000000E+000  1.000000E+000  0.000000E+000 -5.733579E-003  0.000000E+000  9.999836E-001
  1.650000E+000  0.000000E+000  6.000000E-001  0.000000E+000  9.999782E-001  0.000000E+000  6.606197E-003  0.000000E+000  1.000000E+000  0.000000E+000 -6.606197E-003  0.000000E+000  9.999782E-001
  1.700000E+000  0.000000E+000  6.000000E-001  0.000000E+000  9.999713E-001  0.000000E+000  7.578709E-003  0.000000E+000  1.000000E+000  0.000000E+000 -7.578709E-003  0.000000E+000  9.999713E-001
  1.750000E+000  0.000000E+000  6.000000E-001  0.000000E+000  9.999625E-001  0.000000E+000  8.658848E-003  0.000000E+000  1.000000E+000  0.000000E+000 -8.658848E-003  0.000000E+000  9.999625E-001
  1.800000E+000  0.000000E+000  6.000000E-001  0.000000E+000  9.999514E-001  0.000000E+000  9.854641E-003  0.000000E+000  1.000000E+000  0.000000E+000 -9.854641E-003  0.000000E+000  9.999514E-001
  1.850000E+000  0.000000E+000  6.000000E-001  0.000000E+000  9.999376E-001  0.000000E+000  1.117440E-002  0.000000E+000  1.000000E+000  0.000000E+000 -1.117440E-002  0.000000E+000  9.999376E-001
  1.900000E+000  0.000000E+000  6.000000E-001  0.000000E+000  9.999203E-001  0.000000E+000  1.262673E-002  0.000000E+000  1.000000E+000  0.000000E+000 -1.262673E-002  0.000000E+000  9.999203E-001
  1.950000E+000  0.000000E+000  6.000000E-001  0.000000E+000  9.998989E-001  0.000000E+000  1.422048E-002  0.000000E+000  1.000000E+000  0.000000E+000 -1.422048E-002  0.000000E+000  9.998989E-001
  2.000000E+000  0.000000E+000  6.000000E-001  0.000000E+000  9.998726E-001  0.000000E+000  1.596479E-002  0.000000E+000  1.000000E+000  0.000000E+000 -1.596479E-002  0.000000E+000  9.998726E-001
  2.050000E+000  0.000000E+000  6.000000E-001  0.000000E+000  9.998403E-001  0.000000E+000  1.786905E-002  0.000000E+000  1.000000E+000  0.000000E+000 -1.786905E-002  0.000000E+000  9.998403E-001
  2.100000E+000  0.000000E+000  6.000000E-001  0.000000E+000  9.998011E-001  0.000000E+000  1.994287E-002  0.000000E+000  1.000000E+000  0.000000E+000 -1.994287E-002  0.000000E+000  9.998011E-001
  2.150000E+000  0.000000E+000  6.000000E-001  0.000000E+000  9.997536E-001  0.000000E+000  2.219612E-002  0.000000E+000  1.000000E+000  0.000000E+000 -2.219612E-002  0.000000E+000  9.997536E-001
  2.200000E+000  0.000000E+000  6.000000E-001  0.000000E+000  9.996964E-001  0.000000E+000  2.463886E-002  0.000000E+000  1.000000E+000  0.000000E+000 -2.463886E-002  0.000000E+000  9.996964E-001
  2.250000E+000  0.000000E+000  6.000000E-001  0.000000E+000  9.996278E-001  0.000000E+000  2.728136E-002  0.000000E+000  1.000000E+000  0.000000E+000 -2.728136E-002  0.000000E+000  9.996278E-001
  2.300000E+000  0.000000E+000  6.000000E-001  0.000000E+000  9.995459E-001  0.000000E+000  3.013408E-002  0.000000E+000  1.000000E+000  0.000000E+000 -3.013408E-002  0.000000E+000  9.995459E-001
  2.350000E+000  0.000000E+000  6.000000E-001  0.000000E+000  9.994485E-001  0.000000E+000  3.320766E-002  0.000000E+000  1.000000E+000  0.000000E+000 -3.320766E-002  0.000000E+000  9.994485E-001
  2.400000E+000  0.000000E+000  6.000000E-001  0.000000E+000  9.993332E-001  0.000000E+000  3.651286E-002  0.000000E+000  1.000000E+000  0.000000E+000 -3.651286E-002  0.000000E+000  9.993332E-001
  2.450000E+000  0.000000E+000  6.000000E-001  0.000000E+000  9.991973E-001  0.000000E+000  4.006060E-002  0.000000E+000  1.000000E+000  0.000000E+000 -4.006060E-002  0.000000E+000  9.991973E-001
  2.500000E+000  0.000000E+000  6.000000E-001  0.000000E+000  9.990376E-001  0.000000E+000  4.386190E-002  0.000000E+000  1.000000E+000  0.000000E+000 -4.386190E-002  0.000000E+000  9.990376E-001
  2.550000E+000  0.000000E+000  6.000000E-001  0.000000E+000  9.988508E-001  0.000000E+000  4.792788E-002  0.000000E+000  1.000000E+000  0.000000E+000 -4.792788E-002  0.000000E+000  9.988508E-001
  2.600000E+000  0.000000E+000  6.000000E-001  0.000000E+000  9.986330E-001  0.000000E+000  5.226971E-002  0.000000E+000  1.000000E+000  0.000000E+000 -5.226971E-002  0.000000E+000  9.986330E-001
  2.650000E+000  0.000000E+000  6.000000E-001  0.000000E+000  9.983800E-001  0.000000E+000  5.689861E-002  0.000000E+000  1.000000E+000  0.000000E+000 -5.689861E-002  0.000000E+000  9.983800E-001
  2.700000E+000  0.000000E+000  6.000000E-001  0.000000E+000  9.980870E-001  0.000000E+000  6.182582E-002  0.000000E+000  1.000000E+000  0.000000E+000 -6.182582E-002  0.000000E+000  9.980870E-001
  2.750000E+000  0.000000E+000  6.000000E-001  0.000000E+000  9.977488E-001  0.000000E+000  6.706254E-002  0.000000E+000  1.000000E+000  0.000000E+000 -6.706254E-002  0.000000E+000  9.977488E-001
  2.800000E+000  0.000000E+000  6.000000E-001  0.000000E+000  9.973597E-001  0.000000E+000  7.261994E-002  0.000000E+000  1.000000E+000  0.000000E+000 -7.261994E-002  0.000000E+000  9.973597E-001
  2.850000E+000  0.000000E+000  6.000000E-001  0.000000E+000  9.969134E-001  0.000000E+000  7.850913E-002  0.000000E+000  1.000000E+000  0.000000E+000 -7.850913E-002  0.000000E+000  9.969134E-001
  2.900000E+000  0.000000E+000  6.000000E-001  0.000000E+000  9.964030E-001  0.000000E+000  8.474106E-002  0.000000E+000  1.000000E+000  0.000000E+000 -8.474106E-002  0.000000E+000  9.964030E-001
  2.950000E+000  0.000000E+000  6.000000E-001  0.000000E+000  9.958210E-001  0.000000E+000  9.132658E-002  0.000000E+000  1.000000E+000  0.000000E+000 -9.132658E-002  0.000000E+000  9.958210E-001
  3.000000E+000  0.000000E+000  6.000000E-001  0.000000E+000  9.951592E-001  0.000000E+000  9.827630E-002  0.000000E+000  1.000000E+000  0.000000E+000 -9.827630E-002  0.000000E+000  9.951592E-001
  3.050000E+000  0.000000E+000  6.000000E-001  0.000000E+000  9.944086E-001  0.000000E+000  1.056006E-001  0.000000E+000  1.000000E+000  0.000000E+000 -1.056006E-001  0.000000E+000  9.944086E-001
  3.100000E+000  0.000000E+000  6.000000E-001  0.000000E+000  9.935597E-001  0.000000E+000  1.133097E-001  0.000000E+000  1.000000E+000  0.000000E+000 -1.133097E-001  0.000000E+000  9.935597E-001
  3.150000E+000  0.000000E+000  6.000000E-001  0.000000E+000  9.926020E-001  0.000000E+000  1.214133E-001  0.000000E+000  1.000000E+000  0.000000E+000 -1.214133E-001  0.000000E+000  9.926020E-001
  3.200000E+000  0.000000E+000  6.000000E-001  0.000000E+000  9.915244E-001  0.000000E+000  1.299208E-001  0.000000E+000  1.000000E+000  0.000000E+000 -1.299208E-001  0.000000E+000  9.915244E-001
  3.250000E+000  0.000000E+000  6.000000E-001  0.000000E+000  9.903147E-001  0.000000E+000  1.388412E-001  0.000000E+000  1.000000E+000  0.000000E+000 -1.388412E-001  0.000000E+000  9.903147E-001
  3.300000E+000  0.000000E+000  6.000000E-001  0.000000E+000  9.889599E-001  0.000000E+000  1.481831E-001  0.000000E+000  1.000000E+000  0.000000E+000 -1.481831E-001  0.000000E+000  9.889599E-001
  3.350000E+000  0.000000E+000  6.000000E-001  0.000000E+000  9.874464E-001  0.000000E+000  1.579543E-001  0.000000E+000  1.000000E+000  0.000000E+000 -1.579543E-001  0.000000E+000  9.874464E-001
  3.400000E+000  0.000000E+000  6.000000E-001  0.000000E+000  9.857593E-001  0.000000E+000  1.681622E-001  0.000000E+000  1.000000E+000  0.000000E+000 -1.681622E-001  0.000000E+000  9.857593E-001
  3.450000E+000  0.000000E+000  6.000000E-001  0.000000E+000  9.838830E-001  0.000000E+000  1.788135E-001  0.000000E+000  1.000000E+000  0.000000E+000 -1.788135E-001  0.000000E+000  9.838830E-001
  3.500000E+000  0.000000E+000  6.000000E-001  0.000000E+000  9.818007E-001  0.000000E+000  1.899140E-001  0.000000E+000  1.000000E+000  0.000000E+000 -1.899140E-001  0.000000E+000  9.818007E-001
  3.550000E+000  0.000000E+000  6.000000E-001  0.000000E+000  9.794949E-001  0.000000E+000  2.014689E-001  0.000000E+000  1.000000E+000  0.000000E+000 -2.014689E-001  0.000000E+000  9.794949E-001
  3.600000E+000  0.000000E+000  6.000000E-001  0.000000E+000  9.769469E-001  0.000000E+000  2.134824E-001  0.000000E+000  1.000000E+000  0.000000E+000 -2.134824E-001  0.000000E+000  9.769469E-001
  3.650000E+000  0.000000E+000  6.000000E-001  0.000000E+000  9.741371E-001  0.000000E+000  2.259577E-001  0.000000E+000  1.000000E+000  0.000000E+000 -2.259577E-001  0.000000E+000  9.741371E-001
  3.700000E+000  0.000000E+000  6.000000E-001  0.000000E+000  9.710449E-001  0.000000E+000  2.388970E-001  0.000000E+000  1.000000E+000  0.000000E+000 -2.388970E-001  0.000000E+000  9.710449E-001
  3.750000E+000  0.000000E+000  6.000000E-001  0.000000E+000  9.676487E-001  0.000000E+000  2.523013E-001  0.000000E+000  1.000000E+000  0.000000E+000 -2.523013E-001  0.000000E+000  9.676487E-001
  3.800000E+000  0.000000E+000  6.000000E-001  0.000000E+000  9.639260E-001  0.000000E+000  2.661704E-001  0.000000E+000  1.000000E+000  0.000000E+000 -2.661704E-001  0.000000E+000  9.639260E-001
  3.850000E+000  0.000000E+000  6.000000E-001  0.000000E+000  9.598532E-001  0.000000E+000  2.805028E-001  0.000000E+000  1.000000E+000  0.000000E+000 -2.805028E-001  0.000000E+000  9.598532E-001
  3.900000E+000  0.000000E+000  6.000000E-001  0.000000E+000  9.554059E-001  0.000000E+000  2.952957E-001  0.000000E+000  1.000000E+000  0.000000E+000 -2.952957E-001  0.000000E+000  9.554059E-001
  3.950000E+000  0.000000E+000  6.000000E-001  0.000000E+000  9.505588E-001  0.000000E+000  3.105446E-001  0.000000E+000  1.000000E+000  0.000000E+000 -3.105446E-001  0.000000E+000  9.505588E-001
  4.000000E+000  0.000000E+000  6.000000E-001  0.000000E+000  9.452857E-001  0.000000E+000  3.262436E-001  0.000000E+000  1.000000E+000  0.000000E+000 -3.262436E-001  0.000000E+000  9.452857E-001
  4.050000E+000  0.000000E+000  6.000000E-001  0.000000E+000  9.395597E-001  0.000000E+000  3.423851E-001  0.000000E+000  1.000000E+000  0.000000E+000 -3.423851E-001  0.000000E+000  9.395597E-001
  4.100000E+000  0.000000E+000  6.000000E-001  0.000000E+000  9.333531E-001  0.000000E+000  3.589595E-001  0.000000E+000  1.000000E+000  0.000000E+000 -3.589595E-001  0.000000E+000  9.333531E-001
  4.150000E+000  0.000000E+000  6.000000E-001  0.000000E+000  9.266376E-001  0.000000E+000  3.759557E-001  0.000000E+000  1.000000E+000  0.000000E+000 -3.759557E-001  0.000000E+000  9.266376E-001
  4.200000E+000  0.000000E+000  6.000000E-001  0.000000E+000  9.193843E-001  0.000000E+000  3.933605E-001  0.000000E+000  1.000000E+000  0.000000E+000 -3.933605E-001  0.000000E+000  9.193843E-001
  4.250000E+000  0.000000E+000  6.000000E-001  0.000000E+000  9.115638E-001  0.000000E+000  4.111586E-001  0.000000E+000  1.000000E+000  0.000000E+000 -4.111586E-001  0.000000E+000  9.115638E-001
  4.300000E+000  0.000000E+000  6.000000E-001  0.000000E+000  9.031464E-001  0.000000E+000  4.293328E-001  0.000000E+000  1.000000E+000  0.000000E+000 -4.293328E-001  0.000000E+000  9.031464E-001
  4.350000E+000  0.000000E+000  6.000000E-001  0.000000E+000  8.941020E-001  0.000000E+000  4.478633E-001  0.000000E+000  1.000000E+000  0.000000E+000 -4.478633E-001  0.000000E+000  8.941020E-001
  4.400000E+000  0.000000E+000  6.000000E-001  0.000000E+000  8.844006E-001  0.000000E+000  4.667286E-001  0.000000E+000  1.000000E+000  0.000000E+000 -4.667286E-001  0.000000E+000  8.844006E-001
  4.450000E+000  0.000000E+000  6.000000E-001  0.000000E+000  8.740120E-001  0.000000E+000  4.859044E-001  0.000000E+000  1.000000E+000  0.000000E+000 -4.859044E-001  0.000000E+000  8.740120E-001
  4.500000E+000  0.000000E+000  6.000000E-001  0.000000E+000  8.629061E-001  0.000000E+000  5.053642E-001  0.000000E+000  1.000000E+000  0.000000E+000 -5.053642E-001  0.000000E+000  8.629061E-001
  4.550000E+000  0.000000E+000  6.000000E-001  0.000000E+000  8.510534E-001  0.000000E+000  5.250792E-001  0.000000E+000  1.000000E+000  0.000000E+000 -5.250792E-001  0.000000E+000  8.510534E-001
  4.600000E+000  0.000000E+000  6.000000E-001  0.000000E+000  8.384244E-001  0.000000E+000  5.450179E-001  0.000000E+000  1.000000E+000  0.000000E+000 -5.450179E-001  0.000000E+000  8.384244E-001
  4.650000E+000  0.000000E+000  6.000000E-001  0.000000E+000  8.249906E-001  0.000000E+000  5.651464E-001  0.000000E+000  1.000000E+000  0.000000E+000 -5.651464E-001  0.000000E+000  8.249906E-001
  4.700000E+000  0.000000E+000  6.000000E-001  0.000000E+000  8.107243E-001  0.000000E+000  5.854282E-001  0.000000E+000  1.000000E+000  0.000000E+000 -5.854282E-001  0.000000E+000  8.107243E-001
  4.750000E+000  0.000000E+000  6.000000E-001  0.000000E+000  7.955985E-001  0.000000E+000  6.058243E-001  0.000000E+000  1.000000E+000  0.000000E+000 -6.058243E-001  0.000000E+000  7.955985E-001
  4.800000E+000  0.000000E+000  6.000000E-001  0.000000E+000  7.795877E-001  0.000000E+000  6.262931E-001  0.000000E+000  1.000000E+000  0.000000E+000 -6.262931E-001  0.000000E+000  7.795877E-001
  4.850000E+000  0.000000E+000  6.000000E-001  0.000000E+000  7.626677E-001  0.000000E+000  6.467905E-001  0.000000E+000  1.000000E+000  0.000000E+000 -6.467905E-001  0.000000E+000  7.626677E-001
  4.900000E+000  0.000000E+000  6.000000E-001  0.000000E+000  7.448159E-001  0.000000E+000  6.672701E-001  0.000000E+000  1.000000E+000  0.000000E+000 -6.672701E-001  0.000000E+000  7.448159E-001
  4.950000E+000  0.000000E+000  6.000000E-001  0.000000E+000  7.260114E-001  0.000000E+000  6.876826E-001  0.000000E+000  1.000000E+000  0.000000E+000 -6.876826E-001  0.000000E+000  7.260114E-001
  5.000000E+000  0.000000E+000  6.000000E-001  0.000000E+000  7.062357E-001  0.000000E+000  7.079768E-001  0.000000E+000  1.000000E+000  0.000000E+000 -7.079768E-001  0.000000E+000  7.062357E-001
  5.050000E+000  0.000000E+000  6.000000E-001  0.000000E+000  6.854722E-001  0.000000E+000  7.280988E-001  0.000000E+000  1.000000E+000  0.000000E+000 -7.280988E-001  0.000000E+000  6.854722E-001
  5.100000E+000  0.000000E+000  6.000000E-001  0.000000E+000  6.637068E-001  0.000000E+000  7.479928E-001  0.000000E+000  1.000000E+000  0.000000E+000 -7.479928E-001  0.000000E+000  6.637068E-001
  5.150000E+000  0.000000E+000  6.000000E-001  0.000000E+000  6.409283E-001  0.000000E+000  7.676007E-001  0.000000E+000  1.000000E+000  0.000000E+000 -7.676007E-001  0.000000E+000  6.409283E-001
  5.200000E+000  0.000000E+000  6.000000E-001  0.000000E+000  6.171283E-001  0.000000E+000  7.868625E-001  0.000000E+000  1.000000E+000  0.000000E+000 -7.868625E-001  0.000000E+000  6.171283E-001
  5.250000E+000  0.000000E+000  6.000000E-001  0.000000E+000  5.923015E-001  0.000000E+000  8.057164E-001  0.000000E+000  1.000000E+000  0.000000E+000 -8.057164E-001  0.000000E+000  5.923015E-001
  5.300000E+000  0.000000E+000  6.000000E-001  0.000000E+000  5.664458E-001  0.000000E+000  8.240990E-001  0.000000E+000  1.000000E+000  0.000000E+000 -8.240990E-001  0.000000E+000  5.664458E-001
  5.350000E+000  0.000000E+000  6.000000E-001  0.000000E+000  5.395629E-001  0.000000E+000  8.419453E-001  0.000000E+000  1.000000E+000  0.000000E+000 -8.419453E-001  0.000000E+000  5.395629E-001
  5.400000E+000  0.000000E+000  6.000000E-001  0.000000E+000  5.116579E-001  0.000000E+000  8.591893E-001  0.000000E+000  1.000000E+000  0.000000E+000 -8.591893E-001  0.000000E+000  5.116579E-001
  5.450000E+000  0.000000E+000  6.000000E-001  0.000000E+000  4.827400E-001  0.000000E+000  8.757637E-001  0.000000E+000  1.000000E+000  0.000000E+000 -8.757637E-001  0.000000E+000  4.827400E-001
  5.500000E+000  0.000000E+000  6.000000E-001  0.000000E+000  4.528223E-001  0.000000E+000  8.916008E-001  0.000000E+000  1.000000E+000  0.000000E+000 -8.916008E-001  0.000000E+000  4.528223E-001
  5.550000E+000  0.000000E+000  6.000000E-001  0.000000E+000  4.219220E-001  0.000000E+000  9.066321E-001  0.000000E+000  1.000000E+000  0.000000E+000 -9.066321E-001  0.000000E+000  4.219220E-001
  5.600000E+000  0.000000E+000  6.000000E-001  0.000000E+000  3.900609E-001  0.000000E+000  9.207890E-001  0.000000E+000  1.000000E+000  0.000000E+000 -9.207890E-001  0.000000E+000  3.900609E-001
  5.650000E+000  0.000000E+000  6.000000E-001  0.000000E+000  3.572650E-001  0.000000E+000  9.340031E-001  0.000000E+000  1.000000E+000  0.000000E+000 -9.340031E-001  0.000000E+000  3.572650E-001
  5.700000E+000  0.000000E+000  6.000000E-001  0.000000E+000  3.235647E-001  0.000000E+000  9.462060E-001  0.000000E+000  1.000000E+000  0.000000E+000 -9.462060E-001  0.000000E+000  3.235647E-001
  5.750000E+000  0.000000E+000  6.000000E-001  0.000000E+000  2.889952E-001  0.000000E+000  9.573306E-001  0.000000E+000  1.000000E+000  0.000000E+000 -9.573306E-001  0.000000E+000  2.889952E-001
  5.800000E+000  0.000000E+000  6.000000E-001  0.000000E+000  2.535961E-001  0.000000E+000  9.673102E-001  0.000000E+000  1.000000E+000  0.000000E+000 -9.673102E-001  0.000000E+000  2.535961E-001
  5.850000E+000  0.000000E+000  6.000000E-001  0.000000E+000  2.174117E-001  0.000000E+000  9.760800E-001  0.000000E+000  1.000000E+000  0.000000E+000 -9.760800E-001  0.000000E+000  2.174117E-001
  5.900000E+000  0.000000E+000  6.000000E-001  0.000000E+000  1.804910E-001  0.000000E+000  9.835766E-001  0.000000E+000  1.000000E+000  0.000000E+000 -9.835766E-001  0.000000E+000  1.804910E-001
  5.950000E+000  0.000000E+000  6.000000E-001  0.000000E+000  1.428873E-001  0.000000E+000  9.897390E-001  0.000000E+000  1.000000E+000  0.000000E+000 -9.897390E-001  0.000000E+000  1.428873E-001
  6.000000E+000  0.000000E+000  6.000000E-001  0.000000E+000  1.046586E-001  0.000000E+000  9.945082E-001  0.000000E+000  1.000000E+000  0.000000E+000 -9.945082E-001  0.000000E+000  1.046586E-001
  6.050000E+000  0.000000E+000  6.000000E-001  0.000000E+000  6.586721E-002  0.000000E+000  9.978284E-001  0.000000E+000  1.000000E+000  0.000000E+000 -9.978284E-001  0.000000E+000  6.586721E-002
  6.100000E+000  0.000000E+000  6.000000E-001  0.000000E+000  2.657967E-002  0.000000E+000  9.996467E-001  0.000000E+000  1.000000E+000  0.000000E+000 -9.996467E-001  0.000000E+000  2.657967E-002
  6.150000E+000  0.000000E+000  6.000000E-001  0.000000E+000 -1.313334E-002  0.000000E+000  9.999138E-001  0.000000E+000  1.000000E+000  0.000000E+000 -9.999138E-001  0.000000E+000 -1.313334E-002
  6.200000E+000  0.000000E+000  6.000000E-001  0.000000E+000 -5.319726E-002  0.000000E+000  9.985840E-001  0.000000E+000  1.000000E+000  0.000000E+000 -9.985840E-001  0.000000E+000 -5.319726E-002
  6.250000E+000  0.000000E+000  6.000000E-001  0.000000E+000 -9.353385E-002  0.000000E+000  9.956161E-001  0.000000E+000  1.000000E+000  0.000000E+000 -9.956161E-001  0.000000E+000 -9.353385E-002
  6.300000E+000  0.000000E+000  6.000000E-001  0.000000E+000 -1.340614E-001  0.000000E+000  9.909730E-001  0.000000E+000  1.000000E+000  0.000000E+000 -9.909730E-001  0.000000E+000 -1.340614E-001
  6.350000E+000  0.000000E+000  6.000000E-001  0.000000E+000 -1.746951E-001  0.000000E+000  9.846226E-001  0.000000E+000  1.000000E+000  0.000000E+000 -9.846226E-001  0.000000E+000 -1.746951E-001
  6.400000E+000  0.000000E+000  6.000000E-001  0.000000E+000 -2.153473E-001  0.000000E+000  9.765375E-001  0.000000E+000  1.000000E+000  0.000000E+000 -9.765375E-001  0.000000E+000 -2.153473E-001
  6.450000E+000  0.000000E+000  6.000000E-001  0.000000E+000 -2.559276E-001  0.000000E+000  9.666960E-001  0.000000E+000  1.000000E+000  0.000000E+000 -9.666960E-001  0.000000E+000 -2.559276E-001
  6.500000E+000  0.000000E+000  6.000000E-001  0.000000E+000 -2.963437E-001  0.000000E+000  9.550814E-001  0.000000E+000  1.000000E+000  0.000000E+000 -9.550814E-001  0.000000E+000 -2.963437E-001
  6.550000E+000  0.000000E+000  6.000000E-001  0.000000E+000 -3.365014E-001  0.000000E+000  9.416830E-001  0.000000E+000  1.000000E+000  0.000000E+000 -9.416830E-001  0.000000E+000 -3.365014E-001
  6.600000E+000  0.000000E+000  6.000000E-001  0.000000E+000 -3.763049E-001  0.000000E+000  9.264959E-001  0.000000E+000  1.000000E+000  0.000000E+000 -9.264959E-001  0.000000E+000 -3.763049E-001
  6.650000E+000  0.000000E+000  6.000000E-001  0.000000E+000 -4.156576E-001  0.000000E+000  9.095212E-001  0.000000E+000  1.000000E+000  0.000000E+000 -9.095212E-001  0.000000E+000 -4.156576E-001
  6.700000E+000  0.000000E+000  6.000000E-001  0.000000E+000 -4.544623E-001  0.000000E+000  8.907660E-001  0.000000E+000  1.000000E+000  0.000000E+000 -8.907660E-001  0.000000E+000 -4.544623E-001
  6.750000E+000  0.000000E+000  6.000000E-001  0.000000E+000 -4.926215E-001  0.000000E+000  8.702437E-001  0.000000E+000  1.000000E+000  0.000000E+000 -8.702437E-001  0.000000E+000 -4.926215E-001
  6.800000E+000  0.000000E+000  6.000000E-001  0.000000E+000 -5.300380E-001  0.000000E+000  8.479739E-001  0.000000E+000  1.000000E+000  0.000000E+000 -8.479739E-001  0.000000E+000 -5.300380E-001
  6.850000E+000  0.000000E+000  6.000000E-001  0.000000E+000 -5.666154E-001  0.000000E+000  8.239824E-001  0.000000E+000  1.000000E+000  0.000000E+000 -8.239824E-001  0.000000E+000 -5.666154E-001
  6.900000E+000  0.000000E+000  6.000000E-001  0.000000E+000 -6.022585E-001  0.000000E+000  7.983012E-001  0.000000E+000  1.000000E+000  0.000000E+000 -7.983012E-001  0.000000E+000 -6.022585E-001
  6.950000E+000  0.000000E+000  6.000000E-001  0.000000E+000 -6.368734E-001  0.000000E+000  7.709684E-001  0.000000E+000  1.000000E+000  0.000000E+000 -7.709684E-001  0.000000E+000 -6.368734E-001
  7.000000E+000  0.000000E+000  6.000000E-001  0.000000E+000 -6.703687E-001  0.000000E+000  7.420281E-001  0.000000E+000  1.000000E+000  0.000000E+000 -7.420281E-001  0.000000E+000 -6.703687E-001
  7.050000E+000  0.000000E+000  6.000000E-001  0.000000E+000 -7.026552E-001  0.000000E+000  7.115305E-001  0.000000E+000  1.000000E+000  0.000000E+000 -7.115305E-001  0.000000E+000 -7.026552E-001
  7.100000E+000  0.000000E+000  6.000000E-001  0.000000E+000 -7.336465E-001  0.000000E+000  6.795313E-001  0.000000E+000  1.000000E+000  0.000000E+000 -6.795313E-001  0.000000E+000 -7.336465E-001
  7.150000E+000  0.000000E+000  6.000000E-001  0.000000E+000 -7.632597E-001  0.000000E+000  6.460918E-001  0.000000E+000  1.000000E+000  0.000000E+000 -6.460918E-001  0.000000E+000 -7.632597E-001
  7.200000E+000  0.000000E+000  6.000000E-001  0.000000E+000 -7.914156E-001  0.000000E+000  6.112784E-001  0.000000E+000  1.000000E+000  0.000000E+000 -6.112784E-001  0.000000E+000 -7.914156E-001
  7.250000E+000  0.000000E+000  6.000000E-001  0.000000E+000 -8.180389E-001  0.000000E+000  5.751628E-001  0.000000E+000  1.000000E+000  0.000000E+000 -5.751628E-001  0.000000E+000 -8.180389E-001
  7.300000E+000  0.000000E+000  6.000000E-001  0.000000E+000 -8.430589E-001  0.000000E+000  5.378212E-001  0.000000E+000  1.000000E+000  0.000000E+000 -5.378212E-001  0.000000E+000 -8.430589E-001
  7.350000E+000  0.000000E+000  6.000000E-001  0.000000E+000 -8.664094E-001  0.000000E+000  4.993343E-001  0.000000E+000  1.000000E+000  0.000000E+000 -4.993343E-001  0.000000E+000 -8.664094E-001
  7.400000E+000  0.000000E+000  6.000000E-001  0.000000E+000 -8.880294E-001  0.000000E+000  4.597867E-001  0.000000E+000  1.000000E+000  0.000000E+000 -4.597867E-001  0.000000E+000 -8.880294E-001
  7.450000E+000  0.000000E+000  6.000000E-001  0.000000E+000 -9.078631E-001  0.000000E+000  4.192667E-001  0.000000E+000  1.000000E+000  0.000000E+000 -4.192667E-001  0.000000E+000 -9.078631E-001
  7.500000E+000  0.000000E+000  6.000000E-001  0.000000E+000 -9.258603E-001  0.000000E+000  3.778660E-001  0.000000E+000  1.000000E+000  0.000000E+000 -3.778660E-001  0.000000E+000 -9.258603E-001
  7.550000E+000  0.000000E+000  6.000000E-001  0.000000E+000 -9.419764E-001  0.000000E+000  3.356792E-001  0.000000E+000  1.000000E+000  0.000000E+000 -3.356792E-001  0.000000E+000 -9.419764E-001
  7.600000E+000  0.000000E+000  6.000000E-001  0.000000E+000 -9.561728E-001  0.000000E+000  2.928031E-001  0.000000E+000  1.000000E+000  0.000000E+000 -2.928031E-001  0.000000E+000 -9.561728E-001
  7.650000E+000  0.000000E+000  6.000000E-001  0.000000E+000 -9.684168E-001  0.000000E+000  2.493369E-001  0.000000E+000  1.000000E+000  0.000000E+000 -2.493369E-001  0.000000E+000 -9.684168E-001
  7.700000E+000  0.000000E+000  6.000000E-001  0.000000E+000 -9.786821E-001  0.000000E+000  2.053810E-001  0.000000E+000  1.000000E+000  0.000000E+000 -2.053810E-001  0.000000E+000 -9.786821E-001
  7.750000E+000  0.000000E+000  6.000000E-001  0.000000E+000 -9.869483E-001  0.000000E+000  1.610374E-001  0.000000E+000  1.000000E+000  0.000000E+000 -1.610374E-001  0.000000E+000 -9.869483E-001
  7.800000E+000  0.000000E+000  6.000000E-001  0.000000E+000 -9.932014E-001  0.000000E+000  1.164085E-001  0.000000E+000  1.000000E+000  0.000000E+000 -1.164085E-001  0.000000E+000 -9.932014E-001
  7.850000E+000  0.000000E+000  6.000000E-001  0.000000E+000 -9.974336E-001  0.000000E+000  7.159722E-002  0.000000E+000  1.000000E+000  0.000000E+000 -7.159722E-002  0.000000E+000 -9.974336E-001
  7.900000E+000  0.000000E+000  6.000000E-001  0.000000E+000 -9.996433E-001  0.000000E+000  2.670618E-002  0.000000E+000  1.000000E+000  0.000000E+000 -2.670618E-002  0.000000E+000 -9.996433E-001
  7.950000E+000  0.000000E+000  6.000000E-001  0.000000E+000 -9.998350E-001  0.000000E+000 -1.816247E-002  0.000000E+000  1.000000E+000  0.000000E+000  1.816247E-002  0.000000E+000 -9.998350E-001
  8.000000E+000  0.000000E+000  6.000000E-001  0.000000E+000 -9.980194E-001  0.000000E+000 -6.290755E-002  0.000000E+000  1.000000E+000  0.000000E+000  6.290755E-002  0.000000E+000 -9.980194E-001
  8.050000E+000  0.000000E+000  6.000000E-001  0.000000E+000 -9.942127E-001  0.000000E+000 -1.074292E-001  0.000000E+000  1.000000E+000  0.000000E+000  1.074292E-001  0.000000E+000 -9.942127E-001
  8.100000E+000  0.000000E+000  6.000000E-001  0.000000E+000 -9.884374E-001  0.000000E+000 -1.516295E-001  0.000000E+000  1.000000E+000  0.000000E+000  1.516295E-001  0.000000E+000 -9.884374E-001
  8.150000E+000  0.000000E+000  6.000000E-001  0.000000E+000 -9.807212E-001  0.000000E+000 -1.954124E-001  0.000000E+000  1.000000E+000  0.000000E+000  1.954124E-001  0.000000E+000 -9.807212E-001
  8.200000E+000  0.000000E+000  6.000000E-001  0.000000E+000 -9.710972E-001  0.000000E+000 -2.386844E-001  0.000000E+000  1.000000E+000  0.000000E+000  2.386844E-001  0.000000E+000 -9.710972E-001
  8.250000E+000  0.000000E+000  6.000000E-001  0.000000E+000 -9.596038E-001  0.000000E+000 -2.813548E-001  0.000000E+000  1.000000E+000  0.000000E+000  2.813548E-001  0.000000E+000 -9.596038E-001
  8.300000E+000  0.000000E+000  6.000000E-001  0.000000E+000 -9.462842E-001  0.000000E+000 -3.233361E-001  0.000000E+000  1.000000E+000  0.000000E+000  3.233361E-001  0.000000E+000 -9.462842E-001
  8.350000E+000  0.000000E+000  6.000000E-001  0.000000E+000 -9.311862E-001  0.000000E+000 -3.645440E-001  0.000000E+000  1.000000E+000  0.000000E+000  3.645440E-001  0.000000E+000 -9.311862E-001
  8.400000E+000  0.000000E+000  6.000000E-001  0.000000E+000 -9.143618E-001  0.000000E+000 -4.048980E-001  0.000000E+000  1.000000E+000  0.000000E+000  4.048980E-001  0.000000E+000 -9.143618E-001
  8.450000E+000  0.000000E+000  6.000000E-001  0.000000E+000 -8.958675E-001  0.000000E+000 -4.443214E-001  0.000000E+000  1.000000E+000  0.000000E+000  4.443214E-001  0.000000E+000 -8.958675E-001
  8.500000E+000  0.000000E+000  6.000000E-001  0.000000E+000 -8.757629E-001  0.000000E+000 -4.827414E-001  0.000000E+000  1.000000E+000  0.000000E+000  4.827414E-001  0.000000E+000 -8.757629E-001
  8.550000E+000  0.000000E+000  6.000000E-001  0.000000E+000 -8.541116E-001  0.000000E+000 -5.200898E-001  0.000000E+000  1.000000E+000  0.000000E+000  5.200898E-001  0.000000E+000 -8.541116E-001
  8.600000E+000  0.000000E+000  6.000000E-001  0.000000E+000 -8.309798E-001  0.000000E+000 -5.563025E-001  0.000000E+000  1.000000E+000  0.000000E+000  5.563025E-001  0.000000E+000 -8.309798E-001
  8.650000E+000  0.000000E+000  6.000000E-001  0.000000E+000 -8.064369E-001  0.000000E+000 -5.913202E-001  0.000000E+000  1.000000E+000  0.000000E+000  5.913202E-001  0.000000E+000 -8.064369E-001
  8.700000E+000  0.000000E+000  6.000000E-001  0.000000E+000 -7.805543E-001  0.000000E+000 -6.250879E-001  0.000000E+000  1.000000E+000  0.000000E+000  6.250879E-001  0.000000E+000 -7.805543E-001
  8.750000E+000  0.000000E+000  6.000000E-001  0.000000E+000 -7.534059E-001  0.000000E+000 -6.575557E-001  0.000000E+000  1.000000E+000  0.000000E+000  6.575557E-001  0.000000E+000 -7.534059E-001
  8.800000E+000  0.000000E+000  6.000000E-001  0.000000E+000 -7.250671E-001  0.000000E+000 -6.886782E-001  0.000000E+000  1.000000E+000  0.000000E+000  6.886782E-001  0.000000E+000 -7.250671E-001
  8.850000E+000  0.000000E+000  6.000000E-001  0.000000E+000 -6.956148E-001  0.000000E+000 -7.184150E-001  0.000000E+000  1.000000E+000  0.000000E+000  7.184150E-001  0.000000E+000 -6.956148E-001
  8.900000E+000  0.000000E+000  6.000000E-001  0.000000E+000 -6.651270E-001  0.000000E+000 -7.467302E-001  0.000000E+000  1.000000E+000  0.000000E+000  7.467302E-001  0.000000E+000 -6.651270E-001
  8.950000E+000  0.000000E+000  6.000000E-001  0.000000E+000 -6.336827E-001  0.000000E+000 -7.735931E-001  0.000000E+000  1.000000E+000  0.000000E+000  7.735931E-001  0.000000E+000 -6.336827E-001
  9.000000E+000  0.000000E+000  6.000000E-001  0.000000E+000 -6.013611E-001  0.000000E+000 -7.989774E-001  0.000000E+000  1.000000E+000  0.000000E+000  7.989774E-001  0.000000E+000 -6.013611E-001
  9.050000E+000  0.000000E+000  6.000000E-001  0.000000E+000 -5.682418E-001  0.000000E+000 -8.228616E-001  0.000000E+000  1.000000E+000  0.000000E+000  8.228616E-001  0.000000E+000 -5.682418E-001
  9.100000E+000  0.000000E+000  6.000000E-001  0.000000E+000 -5.344043E-001  0.000000E+000 -8.452290E-001  0.000000E+000  1.000000E+000  0.000000E+000  8.452290E-001  0.000000E+000 -5.344043E-001
  9.150000E+000  0.000000E+000  6.000000E-001  0.000000E+000 -4.999278E-001  0.000000E+000 -8.660671E-001  0.000000E+000  1.000000E+000  0.000000E+000  8.660671E-001  0.000000E+000 -4.999278E-001
  9.200000E+000  0.000000E+000  6.000000E-001  0.000000E+000 -4.648906E-001  0.000000E+000 -8.853681E-001  0.000000E+000  1.000000E+000  0.000000E+000  8.853681E-001  0.000000E+000 -4.648906E-001
  9.250000E+000  0.000000E+000  6.000000E-001  0.000000E+000 -4.293705E-001  0.000000E+000 -9.031284E-001  0.000000E+000  1.000000E+000  0.000000E+000  9.031284E-001  0.000000E+000 -4.293705E-001
  9.300000E+000  0.000000E+000  6.000000E-001  0.000000E+000 -3.934440E-001  0.000000E+000 -9.193486E-001  0.000000E+000  1.000000E+000  0.000000E+000  9.193486E-001  0.000000E+000 -3.934440E-001
  9.350000E+000  0.000000E+000  6.000000E-001  0.000000E+000 -3.571863E-001  0.000000E+000 -9.340332E-001  0.000000E+000  1.000000E+000  0.000000E+000  9.340332E-001  0.000000E+000 -3.571863E-001
  9.400000E+000  0.000000E+000  6.000000E-001  0.000000E+000 -3.206711E-001  0.000000E+000 -9.471906E-001  0.000000E+000  1.000000E+000  0.000000E+000  9.471906E-001  0.000000E+000 -3.206711E-001
  9.450000E+000  0.000000E+000  6.000000E-001  0.000000E+000 -2.839705E-001  0.000000E+000 -9.588330E-001  0.000000E+000  1.000000E+000  0.000000E+000  9.588330E-001  0.000000E+000 -2.839705E-001
  9.500000E+000  0.000000E+000  6.000000E-001  0.000000E+000 -2.471545E-001  0.000000E+000 -9.689761E-001  0.000000E+000  1.000000E+000  0.000000E+000  9.689761E-001  0.000000E+000 -2.471545E-001
  9.550000E+000  0.000000E+000  6.000000E-001  0.000000E+000 -2.102912E-001  0.000000E+000 -9.776388E-001  0.000000E+000  1.000000E+000  0.000000E+000  9.776388E-001  0.000000E+000 -2.102912E-001
  9.600000E+000  0.000000E+000  6.000000E-001  0.000000E+000 -1.734465E-001  0.000000E+000 -9.848433E-001  0.000000E+000  1.000000E+000  0.000000E+000  9.848433E-001  0.000000E+000 -1.734465E-001
  9.650000E+000  0.000000E+000  6.000000E-001  0.000000E+000 -1.366841E-001  0.000000E+000 -9.906147E-001  0.000000E+000  1.000000E+000  0.000000E+000  9.906147E-001  0.000000E+000 -1.366841E-001
  9.700000E+000  0.000000E+000  6.000000E-001  0.000000E+000 -1.000651E-001  0.000000E+000 -9.949809E-001  0.000000E+000  1.000000E+000  0.000000E+000  9.949809E-001  0.000000E+000 -1.000651E-001
  9.750000E+000  0.000000E+000  6.000000E-001  0.000000E+000 -6.364809E-002  0.000000E+000 -9.979724E-001  0.000000E+000  1.000000E+000  0.000000E+000  9.979724E-001  0.000000E+000 -6.364809E-002
  9.800000E+000  0.000000E+000  6.000000E-001  0.000000E+000 -2.748918E-002  0.000000E+000 -9.996221E-001  0.000000E+000  1.000000E+000  0.000000E+000  9.996221E-001  0.000000E+000 -2.748918E-002
  9.850000E+000  0.000000E+000  6.000000E-001  0.000000E+000  8.358268E-003  0.000000E+000 -9.999651E-001  0.000000E+000  1.000000E+000  0.000000E+000  9.999651E-001  0.000000E+000  8.358268E-003
  9.900000E+000  0.000000E+000  6.000000E-001  0.000000E+000  4.384361E-002  0.000000E+000 -9.990384E-001  0.000000E+000  1.000000E+000  0.000000E+000  9.990384E-001  0.000000E+000  4.384361E-002
  9.950000E+000  0.000000E+000  6.000000E-001  0.000000E+000  7.891898E-002  0.000000E+000 -9.968810E-001  0.000000E+000  1.000000E+000  0.000000E+000  9.968810E-001  0.000000E+000  7.891898E-002
