% FILE: robot_arm.6
%
%       t         P_No_Eo[1]     P_No_Eo[2]     P_No_Eo[3]      N_E[1,1]       N_E[1,2]       N_E[1,3]       N_E[2,1]       N_E[2,2]       N_E[2,3]       N_E[3,1]       N_E[3,2]       N_E[3,3]
%   (second)        (meter)        (meter)        (meter)       (NoUnits)      (NoUnits)      (NoUnits)      (NoUnits)      (NoUnits)      (NoUnits)      (NoUnits)      (NoUnits)      (NoUnits)

  0.000000E+000  1.949494E+000  4.000000E-001  0.000000E+000  1.000000E+000  0.000000E+000  0.000000E+000  0.000000E+000  1.000000E+000  0.000000E+000  0.000000E+000  0.000000E+000  1.000000E+000
  5.000000E-002  1.949494E+000  4.000000E-001 -3.019540E-009  1.000000E+000 -4.681868E-009 -1.775257E-017  4.681868E-009  1.000000E+000  7.548850E-009 -1.759015E-017 -7.548850E-009  1.000000E+000
  1.000000E-001  1.949494E+000  4.000000E-001 -5.335552E-008  1.000000E+000 -7.946279E-008 -5.256379E-015  7.946279E-008  1.000000E+000  1.333888E-007 -5.343067E-015 -1.333888E-007  1.000000E+000
  1.500000E-001  1.949494E+000  4.000000E-001 -2.926168E-007  1.000000E+000 -4.190212E-007 -1.512886E-013  4.190212E-007  1.000000E+000  7.315421E-007 -1.552430E-013 -7.315421E-007  1.000000E+000
  2.000000E-001  1.949493E+000  4.000000E-001 -9.948474E-007  1.000000E+000 -1.366644E-006 -1.669007E-012  1.366644E-006  1.000000E+000  2.487119E-006 -1.729997E-012 -2.487119E-006  1.000000E+000
  2.500000E-001  1.949493E+000  4.000000E-001 -2.598592E-006  1.000000E+000 -3.416253E-006 -1.083671E-011  3.416253E-006  1.000000E+000  6.496479E-006 -1.135690E-011 -6.496479E-006  1.000000E+000
  3.000000E-001  1.949491E+000  4.000000E-001 -5.738378E-006  1.000000E+000 -7.203072E-006 -5.015164E-011  7.203072E-006  1.000000E+000  1.434594E-005 -5.318323E-011 -1.434594E-005  1.000000E+000
  3.500000E-001  1.949489E+000  4.000000E-001 -1.127554E-005  1.000000E+000 -1.348526E-005 -1.833019E-010  1.348526E-005  1.000000E+000  2.818885E-005 -1.968321E-010 -2.818885E-005  1.000000E+000
  4.000000E-001  1.949485E+000  4.000000E-001 -2.032829E-005  1.000000E+000 -2.311918E-005 -5.626965E-010  2.311918E-005  1.000000E+000  5.082073E-005 -6.122369E-010 -5.082073E-005  1.000000E+000
  4.500000E-001  1.949479E+000  4.000000E-001 -3.430103E-005  1.000000E+000 -3.703098E-005 -1.509947E-009  3.703098E-005  1.000000E+000  8.575258E-005 -1.665555E-009 -8.575258E-005  1.000000E+000
  5.000000E-001  1.949471E+000  4.000000E-001 -5.491258E-005  1.000000E+000 -5.618723E-005 -3.640454E-009  5.618723E-005  1.000000E+000  1.372815E-004 -4.073011E-009 -1.372815E-004  1.000000E+000
  5.500000E-001  1.949461E+000  4.000000E-001 -8.422372E-005  1.000000E+000 -8.156678E-005 -8.043378E-009  8.156678E-005  1.000000E+000  2.105593E-004 -9.131266E-009 -2.105593E-004  1.000000E+000
  6.000000E-001  1.949448E+000  4.000000E-001 -1.246635E-004  1.000000E+000 -1.141358E-004 -1.652740E-008  1.141358E-004  9.999999E-001  3.116587E-004 -1.904403E-008 -3.116587E-004  1.000000E+000
  6.500000E-001  1.949432E+000  4.000000E-001 -1.790544E-004  1.000000E+000 -1.548276E-004 -3.194172E-008  1.548276E-004  9.999999E-001  4.476360E-004 -3.736472E-008 -4.476360E-004  9.999999E-001
  7.000000E-001  1.949412E+000  4.000000E-001 -2.506367E-004  1.000000E+000 -2.045276E-004 -5.858069E-008  2.045276E-004  9.999998E-001  6.265918E-004 -6.957466E-008 -6.265918E-004  9.999998E-001
  7.500000E-001  1.949388E+000  4.000000E-001 -3.430911E-004  1.000000E+000 -2.640645E-004 -1.026800E-007  2.640645E-004  9.999996E-001  8.577276E-004 -1.238154E-007 -8.577276E-004  9.999996E-001
  8.000000E-001  1.949360E+000  4.000000E-001 -4.605602E-004  9.999999E-001 -3.342069E-004 -1.730130E-007  3.342069E-004  9.999993E-001  1.151400E-003 -2.117930E-007 -1.151400E-003  9.999993E-001
  8.500000E-001  1.949328E+000  4.000000E-001 -6.076691E-004  9.999999E-001 -4.156658E-004 -2.815962E-007  4.156657E-004  9.999988E-001  1.519172E-003 -3.498721E-007 -1.519172E-003  9.999988E-001
  9.000000E-001  1.949290E+000  4.000000E-001 -7.895439E-004  9.999999E-001 -5.091011E-004 -4.445184E-007  5.091010E-004  9.999979E-001  1.973859E-003 -5.603760E-007 -1.973858E-003  9.999981E-001
  9.500000E-001  1.949248E+000  4.000000E-001 -1.011829E-003  9.999998E-001 -6.151322E-004 -6.829090E-007  6.151319E-004  9.999966E-001  2.529571E-003 -8.731136E-007 -2.529571E-003  9.999968E-001
  1.000000E+000  1.949200E+000  4.000000E-001 -1.280705E-003  9.999997E-001 -7.343511E-004 -1.024068E-006  7.343506E-004  9.999946E-001  3.201756E-003 -1.327150E-006 -3.201756E-003  9.999949E-001
  1.050000E+000  1.949147E+000  4.000000E-001 -1.602898E-003  9.999996E-001 -8.673376E-004 -1.502789E-006  8.673367E-004  9.999916E-001  4.007234E-003 -1.972848E-006 -4.007234E-003  9.999920E-001
  1.100000E+000  1.949088E+000  4.000000E-001 -1.985699E-003  9.999995E-001 -1.014675E-003 -2.162903E-006  1.014673E-003  9.999872E-001  4.964226E-003 -2.874202E-006 -4.964225E-003  9.999877E-001
  1.150000E+000  1.949023E+000  4.000000E-001 -2.436969E-003  9.999993E-001 -1.176967E-003 -3.059098E-006  1.176964E-003  9.999807E-001  6.092385E-003 -4.111498E-006 -6.092384E-003  9.999814E-001
  1.200000E+000  1.948952E+000  4.000000E-001 -2.965155E-003  9.999991E-001 -1.354853E-003 -4.259057E-006  1.354847E-003  9.999716E-001  7.412818E-003 -5.784343E-006 -7.412817E-003  9.999725E-001
  1.250000E+000  1.948874E+000  4.000000E-001 -3.579291E-003  9.999988E-001 -1.549023E-003 -5.845976E-006  1.549013E-003  9.999588E-001  8.948106E-003 -8.015088E-006 -8.948104E-003  9.999600E-001
  1.300000E+000  1.948790E+000  4.000000E-001 -4.289010E-003  9.999985E-001 -1.760235E-003 -7.921544E-006  1.760218E-003  9.999410E-001  1.072231E-002 -1.095271E-005 -1.072231E-002  9.999425E-001
  1.350000E+000  1.948698E+000  4.000000E-001 -5.104543E-003  9.999980E-001 -1.989326E-003 -1.060946E-005  1.989300E-003  9.999166E-001  1.276101E-002 -1.477723E-005 -1.276100E-002  9.999186E-001
  1.400000E+000  1.948599E+000  4.000000E-001 -6.036729E-003  9.999975E-001 -2.237232E-003 -1.405962E-005  2.237190E-003  9.998836E-001  1.509124E-002 -1.970463E-005 -1.509123E-002  9.998861E-001
  1.450000E+000  1.948492E+000  4.000000E-001 -7.097008E-003  9.999969E-001 -2.504999E-003 -1.845303E-005  2.504933E-003  9.998395E-001  1.774158E-002 -2.599256E-005 -1.774157E-002  9.998426E-001
  1.500000E+000  1.948376E+000  4.000000E-001 -8.297427E-003  9.999961E-001 -2.793801E-003 -2.400778E-005  2.793698E-003  9.997810E-001  2.074206E-002 -3.394667E-005 -2.074205E-002  9.997849E-001
  1.550000E+000  1.948252E+000  4.000000E-001 -9.650633E-003  9.999952E-001 -3.104959E-003 -3.098601E-005  3.104803E-003  9.997041E-001  2.412421E-002 -4.392786E-005 -2.412419E-002  9.997090E-001
  1.600000E+000  1.948118E+000  4.000000E-001 -1.116987E-002  9.999941E-001 -3.439962E-003 -3.970241E-005  3.439729E-003  9.996042E-001  2.792101E-002 -5.636051E-005 -2.792098E-002  9.996101E-001
  1.650000E+000  1.947974E+000  4.000000E-001 -1.286898E-002  9.999928E-001 -3.800490E-003 -5.053439E-005  3.800148E-003  9.994753E-001  3.216684E-002 -7.174186E-005 -3.216680E-002  9.994825E-001
  1.700000E+000  1.947818E+000  4.000000E-001 -1.476237E-002  9.999912E-001 -4.188443E-003 -6.393432E-005  4.187949E-003  9.993103E-001  3.689747E-002 -9.065272E-005 -3.689742E-002  9.993191E-001
  1.750000E+000  1.947651E+000  4.000000E-001 -1.686505E-002  9.999894E-001 -4.605974E-003 -8.044445E-005  4.605271E-003  9.991007E-001  4.215002E-002 -1.137698E-004 -4.214994E-002  9.991113E-001
  1.800000E+000  1.947471E+000  4.000000E-001 -1.919256E-002  9.999872E-001 -5.055524E-003 -1.007149E-004  5.054537E-003  9.988363E-001  4.796284E-002 -1.418796E-004 -4.796274E-002  9.988491E-001
  1.850000E+000  1.947277E+000  4.000000E-001 -2.176101E-002  9.999846E-001 -5.539868E-003 -1.255257E-004  5.538497E-003  9.985052E-001  5.437550E-002 -1.758950E-004 -5.437536E-002  9.985206E-001
  1.900000E+000  1.947068E+000  4.000000E-001 -2.458705E-002  9.999816E-001 -6.062155E-003 -1.558133E-004  6.060278E-003  9.980931E-001  6.142865E-002 -2.168738E-004 -6.142846E-002  9.981115E-001
  1.950000E+000  1.946842E+000  4.000000E-001 -2.768782E-002  9.999780E-001 -6.625969E-003 -1.927029E-004  6.623430E-003  9.975833E-001  6.916392E-002 -2.660407E-004 -6.916367E-002  9.976053E-001
  2.000000E+000  1.946597E+000  4.000000E-001 -3.108098E-002  9.999738E-001 -7.235377E-003 -2.375480E-004  7.231985E-003  9.969565E-001  7.762379E-002 -3.248124E-004 -7.762347E-002  9.969827E-001
  2.050000E+000  1.946333E+000  4.000000E-001 -3.478467E-002  9.999688E-001 -7.894998E-003 -2.919773E-004  7.890524E-003  9.961900E-001  8.685142E-002 -3.948270E-004 -8.685102E-002  9.962212E-001
  2.100000E+000  1.946045E+000  4.000000E-001 -3.881746E-002  9.999629E-001 -8.610065E-003 -3.579523E-004  8.604237E-003  9.952579E-001  9.689048E-002 -4.779785E-004 -9.688997E-002  9.952950E-001
  2.150000E+000  1.945733E+000  4.000000E-001 -4.319837E-002  9.999559E-001 -9.386493E-003 -4.378359E-004  9.379001E-003  9.941300E-001  1.077849E-001 -5.764564E-004 -1.077842E-001  9.941741E-001
  2.200000E+000  1.945393E+000  4.000000E-001 -4.794682E-002  9.999475E-001 -1.023095E-002 -5.344740E-004  1.022145E-002  9.927721E-001  1.195786E-001 -6.927919E-004 -1.195778E-001  9.928246E-001
  2.250000E+000  1.945022E+000  4.000000E-001 -5.308261E-002  9.999376E-001 -1.115094E-002 -6.512932E-004  1.113907E-002  9.911451E-001  1.323152E-001 -8.299119E-004 -1.323142E-001  9.912075E-001
  2.300000E+000  1.944617E+000  4.000000E-001 -5.862587E-002  9.999258E-001 -1.215484E-002 -7.924163E-004  1.214024E-002  9.892045E-001  1.460376E-001 -9.912013E-004 -1.460364E-001  9.892787E-001
  2.350000E+000  1.944172E+000  4.000000E-001 -6.459704E-002  9.999117E-001 -1.325201E-002 -9.627978E-004  1.323439E-002  9.869003E-001  1.607877E-001 -1.180575E-003 -1.607862E-001  9.869885E-001
  2.400000E+000  1.943685E+000  4.000000E-001 -7.101685E-002  9.998949E-001 -1.445284E-002 -1.168383E-003  1.443199E-002  9.841759E-001  1.766057E-001 -1.402560E-003 -1.766040E-001  9.842810E-001
  2.450000E+000  1.943149E+000  4.000000E-001 -7.790627E-002  9.998747E-001 -1.576878E-002 -1.416290E-003  1.574473E-002  9.809681E-001  1.935297E-001 -1.662392E-003 -1.935278E-001  9.810934E-001
  2.500000E+000  1.942560E+000  4.000000E-001 -8.528644E-002  9.998504E-001 -1.721241E-002 -1.715029E-003  1.718554E-002  9.772063E-001  2.115951E-001 -1.966124E-003 -2.115929E-001  9.773559E-001
  2.550000E+000  1.941909E+000  4.000000E-001 -9.317868E-002  9.998212E-001 -1.879745E-002 -2.074737E-003  1.876866E-002  9.728123E-001  2.308334E-001 -2.320749E-003 -2.308310E-001  9.729911E-001
  2.600000E+000  1.941191E+000  4.000000E-001 -1.016044E-001  9.997859E-001 -2.053876E-002 -2.507467E-003  2.050979E-002  9.676992E-001  2.512719E-001 -2.734341E-003 -2.512696E-001  9.679133E-001
  2.650000E+000  1.940398E+000  4.000000E-001 -1.105851E-001  9.997433E-001 -2.245233E-002 -3.027494E-003  2.242607E-002  9.617717E-001  2.729327E-001 -3.216215E-003 -2.729305E-001  9.620284E-001
  2.700000E+000  1.939520E+000  4.000000E-001 -1.201423E-001  9.996918E-001 -2.455515E-002 -3.651670E-003  2.453617E-002  9.549252E-001  2.958309E-001 -3.777100E-003 -2.958293E-001  9.552333E-001
  2.750000E+000  1.938549E+000  4.000000E-001 -1.302973E-001  9.996294E-001 -2.686517E-002 -4.399818E-003  2.686032E-002  9.470454E-001  3.199743E-001 -4.429337E-003 -3.199739E-001  9.474160E-001
  2.800000E+000  1.937473E+000  4.000000E-001 -1.410716E-001  9.995537E-001 -2.940108E-002 -5.295158E-003  2.942034E-002  9.380085E-001  3.453615E-001 -5.187098E-003 -3.453631E-001  9.384548E-001
  2.850000E+000  1.936280E+000  4.000000E-001 -1.524863E-001  9.994618E-001 -3.218209E-002 -6.364778E-003  3.223962E-002  9.276806E-001  3.719804E-001 -6.066623E-003 -3.719853E-001  9.282188E-001
  2.900000E+000  1.934959E+000  4.000000E-001 -1.645624E-001  9.993501E-001 -3.522756E-002 -7.640133E-003  3.534310E-002  9.159179E-001  3.998065E-001 -7.086475E-003 -3.998167E-001  9.165677E-001
  2.950000E+000  1.933494E+000  4.000000E-001 -1.773204E-001  9.992145E-001 -3.855665E-002 -9.157577E-003  3.875718E-002  9.025670E-001  4.288016E-001 -8.267824E-003 -4.288196E-001  9.033523E-001
  3.000000E+000  1.931871E+000  4.000000E-001 -1.907807E-001  9.990496E-001 -4.218768E-002 -1.095891E-002  4.250965E-002  8.874648E-001  4.589108E-001 -9.634736E-003 -4.589405E-001  8.884148E-001
  3.050000E+000  1.930074E+000  4.000000E-001 -2.049631E-001  9.988493E-001 -4.613755E-002 -1.309193E-002  4.662947E-002  8.704399E-001  4.900613E-001 -1.121449E-002 -4.901078E-001  8.715897E-001
  3.100000E+000  1.928084E+000  4.000000E-001 -2.198867E-001  9.986060E-001 -5.042084E-002 -1.561100E-002  5.114664E-002  8.513127E-001  5.221596E-001 -1.303788E-002 -5.222302E-001  8.527049E-001
  3.150000E+000  1.925882E+000  4.000000E-001 -2.355703E-001  9.983108E-001 -5.504886E-002 -1.857755E-002  5.609185E-002  8.298972E-001  5.550895E-001 -1.513958E-002 -5.551939E-001  8.315832E-001
  3.200000E+000  1.923447E+000  4.000000E-001 -2.520318E-001  9.979529E-001 -6.002842E-002 -2.206052E-002  6.149617E-002  8.060025E-001  5.887090E-001 -1.755843E-002 -5.888605E-001  8.080440E-001
  3.250000E+000  1.920756E+000  4.000000E-001 -2.692883E-001  9.975194E-001 -6.536048E-002 -2.613678E-002  6.739064E-002  7.794346E-001  6.228484E-001 -2.033776E-002 -6.230647E-001  7.819058E-001
  3.300000E+000  1.917786E+000  4.000000E-001 -2.873559E-001  9.969951E-001 -7.103851E-002 -3.089129E-002  7.380572E-002  7.499997E-001  6.573075E-001 -2.352569E-002 -6.576124E-001  7.529891E-001
  3.350000E+000  1.914511E+000  4.000000E-001 -3.062497E-001  9.963622E-001 -7.704666E-002 -3.641725E-002  8.077069E-002  7.175064E-001  6.918531E-001 -2.717536E-002 -6.922777E-001  7.211194E-001
  3.400000E+000  1.910903E+000  4.000000E-001 -3.259838E-001  9.955995E-001 -8.335766E-002 -4.281582E-002  8.831294E-002  6.817701E-001  7.262164E-001 -3.134515E-002 -7.268019E-001  6.861315E-001
  3.450000E+000  1.906932E+000  4.000000E-001 -3.465708E-001  9.946823E-001 -8.993052E-002 -5.019571E-002  9.645716E-002  6.426171E-001  7.600916E-001 -3.609881E-002 -7.608914E-001  6.478743E-001
  3.500000E+000  1.902568E+000  4.000000E-001 -3.680221E-001  9.935820E-001 -9.670803E-002 -5.867225E-002  1.052244E-001  5.998896E-001  7.931332E-001 -4.150548E-002 -7.942166E-001  6.062155E-001
  3.550000E+000  1.897778E+000  4.000000E-001 -3.903473E-001  9.922652E-001 -1.036140E-001 -6.836611E-002  1.146309E-001  5.534512E-001  8.249554E-001 -4.763960E-002 -8.264114E-001  5.610478E-001
  3.600000E+000  1.892525E+000  4.000000E-001 -4.135546E-001  9.906937E-001 -1.105503E-001 -7.940141E-002  1.246872E-001  5.031940E-001  8.551309E-001 -5.458071E-002 -8.570732E-001  5.122953E-001
  3.650000E+000  1.886775E+000  4.000000E-001 -4.376502E-001  9.888237E-001 -1.173944E-001 -9.190320E-002  1.353967E-001  4.490448E-001  8.831911E-001 -6.241300E-002 -8.857637E-001  4.599210E-001
  3.700000E+000  1.880486E+000  4.000000E-001 -4.626382E-001  9.866055E-001 -1.239956E-001 -1.059942E-001  1.467539E-001  3.909737E-001  9.086269E-001 -7.122477E-002 -9.120113E-001  4.039336E-001
  3.750000E+000  1.873620E+000  4.000000E-001 -4.885209E-001  9.839827E-001 -1.301731E-001 -1.217908E-001  1.587438E-001  3.290018E-001  9.308911E-001 -8.110753E-002 -9.353143E-001  3.443962E-001
  3.800000E+000  1.866132E+000  4.000000E-001 -5.152980E-001  9.808925E-001 -1.357129E-001 -1.393981E-001  1.713397E-001  2.632106E-001  9.494013E-001 -9.215493E-002 -9.551451E-001  2.814343E-001
  3.850000E+000  1.857979E+000  4.000000E-001 -5.429668E-001  9.772650E-001 -1.403661E-001 -1.589038E-001  1.845017E-001  1.937507E-001  9.635454E-001 -1.044614E-001 -9.709573E-001  2.152436E-001
  3.900000E+000  1.849114E+000  4.000000E-001 -5.715219E-001  9.730232E-001 -1.438472E-001 -1.803714E-001  1.981754E-001  1.208517E-001  9.726877E-001 -1.181202E-001 -9.821929E-001  1.460985E-001
  3.950000E+000  1.839488E+000  4.000000E-001 -6.009551E-001  9.680830E-001 -1.458342E-001 -2.038326E-001  2.122904E-001  4.483102E-002  9.761777E-001 -1.332221E-001 -9.882928E-001  7.435935E-002
  4.000000E+000  1.829052E+000  4.000000E-001 -6.312554E-001  9.623538E-001 -1.459685E-001 -2.292777E-001  2.267587E-001 -3.389713E-002  9.733609E-001 -1.498519E-001 -9.887083E-001  4.785826E-004
  4.050000E+000  1.817755E+000  4.000000E-001 -6.624082E-001  9.557392E-001 -1.438579E-001 -2.566467E-001  2.414736E-001 -1.148135E-001  9.635914E-001 -1.680867E-001 -9.829155E-001 -7.499386E-002
  4.100000E+000  1.805542E+000  4.000000E-001 -6.943959E-001  9.481374E-001 -1.390803E-001 -2.858182E-001  2.563088E-001 -1.972868E-001  9.462472E-001 -1.879925E-001 -9.704301E-001 -1.514075E-001
  4.150000E+000  1.792361E+000  4.000000E-001 -7.271972E-001  9.394435E-001 -1.311904E-001 -3.165990E-001  2.711178E-001 -2.805688E-001  9.207477E-001 -2.096210E-001 -9.508261E-001 -2.280105E-001
  4.200000E+000  1.778154E+000  4.000000E-001 -7.607869E-001  9.295507E-001 -1.197277E-001 -3.487131E-001  2.857338E-001 -3.637907E-001  8.865735E-001 -2.330060E-001 -9.237541E-001 -3.039516E-001
  4.250000E+000  1.762865E+000  4.000000E-001 -7.951362E-001  9.183527E-001 -1.042288E-001 -3.817913E-001  2.999697E-001 -4.459629E-001  8.432884E-001 -2.581597E-001 -8.889620E-001 -3.782858E-001
  4.300000E+000  1.746438E+000  4.000000E-001 -8.302120E-001  9.057473E-001 -8.424162E-002 -4.153615E-001  3.136196E-001 -5.259784E-001  7.905627E-001 -2.850695E-001 -8.463156E-001 -4.499837E-001
  4.350000E+000  1.728813E+000  4.000000E-001 -8.659770E-001  8.916389E-001 -5.934293E-002 -4.488413E-001  3.264603E-001 -6.026191E-001  7.281991E-001 -3.136938E-001 -7.958195E-001 -5.179455E-001
  4.400000E+000  1.709932E+000  4.000000E-001 -9.023898E-001  8.759431E-001 -2.915950E-002 -4.815323E-001  3.382538E-001 -6.745676E-001  6.561577E-001 -3.439593E-001 -7.376370E-001 -5.810195E-001
  4.450000E+000  1.689736E+000  4.000000E-001 -9.394040E-001  8.585912E-001  6.608144E-003 -5.126182E-001  3.487510E-001 -7.404236E-001  5.745830E-001 -3.757577E-001 -6.721081E-001 -6.380258E-001
  4.500000E+000  1.668168E+000  4.000000E-001 -9.769688E-001  8.395347E-001  4.815913E-002 -5.411674E-001  3.576961E-001 -7.987261E-001  4.838286E-001 -4.089438E-001 -5.997644E-001 -6.877846E-001
  4.550000E+000  1.645168E+000  4.000000E-001 -1.015029E+000  8.187507E-001  9.556356E-002 -5.661403E-001  3.648318E-001 -8.479812E-001  3.844810E-001 -4.433340E-001 -5.213401E-001 -7.291498E-001
  4.600000E+000  1.620680E+000  4.000000E-001 -1.053523E+000  7.962473E-001  1.487325E-001 -5.864033E-001  3.699063E-001 -8.866960E-001  2.773797E-001 -4.787061E-001 -4.377771E-001 -7.610464E-001
  4.650000E+000  1.594647E+000  4.000000E-001 -1.092387E+000  7.720686E-001  2.073881E-001 -6.007497E-001  3.726804E-001 -9.134186E-001  1.636333E-001 -5.148003E-001 -3.502237E-001 -7.825113E-001
  4.700000E+000  1.567014E+000  4.000000E-001 -1.131549E+000  7.462996E-001  2.710346E-001 -6.079286E-001  3.729359E-001 -9.267832E-001  4.462946E-002 -5.513219E-001 -2.600253E-001 -7.927364E-001
  4.750000E+000  1.537730E+000  4.000000E-001 -1.170935E+000  7.190701E-001  3.389327E-001 -6.066818E-001  3.704848E-001 -9.255608E-001 -7.796229E-002 -5.879449E-001 -1.687061E-001 -7.911125E-001
  4.800000E+000  1.506743E+000  4.000000E-001 -1.210464E+000  6.905581E-001  4.100789E-001 -5.957893E-001  3.651791E-001 -9.087137E-001 -2.021972E-001 -6.243186E-001 -7.794092E-002 -7.772718E-001
  4.850000E+000  1.474005E+000  4.000000E-001 -1.250050E+000  6.609911E-001  4.831921E-001 -5.741221E-001  3.569204E-001 -8.754516E-001 -3.258716E-001 -6.600747E-001  1.048235E-002 -7.511268E-001
  4.900000E+000  1.439473E+000  4.000000E-001 -1.289603E+000  6.306459E-001  5.567096E-001 -5.407034E-001  3.456696E-001 -8.252904E-001 -4.465515E-001 -6.948368E-001  9.471115E-002 -7.129036E-001
  4.950000E+000  1.403104E+000  4.000000E-001 -1.329029E+000  5.998463E-001  6.287953E-001 -4.947736E-001  3.314569E-001 -7.581076E-001 -5.616131E-001 -7.282313E-001  1.728853E-001 -6.631666E-001
  5.000000E+000  1.364861E+000  4.000000E-001 -1.368226E+000  5.689574E-001  6.973619E-001 -4.358600E-001  3.143894E-001 -6.741951E-001 -6.682966E-001 -7.598992E-001  2.432025E-001 -6.028314E-001
  5.050000E+000  1.324712E+000  4.000000E-001 -1.407091E+000  5.383783E-001  7.601083E-001 -3.638463E-001  2.946583E-001 -5.743049E-001 -7.637738E-001 -7.895095E-001  3.039889E-001 -5.331655E-001
  5.100000E+000  1.282629E+000  4.000000E-001 -1.445514E+000  5.085309E-001  8.145758E-001 -2.790386E-001  2.725439E-001 -4.596848E-001 -8.452276E-001 -8.167718E-001  3.537741E-001 -4.557716E-001
  5.150000E+000  1.238589E+000  4.000000E-001 -1.483383E+000  4.798455E-001  8.582205E-001 -1.822247E-001  2.484176E-001 -3.321015E-001 -9.099436E-001 -8.414493E-001  3.913645E-001 -3.725545E-001
  5.200000E+000  1.192576E+000  4.000000E-001 -1.520580E+000  4.527441E-001  8.885041E-001 -7.472078E-002  2.227416E-001 -1.938471E-001 -9.554106E-001 -8.633707E-001  4.159131E-001 -2.856700E-001
  5.250000E+000  1.144578E+000  4.000000E-001 -1.556986E+000  4.276208E-001  9.030005E-001  4.159895E-002  1.960641E-001 -4.772741E-002 -9.794289E-001 -8.824394E-001  4.269803E-001 -1.974552E-001
  5.300000E+000  1.094591E+000  4.000000E-001 -1.592476E+000  4.048205E-001  8.995153E-001  1.642941E-001  1.690113E-001  1.029723E-001 -9.802203E-001 -8.986409E-001  4.245809E-001 -1.103430E-001
  5.350000E+000  1.042619E+000  4.000000E-001 -1.626924E+000  3.846160E-001  8.762145E-001  2.903767E-001  1.422752E-001  2.545439E-001 -9.565381E-001 -9.120462E-001  4.092133E-001 -2.676195E-002
  5.400000E+000  9.886705E-001  4.000000E-001 -1.660201E+000  3.671856E-001  8.317567E-001  4.163598E-001  1.165965E-001  4.029380E-001 -9.077699E-001 -9.228109E-001  3.818661E-001  5.097310E-002
  5.450000E+000  9.327641E-001  4.000000E-001 -1.692176E+000  3.525917E-001  7.654214E-001  5.383392E-001  9.274418E-002  5.438698E-001 -8.340289E-001 -9.311700E-001  3.439995E-001  1.207756E-001
  5.500000E+000  8.749255E-001  4.000000E-001 -1.722716E+000  3.407622E-001  6.772267E-001  6.521082E-001  7.149066E-002  6.729479E-001 -7.362270E-001 -9.374274E-001  2.974980E-001  1.808999E-001
  5.550000E+000  8.151885E-001  4.000000E-001 -1.751689E+000  3.314759E-001  5.680261E-001  7.533061E-001  5.358406E-002  7.858240E-001 -6.161245E-001 -9.419408E-001  2.445956E-001  2.300446E-001
  5.600000E+000  7.535956E-001  4.000000E-001 -1.778959E+000  3.243538E-001  4.395774E-001  8.375956E-001  3.971796E-002  8.783580E-001 -4.763504E-001 -9.451016E-001  1.877736E-001  2.674396E-001
  5.650000E+000  6.901981E-001  4.000000E-001 -1.804395E+000  3.188576E-001  2.945733E-001  9.008643E-001  3.049998E-002  9.467954E-001 -3.203877E-001 -9.473118E-001  1.296344E-001  2.929084E-001
  5.700000E+000  6.250560E-001  4.000000E-001 -1.827862E+000  3.142966E-001  1.366282E-001  9.394415E-001  2.642031E-002  9.879469E-001 -1.525217E-001 -9.489571E-001  7.275739E-002  3.068986E-001
  5.750000E+000  5.582384E-001  4.000000E-001 -1.849230E+000  3.098437E-001 -2.978707E-002  9.503208E-001  2.782190E-002  9.993652E-001  2.225324E-002 -9.503804E-001  1.954470E-002  3.104757E-001
  5.800000E+000  4.898235E-001  4.000000E-001 -1.868370E+000  3.045606E-001 -1.994632E-001  9.313738E-001  3.487381E-002  9.795071E-001  1.983677E-001 -9.518543E-001 -2.793443E-002  3.052753E-001
  5.850000E+000  4.198986E-001  4.000000E-001 -1.885154E+000  2.974332E-001 -3.666256E-001  8.815436E-001  4.754948E-002  9.278737E-001  3.698506E-001 -9.535578E-001 -6.808892E-002  2.934133E-001
  5.900000E+000  3.485601E-001  4.000000E-001 -1.899461E+000  2.874144E-001 -5.251575E-001  8.010010E-001  6.561151E-002  8.451175E-001  5.305388E-001 -9.555564E-001 -9.992964E-002  2.773553E-001
  5.950000E+000  2.759131E-001  4.000000E-001 -1.911170E+000  2.734744E-001 -6.688676E-001  6.912510E-001  8.860452E-002  7.331083E-001  6.743155E-001 -9.577896E-001 -1.231601E-001  2.597510E-001
  6.000000E+000  2.020719E-001  4.000000E-001 -1.920169E+000  2.546552E-001 -7.917890E-001  5.551765E-001  1.158573E-001  5.949490E-001  7.953696E-001 -9.600666E-001 -1.382237E-001  2.432414E-001
  6.050000E+000  1.271593E-001  4.000000E-001 -1.926349E+000  2.301269E-001 -8.884966E-001  3.970080E-001  1.464951E-001  4.349369E-001  8.884644E-001 -9.620711E-001 -1.462999E-001  2.302511E-001
  6.100000E+000  5.130645E-002  4.000000E-001 -1.929607E+000  1.992426E-001 -9.544227E-001  2.222154E-001  1.794627E-001  2.584646E-001  9.492045E-001 -9.633772E-001 -1.492426E-001  2.227804E-001
  6.150000E+000 -2.534754E-002  4.000000E-001 -1.929849E+000  1.615870E-001 -9.861526E-001  3.731816E-002  2.135574E-001  7.186168E-002  9.742839E-001 -9.634744E-001 -1.494620E-001  2.222121E-001
  6.200000E+000 -1.026558E-001  4.000000E-001 -1.926988E+000  1.170173E-001 -9.816785E-001 -1.503805E-001  2.474728E-001 -1.178217E-001  9.617044E-001 -9.618026E-001 -1.497512E-001  2.291515E-001
  6.250000E+000 -1.804644E-001  4.000000E-001 -1.920943E+000  6.569075E-002 -9.405910E-001 -3.331264E-001  2.798497E-001 -3.030829E-001  9.109473E-001 -9.577938E-001 -1.530661E-001  2.433144E-001
  6.300000E+000 -2.586124E-001  4.000000E-001 -1.911645E+000  8.076834E-003 -8.641917E-001 -5.030978E-001  3.093347E-001 -4.762772E-001  8.230870E-001 -9.509189E-001 -1.622735E-001  2.634776E-001
  6.350000E+000 -3.369330E-001  4.000000E-001 -1.899033E+000 -5.504749E-002 -7.555109E-001 -6.528193E-001  3.346416E-001 -6.299572E-001  7.008345E-001 -9.407363E-001 -1.798813E-001  2.875029E-001
  6.400000E+000 -4.152538E-001  4.000000E-001 -1.883056E+000 -1.226216E-001 -6.192235E-001 -7.755812E-001  3.546149E-001 -7.572266E-001  5.485035E-001 -9.269370E-001 -2.077743E-001  3.124382E-001
  6.450000E+000 -4.933974E-001  4.000000E-001 -1.863673E+000 -1.933430E-001 -4.614610E-001 -8.658362E-001  3.682898E-001 -8.520897E-001  3.718947E-001 -9.093850E-001 -2.469754E-001  3.346970E-001
  6.500000E+000 -5.711823E-001  4.000000E-001 -1.840854E+000 -2.657263E-001 -2.895242E-001 -9.195462E-001  3.749474E-001 -9.097777E-001  1.780980E-001 -8.881464E-001 -2.974562E-001  3.503083E-001
  6.550000E+000 -6.484237E-001  4.000000E-001 -1.814583E+000 -3.381757E-001 -1.115111E-001 -9.344530E-001  3.741604E-001 -9.270328E-001 -2.478188E-002 -8.635052E-001 -3.580160E-001  3.552230E-001
  6.600000E+000 -7.249338E-001  4.000000E-001 -1.784851E+000 -4.090671E-001  6.412089E-002 -9.102487E-001  3.658265E-001 -9.023317E-001 -2.279661E-001 -8.359636E-001 -4.262465E-001  3.456571E-001
  6.650000E+000 -8.005233E-001  4.000000E-001 -1.751665E+000 -4.768357E-001  2.290302E-001 -8.486300E-001  3.501871E-001 -8.360324E-001 -4.223965E-001 -8.062237E-001 -4.985930E-001  3.184467E-001
  6.700000E+000 -8.750018E-001  4.000000E-001 -1.715042E+000 -5.400614E-001  3.754741E-001 -7.532283E-001  3.278295E-001 -7.304324E-001 -5.991630E-001 -7.751526E-001 -5.705153E-001  2.713869E-001
  6.750000E+000 -9.481787E-001  4.000000E-001 -1.675011E+000 -5.975477E-001  4.967660E-001 -6.294126E-001  2.996712E-001 -5.897283E-001 -7.499451E-001 -7.437297E-001 -6.367448E-001  2.035243E-001
  6.800000E+000 -1.019864E+000  4.000000E-001 -1.631615E+000 -6.483877E-001  5.876730E-001 -4.839771E-001  2.669261E-001 -4.198765E-001 -8.674412E-001 -7.129823E-001 -6.916243E-001  1.153775E-001
  6.850000E+000 -1.089870E+000  4.000000E-001 -1.584909E+000 -6.920120E-001  6.447243E-001 -3.247306E-001  2.310540E-001 -2.283551E-001 -9.457632E-001 -6.839104E-001 -7.295098E-001  9.058323E-003
  6.900000E+000 -1.158011E+000  4.000000E-001 -1.534958E+000 -7.282146E-001  6.664073E-001 -1.600150E-001  1.936960E-001 -2.383822E-002 -9.807719E-001 -6.574081E-001 -7.452067E-001 -1.117211E-001
  6.950000E+000 -1.224104E+000  4.000000E-001 -1.481842E+000 -7.571553E-001  6.532324E-001  1.814640E-003  1.565966E-001  1.842051E-001 -9.703329E-001 -6.341871E-001 -7.344086E-001 -2.417658E-001
  7.000000E+000 -1.287972E+000  4.000000E-001 -1.425651E+000 -7.793372E-001  6.076612E-001  1.529099E-001  1.215194E-001  3.859663E-001 -9.144742E-001 -6.147086E-001 -6.941022E-001 -3.746405E-001
  7.050000E+000 -1.349442E+000  4.000000E-001 -1.366487E+000 -7.955602E-001  5.339024E-001  2.864126E-001  9.015814E-002  5.717844E-001 -8.154349E-001 -5.991289E-001 -6.229052E-001 -5.030245E-001
  7.100000E+000 -1.408347E+000  4.000000E-001 -1.304465E+000 -8.068561E-001  4.375871E-001  3.968636E-001  6.404978E-002  7.326381E-001 -6.775980E-001 -5.872656E-001 -5.213051E-001 -6.191608E-001
  7.150000E+000 -1.464527E+000  4.000000E-001 -1.239707E+000 -8.144067E-001  3.253499E-001  4.805092E-001  4.449330E-002  8.606160E-001 -5.073070E-001 -5.785862E-001 -3.917748E-001 -7.153674E-001
  7.200000E+000 -1.517829E+000  4.000000E-001 -1.172350E+000 -8.194547E-001  2.043455E-001  5.354783E-001  3.247982E-002  9.493376E-001 -3.125750E-001 -5.722230E-001 -2.387488E-001 -7.845762E-001
  7.250000E+000 -1.568110E+000  4.000000E-001 -1.102538E+000 -8.232109E-001  8.173930E-002  5.618208E-001  2.863769E-002  9.943001E-001 -1.026992E-001 -5.670130E-001 -6.845385E-002 -8.208595E-001
  7.300000E+000 -1.615235E+000  4.000000E-001 -1.030423E+000 -8.267678E-001 -3.578939E-002  5.614037E-001  3.319607E-002  9.931311E-001  1.121991E-001 -5.615630E-001  1.113990E-001 -8.199008E-001
  7.350000E+000 -1.659077E+000  4.000000E-001 -9.561690E-001 -8.310244E-001 -1.424930E-001  5.376748E-001  4.596936E-002  9.457304E-001  3.216844E-001 -5.543332E-001  2.920442E-001 -7.793747E-001
  7.400000E+000 -1.699521E+000  4.000000E-001 -8.799451E-001 -8.366281E-001 -2.339157E-001  4.953149E-001  6.636353E-002  8.542925E-001  5.155387E-001 -5.437364E-001  4.641850E-001 -6.992017E-001
  7.450000E+000 -1.736463E+000  4.000000E-001 -8.019284E-001 -8.439392E-001 -3.071413E-001  4.398077E-001  9.340436E-002  7.232069E-001  6.842861E-001 -5.282444E-001  6.185758E-001 -5.816543E-001
  7.500000E+000 -1.769810E+000  4.000000E-001 -7.223022E-001 -8.530193E-001 -3.609108E-001  3.769635E-001  1.257860E-001  5.588405E-001  8.196799E-001 -5.064939E-001  7.466195E-001 -4.313042E-001
  7.550000E+000 -1.799479E+000  4.000000E-001 -6.412554E-001 -8.636437E-001 -3.956043E-001  3.124367E-001  1.619372E-001  3.692151E-001  9.151265E-001 -4.773843E-001  8.409384E-001 -2.548072E-001
  7.600000E+000 -1.825400E+000  4.000000E-001 -5.589814E-001 -8.753384E-001 -4.130901E-001  2.512752E-001  2.001020E-001  1.635962E-001  9.660204E-001 -4.401611E-001  8.958755E-001 -6.054189E-002
  7.650000E+000 -1.847516E+000  4.000000E-001 -4.756772E-001 -8.874346E-001 -4.164589E-001  1.975395E-001  2.384296E-001 -4.798207E-002  9.699737E-001 -3.944759E-001  9.078875E-001  1.418771E-001
  7.700000E+000 -1.865781E+000  4.000000E-001 -3.915429E-001 -8.991388E-001 -4.096674E-001  1.540195E-001  2.750686E-001 -2.552312E-001  9.269273E-001 -3.404214E-001  8.758023E-001  3.421750E-001
  7.750000E+000 -1.880162E+000  4.000000E-001 -3.067805E-001 -9.096110E-001 -3.971226E-001  1.220716E-001  3.082615E-001 -4.481315E-001  8.391382E-001 -2.785366E-001  8.009194E-001  5.300430E-001
  7.800000E+000 -1.890640E+000  4.000000E-001 -2.215931E-001 -9.180437E-001 -3.832447E-001  1.015835E-001  3.364323E-001 -6.174359E-001  7.110459E-001 -2.097832E-001  6.869472E-001  6.957690E-001
  7.850000E+000 -1.897205E+000  4.000000E-001 -1.361841E-001 -9.237362E-001 -3.720453E-001  9.106962E-002  3.582639E-001 -7.551277E-001  5.490257E-001 -1.354933E-001  5.397818E-001  8.308292E-001
  7.900000E+000 -1.899862E+000  4.000000E-001 -5.075615E-002 -9.261568E-001 -3.667564E-001  8.788188E-002  3.727612E-001 -8.548071E-001  3.610455E-001 -5.729368E-002  3.671437E-001  9.283980E-001
  7.950000E+000 -1.898628E+000  4.000000E-001  3.448947E-002 -9.249897E-001 -3.695386E-001  8.851706E-002  3.792962E-001 -9.119878E-001  1.562455E-001  2.298773E-002  1.780997E-001  9.837439E-001
  8.000000E+000 -1.893532E+000  4.000000E-001  1.193539E-001 -9.201608E-001 -3.812934E-001  8.899091E-002  3.776330E-001 -9.242885E-001 -5.553424E-002  1.034281E-001 -1.749454E-002  9.944831E-001
  8.050000E+000 -1.884615E+000  4.000000E-001  2.036413E-001 -9.118433E-001 -4.015905E-001  8.524612E-002  3.679326E-001 -8.915135E-001 -2.642522E-001  1.821193E-001 -2.095918E-001  9.606788E-001
  8.100000E+000 -1.871928E+000  4.000000E-001  2.871598E-001 -9.004407E-001 -4.287139E-001  7.355885E-002  3.507374E-001 -8.156189E-001 -4.601620E-001  2.572739E-001 -3.885488E-001  8.847825E-001
  8.150000E+000 -1.855534E+000  4.000000E-001  3.697221E-001 -8.865514E-001 -4.598203E-001  5.090980E-002  3.269363E-001 -7.005714E-001 -6.342810E-001  3.273213E-001 -5.456785E-001  7.714245E-001
  8.200000E+000 -1.835508E+000  4.000000E-001  4.511464E-001 -8.709168E-001 -4.911926E-001  1.529015E-002  2.977139E-001 -5.521095E-001 -7.788078E-001  3.909865E-001 -6.737247E-001  6.270763E-001
  8.250000E+000 -1.811933E+000  4.000000E-001  5.312568E-001 -8.543577E-001 -5.185666E-001 -3.408144E-002  2.644861E-001 -3.774241E-001 -8.874673E-001  4.473478E-001 -7.672286E-001  4.596089E-001
  8.300000E+000 -1.784902E+000  4.000000E-001  6.098838E-001 -8.377058E-001 -5.375021E-001 -9.664610E-002  2.288264E-001 -1.847765E-001 -9.557699E-001  4.958704E-001 -8.227692E-001  2.777830E-001
  8.350000E+000 -1.754519E+000  4.000000E-001  6.868652E-001 -8.217338E-001 -5.437668E-001 -1.705029E-001  1.923871E-001  1.692247E-002 -9.811732E-001  5.364147E-001 -8.390658E-001  9.070795E-002
  8.400000E+000 -1.720894E+000  4.000000E-001  7.620467E-001 -8.070915E-001 -5.337034E-001 -2.525155E-001  1.568196E-001  2.185495E-001 -9.631426E-001  5.692196E-001 -8.169436E-001 -9.269430E-002
  8.450000E+000 -1.684145E+000  4.000000E-001  8.352817E-001 -7.942514E-001 -5.045511E-001 -3.385159E-001  1.236974E-001  4.111999E-001 -9.031133E-001  5.948645E-001 -7.591725E-001 -2.641844E-001
  8.500000E+000 -1.644400E+000  4.000000E-001  9.064325E-001 -7.834689E-001 -4.546971E-001 -4.235882E-001  9.444655E-002  5.865898E-001 -8.043583E-001  6.142119E-001 -6.701962E-001 -4.166303E-001
  8.550000E+000 -1.601790E+000  4.000000E-001  9.753700E-001 -7.747590E-001 -3.838429E-001 -5.024074E-001  7.028547E-002  7.374128E-001 -6.717755E-001  6.283379E-001 -5.557761E-001 -5.443386E-001
  8.600000E+000 -1.556455E+000  4.000000E-001  1.041974E+000 -7.678899E-001 -2.930728E-001 -5.696081E-001  5.217784E-002  8.576334E-001 -5.116077E-001  6.384532E-001 -4.225793E-001 -6.432761E-001
  8.650000E+000 -1.508537E+000  4.000000E-001  1.106135E+000 -7.623964E-001 -1.848245E-001 -6.201545E-001  4.079907E-002  9.427089E-001 -3.311123E-001  6.458228E-001 -2.777406E-001 -7.111772E-001
  8.700000E+000 -1.458185E+000  4.000000E-001  1.167752E+000 -7.576076E-001 -6.276546E-002 -6.496855E-001  3.651790E-002  9.897307E-001 -1.382009E-001  6.516879E-001 -1.284272E-001 -7.475355E-001
  8.750000E+000 -1.405552E+000  4.000000E-001  1.226734E+000 -7.526897E-001  6.841270E-002 -6.548114E-001  3.939294E-002  9.974844E-001  5.893291E-002  6.571959E-001  1.856325E-002 -7.534912E-001
  8.800000E+000 -1.350791E+000  4.000000E-001  1.282999E+000 -7.466989E-001  2.032652E-001 -6.333436E-001  4.918329E-002  9.664297E-001  2.521797E-001  6.633414E-001  1.571524E-001 -7.316292E-001
  8.850000E+000 -1.294061E+000  4.000000E-001  1.336477E+000 -7.386407E-001  3.359097E-001 -5.844438E-001  6.537210E-002  8.986075E-001  4.338560E-001  6.709220E-001  2.822574E-001 -6.857072E-001
  8.900000E+000 -1.235521E+000  4.000000E-001  1.387105E+000 -7.275317E-001  4.603643E-001 -5.086869E-001  8.720087E-002  7.974814E-001  5.970087E-001  6.805098E-001  3.899848E-001 -6.203372E-001
  8.950000E+000 -1.175332E+000  4.000000E-001  1.434833E+000 -7.124591E-001  5.708845E-001 -4.080355E-001  1.137124E-001  6.677269E-001  7.356700E-001  6.924388E-001  4.777360E-001 -5.406447E-001
  9.000000E+000 -1.113655E+000  4.000000E-001  1.479618E+000 -6.926352E-001  6.622788E-001 -2.857328E-001  1.437999E-001  5.149804E-001  8.450543E-001  7.068083E-001  5.442261E-001 -4.519292E-001
  9.050000E+000 -1.050650E+000  4.000000E-001  1.521428E+000 -6.674432E-001  7.301831E-001 -1.461239E-001  1.762589E-001  3.455630E-001  9.216936E-001  7.235001E-001  5.894224E-001 -3.593450E-001
  9.100000E+000 -9.864777E-001  4.000000E-001  1.560241E+000 -6.364712E-001  7.712802E-001  5.580415E-003  2.098410E-001  1.661925E-001  9.635075E-001  7.422069E-001  6.144158E-001 -2.676230E-001
  9.150000E+000 -9.212978E-001  4.000000E-001  1.596042E+000 -5.995349E-001  7.834536E-001  1.635798E-001  2.433050E-001 -1.630215E-002  9.698128E-001  7.624701E-001  6.212364E-001 -1.808445E-001
  9.200000E+000 -8.552670E-001  4.000000E-001  1.628826E+000 -5.566855E-001  7.658703E-001  3.217825E-001  2.754646E-001 -1.952526E-001  9.412734E-001  7.837222E-001  6.126330E-001 -1.022759E-001
  9.250000E+000 -7.885404E-001  4.000000E-001  1.658599E+000 -5.082066E-001  7.189917E-001  4.741066E-001  3.052314E-001 -3.643971E-001  8.798003E-001  8.053322E-001  5.918325E-001 -3.426987E-002
  9.300000E+000 -7.212702E-001  4.000000E-001  1.685370E+000 -4.545971E-001  6.445173E-001  6.147673E-001  3.316498E-001 -5.180938E-001  7.884080E-001  8.266498E-001  5.622955E-001  2.176990E-002
  9.350000E+000 -6.536055E-001  4.000000E-001  1.709162E+000 -3.965458E-001  5.452672E-001  7.385358E-001  3.539250E-001 -6.514941E-001  6.710384E-001  8.470469E-001  5.274838E-001  6.536357E-002
  9.400000E+000 -5.856915E-001  4.000000E-001  1.730001E+000 -3.348961E-001  4.250148E-001  8.409560E-001  3.714424E-001 -7.606727E-001  5.323604E-001  8.659533E-001  4.906522E-001  9.687781E-002
  9.450000E+000 -5.176697E-001  4.000000E-001  1.747924E+000 -2.706061E-001  2.882821E-001  9.185128E-001  3.837788E-001 -8.427122E-001  3.775578E-001  8.828851E-001  4.546752E-001  1.174065E-001
  9.500000E+000 -4.496771E-001  4.000000E-001  1.762972E+000 -2.047049E-001  1.401110E-001  9.687439E-001  3.907053E-001 -8.957441E-001  2.121127E-001  8.974660E-001  4.219139E-001  1.286210E-001
  9.550000E+000 -3.818461E-001  4.000000E-001  1.775194E+000 -1.382484E-001 -1.417592E-002  9.902961E-001  3.921831E-001 -9.189463E-001  4.159539E-002  9.094393E-001  3.941279E-001  1.326024E-001
  9.600000E+000 -3.143042E-001  4.000000E-001  1.784644E+000 -7.227656E-002 -1.692125E-001  9.829259E-001  3.883520E-001 -9.125032E-001 -1.285328E-001  9.186723E-001  3.724313E-001  1.316666E-001
  9.650000E+000 -2.471736E-001  4.000000E-001  1.791384E+000 -7.774267E-003 -3.198110E-001  9.474495E-001  3.795143E-001 -8.775325E-001 -2.930965E-001  9.251532E-001  3.572920E-001  1.281950E-001
  9.700000E+000 -1.805711E-001  4.000000E-001  1.795479E+000  5.436287E-002 -4.611610E-001  8.856496E-001  3.661134E-001 -8.159846E-001 -4.473590E-001  9.289810E-001  3.485679E-001  1.244780E-001
  9.750000E+000 -1.146080E-001  4.000000E-001  1.797000E+000  1.133560E-001 -5.889964E-001  8.001460E-001  3.487095E-001 -7.305211E-001 -5.871461E-001  9.303505E-001  3.455750E-001  1.225797E-001
  9.800000E+000 -4.938986E-002  4.000000E-001  1.796023E+000  1.685637E-001 -6.997261E-001  6.942404E-001  3.279535E-001 -6.243791E-001 -7.089409E-001  9.295336E-001  3.471803E-001  1.242300E-001
  9.850000E+000  1.498377E-002  4.000000E-001  1.792625E+000  2.194949E-001 -7.905253E-001  5.717444E-001  3.045601E-001 -5.012277E-001 -8.099469E-001  9.268577E-001  3.519098E-001  1.307456E-001
  9.900000E+000  7.841919E-002  4.000000E-001  1.786892E+000  2.658152E-001 -8.593876E-001  4.368012E-001  2.792805E-001 -3.650226E-001 -8.881221E-001  9.226834E-001  3.580664E-001  1.429817E-001
  9.950000E+000  1.408288E-001  4.000000E-001  1.778907E+000  3.073454E-001 -9.051376E-001  2.937086E-001  2.528772E-001 -2.198640E-001 -9.421852E-001  9.173832E-001  3.638485E-001  1.613145E-001
