% FILE: robot_arm.3
%
%       t         P_No_Bo[1]     P_No_Bo[2]     P_No_Bo[3]      N_B[1,1]       N_B[1,2]       N_B[1,3]       N_B[2,1]       N_B[2,2]       N_B[2,3]       N_B[3,1]       N_B[3,2]       N_B[3,3]
%   (second)        (meter)        (meter)        (meter)       (NoUnits)      (NoUnits)      (NoUnits)      (NoUnits)      (NoUnits)      (NoUnits)      (NoUnits)      (NoUnits)      (NoUnits)

  0.000000E+000  3.758770E-001  7.368081E-001  0.000000E+000  9.396926E-001 -3.420201E-001  0.000000E+000  3.420201E-001  9.396926E-001  0.000000E+000  0.000000E+000  0.000000E+000  1.000000E+000
  5.000000E-002  3.758770E-001  7.368081E-001 -5.821899E-010  9.396926E-001 -3.420201E-001  1.548884E-009  3.420201E-001  9.396926E-001  0.000000E+000 -1.455475E-009  5.297495E-010  1.000000E+000
  1.000000E-001  3.758770E-001  7.368081E-001 -1.028734E-008  9.396926E-001 -3.420202E-001  2.736891E-008  3.420202E-001  9.396926E-001  0.000000E+000 -2.571836E-008  9.360720E-009  1.000000E+000
  1.500000E-001  3.758770E-001  7.368083E-001 -5.641871E-008  9.396924E-001 -3.420206E-001  1.500989E-007  3.420206E-001  9.396924E-001  0.000000E+000 -1.410468E-007  5.133691E-008  1.000000E+000
  2.000000E-001  3.758768E-001  7.368087E-001 -1.918140E-007  9.396920E-001 -3.420217E-001  5.103108E-007  3.420217E-001  9.396920E-001  0.000000E+000 -4.795350E-007  1.745374E-007  1.000000E+000
  2.500000E-001  3.758765E-001  7.368097E-001 -5.010275E-007  9.396912E-001 -3.420242E-001  1.332958E-006  3.420242E-001  9.396912E-001  0.000000E+000 -1.252569E-006  4.559038E-007  1.000000E+000
  3.000000E-001  3.758758E-001  7.368114E-001 -1.106400E-006  9.396895E-001 -3.420286E-001  2.943526E-006  3.420286E-001  9.396895E-001  0.000000E+000 -2.766001E-006  1.006770E-006  1.000000E+000
  3.500000E-001  3.758747E-001  7.368144E-001 -2.174001E-006  9.396869E-001 -3.420360E-001  5.783845E-006  3.420360E-001  9.396869E-001  0.000000E+000 -5.435003E-006  1.978283E-006  1.000000E+000
  4.000000E-001  3.758731E-001  7.368189E-001 -3.919424E-006  9.396827E-001 -3.420473E-001  1.042752E-005  3.420473E-001  9.396827E-001  0.000000E+000 -9.798561E-006  3.566705E-006  1.000000E+000
  4.500000E-001  3.758707E-001  7.368255E-001 -6.613435E-006  9.396768E-001 -3.420637E-001  1.759497E-005  3.420637E-001  9.396768E-001  0.000000E+000 -1.653359E-005  6.018601E-006  1.000000E+000
  5.000000E-001  3.758674E-001  7.368345E-001 -1.058741E-005  9.396686E-001 -3.420862E-001  2.816793E-005  3.420862E-001  9.396686E-001  0.000000E+000 -2.646852E-005  9.635861E-006  1.000000E+000
  5.500000E-001  3.758631E-001  7.368464E-001 -1.623863E-005  9.396577E-001 -3.421160E-001  4.320359E-005  3.421160E-001  9.396577E-001  0.000000E+000 -4.059658E-005  1.478064E-005  1.000000E+000
  6.000000E-001  3.758575E-001  7.368617E-001 -2.403537E-005  9.396438E-001 -3.421542E-001  6.394808E-005  3.421542E-001  9.396438E-001  0.000000E+000 -6.008842E-005  2.188011E-005  1.000000E+000
  6.500000E-001  3.758506E-001  7.368808E-001 -3.452170E-005  9.396264E-001 -3.422020E-001  9.184953E-005  3.422020E-001  9.396264E-001  0.000000E+000 -8.630425E-005  3.143110E-005  1.000000E+000
  7.000000E-001  3.758421E-001  7.369041E-001 -4.832217E-005  9.396052E-001 -3.422603E-001  1.285704E-004  3.422603E-001  9.396052E-001  0.000000E+000 -1.208054E-004  4.400456E-005  1.000000E+000
  7.500000E-001  3.758319E-001  7.369321E-001 -6.614617E-005  9.395797E-001 -3.423302E-001  1.759994E-004  3.423302E-001  9.395797E-001  0.000000E+000 -1.653654E-004  6.024989E-005  1.000000E+000
  8.000000E-001  3.758199E-001  7.369650E-001 -8.879205E-005  9.395497E-001 -3.424124E-001  2.362622E-004  3.424124E-001  9.395497E-001  0.000000E+000 -2.219801E-004  8.089912E-005  1.000000E+000
  8.500000E-001  3.758060E-001  7.370031E-001 -1.171510E-004  9.395149E-001 -3.425078E-001  3.117326E-004  3.425079E-001  9.395150E-001  0.000000E+000 -2.928775E-004  1.067709E-004  1.000000E+000
  9.000000E-001  3.757900E-001  7.370469E-001 -1.522106E-004  9.394750E-001 -3.426172E-001  4.050417E-004  3.426172E-001  9.394751E-001  0.000000E+000 -3.805266E-004  1.387743E-004  9.999999E-001
  9.500000E-001  3.757719E-001  7.370965E-001 -1.950584E-004  9.394297E-001 -3.427411E-001  5.190871E-004  3.427412E-001  9.394299E-001  0.000000E+000 -4.876459E-004  1.779125E-004  9.999999E-001
  1.000000E+000  3.757516E-001  7.371521E-001 -2.468843E-004  9.393789E-001 -3.428803E-001  6.570411E-004  3.428803E-001  9.393791E-001  0.000000E+000 -6.172106E-004  2.252865E-004  9.999998E-001
  1.050000E+000  3.757289E-001  7.372141E-001 -3.089839E-004  9.393222E-001 -3.430352E-001  8.223584E-004  3.430353E-001  9.393225E-001  0.000000E+000 -7.724598E-004  2.820980E-004  9.999997E-001
  1.100000E+000  3.757038E-001  7.372826E-001 -3.827608E-004  9.392595E-001 -3.432064E-001  1.018783E-003  3.432066E-001  9.392599E-001  0.000000E+000 -9.569020E-004  3.496530E-004  9.999995E-001
  1.150000E+000  3.756762E-001  7.373579E-001 -4.697283E-004  9.391904E-001 -3.433945E-001  1.250353E-003  3.433948E-001  9.391912E-001  0.000000E+000 -1.174321E-003  4.293648E-004  9.999992E-001
  1.200000E+000  3.756460E-001  7.374401E-001 -5.715115E-004  9.391149E-001 -3.435999E-001  1.521408E-003  3.436003E-001  9.391160E-001  0.000000E+000 -1.428779E-003  5.227564E-004  9.999988E-001
  1.250000E+000  3.756130E-001  7.375295E-001 -6.898487E-004  9.390326E-001 -3.438233E-001  1.836591E-003  3.438239E-001  9.390342E-001  0.000000E+000 -1.724622E-003  6.314638E-004  9.999983E-001
  1.300000E+000  3.755773E-001  7.376263E-001 -8.265923E-004  9.389433E-001 -3.440650E-001  2.200853E-003  3.440658E-001  9.389455E-001  0.000000E+000 -2.066481E-003  7.572382E-004  9.999976E-001
  1.350000E+000  3.755387E-001  7.377307E-001 -9.837097E-004  9.388466E-001 -3.443256E-001  2.619454E-003  3.443268E-001  9.388499E-001  0.000000E+000 -2.459274E-003  9.019483E-004  9.999966E-001
  1.400000E+000  3.754970E-001  7.378429E-001 -1.163284E-003  9.387424E-001 -3.446057E-001  3.097969E-003  3.446073E-001  9.387469E-001  0.000000E+000 -2.908209E-003  1.067583E-003  9.999952E-001
  1.450000E+000  3.754521E-001  7.379632E-001 -1.367512E-003  9.386303E-001 -3.449057E-001  3.642284E-003  3.449080E-001  9.386365E-001  0.000000E+000 -3.418781E-003  1.256253E-003  9.999934E-001
  1.500000E+000  3.754040E-001  7.380917E-001 -1.598709E-003  9.385099E-001 -3.452261E-001  4.258598E-003  3.452292E-001  9.385184E-001  0.000000E+000 -3.996773E-003  1.470192E-003  9.999909E-001
  1.550000E+000  3.753524E-001  7.382286E-001 -1.859302E-003  9.383809E-001 -3.455673E-001  4.953422E-003  3.455715E-001  9.383924E-001  0.000000E+000 -4.648254E-003  1.711762E-003  9.999877E-001
  1.600000E+000  3.752971E-001  7.383742E-001 -2.151831E-003  9.382429E-001 -3.459299E-001  5.733579E-003  3.459355E-001  9.382583E-001  0.000000E+000 -5.379578E-003  1.983449E-003  9.999836E-001
  1.650000E+000  3.752381E-001  7.385287E-001 -2.478951E-003  9.380954E-001 -3.463141E-001  6.606197E-003  3.463216E-001  9.381158E-001  0.000000E+000 -6.197378E-003  2.287869E-003  9.999782E-001
  1.700000E+000  3.751752E-001  7.386921E-001 -2.843425E-003  9.379379E-001 -3.467203E-001  7.578709E-003  3.467303E-001  9.379649E-001  0.000000E+000 -7.108563E-003  2.627768E-003  9.999713E-001
  1.750000E+000  3.751080E-001  7.388647E-001 -3.248125E-003  9.377701E-001 -3.471488E-001  8.658848E-003  3.471618E-001  9.378052E-001  0.000000E+000 -8.120313E-003  3.006021E-003  9.999625E-001
  1.800000E+000  3.750365E-001  7.390466E-001 -3.696029E-003  9.375912E-001 -3.475997E-001  9.854641E-003  3.476166E-001  9.376368E-001  0.000000E+000 -9.240073E-003  3.425636E-003  9.999514E-001
  1.850000E+000  3.749603E-001  7.392379E-001 -4.190219E-003  9.374008E-001 -3.480731E-001  1.117440E-002  3.480949E-001  9.374593E-001  0.000000E+000 -1.047555E-002  3.889752E-003  9.999376E-001
  1.900000E+000  3.748792E-001  7.394387E-001 -4.733874E-003  9.371980E-001 -3.485690E-001  1.262673E-002  3.485968E-001  9.372728E-001  0.000000E+000 -1.183469E-002  4.401636E-003  9.999203E-001
  1.950000E+000  3.747929E-001  7.396491E-001 -5.330274E-003  9.369823E-001 -3.490873E-001  1.422048E-002  3.491227E-001  9.370770E-001  0.000000E+000 -1.332568E-002  4.964691E-003  9.998989E-001
  2.000000E+000  3.747011E-001  7.398689E-001 -5.982787E-003  9.367527E-001 -3.496278E-001  1.596479E-002  3.496723E-001  9.368721E-001  0.000000E+000 -1.495697E-002  5.582446E-003  9.998726E-001
  2.050000E+000  3.746033E-001  7.400984E-001 -6.694874E-003  9.365082E-001 -3.501900E-001  1.786905E-002  3.502459E-001  9.366578E-001  0.000000E+000 -1.673718E-002  6.258561E-003  9.998403E-001
  2.100000E+000  3.744992E-001  7.403373E-001 -7.470076E-003  9.362480E-001 -3.507734E-001  1.994287E-002  3.508432E-001  9.364342E-001  0.000000E+000 -1.867519E-002  6.996822E-003  9.998011E-001
  2.150000E+000  3.743883E-001  7.405856E-001 -8.312015E-003  9.359707E-001 -3.513775E-001  2.219612E-002  3.514641E-001  9.362014E-001  0.000000E+000 -2.078004E-002  7.801139E-003  9.997536E-001
  2.200000E+000  3.742701E-001  7.408433E-001 -9.224387E-003  9.356751E-001 -3.520014E-001  2.463886E-002  3.521082E-001  9.359593E-001  0.000000E+000 -2.306097E-002  8.675545E-003  9.996964E-001
  2.250000E+000  3.741439E-001  7.411101E-001 -1.021096E-002  9.353598E-001 -3.526440E-001  2.728136E-002  3.527754E-001  9.357080E-001  0.000000E+000 -2.552739E-002  9.624191E-003  9.996278E-001
  2.300000E+000  3.740092E-001  7.413860E-001 -1.127554E-002  9.350230E-001 -3.533044E-001  3.013408E-002  3.534649E-001  9.354478E-001  0.000000E+000 -2.818886E-002  1.065134E-002  9.995459E-001
  2.350000E+000  3.738651E-001  7.416706E-001 -1.242204E-002  9.346628E-001 -3.539812E-001  3.320766E-002  3.541765E-001  9.351786E-001  0.000000E+000 -3.105509E-002  1.176137E-002  9.994485E-001
  2.400000E+000  3.737109E-001  7.419638E-001 -1.365436E-002  9.342773E-001 -3.546727E-001  3.651286E-002  3.549094E-001  9.349007E-001  0.000000E+000 -3.413590E-002  1.295876E-002  9.993332E-001
  2.450000E+000  3.735456E-001  7.422652E-001 -1.497648E-002  9.338640E-001 -3.553774E-001  4.006060E-002  3.556629E-001  9.346143E-001  0.000000E+000 -3.744121E-002  1.424807E-002  9.991973E-001
  2.500000E+000  3.733682E-001  7.425745E-001 -1.639242E-002  9.334205E-001 -3.560932E-001  4.386190E-002  3.564363E-001  9.343196E-001  0.000000E+000 -4.098104E-002  1.563397E-002  9.990376E-001
  2.550000E+000  3.731775E-001  7.428914E-001 -1.790618E-002  9.329436E-001 -3.568180E-001  4.792788E-002  3.572285E-001  9.340170E-001  0.000000E+000 -4.476546E-002  1.712121E-002  9.988508E-001
  2.600000E+000  3.729722E-001  7.432155E-001 -1.952183E-002  9.324304E-001 -3.575492E-001  5.226971E-002  3.580387E-001  9.337068E-001  0.000000E+000 -4.880458E-002  1.871458E-002  9.986330E-001
  2.650000E+000  3.727508E-001  7.435463E-001 -2.124342E-002  9.318771E-001 -3.582843E-001  5.689861E-002  3.588657E-001  9.333892E-001  0.000000E+000 -5.310855E-002  2.041896E-002  9.983800E-001
  2.700000E+000  3.725119E-001  7.438833E-001 -2.307500E-002  9.312798E-001 -3.590202E-001  6.182582E-002  3.597084E-001  9.330648E-001  0.000000E+000 -5.768749E-002  2.223926E-002  9.980870E-001
  2.750000E+000  3.722537E-001  7.442262E-001 -2.502060E-002  9.306341E-001 -3.597537E-001  6.706254E-002  3.605654E-001  9.327339E-001  0.000000E+000 -6.255150E-002  2.418043E-002  9.977488E-001
  2.800000E+000  3.719741E-001  7.445742E-001 -2.708425E-002  9.299353E-001 -3.604811E-001  7.261994E-002  3.614354E-001  9.323972E-001  0.000000E+000 -6.771063E-002  2.624742E-002  9.973597E-001
  2.850000E+000  3.716712E-001  7.449268E-001 -2.926993E-002  9.291781E-001 -3.611986E-001  7.850913E-002  3.623169E-001  9.320550E-001  0.000000E+000 -7.317482E-002  2.844518E-002  9.969134E-001
  2.900000E+000  3.713426E-001  7.452833E-001 -3.158157E-002  9.283566E-001 -3.619019E-001  8.474106E-002  3.632083E-001  9.317080E-001  0.000000E+000 -7.895392E-002  3.077866E-002  9.964030E-001
  2.950000E+000  3.709858E-001  7.456432E-001 -3.402305E-002  9.274646E-001 -3.625864E-001  9.132658E-002  3.641080E-001  9.313567E-001  0.000000E+000 -8.505762E-002  3.325274E-002  9.958210E-001
  3.000000E+000  3.705980E-001  7.460057E-001 -3.659817E-002  9.264951E-001 -3.632473E-001  9.827630E-002  3.650143E-001  9.310019E-001  0.000000E+000 -9.149543E-002  3.587225E-002  9.951592E-001
  3.050000E+000  3.701763E-001  7.463701E-001 -3.931065E-002  9.254407E-001 -3.638792E-001  1.056006E-001  3.659252E-001  9.306443E-001  0.000000E+000 -9.827663E-002  3.864193E-002  9.944086E-001
  3.100000E+000  3.697173E-001  7.467356E-001 -4.216410E-002  9.242932E-001 -3.644763E-001  1.133097E-001  3.668389E-001  9.302845E-001  0.000000E+000 -1.054103E-001  4.156640E-002  9.935597E-001
  3.150000E+000  3.692175E-001  7.471014E-001 -4.516201E-002  9.230438E-001 -3.650328E-001  1.214133E-001  3.677534E-001  9.299233E-001  0.000000E+000 -1.129050E-001  4.465015E-002  9.926020E-001
  3.200000E+000  3.686732E-001  7.474667E-001 -4.830775E-002  9.216830E-001 -3.655420E-001  1.299208E-001  3.686667E-001  9.295617E-001  0.000000E+000 -1.207694E-001  4.789747E-002  9.915244E-001
  3.250000E+000  3.680802E-001  7.478307E-001 -5.160452E-002  9.202006E-001 -3.659972E-001  1.388412E-001  3.695766E-001  9.292002E-001  0.000000E+000 -1.290113E-001  5.131247E-002  9.903147E-001
  3.300000E+000  3.674342E-001  7.481925E-001 -5.505534E-002  9.185855E-001 -3.663910E-001  1.481831E-001  3.704811E-001  9.288400E-001  0.000000E+000 -1.376384E-001  5.489903E-002  9.889599E-001
  3.350000E+000  3.667304E-001  7.485512E-001 -5.866307E-002  9.168260E-001 -3.667159E-001  1.579543E-001  3.713780E-001  9.284818E-001  0.000000E+000 -1.466577E-001  5.866074E-002  9.874464E-001
  3.400000E+000  3.659637E-001  7.489060E-001 -6.243031E-002  9.149093E-001 -3.669637E-001  1.681622E-001  3.722650E-001  9.281265E-001  0.000000E+000 -1.560758E-001  6.260091E-002  9.857593E-001
  3.450000E+000  3.651288E-001  7.492560E-001 -6.635947E-002  9.128221E-001 -3.671262E-001  1.788135E-001  3.731401E-001  9.277750E-001  0.000000E+000 -1.658987E-001  6.672247E-002  9.838830E-001
  3.500000E+000  3.642199E-001  7.496004E-001 -7.045266E-002  9.105498E-001 -3.671944E-001  1.899140E-001  3.740009E-001  9.274283E-001  0.000000E+000 -1.761316E-001  7.102801E-002  9.818007E-001
  3.550000E+000  3.632309E-001  7.499382E-001 -7.471172E-002  9.080773E-001 -3.671591E-001  2.014689E-001  3.748454E-001  9.270873E-001  0.000000E+000 -1.867793E-001  7.551970E-002  9.794949E-001
  3.600000E+000  3.621554E-001  7.502686E-001 -7.913819E-002  9.053884E-001 -3.670110E-001  2.134824E-001  3.756714E-001  9.267529E-001  0.000000E+000 -1.978455E-001  8.019924E-002  9.769469E-001
  3.650000E+000  3.609864E-001  7.505907E-001 -8.373325E-002  9.024660E-001 -3.667401E-001  2.259577E-001  3.764769E-001  9.264260E-001  0.000000E+000 -2.093331E-001  8.506786E-002  9.741371E-001
  3.700000E+000  3.597168E-001  7.509039E-001 -8.849772E-002  8.992919E-001 -3.663362E-001  2.388970E-001  3.772598E-001  9.261075E-001  0.000000E+000 -2.212443E-001  9.012624E-002  9.710449E-001
  3.750000E+000  3.583389E-001  7.512073E-001 -9.343202E-002  8.958474E-001 -3.657890E-001  2.523013E-001  3.780183E-001  9.257981E-001  0.000000E+000 -2.335800E-001  9.537451E-002  9.676487E-001
  3.800000E+000  3.568449E-001  7.515003E-001 -9.853615E-002  8.921123E-001 -3.650876E-001  2.661704E-001  3.787506E-001  9.254988E-001  0.000000E+000 -2.463404E-001  1.008122E-001  9.639260E-001
  3.850000E+000  3.552264E-001  7.517820E-001 -1.038096E-001  8.880659E-001 -3.642212E-001  2.805028E-001  3.794551E-001  9.252102E-001  0.000000E+000 -2.595241E-001  1.064382E-001  9.598532E-001
  3.900000E+000  3.534746E-001  7.520520E-001 -1.092515E-001  8.836865E-001 -3.631786E-001  2.952957E-001  3.801301E-001  9.249330E-001  0.000000E+000 -2.731287E-001  1.122508E-001  9.554059E-001
  3.950000E+000  3.515805E-001  7.523098E-001 -1.148603E-001  8.789513E-001 -3.619485E-001  3.105446E-001  3.807744E-001  9.246680E-001  0.000000E+000 -2.871507E-001  1.182475E-001  9.505588E-001
  4.000000E+000  3.495347E-001  7.525547E-001 -1.206339E-001  8.738368E-001 -3.605195E-001  3.262436E-001  3.813868E-001  9.244155E-001  0.000000E+000 -3.015847E-001  1.244250E-001  9.452857E-001
  4.050000E+000  3.473275E-001  7.527865E-001 -1.265697E-001  8.683188E-001 -3.588802E-001  3.423851E-001  3.819664E-001  9.241762E-001  0.000000E+000 -3.164241E-001  1.307796E-001  9.395597E-001
  4.100000E+000  3.449488E-001  7.530049E-001 -1.326643E-001  8.623720E-001 -3.570190E-001  3.589595E-001  3.825122E-001  9.239504E-001  0.000000E+000 -3.316608E-001  1.373064E-001  9.333531E-001
  4.150000E+000  3.423883E-001  7.532096E-001 -1.389139E-001  8.559708E-001 -3.549244E-001  3.759557E-001  3.830239E-001  9.237384E-001  0.000000E+000 -3.472848E-001  1.440000E-001  9.266376E-001
  4.200000E+000  3.396354E-001  7.534004E-001 -1.453137E-001  8.490886E-001 -3.525849E-001  3.933605E-001  3.835011E-001  9.235404E-001  0.000000E+000 -3.632843E-001  1.508542E-001  9.193843E-001
  4.250000E+000  3.366793E-001  7.535775E-001 -1.518584E-001  8.416983E-001 -3.499892E-001  4.111586E-001  3.839438E-001  9.233565E-001  0.000000E+000 -3.796460E-001  1.578618E-001  9.115638E-001
  4.300000E+000  3.335091E-001  7.537408E-001 -1.585417E-001  8.337726E-001 -3.471262E-001  4.293328E-001  3.843521E-001  9.231866E-001  0.000000E+000 -3.963542E-001  1.650149E-001  9.031464E-001
  4.350000E+000  3.301134E-001  7.538906E-001 -1.653566E-001  8.252836E-001 -3.439847E-001  4.478633E-001  3.847264E-001  9.230306E-001  0.000000E+000 -4.133916E-001  1.723049E-001  8.941020E-001
  4.400000E+000  3.264812E-001  7.540270E-001 -1.722953E-001  8.162030E-001 -3.405540E-001  4.667286E-001  3.850676E-001  9.228884E-001  0.000000E+000 -4.307384E-001  1.797220E-001  8.844006E-001
  4.450000E+000  3.226011E-001  7.541506E-001 -1.793491E-001  8.065028E-001 -3.368237E-001  4.859044E-001  3.853765E-001  9.227594E-001  0.000000E+000 -4.483728E-001  1.872561E-001  8.740120E-001
  4.500000E+000  3.184618E-001  7.542618E-001 -1.865084E-001  7.961546E-001 -3.327836E-001  5.053642E-001  3.856544E-001  9.226433E-001  0.000000E+000 -4.662709E-001  1.948960E-001  8.629061E-001
  4.550000E+000  3.140521E-001  7.543611E-001 -1.937625E-001  7.851303E-001 -3.284239E-001  5.250792E-001  3.859028E-001  9.225395E-001  0.000000E+000 -4.844063E-001  2.026295E-001  8.510534E-001
  4.600000E+000  3.093609E-001  7.544493E-001 -2.011001E-001  7.734022E-001 -3.237352E-001  5.450179E-001  3.861233E-001  9.224472E-001  0.000000E+000 -5.027503E-001  2.104441E-001  8.384244E-001
  4.650000E+000  3.043772E-001  7.545271E-001 -2.085087E-001  7.609431E-001 -3.187086E-001  5.651464E-001  3.863178E-001  9.223657E-001  0.000000E+000 -5.212717E-001  2.183261E-001  8.249906E-001
  4.700000E+000  2.990905E-001  7.545954E-001 -2.159748E-001  7.477263E-001 -3.133356E-001  5.854282E-001  3.864885E-001  9.222942E-001  0.000000E+000 -5.399370E-001  2.262613E-001  8.107243E-001
  4.750000E+000  2.934905E-001  7.546551E-001 -2.234841E-001  7.337261E-001 -3.076084E-001  6.058243E-001  3.866377E-001  9.222317E-001  0.000000E+000 -5.587103E-001  2.342345E-001  7.955985E-001
  4.800000E+000  2.875672E-001  7.547072E-001 -2.310212E-001  7.189179E-001 -3.015195E-001  6.262931E-001  3.867679E-001  9.221771E-001  0.000000E+000 -5.775531E-001  2.422301E-001  7.795877E-001
  4.850000E+000  2.813113E-001  7.547527E-001 -2.385698E-001  7.032783E-001 -2.950622E-001  6.467905E-001  3.868817E-001  9.221294E-001  0.000000E+000 -5.964245E-001  2.502314E-001  7.626677E-001
  4.900000E+000  2.747141E-001  7.547927E-001 -2.461125E-001  6.867853E-001 -2.882302E-001  6.672701E-001  3.869818E-001  9.220873E-001  0.000000E+000 -6.152813E-001  2.582214E-001  7.448159E-001
  4.950000E+000  2.677675E-001  7.548285E-001 -2.536311E-001  6.694187E-001 -2.810181E-001  6.876826E-001  3.870712E-001  9.220498E-001  0.000000E+000 -6.340776E-001  2.661821E-001  7.260114E-001
  5.000000E+000  2.604641E-001  7.548611E-001 -2.611063E-001  6.511604E-001 -2.734210E-001  7.079768E-001  3.871526E-001  9.220156E-001  0.000000E+000 -6.527657E-001  2.740951E-001  7.062357E-001
  5.050000E+000  2.527976E-001  7.548917E-001 -2.685180E-001  6.319940E-001 -2.654348E-001  7.280988E-001  3.872292E-001  9.219835E-001  0.000000E+000 -6.712951E-001  2.819411E-001  6.854722E-001
  5.100000E+000  2.447624E-001  7.549215E-001 -2.758454E-001  6.119059E-001 -2.570562E-001  7.479928E-001  3.873038E-001  9.219521E-001  0.000000E+000 -6.896136E-001  2.897005E-001  6.637068E-001
  5.150000E+000  2.363539E-001  7.549518E-001 -2.830667E-001  5.908848E-001 -2.482826E-001  7.676007E-001  3.873796E-001  9.219203E-001  0.000000E+000 -7.076667E-001  2.973529E-001  6.409283E-001
  5.200000E+000  2.275690E-001  7.549838E-001 -2.901593E-001  5.689224E-001 -2.391122E-001  7.868625E-001  3.874595E-001  9.218867E-001  0.000000E+000 -7.253981E-001  3.048773E-001  6.171283E-001
  5.250000E+000  2.184053E-001  7.550186E-001 -2.970999E-001  5.460132E-001 -2.295443E-001  8.057164E-001  3.875464E-001  9.218502E-001  0.000000E+000 -7.427498E-001  3.122525E-001  5.923015E-001
  5.300000E+000  2.088620E-001  7.550574E-001 -3.038649E-001  5.221551E-001 -2.195790E-001  8.240990E-001  3.876434E-001  9.218094E-001  0.000000E+000 -7.596622E-001  3.194565E-001  5.664458E-001
  5.350000E+000  1.989397E-001  7.551013E-001 -3.104297E-001  4.973492E-001 -2.092173E-001  8.419453E-001  3.877533E-001  9.217632E-001  0.000000E+000 -7.760742E-001  3.264670E-001  5.395629E-001
  5.400000E+000  1.886402E-001  7.551515E-001 -3.167695E-001  4.716004E-001 -1.984613E-001  8.591893E-001  3.878789E-001  9.217104E-001  0.000000E+000 -7.919236E-001  3.332614E-001  5.116579E-001
  5.450000E+000  1.779669E-001  7.552092E-001 -3.228590E-001  4.449172E-001 -1.873142E-001  8.757637E-001  3.880230E-001  9.216497E-001  0.000000E+000 -8.071474E-001  3.398164E-001  4.827400E-001
  5.500000E+000  1.669248E-001  7.552753E-001 -3.286726E-001  4.173120E-001 -1.757803E-001  8.916008E-001  3.881882E-001  9.215801E-001  0.000000E+000 -8.216816E-001  3.461089E-001  4.528223E-001
  5.550000E+000  1.555205E-001  7.553509E-001 -3.341848E-001  3.888013E-001 -1.638649E-001  9.066321E-001  3.883773E-001  9.215005E-001  0.000000E+000 -8.354619E-001  3.521153E-001  4.219220E-001
  5.600000E+000  1.437624E-001  7.554371E-001 -3.393696E-001  3.594059E-001 -1.515748E-001  9.207890E-001  3.885927E-001  9.214096E-001  0.000000E+000 -8.484239E-001  3.578119E-001  3.900609E-001
  5.650000E+000  1.316602E-001  7.555348E-001 -3.442013E-001  3.291506E-001 -1.389178E-001  9.340031E-001  3.888369E-001  9.213066E-001  0.000000E+000 -8.605032E-001  3.631748E-001  3.572650E-001
  5.700000E+000  1.192259E-001  7.556449E-001 -3.486543E-001  2.980647E-001 -1.259030E-001  9.462060E-001  3.891123E-001  9.211903E-001  0.000000E+000 -8.716359E-001  3.681804E-001  3.235647E-001
  5.750000E+000  1.064727E-001  7.557685E-001 -3.527035E-001  2.661818E-001 -1.125409E-001  9.573306E-001  3.894212E-001  9.210598E-001  0.000000E+000 -8.817587E-001  3.728048E-001  2.889952E-001
  5.800000E+000  9.341607E-002  7.559064E-001 -3.563238E-001  2.335402E-001 -9.884312E-002  9.673102E-001  3.897659E-001  9.209140E-001  0.000000E+000 -8.908095E-001  3.770246E-001  2.535961E-001
  5.850000E+000  8.007291E-002  7.560595E-001 -3.594910E-001  2.001823E-001 -8.482290E-002  9.760800E-001  3.901487E-001  9.207519E-001  0.000000E+000 -8.987275E-001  3.808163E-001  2.174117E-001
  5.900000E+000  6.646202E-002  7.562286E-001 -3.621815E-001  1.661551E-001 -7.049463E-002  9.835766E-001  3.905715E-001  9.205726E-001  0.000000E+000 -9.054537E-001  3.841570E-001  1.804910E-001
  5.950000E+000  5.260397E-002  7.564146E-001 -3.643725E-001  1.315099E-001 -5.587415E-002  9.897390E-001  3.910365E-001  9.203752E-001  0.000000E+000 -9.109312E-001  3.870240E-001  1.428873E-001
  6.000000E+000  3.852101E-002  7.566182E-001 -3.660422E-001  9.630253E-002 -4.097862E-002  9.945082E-001  3.915456E-001  9.201587E-001  0.000000E+000 -9.151054E-001  3.893953E-001  1.046586E-001
  6.050000E+000  2.423708E-002  7.568403E-001 -3.671698E-001  6.059271E-002 -2.582659E-002  9.978284E-001  3.921009E-001  9.199222E-001  0.000000E+000 -9.179245E-001  3.912494E-001  6.586721E-002
  6.100000E+000  9.777758E-003  7.570816E-001 -3.677360E-001  2.444439E-002 -1.043794E-002  9.996467E-001  3.927040E-001  9.196649E-001  0.000000E+000 -9.193400E-001  3.925653E-001  2.657967E-002
  6.150000E+000 -4.829841E-003  7.573428E-001 -3.677226E-001 -1.207460E-002  5.166088E-003  9.999138E-001  3.933569E-001  9.193859E-001  0.000000E+000 -9.193066E-001  3.933230E-001 -1.313334E-002
  6.200000E+000 -1.955710E-002  7.576245E-001 -3.671131E-001 -4.889276E-002  2.096297E-002  9.985840E-001  3.940612E-001  9.190842E-001  0.000000E+000 -9.177828E-001  3.935032E-001 -5.319726E-002
  6.250000E+000 -3.437403E-002  7.579274E-001 -3.658926E-001 -8.593508E-002  3.692890E-002  9.956161E-001  3.948185E-001  9.187591E-001  0.000000E+000 -9.147314E-001  3.930877E-001 -9.353385E-002
  6.300000E+000 -4.924933E-002  7.582522E-001 -3.640477E-001 -1.231233E-001  5.303878E-002  9.909730E-001  3.956305E-001  9.184098E-001  0.000000E+000 -9.101193E-001  3.920591E-001 -1.340614E-001
  6.350000E+000 -6.415052E-002  7.585994E-001 -3.615673E-001 -1.603763E-001  6.926635E-002  9.846226E-001  3.964985E-001  9.180354E-001  0.000000E+000 -9.039184E-001  3.904013E-001 -1.746951E-001
  6.400000E+000 -7.904409E-002  7.589696E-001 -3.584421E-001 -1.976102E-001  8.558416E-002  9.765375E-001  3.974239E-001  9.176351E-001  0.000000E+000 -8.961051E-001  3.880994E-001 -2.153473E-001
  6.450000E+000 -9.389556E-002  7.593633E-001 -3.546646E-001 -2.347389E-001  1.019636E-001  9.666960E-001  3.984082E-001  9.172082E-001  0.000000E+000 -8.866615E-001  3.851396E-001 -2.559276E-001
  6.500000E+000 -1.086697E-001  7.597810E-001 -3.502298E-001 -2.716743E-001  1.183752E-001  9.550814E-001  3.994525E-001  9.167539E-001  0.000000E+000 -8.755746E-001  3.815096E-001 -2.963437E-001
  6.550000E+000 -1.233306E-001  7.602232E-001 -3.451349E-001 -3.083266E-001  1.347883E-001  9.416830E-001  4.005579E-001  9.162714E-001  0.000000E+000 -8.628372E-001  3.771986E-001 -3.365014E-001
  6.600000E+000 -1.378420E-001  7.606903E-001 -3.393792E-001 -3.446050E-001  1.511714E-001  9.264959E-001  4.017257E-001  9.157600E-001  0.000000E+000 -8.484479E-001  3.721972E-001 -3.763049E-001
  6.650000E+000 -1.521671E-001  7.611827E-001 -3.329644E-001 -3.804177E-001  1.674921E-001  9.095212E-001  4.029568E-001  9.152190E-001  0.000000E+000 -8.324110E-001  3.664978E-001 -4.156576E-001
  6.700000E+000 -1.662691E-001  7.617009E-001 -3.258948E-001 -4.156728E-001  1.837174E-001  8.907660E-001  4.042522E-001  9.146475E-001  0.000000E+000 -8.147369E-001  3.600941E-001 -4.544623E-001
  6.750000E+000 -1.801113E-001  7.622451E-001 -3.181768E-001 -4.502782E-001  1.998136E-001  8.702437E-001  4.056128E-001  9.140450E-001  0.000000E+000 -7.954419E-001  3.529820E-001 -4.926215E-001
  6.800000E+000 -1.936569E-001  7.628158E-001 -3.098193E-001 -4.841423E-001  2.157464E-001  8.479739E-001  4.070394E-001  9.134106E-001  0.000000E+000 -7.745483E-001  3.451588E-001 -5.300380E-001
  6.850000E+000 -2.068698E-001  7.634131E-001 -3.008339E-001 -5.171746E-001  2.314810E-001  8.239824E-001  4.085329E-001  9.127436E-001  0.000000E+000 -7.520846E-001  3.366239E-001 -5.666154E-001
  6.900000E+000 -2.197143E-001  7.640375E-001 -2.912341E-001 -5.492858E-001  2.469825E-001  7.983012E-001  4.100938E-001  9.120433E-001  0.000000E+000 -7.280853E-001  3.273784E-001 -6.022585E-001
  6.950000E+000 -2.321554E-001  7.646892E-001 -2.810362E-001 -5.803885E-001  2.622154E-001  7.709684E-001  4.117230E-001  9.113090E-001  0.000000E+000 -7.025904E-001  3.174254E-001 -6.368734E-001
  7.000000E+000 -2.441590E-001  7.653684E-001 -2.702585E-001 -6.103975E-001  2.771445E-001  7.420281E-001  4.134210E-001  9.105400E-001  0.000000E+000 -6.756463E-001  3.067700E-001 -6.703687E-001
  7.050000E+000 -2.556921E-001  7.660753E-001 -2.589218E-001 -6.392303E-001  2.917342E-001  7.115305E-001  4.151884E-001  9.097355E-001  0.000000E+000 -6.473046E-001  2.954192E-001 -7.026552E-001
  7.100000E+000 -2.667230E-001  7.668103E-001 -2.470490E-001 -6.668074E-001  3.059494E-001  6.795313E-001  4.170256E-001  9.088947E-001  0.000000E+000 -6.176225E-001  2.833820E-001 -7.336465E-001
  7.150000E+000 -2.772211E-001  7.675733E-001 -2.346649E-001 -6.930528E-001  3.197549E-001  6.460918E-001  4.189333E-001  9.080170E-001  0.000000E+000 -5.866623E-001  2.706693E-001 -7.632597E-001
  7.200000E+000 -2.871578E-001  7.683647E-001 -2.217967E-001 -7.178944E-001  3.331161E-001  6.112784E-001  4.209117E-001  9.071016E-001  0.000000E+000 -5.544917E-001  2.572942E-001 -7.914156E-001
  7.250000E+000 -2.965057E-001  7.691845E-001 -2.084730E-001 -7.412642E-001  3.459987E-001  5.751628E-001  4.229612E-001  9.061478E-001  0.000000E+000 -5.211825E-001  2.432716E-001 -8.180389E-001
  7.300000E+000 -3.052395E-001  7.700329E-001 -1.947246E-001 -7.630988E-001  3.583693E-001  5.378212E-001  4.250822E-001  9.051548E-001  0.000000E+000 -4.868115E-001  2.286182E-001 -8.430589E-001
  7.350000E+000 -3.133359E-001  7.709099E-001 -1.805836E-001 -7.833396E-001  3.701949E-001  4.993343E-001  4.272748E-001  9.041218E-001  0.000000E+000 -4.514590E-001  2.133530E-001 -8.664094E-001
  7.400000E+000 -3.207733E-001  7.718157E-001 -1.660838E-001 -8.019333E-001  3.814436E-001  4.597867E-001  4.295394E-001  9.030481E-001  0.000000E+000 -4.152095E-001  1.974965E-001 -8.880294E-001
  7.450000E+000 -3.275327E-001  7.727504E-001 -1.512602E-001 -8.188317E-001  3.920842E-001  4.192667E-001  4.318759E-001  9.019330E-001  0.000000E+000 -3.781505E-001  1.810712E-001 -9.078631E-001
  7.500000E+000 -3.335970E-001  7.737138E-001 -1.361490E-001 -8.339925E-001  4.020869E-001  3.778660E-001  4.342846E-001  9.007757E-001  0.000000E+000 -3.403725E-001  1.641014E-001 -9.258603E-001
  7.550000E+000 -3.389515E-001  7.747062E-001 -1.207875E-001 -8.473788E-001  4.114227E-001  3.356792E-001  4.367654E-001  8.995754E-001  0.000000E+000 -3.019687E-001  1.466131E-001 -9.419764E-001
  7.600000E+000 -3.435840E-001  7.757273E-001 -1.052137E-001 -8.589601E-001  4.200642E-001  2.928031E-001  4.393183E-001  8.983315E-001  0.000000E+000 -2.630342E-001  1.286338E-001 -9.561728E-001
  7.650000E+000 -3.474846E-001  7.767773E-001 -8.946635E-002 -8.687115E-001  4.279853E-001  2.493369E-001  4.419433E-001  8.970430E-001  0.000000E+000 -2.236659E-001  1.101928E-001 -9.684168E-001
  7.700000E+000 -3.506458E-001  7.778561E-001 -7.358467E-002 -8.766146E-001  4.351614E-001  2.053810E-001  4.446402E-001  8.957093E-001  0.000000E+000 -1.839617E-001  9.132066E-002 -9.786821E-001
  7.750000E+000 -3.530628E-001  7.789635E-001 -5.760821E-002 -8.826570E-001  4.415693E-001  1.610374E-001  4.474088E-001  8.943296E-001  0.000000E+000 -1.440205E-001  7.204955E-002 -9.869483E-001
  7.800000E+000 -3.547331E-001  7.800995E-001 -4.157662E-002 -8.868326E-001  4.471878E-001  1.164085E-001  4.502489E-001  8.929031E-001  0.000000E+000 -1.039415E-001  5.241281E-002 -9.932014E-001
  7.850000E+000 -3.556566E-001  7.812640E-001 -2.552954E-002 -8.891414E-001  4.519971E-001  7.159722E-002  4.531601E-001  8.914292E-001  0.000000E+000 -6.382385E-002  3.244500E-002 -9.974336E-001
  7.900000E+000 -3.558358E-001  7.824569E-001 -9.506404E-003 -8.895895E-001  4.559794E-001  2.670618E-002  4.561421E-001  8.899069E-001  0.000000E+000 -2.376601E-002  1.218181E-002 -9.996433E-001
  7.950000E+000 -3.552757E-001  7.836778E-001  6.453749E-003 -8.881892E-001  4.591188E-001 -1.816247E-002  4.591946E-001  8.883357E-001  0.000000E+000  1.613437E-002 -8.340108E-003 -9.998350E-001
  8.000000E+000 -3.539834E-001  7.849268E-001  2.231242E-002 -8.849585E-001  4.614012E-001 -6.290755E-002  4.623169E-001  8.867148E-001  0.000000E+000  5.578105E-002 -2.908322E-002 -9.980194E-001
  8.050000E+000 -3.519685E-001  7.862034E-001  3.803181E-002 -8.799214E-001  4.628146E-001 -1.074292E-001  4.655086E-001  8.850433E-001  0.000000E+000  9.507953E-002 -5.000924E-002 -9.942127E-001
  8.100000E+000 -3.492429E-001  7.875077E-001  5.357499E-002 -8.731072E-001  4.633490E-001 -1.516295E-001  4.687692E-001  8.833207E-001  0.000000E+000  1.339375E-001 -7.107923E-002 -9.884374E-001
  8.150000E+000 -3.458204E-001  7.888391E-001  6.890600E-002 -8.645510E-001  4.629963E-001 -1.954124E-001  4.720978E-001  8.815462E-001  0.000000E+000  1.722650E-001 -9.225375E-002 -9.807212E-001
  8.200000E+000 -3.417171E-001  7.901976E-001  8.399006E-002 -8.542926E-001  4.617509E-001 -2.386844E-001  4.754940E-001  8.797190E-001  0.000000E+000  2.099752E-001 -1.134930E-001 -9.710972E-001
  8.250000E+000 -3.369509E-001  7.915827E-001  9.879362E-002 -8.423771E-001  4.596088E-001 -2.813548E-001  4.789568E-001  8.778385E-001  0.000000E+000  2.469841E-001 -1.347568E-001 -9.596038E-001
  8.300000E+000 -3.315416E-001  7.929942E-001  1.132845E-001 -8.288541E-001  4.565684E-001 -3.233361E-001  4.824855E-001  8.759039E-001  0.000000E+000  2.832114E-001 -1.560050E-001 -9.462842E-001
  8.350000E+000 -3.255109E-001  7.944317E-001  1.274322E-001 -8.137773E-001  4.526302E-001 -3.645440E-001  4.860792E-001  8.739147E-001  0.000000E+000  3.185804E-001 -1.771973E-001 -9.311862E-001
  8.400000E+000 -3.188819E-001  7.958948E-001  1.412074E-001 -7.972049E-001  4.477968E-001 -4.048980E-001  4.897370E-001  8.718702E-001  0.000000E+000  3.530185E-001 -1.982935E-001 -9.143618E-001
  8.450000E+000 -3.116794E-001  7.973832E-001  1.545829E-001 -7.791984E-001  4.420729E-001 -4.443214E-001  4.934579E-001  8.697697E-001  0.000000E+000  3.864573E-001 -2.192539E-001 -8.958675E-001
  8.500000E+000 -3.039292E-001  7.988963E-001  1.675330E-001 -7.598230E-001  4.354650E-001 -4.827414E-001  4.972408E-001  8.676126E-001  0.000000E+000  4.188325E-001 -2.400387E-001 -8.757629E-001
  8.550000E+000 -2.956587E-001  8.004338E-001  1.800339E-001 -7.391467E-001  4.279822E-001 -5.200898E-001  5.010846E-001  8.653983E-001  0.000000E+000  4.500848E-001 -2.606090E-001 -8.541116E-001
  8.600000E+000 -2.868962E-001  8.019953E-001  1.920637E-001 -7.172405E-001  4.196350E-001 -5.563025E-001  5.049882E-001  8.631263E-001  0.000000E+000  4.801593E-001 -2.809262E-001 -8.309798E-001
  8.650000E+000 -2.776710E-001  8.035801E-001  2.036024E-001 -6.941776E-001  4.104363E-001 -5.913202E-001  5.089503E-001  8.607959E-001  0.000000E+000  5.090060E-001 -3.009526E-001 -8.064369E-001
  8.700000E+000 -2.680132E-001  8.051879E-001  2.146319E-001 -6.700331E-001  4.004007E-001 -6.250879E-001  5.129696E-001  8.584068E-001  0.000000E+000  5.365797E-001 -3.206511E-001 -7.805543E-001
  8.750000E+000 -2.579536E-001  8.068180E-001  2.251361E-001 -6.448840E-001  3.895447E-001 -6.575557E-001  5.170449E-001  8.559583E-001  0.000000E+000  5.628402E-001 -3.399859E-001 -7.534059E-001
  8.800000E+000 -2.475234E-001  8.084699E-001  2.351010E-001 -6.188085E-001  3.778867E-001 -6.886782E-001  5.211748E-001  8.534500E-001  0.000000E+000  5.877524E-001 -3.589217E-001 -7.250671E-001
  8.850000E+000 -2.367543E-001  8.101431E-001  2.445144E-001 -5.918857E-001  3.654465E-001 -7.184150E-001  5.253577E-001  8.508815E-001  0.000000E+000  6.112860E-001 -3.774248E-001 -6.956148E-001
  8.900000E+000 -2.256782E-001  8.118369E-001  2.533663E-001 -5.641956E-001  3.522461E-001 -7.467302E-001  5.295922E-001  8.482524E-001  0.000000E+000  6.334157E-001 -3.954625E-001 -6.651270E-001
  8.950000E+000 -2.143273E-001  8.135507E-001  2.616485E-001 -5.358182E-001  3.383084E-001 -7.735931E-001  5.338767E-001  8.455624E-001  0.000000E+000  6.541212E-001 -4.130033E-001 -6.336827E-001
  9.000000E+000 -2.027335E-001  8.152839E-001  2.693548E-001 -5.068337E-001  3.236583E-001 -7.989774E-001  5.382096E-001  8.428110E-001  0.000000E+000  6.733869E-001 -4.300173E-001 -6.013611E-001
  9.050000E+000 -1.909288E-001  8.170357E-001  2.764809E-001 -4.773221E-001  3.083220E-001 -8.228616E-001  5.425894E-001  8.399981E-001  0.000000E+000  6.912022E-001 -4.464759E-001 -5.682418E-001
  9.100000E+000 -1.789449E-001  8.188057E-001  2.830244E-001 -4.473624E-001  2.923267E-001 -8.452290E-001  5.470141E-001  8.371234E-001  0.000000E+000  7.075609E-001 -4.623522E-001 -5.344043E-001
  9.150000E+000 -1.668132E-001  8.205929E-001  2.889846E-001 -4.170331E-001  2.757013E-001 -8.660671E-001  5.514822E-001  8.341866E-001  0.000000E+000  7.224616E-001 -4.776206E-001 -4.999278E-001
  9.200000E+000 -1.545646E-001  8.223967E-001  2.943629E-001 -3.864114E-001  2.584754E-001 -8.853681E-001  5.559918E-001  8.311878E-001  0.000000E+000  7.359072E-001 -4.922574E-001 -4.648906E-001
  9.250000E+000 -1.422293E-001  8.242164E-001  2.991619E-001 -3.555731E-001  2.406798E-001 -9.031284E-001  5.605411E-001  8.281266E-001  0.000000E+000  7.479047E-001 -5.062406E-001 -4.293705E-001
  9.300000E+000 -1.298370E-001  8.260512E-001  3.033862E-001 -3.245925E-001  2.223462E-001 -9.193486E-001  5.651281E-001  8.250032E-001  0.000000E+000  7.584655E-001 -5.195497E-001 -3.934440E-001
  9.350000E+000 -1.174168E-001  8.279004E-001  3.070419E-001 -2.935419E-001  2.035072E-001 -9.340332E-001  5.697509E-001  8.218174E-001  0.000000E+000  7.676048E-001 -5.321662E-001 -3.571863E-001
  9.400000E+000 -1.049966E-001  8.297630E-001  3.101365E-001 -2.624916E-001  1.841959E-001 -9.471906E-001  5.744076E-001  8.185695E-001  0.000000E+000  7.753413E-001 -5.440735E-001 -3.206711E-001
  9.450000E+000 -9.260382E-002  8.316384E-001  3.126790E-001 -2.315096E-001  1.644462E-001 -9.588330E-001  5.790961E-001  8.152593E-001  0.000000E+000  7.816976E-001 -5.552564E-001 -2.839705E-001
  9.500000E+000 -8.026462E-002  8.335257E-001  3.146797E-001 -2.006615E-001  1.442923E-001 -9.689761E-001  5.838143E-001  8.118872E-001  0.000000E+000  7.866993E-001 -5.657021E-001 -2.471545E-001
  9.550000E+000 -6.800424E-002  8.354241E-001  3.161501E-001 -1.700106E-001  1.237690E-001 -9.776388E-001  5.885603E-001  8.084533E-001  0.000000E+000  7.903754E-001 -5.753994E-001 -2.102912E-001
  9.600000E+000 -5.584687E-002  8.373327E-001  3.171030E-001 -1.396172E-001  1.029113E-001 -9.848433E-001  5.933318E-001  8.049580E-001  0.000000E+000  7.927575E-001 -5.843388E-001 -1.734465E-001
  9.650000E+000 -4.381555E-002  8.392506E-001  3.175521E-001 -1.095389E-001  8.175441E-002 -9.906147E-001  5.981266E-001  8.014016E-001  0.000000E+000  7.938802E-001 -5.925130E-001 -1.366841E-001
  9.700000E+000 -3.193215E-002  8.411771E-001  3.175121E-001 -7.983037E-002  6.033351E-002 -9.949809E-001  6.029427E-001  7.977845E-001  0.000000E+000  7.937804E-001 -5.999164E-001 -1.000651E-001
  9.750000E+000 -2.021736E-002  8.431111E-001  3.169988E-001 -5.054341E-002  3.868389E-002 -9.979724E-001  6.077777E-001  7.941072E-001  0.000000E+000  7.924971E-001 -6.065454E-001 -6.364809E-002
  9.800000E+000 -8.690653E-003  8.450518E-001  3.160287E-001 -2.172663E-002  1.684068E-002 -9.996221E-001  6.126294E-001  7.903703E-001  0.000000E+000  7.900716E-001 -6.123979E-001 -2.748918E-002
  9.850000E+000  2.629760E-003  8.469982E-001  3.146188E-001  6.574400E-003 -5.161193E-003 -9.999651E-001  6.174955E-001  7.865744E-001  0.000000E+000  7.865469E-001 -6.174740E-001  8.358268E-003
  9.900000E+000  1.372691E-002  8.489495E-001  3.127870E-001  3.431728E-002 -2.728711E-002 -9.990384E-001  6.223738E-001  7.827202E-001  0.000000E+000  7.819675E-001 -6.217753E-001  4.384361E-002
  9.950000E+000  2.458511E-002  8.509047E-001  3.105518E-001  6.146277E-002 -4.950286E-002 -9.968810E-001  6.272618E-001  7.788085E-001  0.000000E+000  7.763794E-001 -6.253054E-001  7.891898E-002
