% FILE: particle_pendulum.2
%
%       t         P_No_Bo[1]     P_No_Bo[2]     P_No_Bo[3]      N_B[1,1]       N_B[1,2]       N_B[1,3]       N_B[2,1]       N_B[2,2]       N_B[2,3]       N_B[3,1]       N_B[3,2]       N_B[3,3]
%   (second)        (meter)        (meter)        (meter)       (NoUnits)      (NoUnits)      (NoUnits)      (NoUnits)      (NoUnits)      (NoUnits)      (NoUnits)      (NoUnits)      (NoUnits)

  0.000000E+00   0.000000E+00   0.000000E+00   0.000000E+00   8.660254E-01  -5.000000E-01   0.000000E+00   5.000000E-01   8.660254E-01   0.000000E+00   0.000000E+00   0.000000E+00   1.000000E+00 
  2.000000E-02   0.000000E+00   0.000000E+00   0.000000E+00   8.670032E-01  -4.983026E-01   0.000000E+00   4.983026E-01   8.670032E-01   0.000000E+00   0.000000E+00   0.000000E+00   1.000000E+00 
  4.000000E-02   0.000000E+00   0.000000E+00   0.000000E+00   8.699100E-01  -4.932105E-01   0.000000E+00   4.932105E-01   8.699100E-01   0.000000E+00   0.000000E+00   0.000000E+00   1.000000E+00 
  6.000000E-02   0.000000E+00   0.000000E+00   0.000000E+00   8.746667E-01  -4.847249E-01   0.000000E+00   4.847249E-01   8.746667E-01   0.000000E+00   0.000000E+00   0.000000E+00   1.000000E+00 
  8.000000E-02   0.000000E+00   0.000000E+00   0.000000E+00   8.811428E-01  -4.728502E-01   0.000000E+00   4.728502E-01   8.811428E-01   0.000000E+00   0.000000E+00   0.000000E+00   1.000000E+00 
  1.000000E-01   0.000000E+00   0.000000E+00   0.000000E+00   8.891592E-01  -4.575979E-01   0.000000E+00   4.575979E-01   8.891592E-01   0.000000E+00   0.000000E+00   0.000000E+00   1.000000E+00 
  1.200000E-01   0.000000E+00   0.000000E+00   0.000000E+00   8.984914E-01  -4.389911E-01   0.000000E+00   4.389911E-01   8.984914E-01   0.000000E+00   0.000000E+00   0.000000E+00   1.000000E+00 
  1.400000E-01   0.000000E+00   0.000000E+00   0.000000E+00   9.088741E-01  -4.170705E-01   0.000000E+00   4.170705E-01   9.088741E-01   0.000000E+00   0.000000E+00   0.000000E+00   1.000000E+00 
  1.600000E-01   0.000000E+00   0.000000E+00   0.000000E+00   9.200077E-01  -3.919003E-01   0.000000E+00   3.919003E-01   9.200077E-01   0.000000E+00   0.000000E+00   0.000000E+00   1.000000E+00 
  1.800000E-01   0.000000E+00   0.000000E+00   0.000000E+00   9.315651E-01  -3.635747E-01   0.000000E+00   3.635747E-01   9.315651E-01   0.000000E+00   0.000000E+00   0.000000E+00   1.000000E+00 
  2.000000E-01   0.000000E+00   0.000000E+00   0.000000E+00   9.432007E-01  -3.322234E-01   0.000000E+00   3.322234E-01   9.432007E-01   0.000000E+00   0.000000E+00   0.000000E+00   1.000000E+00 
  2.200000E-01   0.000000E+00   0.000000E+00   0.000000E+00   9.545605E-01  -2.980172E-01   0.000000E+00   2.980172E-01   9.545605E-01   0.000000E+00   0.000000E+00   0.000000E+00   1.000000E+00 
  2.400000E-01   0.000000E+00   0.000000E+00   0.000000E+00   9.652926E-01  -2.611708E-01   0.000000E+00   2.611708E-01   9.652926E-01   0.000000E+00   0.000000E+00   0.000000E+00   1.000000E+00 
  2.600000E-01   0.000000E+00   0.000000E+00   0.000000E+00   9.750591E-01  -2.219452E-01   0.000000E+00   2.219452E-01   9.750591E-01   0.000000E+00   0.000000E+00   0.000000E+00   1.000000E+00 
  2.800000E-01   0.000000E+00   0.000000E+00   0.000000E+00   9.835480E-01  -1.806472E-01   0.000000E+00   1.806472E-01   9.835480E-01   0.000000E+00   0.000000E+00   0.000000E+00   1.000000E+00 
  3.000000E-01   0.000000E+00   0.000000E+00   0.000000E+00   9.904842E-01  -1.376265E-01   0.000000E+00   1.376265E-01   9.904842E-01   0.000000E+00   0.000000E+00   0.000000E+00   1.000000E+00 
  3.200000E-01   0.000000E+00   0.000000E+00   0.000000E+00   9.956408E-01  -9.327107E-02   0.000000E+00   9.327107E-02   9.956408E-01   0.000000E+00   0.000000E+00   0.000000E+00   1.000000E+00 
  3.400000E-01   0.000000E+00   0.000000E+00   0.000000E+00   9.988473E-01  -4.799989E-02   0.000000E+00   4.799989E-02   9.988473E-01   0.000000E+00   0.000000E+00   0.000000E+00   1.000000E+00 
  3.600000E-01   0.000000E+00   0.000000E+00   0.000000E+00   9.999975E-01  -2.253826E-03   0.000000E+00   2.253826E-03   9.999975E-01   0.000000E+00   0.000000E+00   0.000000E+00   1.000000E+00 
  3.800000E-01   0.000000E+00   0.000000E+00   0.000000E+00   9.990528E-01   4.351459E-02   0.000000E+00  -4.351459E-02   9.990528E-01   0.000000E+00   0.000000E+00   0.000000E+00   1.000000E+00 
  4.000000E-01   0.000000E+00   0.000000E+00   0.000000E+00   9.960448E-01   8.885230E-02   0.000000E+00  -8.885230E-02   9.960448E-01   0.000000E+00   0.000000E+00   0.000000E+00   1.000000E+00 
  4.200000E-01   0.000000E+00   0.000000E+00   0.000000E+00   9.910735E-01   1.333168E-01   0.000000E+00  -1.333168E-01   9.910735E-01   0.000000E+00   0.000000E+00   0.000000E+00   1.000000E+00 
  4.400000E-01   0.000000E+00   0.000000E+00   0.000000E+00   9.843031E-01   1.764865E-01   0.000000E+00  -1.764865E-01   9.843031E-01   0.000000E+00   0.000000E+00   0.000000E+00   1.000000E+00 
  4.600000E-01   0.000000E+00   0.000000E+00   0.000000E+00   9.759554E-01   2.179702E-01   0.000000E+00  -2.179702E-01   9.759554E-01   0.000000E+00   0.000000E+00   0.000000E+00   1.000000E+00 
  4.800000E-01   0.000000E+00   0.000000E+00   0.000000E+00   9.663012E-01   2.574139E-01   0.000000E+00  -2.574139E-01   9.663012E-01   0.000000E+00   0.000000E+00   0.000000E+00   1.000000E+00 
  5.000000E-01   0.000000E+00   0.000000E+00   0.000000E+00   9.556495E-01   2.945066E-01   0.000000E+00  -2.945066E-01   9.556495E-01   0.000000E+00   0.000000E+00   0.000000E+00   1.000000E+00 
  5.200000E-01   0.000000E+00   0.000000E+00   0.000000E+00   9.443359E-01   3.289827E-01   0.000000E+00  -3.289827E-01   9.443359E-01   0.000000E+00   0.000000E+00   0.000000E+00   1.000000E+00 
  5.400000E-01   0.000000E+00   0.000000E+00   0.000000E+00   9.327117E-01   3.606230E-01   0.000000E+00  -3.606230E-01   9.327117E-01   0.000000E+00   0.000000E+00   0.000000E+00   1.000000E+00 
  5.600000E-01   0.000000E+00   0.000000E+00   0.000000E+00   9.211310E-01   3.892526E-01   0.000000E+00  -3.892526E-01   9.211310E-01   0.000000E+00   0.000000E+00   0.000000E+00   1.000000E+00 
  5.800000E-01   0.000000E+00   0.000000E+00   0.000000E+00   9.099409E-01   4.147379E-01   0.000000E+00  -4.147379E-01   9.099409E-01   0.000000E+00   0.000000E+00   0.000000E+00   1.000000E+00 
  6.000000E-01   0.000000E+00   0.000000E+00   0.000000E+00   8.994706E-01   4.369814E-01   0.000000E+00  -4.369814E-01   8.994706E-01   0.000000E+00   0.000000E+00   0.000000E+00   1.000000E+00 
  6.200000E-01   0.000000E+00   0.000000E+00   0.000000E+00   8.900227E-01   4.559162E-01   0.000000E+00  -4.559162E-01   8.900227E-01   0.000000E+00   0.000000E+00   0.000000E+00   1.000000E+00 
  6.400000E-01   0.000000E+00   0.000000E+00   0.000000E+00   8.818662E-01   4.714997E-01   0.000000E+00  -4.714997E-01   8.818662E-01   0.000000E+00   0.000000E+00   0.000000E+00   1.000000E+00 
  6.600000E-01   0.000000E+00   0.000000E+00   0.000000E+00   8.752299E-01   4.837072E-01   0.000000E+00  -4.837072E-01   8.752299E-01   0.000000E+00   0.000000E+00   0.000000E+00   1.000000E+00 
  6.800000E-01   0.000000E+00   0.000000E+00   0.000000E+00   8.702975E-01   4.925264E-01   0.000000E+00  -4.925264E-01   8.702975E-01   0.000000E+00   0.000000E+00   0.000000E+00   1.000000E+00 
  7.000000E-01   0.000000E+00   0.000000E+00   0.000000E+00   8.672044E-01   4.979523E-01   0.000000E+00  -4.979523E-01   8.672044E-01   0.000000E+00   0.000000E+00   0.000000E+00   1.000000E+00 
  7.200000E-01   0.000000E+00   0.000000E+00   0.000000E+00   8.660349E-01   4.999836E-01   0.000000E+00  -4.999836E-01   8.660349E-01   0.000000E+00   0.000000E+00   0.000000E+00   1.000000E+00 
  7.400000E-01   0.000000E+00   0.000000E+00   0.000000E+00   8.668207E-01   4.986200E-01   0.000000E+00  -4.986200E-01   8.668207E-01   0.000000E+00   0.000000E+00   0.000000E+00   1.000000E+00 
  7.600000E-01   0.000000E+00   0.000000E+00   0.000000E+00   8.695404E-01   4.938618E-01   0.000000E+00  -4.938618E-01   8.695404E-01   0.000000E+00   0.000000E+00   0.000000E+00   1.000000E+00 
  7.800000E-01   0.000000E+00   0.000000E+00   0.000000E+00   8.741201E-01   4.857098E-01   0.000000E+00  -4.857098E-01   8.741201E-01   0.000000E+00   0.000000E+00   0.000000E+00   1.000000E+00 
  8.000000E-01   0.000000E+00   0.000000E+00   0.000000E+00   8.804343E-01   4.741681E-01   0.000000E+00  -4.741681E-01   8.804343E-01   0.000000E+00   0.000000E+00   0.000000E+00   1.000000E+00 
  8.200000E-01   0.000000E+00   0.000000E+00   0.000000E+00   8.883085E-01   4.592472E-01   0.000000E+00  -4.592472E-01   8.883085E-01   0.000000E+00   0.000000E+00   0.000000E+00   1.000000E+00 
  8.400000E-01   0.000000E+00   0.000000E+00   0.000000E+00   8.975224E-01   4.409688E-01   0.000000E+00  -4.409688E-01   8.975224E-01   0.000000E+00   0.000000E+00   0.000000E+00   1.000000E+00 
  8.600000E-01   0.000000E+00   0.000000E+00   0.000000E+00   9.078146E-01   4.193717E-01   0.000000E+00  -4.193717E-01   9.078146E-01   0.000000E+00   0.000000E+00   0.000000E+00   1.000000E+00 
  8.800000E-01   0.000000E+00   0.000000E+00   0.000000E+00   9.188884E-01   3.945175E-01   0.000000E+00  -3.945175E-01   9.188884E-01   0.000000E+00   0.000000E+00   0.000000E+00   1.000000E+00 
  9.000000E-01   0.000000E+00   0.000000E+00   0.000000E+00   9.304192E-01   3.664970E-01   0.000000E+00  -3.664970E-01   9.304192E-01   0.000000E+00   0.000000E+00   0.000000E+00   1.000000E+00 
  9.200000E-01   0.000000E+00   0.000000E+00   0.000000E+00   9.420628E-01   3.354365E-01   0.000000E+00  -3.354365E-01   9.420628E-01   0.000000E+00   0.000000E+00   0.000000E+00   1.000000E+00 
  9.400000E-01   0.000000E+00   0.000000E+00   0.000000E+00   9.534655E-01   3.015022E-01   0.000000E+00  -3.015022E-01   9.534655E-01   0.000000E+00   0.000000E+00   0.000000E+00   1.000000E+00 
  9.600000E-01   0.000000E+00   0.000000E+00   0.000000E+00   9.642746E-01   2.649047E-01   0.000000E+00  -2.649047E-01   9.642746E-01   0.000000E+00   0.000000E+00   0.000000E+00   1.000000E+00 
  9.800000E-01   0.000000E+00   0.000000E+00   0.000000E+00   9.741504E-01   2.259002E-01   0.000000E+00  -2.259002E-01   9.741504E-01   0.000000E+00   0.000000E+00   0.000000E+00   1.000000E+00 
  1.000000E+00   0.000000E+00   0.000000E+00   0.000000E+00   9.827778E-01   1.847912E-01   0.000000E+00  -1.847912E-01   9.827778E-01   0.000000E+00   0.000000E+00   0.000000E+00   1.000000E+00 
  1.020000E+00   0.000000E+00   0.000000E+00   0.000000E+00   9.898777E-01   1.419232E-01   0.000000E+00  -1.419232E-01   9.898777E-01   0.000000E+00   0.000000E+00   0.000000E+00   1.000000E+00 
  1.040000E+00   0.000000E+00   0.000000E+00   0.000000E+00   9.952178E-01   9.768096E-02   0.000000E+00  -9.768096E-02   9.952178E-01   0.000000E+00   0.000000E+00   0.000000E+00   1.000000E+00 
  1.060000E+00   0.000000E+00   0.000000E+00   0.000000E+00   9.986219E-01   5.248057E-02   0.000000E+00  -5.248057E-02   9.986219E-01   0.000000E+00   0.000000E+00   0.000000E+00   1.000000E+00 
  1.080000E+00   0.000000E+00   0.000000E+00   0.000000E+00   9.999771E-01   6.761255E-03   0.000000E+00  -6.761255E-03   9.999771E-01   0.000000E+00   0.000000E+00   0.000000E+00   1.000000E+00 
  1.100000E+00   0.000000E+00   0.000000E+00   0.000000E+00   9.992382E-01  -3.902513E-02   0.000000E+00   3.902513E-02   9.992382E-01   0.000000E+00   0.000000E+00   0.000000E+00   1.000000E+00 
  1.120000E+00   0.000000E+00   0.000000E+00   0.000000E+00   9.964298E-01  -8.442507E-02   0.000000E+00   8.442507E-02   9.964298E-01   0.000000E+00   0.000000E+00   0.000000E+00   1.000000E+00 
  1.140000E+00   0.000000E+00   0.000000E+00   0.000000E+00   9.916453E-01  -1.289945E-01   0.000000E+00   1.289945E-01   9.916453E-01   0.000000E+00   0.000000E+00   0.000000E+00   1.000000E+00 
  1.160000E+00   0.000000E+00   0.000000E+00   0.000000E+00   9.850429E-01  -1.723095E-01   0.000000E+00   1.723095E-01   9.850429E-01   0.000000E+00   0.000000E+00   0.000000E+00   1.000000E+00 
  1.180000E+00   0.000000E+00   0.000000E+00   0.000000E+00   9.768391E-01  -2.139753E-01   0.000000E+00   2.139753E-01   9.768391E-01   0.000000E+00   0.000000E+00   0.000000E+00   1.000000E+00 
  1.200000E+00   0.000000E+00   0.000000E+00   0.000000E+00   9.673002E-01  -2.536342E-01   0.000000E+00   2.536342E-01   9.673002E-01   0.000000E+00   0.000000E+00   0.000000E+00   1.000000E+00 
  1.220000E+00   0.000000E+00   0.000000E+00   0.000000E+00   9.567320E-01  -2.909706E-01   0.000000E+00   2.909706E-01   9.567320E-01   0.000000E+00   0.000000E+00   0.000000E+00   1.000000E+00 
  1.240000E+00   0.000000E+00   0.000000E+00   0.000000E+00   9.454681E-01  -3.257146E-01   0.000000E+00   3.257146E-01   9.454681E-01   0.000000E+00   0.000000E+00   0.000000E+00   1.000000E+00 
  1.260000E+00   0.000000E+00   0.000000E+00   0.000000E+00   9.338587E-01  -3.576422E-01   0.000000E+00   3.576422E-01   9.338587E-01   0.000000E+00   0.000000E+00   0.000000E+00   1.000000E+00 
  1.280000E+00   0.000000E+00   0.000000E+00   0.000000E+00   9.222582E-01  -3.865745E-01   0.000000E+00   3.865745E-01   9.222582E-01   0.000000E+00   0.000000E+00   0.000000E+00   1.000000E+00 
  1.300000E+00   0.000000E+00   0.000000E+00   0.000000E+00   9.110147E-01  -4.123738E-01   0.000000E+00   4.123738E-01   9.110147E-01   0.000000E+00   0.000000E+00   0.000000E+00   1.000000E+00 
  1.320000E+00   0.000000E+00   0.000000E+00   0.000000E+00   9.004596E-01  -4.349396E-01   0.000000E+00   4.349396E-01   9.004596E-01   0.000000E+00   0.000000E+00   0.000000E+00   1.000000E+00 
  1.340000E+00   0.000000E+00   0.000000E+00   0.000000E+00   8.908987E-01  -4.542020E-01   0.000000E+00   4.542020E-01   8.908987E-01   0.000000E+00   0.000000E+00   0.000000E+00   1.000000E+00 
  1.360000E+00   0.000000E+00   0.000000E+00   0.000000E+00   8.826044E-01  -4.701164E-01   0.000000E+00   4.701164E-01   8.826044E-01   0.000000E+00   0.000000E+00   0.000000E+00   1.000000E+00 
  1.380000E+00   0.000000E+00   0.000000E+00   0.000000E+00   8.758096E-01  -4.826567E-01   0.000000E+00   4.826567E-01   8.758096E-01   0.000000E+00   0.000000E+00   0.000000E+00   1.000000E+00 
  1.400000E+00   0.000000E+00   0.000000E+00   0.000000E+00   8.707029E-01  -4.918094E-01   0.000000E+00   4.918094E-01   8.707029E-01   0.000000E+00   0.000000E+00   0.000000E+00   1.000000E+00 
  1.420000E+00   0.000000E+00   0.000000E+00   0.000000E+00   8.674243E-01  -4.975692E-01   0.000000E+00   4.975692E-01   8.674243E-01   0.000000E+00   0.000000E+00   0.000000E+00   1.000000E+00 
  1.440000E+00   0.000000E+00   0.000000E+00   0.000000E+00   8.660633E-01  -4.999343E-01   0.000000E+00   4.999343E-01   8.660633E-01   0.000000E+00   0.000000E+00   0.000000E+00   1.000000E+00 
  1.460000E+00   0.000000E+00   0.000000E+00   0.000000E+00   8.666569E-01  -4.989047E-01   0.000000E+00   4.989047E-01   8.666569E-01   0.000000E+00   0.000000E+00   0.000000E+00   1.000000E+00 
  1.480000E+00   0.000000E+00   0.000000E+00   0.000000E+00   8.691889E-01  -4.944803E-01   0.000000E+00   4.944803E-01   8.691889E-01   0.000000E+00   0.000000E+00   0.000000E+00   1.000000E+00 
  1.500000E+00   0.000000E+00   0.000000E+00   0.000000E+00   8.735904E-01  -4.866619E-01   0.000000E+00   4.866619E-01   8.735904E-01   0.000000E+00   0.000000E+00   0.000000E+00   1.000000E+00 
  1.520000E+00   0.000000E+00   0.000000E+00   0.000000E+00   8.797410E-01  -4.754533E-01   0.000000E+00   4.754533E-01   8.797410E-01   0.000000E+00   0.000000E+00   0.000000E+00   1.000000E+00 
  1.540000E+00   0.000000E+00   0.000000E+00   0.000000E+00   8.874708E-01  -4.608639E-01   0.000000E+00   4.608639E-01   8.874708E-01   0.000000E+00   0.000000E+00   0.000000E+00   1.000000E+00 
  1.560000E+00   0.000000E+00   0.000000E+00   0.000000E+00   8.965639E-01  -4.429144E-01   0.000000E+00   4.429144E-01   8.965639E-01   0.000000E+00   0.000000E+00   0.000000E+00   1.000000E+00 
  1.580000E+00   0.000000E+00   0.000000E+00   0.000000E+00   9.067627E-01  -4.216414E-01   0.000000E+00   4.216414E-01   9.067627E-01   0.000000E+00   0.000000E+00   0.000000E+00   1.000000E+00 
  1.600000E+00   0.000000E+00   0.000000E+00   0.000000E+00   9.177736E-01  -3.971039E-01   0.000000E+00   3.971039E-01   9.177736E-01   0.000000E+00   0.000000E+00   0.000000E+00   1.000000E+00 
  1.620000E+00   0.000000E+00   0.000000E+00   0.000000E+00   9.292745E-01  -3.693899E-01   0.000000E+00   3.693899E-01   9.292745E-01   0.000000E+00   0.000000E+00   0.000000E+00   1.000000E+00 
  1.640000E+00   0.000000E+00   0.000000E+00   0.000000E+00   9.409226E-01  -3.386217E-01   0.000000E+00   3.386217E-01   9.409226E-01   0.000000E+00   0.000000E+00   0.000000E+00   1.000000E+00 
  1.660000E+00   0.000000E+00   0.000000E+00   0.000000E+00   9.523647E-01  -3.049614E-01   0.000000E+00   3.049614E-01   9.523647E-01   0.000000E+00   0.000000E+00   0.000000E+00   1.000000E+00 
  1.680000E+00   0.000000E+00   0.000000E+00   0.000000E+00   9.632476E-01  -2.686152E-01   0.000000E+00   2.686152E-01   9.632476E-01   0.000000E+00   0.000000E+00   0.000000E+00   1.000000E+00 
  1.700000E+00   0.000000E+00   0.000000E+00   0.000000E+00   9.732297E-01  -2.298348E-01   0.000000E+00   2.298348E-01   9.732297E-01   0.000000E+00   0.000000E+00   0.000000E+00   1.000000E+00 
  1.720000E+00   0.000000E+00   0.000000E+00   0.000000E+00   9.819928E-01  -1.889181E-01   0.000000E+00   1.889181E-01   9.819928E-01   0.000000E+00   0.000000E+00   0.000000E+00   1.000000E+00 
  1.740000E+00   0.000000E+00   0.000000E+00   0.000000E+00   9.892541E-01  -1.462067E-01   0.000000E+00   1.462067E-01   9.892541E-01   0.000000E+00   0.000000E+00   0.000000E+00   1.000000E+00 
  1.760000E+00   0.000000E+00   0.000000E+00   0.000000E+00   9.947760E-01  -1.020816E-01   0.000000E+00   1.020816E-01   9.947760E-01   0.000000E+00   0.000000E+00   0.000000E+00   1.000000E+00 
  1.780000E+00   0.000000E+00   0.000000E+00   0.000000E+00   9.983767E-01  -5.695623E-02   0.000000E+00   5.695623E-02   9.983767E-01   0.000000E+00   0.000000E+00   0.000000E+00   1.000000E+00 
  1.800000E+00   0.000000E+00   0.000000E+00   0.000000E+00   9.999365E-01  -1.126803E-02   0.000000E+00   1.126803E-02   9.999365E-01   0.000000E+00   0.000000E+00   0.000000E+00   1.000000E+00 
  1.820000E+00   0.000000E+00   0.000000E+00   0.000000E+00   9.994036E-01   3.453192E-02   0.000000E+00  -3.453192E-02   9.994036E-01   0.000000E+00   0.000000E+00   0.000000E+00   1.000000E+00 
  1.840000E+00   0.000000E+00   0.000000E+00   0.000000E+00   9.967957E-01   7.998980E-02   0.000000E+00  -7.998980E-02   9.967957E-01   0.000000E+00   0.000000E+00   0.000000E+00   1.000000E+00 
  1.860000E+00   0.000000E+00   0.000000E+00   0.000000E+00   9.921995E-01   1.246601E-01   0.000000E+00  -1.246601E-01   9.921995E-01   0.000000E+00   0.000000E+00   0.000000E+00   1.000000E+00 
  1.880000E+00   0.000000E+00   0.000000E+00   0.000000E+00   9.857671E-01   1.681165E-01   0.000000E+00  -1.681165E-01   9.857671E-01   0.000000E+00   0.000000E+00   0.000000E+00   1.000000E+00 
  1.900000E+00   0.000000E+00   0.000000E+00   0.000000E+00   9.777097E-01   2.099611E-01   0.000000E+00  -2.099611E-01   9.777097E-01   0.000000E+00   0.000000E+00   0.000000E+00   1.000000E+00 
  1.920000E+00   0.000000E+00   0.000000E+00   0.000000E+00   9.682892E-01   2.498320E-01   0.000000E+00  -2.498320E-01   9.682892E-01   0.000000E+00   0.000000E+00   0.000000E+00   1.000000E+00 
  1.940000E+00   0.000000E+00   0.000000E+00   0.000000E+00   9.578078E-01   2.874096E-01   0.000000E+00  -2.874096E-01   9.578078E-01   0.000000E+00   0.000000E+00   0.000000E+00   1.000000E+00 
  1.960000E+00   0.000000E+00   0.000000E+00   0.000000E+00   9.465970E-01   3.224192E-01   0.000000E+00  -3.224192E-01   9.465970E-01   0.000000E+00   0.000000E+00   0.000000E+00   1.000000E+00 
  1.980000E+00   0.000000E+00   0.000000E+00   0.000000E+00   9.350058E-01   3.546324E-01   0.000000E+00  -3.546324E-01   9.350058E-01   0.000000E+00   0.000000E+00   0.000000E+00   1.000000E+00 
  2.000000E+00   0.000000E+00   0.000000E+00   0.000000E+00   9.233888E-01   3.838660E-01   0.000000E+00  -3.838660E-01   9.233888E-01   0.000000E+00   0.000000E+00   0.000000E+00   1.000000E+00 
  2.020000E+00   0.000000E+00   0.000000E+00   0.000000E+00   9.120952E-01   4.099785E-01   0.000000E+00  -4.099785E-01   9.120952E-01   0.000000E+00   0.000000E+00   0.000000E+00   1.000000E+00 
  2.040000E+00   0.000000E+00   0.000000E+00   0.000000E+00   9.014584E-01   4.328658E-01   0.000000E+00  -4.328658E-01   9.014584E-01   0.000000E+00   0.000000E+00   0.000000E+00   1.000000E+00 
  2.060000E+00   0.000000E+00   0.000000E+00   0.000000E+00   8.917870E-01   4.524555E-01   0.000000E+00  -4.524555E-01   8.917870E-01   0.000000E+00   0.000000E+00   0.000000E+00   1.000000E+00 
  2.080000E+00   0.000000E+00   0.000000E+00   0.000000E+00   8.833571E-01   4.687006E-01   0.000000E+00  -4.687006E-01   8.833571E-01   0.000000E+00   0.000000E+00   0.000000E+00   1.000000E+00 
  2.100000E+00   0.000000E+00   0.000000E+00   0.000000E+00   8.764057E-01   4.815734E-01   0.000000E+00  -4.815734E-01   8.764057E-01   0.000000E+00   0.000000E+00   0.000000E+00   1.000000E+00 
  2.120000E+00   0.000000E+00   0.000000E+00   0.000000E+00   8.711259E-01   4.910597E-01   0.000000E+00  -4.910597E-01   8.711259E-01   0.000000E+00   0.000000E+00   0.000000E+00   1.000000E+00 
  2.140000E+00   0.000000E+00   0.000000E+00   0.000000E+00   8.676628E-01   4.971532E-01   0.000000E+00  -4.971532E-01   8.676628E-01   0.000000E+00   0.000000E+00   0.000000E+00   1.000000E+00 
  2.160000E+00   0.000000E+00   0.000000E+00   0.000000E+00   8.661107E-01   4.998522E-01   0.000000E+00  -4.998522E-01   8.661107E-01   0.000000E+00   0.000000E+00   0.000000E+00   1.000000E+00 
  2.180000E+00   0.000000E+00   0.000000E+00   0.000000E+00   8.665119E-01   4.991565E-01   0.000000E+00  -4.991565E-01   8.665119E-01   0.000000E+00   0.000000E+00   0.000000E+00   1.000000E+00 
  2.200000E+00   0.000000E+00   0.000000E+00   0.000000E+00   8.688554E-01   4.950659E-01   0.000000E+00  -4.950659E-01   8.688554E-01   0.000000E+00   0.000000E+00   0.000000E+00   1.000000E+00 
  2.220000E+00   0.000000E+00   0.000000E+00   0.000000E+00   8.730776E-01   4.875813E-01   0.000000E+00  -4.875813E-01   8.730776E-01   0.000000E+00   0.000000E+00   0.000000E+00   1.000000E+00 
  2.240000E+00   0.000000E+00   0.000000E+00   0.000000E+00   8.790629E-01   4.767057E-01   0.000000E+00  -4.767057E-01   8.790629E-01   0.000000E+00   0.000000E+00   0.000000E+00   1.000000E+00 
  2.260000E+00   0.000000E+00   0.000000E+00   0.000000E+00   8.866463E-01   4.624482E-01   0.000000E+00  -4.624482E-01   8.866463E-01   0.000000E+00   0.000000E+00   0.000000E+00   1.000000E+00 
  2.280000E+00   0.000000E+00   0.000000E+00   0.000000E+00   8.956161E-01   4.448278E-01   0.000000E+00  -4.448278E-01   8.956161E-01   0.000000E+00   0.000000E+00   0.000000E+00   1.000000E+00 
  2.300000E+00   0.000000E+00   0.000000E+00   0.000000E+00   9.057186E-01   4.238794E-01   0.000000E+00  -4.238794E-01   9.057186E-01   0.000000E+00   0.000000E+00   0.000000E+00   1.000000E+00 
  2.320000E+00   0.000000E+00   0.000000E+00   0.000000E+00   9.166636E-01   3.996597E-01   0.000000E+00  -3.996597E-01   9.166636E-01   0.000000E+00   0.000000E+00   0.000000E+00   1.000000E+00 
  2.340000E+00   0.000000E+00   0.000000E+00   0.000000E+00   9.281312E-01   3.722532E-01   0.000000E+00  -3.722532E-01   9.281312E-01   0.000000E+00   0.000000E+00   0.000000E+00   1.000000E+00 
  2.360000E+00   0.000000E+00   0.000000E+00   0.000000E+00   9.397804E-01   3.417789E-01   0.000000E+00  -3.417789E-01   9.397804E-01   0.000000E+00   0.000000E+00   0.000000E+00   1.000000E+00 
  2.380000E+00   0.000000E+00   0.000000E+00   0.000000E+00   9.512585E-01   3.083947E-01   0.000000E+00  -3.083947E-01   9.512585E-01   0.000000E+00   0.000000E+00   0.000000E+00   1.000000E+00 
  2.400000E+00   0.000000E+00   0.000000E+00   0.000000E+00   9.622118E-01   2.723022E-01   0.000000E+00  -2.723022E-01   9.622118E-01   0.000000E+00   0.000000E+00   0.000000E+00   1.000000E+00 
  2.420000E+00   0.000000E+00   0.000000E+00   0.000000E+00   9.722970E-01   2.337487E-01   0.000000E+00  -2.337487E-01   9.722970E-01   0.000000E+00   0.000000E+00   0.000000E+00   1.000000E+00 
  2.440000E+00   0.000000E+00   0.000000E+00   0.000000E+00   9.811933E-01   1.930276E-01   0.000000E+00  -1.930276E-01   9.811933E-01   0.000000E+00   0.000000E+00   0.000000E+00   1.000000E+00 
  2.460000E+00   0.000000E+00   0.000000E+00   0.000000E+00   9.886136E-01   1.504764E-01   0.000000E+00  -1.504764E-01   9.886136E-01   0.000000E+00   0.000000E+00   0.000000E+00   1.000000E+00 
  2.480000E+00   0.000000E+00   0.000000E+00   0.000000E+00   9.943157E-01   1.064725E-01   0.000000E+00  -1.064725E-01   9.943157E-01   0.000000E+00   0.000000E+00   0.000000E+00   1.000000E+00 
  2.500000E+00   0.000000E+00   0.000000E+00   0.000000E+00   9.981116E-01   6.142643E-02   0.000000E+00  -6.142643E-02   9.981116E-01   0.000000E+00   0.000000E+00   0.000000E+00   1.000000E+00 
  2.520000E+00   0.000000E+00   0.000000E+00   0.000000E+00   9.998756E-01   1.577373E-02   0.000000E+00  -1.577373E-02   9.998756E-01   0.000000E+00   0.000000E+00   0.000000E+00   1.000000E+00 
  2.540000E+00   0.000000E+00   0.000000E+00   0.000000E+00   9.995488E-01  -3.003540E-02   0.000000E+00   3.003540E-02   9.995488E-01   0.000000E+00   0.000000E+00   0.000000E+00   1.000000E+00 
  2.560000E+00   0.000000E+00   0.000000E+00   0.000000E+00   9.971423E-01  -7.554688E-02   0.000000E+00   7.554688E-02   9.971423E-01   0.000000E+00   0.000000E+00   0.000000E+00   1.000000E+00 
  2.580000E+00   0.000000E+00   0.000000E+00   0.000000E+00   9.927359E-01  -1.203140E-01   0.000000E+00   1.203140E-01   9.927359E-01   0.000000E+00   0.000000E+00   0.000000E+00   1.000000E+00 
  2.600000E+00   0.000000E+00   0.000000E+00   0.000000E+00   9.864756E-01  -1.639079E-01   0.000000E+00   1.639079E-01   9.864756E-01   0.000000E+00   0.000000E+00   0.000000E+00   1.000000E+00 
  2.620000E+00   0.000000E+00   0.000000E+00   0.000000E+00   9.785672E-01  -2.059277E-01   0.000000E+00   2.059277E-01   9.785672E-01   0.000000E+00   0.000000E+00   0.000000E+00   1.000000E+00 
  2.640000E+00   0.000000E+00   0.000000E+00   0.000000E+00   9.692679E-01  -2.460076E-01   0.000000E+00   2.460076E-01   9.692679E-01   0.000000E+00   0.000000E+00   0.000000E+00   1.000000E+00 
  2.660000E+00   0.000000E+00   0.000000E+00   0.000000E+00   9.588765E-01  -2.838236E-01   0.000000E+00   2.838236E-01   9.588765E-01   0.000000E+00   0.000000E+00   0.000000E+00   1.000000E+00 
  2.680000E+00   0.000000E+00   0.000000E+00   0.000000E+00   9.477222E-01  -3.190967E-01   0.000000E+00   3.190967E-01   9.477222E-01   0.000000E+00   0.000000E+00   0.000000E+00   1.000000E+00 
  2.700000E+00   0.000000E+00   0.000000E+00   0.000000E+00   9.361527E-01  -3.515938E-01   0.000000E+00   3.515938E-01   9.361527E-01   0.000000E+00   0.000000E+00   0.000000E+00   1.000000E+00 
  2.720000E+00   0.000000E+00   0.000000E+00   0.000000E+00   9.245226E-01  -3.811273E-01   0.000000E+00   3.811273E-01   9.245226E-01   0.000000E+00   0.000000E+00   0.000000E+00   1.000000E+00 
  2.740000E+00   0.000000E+00   0.000000E+00   0.000000E+00   9.131820E-01  -4.075520E-01   0.000000E+00   4.075520E-01   9.131820E-01   0.000000E+00   0.000000E+00   0.000000E+00   1.000000E+00 
  2.760000E+00   0.000000E+00   0.000000E+00   0.000000E+00   9.024665E-01  -4.307601E-01   0.000000E+00   4.307601E-01   9.024665E-01   0.000000E+00   0.000000E+00   0.000000E+00   1.000000E+00 
  2.780000E+00   0.000000E+00   0.000000E+00   0.000000E+00   8.926873E-01  -4.506766E-01   0.000000E+00   4.506766E-01   8.926873E-01   0.000000E+00   0.000000E+00   0.000000E+00   1.000000E+00 
  2.800000E+00   0.000000E+00   0.000000E+00   0.000000E+00   8.841241E-01  -4.672521E-01   0.000000E+00   4.672521E-01   8.841241E-01   0.000000E+00   0.000000E+00   0.000000E+00   1.000000E+00 
  2.820000E+00   0.000000E+00   0.000000E+00   0.000000E+00   8.770181E-01  -4.804574E-01   0.000000E+00   4.804574E-01   8.770181E-01   0.000000E+00   0.000000E+00   0.000000E+00   1.000000E+00 
  2.840000E+00   0.000000E+00   0.000000E+00   0.000000E+00   8.715666E-01  -4.902771E-01   0.000000E+00   4.902771E-01   8.715666E-01   0.000000E+00   0.000000E+00   0.000000E+00   1.000000E+00 
  2.860000E+00   0.000000E+00   0.000000E+00   0.000000E+00   8.679198E-01  -4.967044E-01   0.000000E+00   4.967044E-01   8.679198E-01   0.000000E+00   0.000000E+00   0.000000E+00   1.000000E+00 
  2.880000E+00   0.000000E+00   0.000000E+00   0.000000E+00   8.661770E-01  -4.997373E-01   0.000000E+00   4.997373E-01   8.661770E-01   0.000000E+00   0.000000E+00   0.000000E+00   1.000000E+00 
  2.900000E+00   0.000000E+00   0.000000E+00   0.000000E+00   8.663857E-01  -4.993754E-01   0.000000E+00   4.993754E-01   8.663857E-01   0.000000E+00   0.000000E+00   0.000000E+00   1.000000E+00 
  2.920000E+00   0.000000E+00   0.000000E+00   0.000000E+00   8.685402E-01  -4.956187E-01   0.000000E+00   4.956187E-01   8.685402E-01   0.000000E+00   0.000000E+00   0.000000E+00   1.000000E+00 
  2.940000E+00   0.000000E+00   0.000000E+00   0.000000E+00   8.725819E-01  -4.884678E-01   0.000000E+00   4.884678E-01   8.725819E-01   0.000000E+00   0.000000E+00   0.000000E+00   1.000000E+00 
  2.960000E+00   0.000000E+00   0.000000E+00   0.000000E+00   8.784004E-01  -4.779255E-01   0.000000E+00   4.779255E-01   8.784004E-01   0.000000E+00   0.000000E+00   0.000000E+00   1.000000E+00 
  2.980000E+00   0.000000E+00   0.000000E+00   0.000000E+00   8.858352E-01  -4.639999E-01   0.000000E+00   4.639999E-01   8.858352E-01   0.000000E+00   0.000000E+00   0.000000E+00   1.000000E+00 
  3.000000E+00   0.000000E+00   0.000000E+00   0.000000E+00   8.946793E-01  -4.467090E-01   0.000000E+00   4.467090E-01   8.946793E-01   0.000000E+00   0.000000E+00   0.000000E+00   1.000000E+00 
  3.020000E+00   0.000000E+00   0.000000E+00   0.000000E+00   9.046827E-01  -4.260858E-01   0.000000E+00   4.260858E-01   9.046827E-01   0.000000E+00   0.000000E+00   0.000000E+00   1.000000E+00 
  3.040000E+00   0.000000E+00   0.000000E+00   0.000000E+00   9.155586E-01  -4.021846E-01   0.000000E+00   4.021846E-01   9.155586E-01   0.000000E+00   0.000000E+00   0.000000E+00   1.000000E+00 
  3.060000E+00   0.000000E+00   0.000000E+00   0.000000E+00   9.269897E-01  -3.750869E-01   0.000000E+00   3.750869E-01   9.269897E-01   0.000000E+00   0.000000E+00   0.000000E+00   1.000000E+00 
  3.080000E+00   0.000000E+00   0.000000E+00   0.000000E+00   9.386365E-01  -3.449079E-01   0.000000E+00   3.449079E-01   9.386365E-01   0.000000E+00   0.000000E+00   0.000000E+00   1.000000E+00 
  3.100000E+00   0.000000E+00   0.000000E+00   0.000000E+00   9.501472E-01  -3.118016E-01   0.000000E+00   3.118016E-01   9.501472E-01   0.000000E+00   0.000000E+00   0.000000E+00   1.000000E+00 
  3.120000E+00   0.000000E+00   0.000000E+00   0.000000E+00   9.611676E-01  -2.759653E-01   0.000000E+00   2.759653E-01   9.611676E-01   0.000000E+00   0.000000E+00   0.000000E+00   1.000000E+00 
  3.140000E+00   0.000000E+00   0.000000E+00   0.000000E+00   9.713529E-01  -2.376416E-01   0.000000E+00   2.376416E-01   9.713529E-01   0.000000E+00   0.000000E+00   0.000000E+00   1.000000E+00 
  3.160000E+00   0.000000E+00   0.000000E+00   0.000000E+00   9.803795E-01  -1.971194E-01   0.000000E+00   1.971194E-01   9.803795E-01   0.000000E+00   0.000000E+00   0.000000E+00   1.000000E+00 
  3.180000E+00   0.000000E+00   0.000000E+00   0.000000E+00   9.879565E-01  -1.547321E-01   0.000000E+00   1.547321E-01   9.879565E-01   0.000000E+00   0.000000E+00   0.000000E+00   1.000000E+00 
  3.200000E+00   0.000000E+00   0.000000E+00   0.000000E+00   9.938368E-01  -1.108533E-01   0.000000E+00   1.108533E-01   9.938368E-01   0.000000E+00   0.000000E+00   0.000000E+00   1.000000E+00 
  3.220000E+00   0.000000E+00   0.000000E+00   0.000000E+00   9.978268E-01  -6.589075E-02   0.000000E+00   6.589075E-02   9.978268E-01   0.000000E+00   0.000000E+00   0.000000E+00   1.000000E+00 
  3.240000E+00   0.000000E+00   0.000000E+00   0.000000E+00   9.997944E-01  -2.027792E-02   0.000000E+00   2.027792E-02   9.997944E-01   0.000000E+00   0.000000E+00   0.000000E+00   1.000000E+00 
  3.260000E+00   0.000000E+00   0.000000E+00   0.000000E+00   9.996739E-01   2.553598E-02   0.000000E+00  -2.553598E-02   9.996739E-01   0.000000E+00   0.000000E+00   0.000000E+00   1.000000E+00 
  3.280000E+00   0.000000E+00   0.000000E+00   0.000000E+00   9.974694E-01   7.109676E-02   0.000000E+00  -7.109676E-02   9.974694E-01   0.000000E+00   0.000000E+00   0.000000E+00   1.000000E+00 
  3.300000E+00   0.000000E+00   0.000000E+00   0.000000E+00   9.932543E-01   1.159564E-01   0.000000E+00  -1.159564E-01   9.932543E-01   0.000000E+00   0.000000E+00   0.000000E+00   1.000000E+00 
  3.320000E+00   0.000000E+00   0.000000E+00   0.000000E+00   9.871682E-01   1.596841E-01   0.000000E+00  -1.596841E-01   9.871682E-01   0.000000E+00   0.000000E+00   0.000000E+00   1.000000E+00 
  3.340000E+00   0.000000E+00   0.000000E+00   0.000000E+00   9.794112E-01   2.018755E-01   0.000000E+00  -2.018755E-01   9.794112E-01   0.000000E+00   0.000000E+00   0.000000E+00   1.000000E+00 
  3.360000E+00   0.000000E+00   0.000000E+00   0.000000E+00   9.702360E-01   2.421613E-01   0.000000E+00  -2.421613E-01   9.702360E-01   0.000000E+00   0.000000E+00   0.000000E+00   1.000000E+00 
  3.380000E+00   0.000000E+00   0.000000E+00   0.000000E+00   9.599378E-01   2.802131E-01   0.000000E+00  -2.802131E-01   9.599378E-01   0.000000E+00   0.000000E+00   0.000000E+00   1.000000E+00 
  3.400000E+00   0.000000E+00   0.000000E+00   0.000000E+00   9.488433E-01   3.157473E-01   0.000000E+00  -3.157473E-01   9.488433E-01   0.000000E+00   0.000000E+00   0.000000E+00   1.000000E+00 
  3.420000E+00   0.000000E+00   0.000000E+00   0.000000E+00   9.372990E-01   3.485264E-01   0.000000E+00  -3.485264E-01   9.372990E-01   0.000000E+00   0.000000E+00   0.000000E+00   1.000000E+00 
  3.440000E+00   0.000000E+00   0.000000E+00   0.000000E+00   9.256591E-01   3.783585E-01   0.000000E+00  -3.783585E-01   9.256591E-01   0.000000E+00   0.000000E+00   0.000000E+00   1.000000E+00 
  3.460000E+00   0.000000E+00   0.000000E+00   0.000000E+00   9.142749E-01   4.050943E-01   0.000000E+00  -4.050943E-01   9.142749E-01   0.000000E+00   0.000000E+00   0.000000E+00   1.000000E+00 
  3.480000E+00   0.000000E+00   0.000000E+00   0.000000E+00   9.034836E-01   4.286226E-01   0.000000E+00  -4.286226E-01   9.034836E-01   0.000000E+00   0.000000E+00   0.000000E+00   1.000000E+00 
  3.500000E+00   0.000000E+00   0.000000E+00   0.000000E+00   8.935994E-01   4.488653E-01   0.000000E+00  -4.488653E-01   8.935994E-01   0.000000E+00   0.000000E+00   0.000000E+00   1.000000E+00 
  3.520000E+00   0.000000E+00   0.000000E+00   0.000000E+00   8.849053E-01   4.657710E-01   0.000000E+00  -4.657710E-01   8.849053E-01   0.000000E+00   0.000000E+00   0.000000E+00   1.000000E+00 
  3.540000E+00   0.000000E+00   0.000000E+00   0.000000E+00   8.776464E-01   4.793086E-01   0.000000E+00  -4.793086E-01   8.776464E-01   0.000000E+00   0.000000E+00   0.000000E+00   1.000000E+00 
  3.560000E+00   0.000000E+00   0.000000E+00   0.000000E+00   8.720248E-01   4.894617E-01   0.000000E+00  -4.894617E-01   8.720248E-01   0.000000E+00   0.000000E+00   0.000000E+00   1.000000E+00 
  3.580000E+00   0.000000E+00   0.000000E+00   0.000000E+00   8.681952E-01   4.962228E-01   0.000000E+00  -4.962228E-01   8.681952E-01   0.000000E+00   0.000000E+00   0.000000E+00   1.000000E+00 
  3.600000E+00   0.000000E+00   0.000000E+00   0.000000E+00   8.662622E-01   4.995895E-01   0.000000E+00  -4.995895E-01   8.662622E-01   0.000000E+00   0.000000E+00   0.000000E+00   1.000000E+00 
  3.620000E+00   0.000000E+00   0.000000E+00   0.000000E+00   8.662784E-01   4.995615E-01   0.000000E+00  -4.995615E-01   8.662784E-01   0.000000E+00   0.000000E+00   0.000000E+00   1.000000E+00 
  3.640000E+00   0.000000E+00   0.000000E+00   0.000000E+00   8.682433E-01   4.961387E-01   0.000000E+00  -4.961387E-01   8.682433E-01   0.000000E+00   0.000000E+00   0.000000E+00   1.000000E+00 
  3.660000E+00   0.000000E+00   0.000000E+00   0.000000E+00   8.721035E-01   4.893215E-01   0.000000E+00  -4.893215E-01   8.721035E-01   0.000000E+00   0.000000E+00   0.000000E+00   1.000000E+00 
  3.680000E+00   0.000000E+00   0.000000E+00   0.000000E+00   8.777535E-01   4.791125E-01   0.000000E+00  -4.791125E-01   8.777535E-01   0.000000E+00   0.000000E+00   0.000000E+00   1.000000E+00 
  3.700000E+00   0.000000E+00   0.000000E+00   0.000000E+00   8.850378E-01   4.655191E-01   0.000000E+00  -4.655191E-01   8.850378E-01   0.000000E+00   0.000000E+00   0.000000E+00   1.000000E+00 
  3.720000E+00   0.000000E+00   0.000000E+00   0.000000E+00   8.937537E-01   4.485580E-01   0.000000E+00  -4.485580E-01   8.937537E-01   0.000000E+00   0.000000E+00   0.000000E+00   1.000000E+00 
  3.740000E+00   0.000000E+00   0.000000E+00   0.000000E+00   9.036553E-01   4.282605E-01   0.000000E+00  -4.282605E-01   9.036553E-01   0.000000E+00   0.000000E+00   0.000000E+00   1.000000E+00 
  3.760000E+00   0.000000E+00   0.000000E+00   0.000000E+00   9.144590E-01   4.046785E-01   0.000000E+00  -4.046785E-01   9.144590E-01   0.000000E+00   0.000000E+00   0.000000E+00   1.000000E+00 
  3.780000E+00   0.000000E+00   0.000000E+00   0.000000E+00   9.258502E-01   3.778906E-01   0.000000E+00  -3.778906E-01   9.258502E-01   0.000000E+00   0.000000E+00   0.000000E+00   1.000000E+00 
  3.800000E+00   0.000000E+00   0.000000E+00   0.000000E+00   9.374914E-01   3.480085E-01   0.000000E+00  -3.480085E-01   9.374914E-01   0.000000E+00   0.000000E+00   0.000000E+00   1.000000E+00 
  3.820000E+00   0.000000E+00   0.000000E+00   0.000000E+00   9.490312E-01   3.151822E-01   0.000000E+00  -3.151822E-01   9.490312E-01   0.000000E+00   0.000000E+00   0.000000E+00   1.000000E+00 
  3.840000E+00   0.000000E+00   0.000000E+00   0.000000E+00   9.601153E-01   2.796043E-01   0.000000E+00  -2.796043E-01   9.601153E-01   0.000000E+00   0.000000E+00   0.000000E+00   1.000000E+00 
  3.860000E+00   0.000000E+00   0.000000E+00   0.000000E+00   9.703975E-01   2.415132E-01   0.000000E+00  -2.415132E-01   9.703975E-01   0.000000E+00   0.000000E+00   0.000000E+00   1.000000E+00 
  3.880000E+00   0.000000E+00   0.000000E+00   0.000000E+00   9.795516E-01   2.011932E-01   0.000000E+00  -2.011932E-01   9.795516E-01   0.000000E+00   0.000000E+00   0.000000E+00   1.000000E+00 
  3.900000E+00   0.000000E+00   0.000000E+00   0.000000E+00   9.872829E-01   1.589733E-01   0.000000E+00  -1.589733E-01   9.872829E-01   0.000000E+00   0.000000E+00   0.000000E+00   1.000000E+00 
  3.920000E+00   0.000000E+00   0.000000E+00   0.000000E+00   9.933396E-01   1.152236E-01   0.000000E+00  -1.152236E-01   9.933396E-01   0.000000E+00   0.000000E+00   0.000000E+00   1.000000E+00 
  3.940000E+00   0.000000E+00   0.000000E+00   0.000000E+00   9.975225E-01   7.034878E-02   0.000000E+00  -7.034878E-02   9.975225E-01   0.000000E+00   0.000000E+00   0.000000E+00   1.000000E+00 
  3.960000E+00   0.000000E+00   0.000000E+00   0.000000E+00   9.996929E-01   2.478015E-02   0.000000E+00  -2.478015E-02   9.996929E-01   0.000000E+00   0.000000E+00   0.000000E+00   1.000000E+00 
  3.980000E+00   0.000000E+00   0.000000E+00   0.000000E+00   9.997788E-01  -2.103412E-02   0.000000E+00   2.103412E-02   9.997788E-01   0.000000E+00   0.000000E+00   0.000000E+00   1.000000E+00 
  4.000000E+00   0.000000E+00   0.000000E+00   0.000000E+00   9.977771E-01  -6.663984E-02   0.000000E+00   6.663984E-02   9.977771E-01   0.000000E+00   0.000000E+00   0.000000E+00   1.000000E+00 
  4.020000E+00   0.000000E+00   0.000000E+00   0.000000E+00   9.937546E-01  -1.115879E-01   0.000000E+00   1.115879E-01   9.937546E-01   0.000000E+00   0.000000E+00   0.000000E+00   1.000000E+00 
  4.040000E+00   0.000000E+00   0.000000E+00   0.000000E+00   9.878445E-01  -1.554453E-01   0.000000E+00   1.554453E-01   9.878445E-01   0.000000E+00   0.000000E+00   0.000000E+00   1.000000E+00 
  4.060000E+00   0.000000E+00   0.000000E+00   0.000000E+00   9.802414E-01  -1.978048E-01   0.000000E+00   1.978048E-01   9.802414E-01   0.000000E+00   0.000000E+00   0.000000E+00   1.000000E+00 
  4.080000E+00   0.000000E+00   0.000000E+00   0.000000E+00   9.711932E-01  -2.382933E-01   0.000000E+00   2.382933E-01   9.711932E-01   0.000000E+00   0.000000E+00   0.000000E+00   1.000000E+00 
  4.100000E+00   0.000000E+00   0.000000E+00   0.000000E+00   9.609914E-01  -2.765781E-01   0.000000E+00   2.765781E-01   9.609914E-01   0.000000E+00   0.000000E+00   0.000000E+00   1.000000E+00 
  4.120000E+00   0.000000E+00   0.000000E+00   0.000000E+00   9.499601E-01  -3.123712E-01   0.000000E+00   3.123712E-01   9.499601E-01   0.000000E+00   0.000000E+00   0.000000E+00   1.000000E+00 
  4.140000E+00   0.000000E+00   0.000000E+00   0.000000E+00   9.384443E-01  -3.454305E-01   0.000000E+00   3.454305E-01   9.384443E-01   0.000000E+00   0.000000E+00   0.000000E+00   1.000000E+00 
  4.160000E+00   0.000000E+00   0.000000E+00   0.000000E+00   9.267982E-01  -3.755598E-01   0.000000E+00   3.755598E-01   9.267982E-01   0.000000E+00   0.000000E+00   0.000000E+00   1.000000E+00 
  4.180000E+00   0.000000E+00   0.000000E+00   0.000000E+00   9.153736E-01  -4.026055E-01   0.000000E+00   4.026055E-01   9.153736E-01   0.000000E+00   0.000000E+00   0.000000E+00   1.000000E+00 
  4.200000E+00   0.000000E+00   0.000000E+00   0.000000E+00   9.045096E-01  -4.264532E-01   0.000000E+00   4.264532E-01   9.045096E-01   0.000000E+00   0.000000E+00   0.000000E+00   1.000000E+00 
  4.220000E+00   0.000000E+00   0.000000E+00   0.000000E+00   8.945231E-01  -4.470218E-01   0.000000E+00   4.470218E-01   8.945231E-01   0.000000E+00   0.000000E+00   0.000000E+00   1.000000E+00 
  4.240000E+00   0.000000E+00   0.000000E+00   0.000000E+00   8.857004E-01  -4.642573E-01   0.000000E+00   4.642573E-01   8.857004E-01   0.000000E+00   0.000000E+00   0.000000E+00   1.000000E+00 
  4.260000E+00   0.000000E+00   0.000000E+00   0.000000E+00   8.782907E-01  -4.781271E-01   0.000000E+00   4.781271E-01   8.782907E-01   0.000000E+00   0.000000E+00   0.000000E+00   1.000000E+00 
  4.280000E+00   0.000000E+00   0.000000E+00   0.000000E+00   8.725004E-01  -4.886135E-01   0.000000E+00   4.886135E-01   8.725004E-01   0.000000E+00   0.000000E+00   0.000000E+00   1.000000E+00 
  4.300000E+00   0.000000E+00   0.000000E+00   0.000000E+00   8.684891E-01  -4.957083E-01   0.000000E+00   4.957083E-01   8.684891E-01   0.000000E+00   0.000000E+00   0.000000E+00   1.000000E+00 
  4.320000E+00   0.000000E+00   0.000000E+00   0.000000E+00   8.663664E-01  -4.994089E-01   0.000000E+00   4.994089E-01   8.663664E-01   0.000000E+00   0.000000E+00   0.000000E+00   1.000000E+00 
  4.340000E+00   0.000000E+00   0.000000E+00   0.000000E+00   8.661900E-01  -4.997148E-01   0.000000E+00   4.997148E-01   8.661900E-01   0.000000E+00   0.000000E+00   0.000000E+00   1.000000E+00 
  4.360000E+00   0.000000E+00   0.000000E+00   0.000000E+00   8.679647E-01  -4.966258E-01   0.000000E+00   4.966258E-01   8.679647E-01   0.000000E+00   0.000000E+00   0.000000E+00   1.000000E+00 
  4.380000E+00   0.000000E+00   0.000000E+00   0.000000E+00   8.716424E-01  -4.901424E-01   0.000000E+00   4.901424E-01   8.716424E-01   0.000000E+00   0.000000E+00   0.000000E+00   1.000000E+00 
  4.400000E+00   0.000000E+00   0.000000E+00   0.000000E+00   8.771225E-01  -4.802668E-01   0.000000E+00   4.802668E-01   8.771225E-01   0.000000E+00   0.000000E+00   0.000000E+00   1.000000E+00 
  4.420000E+00   0.000000E+00   0.000000E+00   0.000000E+00   8.842543E-01  -4.670056E-01   0.000000E+00   4.670056E-01   8.842543E-01   0.000000E+00   0.000000E+00   0.000000E+00   1.000000E+00 
  4.440000E+00   0.000000E+00   0.000000E+00   0.000000E+00   8.928397E-01  -4.503746E-01   0.000000E+00   4.503746E-01   8.928397E-01   0.000000E+00   0.000000E+00   0.000000E+00   1.000000E+00 
  4.460000E+00   0.000000E+00   0.000000E+00   0.000000E+00   9.026366E-01  -4.304034E-01   0.000000E+00   4.304034E-01   9.026366E-01   0.000000E+00   0.000000E+00   0.000000E+00   1.000000E+00 
  4.480000E+00   0.000000E+00   0.000000E+00   0.000000E+00   9.133651E-01  -4.071414E-01   0.000000E+00   4.071414E-01   9.133651E-01   0.000000E+00   0.000000E+00   0.000000E+00   1.000000E+00 
  4.500000E+00   0.000000E+00   0.000000E+00   0.000000E+00   9.247132E-01  -3.806645E-01   0.000000E+00   3.806645E-01   9.247132E-01   0.000000E+00   0.000000E+00   0.000000E+00   1.000000E+00 
  4.520000E+00   0.000000E+00   0.000000E+00   0.000000E+00   9.363452E-01  -3.510807E-01   0.000000E+00   3.510807E-01   9.363452E-01   0.000000E+00   0.000000E+00   0.000000E+00   1.000000E+00 
  4.540000E+00   0.000000E+00   0.000000E+00   0.000000E+00   9.479107E-01  -3.185361E-01   0.000000E+00   3.185361E-01   9.479107E-01   0.000000E+00   0.000000E+00   0.000000E+00   1.000000E+00 
  4.560000E+00   0.000000E+00   0.000000E+00   0.000000E+00   9.590553E-01  -2.832190E-01   0.000000E+00   2.832190E-01   9.590553E-01   0.000000E+00   0.000000E+00   0.000000E+00   1.000000E+00 
  4.580000E+00   0.000000E+00   0.000000E+00   0.000000E+00   9.694312E-01  -2.453632E-01   0.000000E+00   2.453632E-01   9.694312E-01   0.000000E+00   0.000000E+00   0.000000E+00   1.000000E+00 
  4.600000E+00   0.000000E+00   0.000000E+00   0.000000E+00   9.787099E-01  -2.052485E-01   0.000000E+00   2.052485E-01   9.787099E-01   0.000000E+00   0.000000E+00   0.000000E+00   1.000000E+00 
  4.620000E+00   0.000000E+00   0.000000E+00   0.000000E+00   9.865931E-01  -1.631997E-01   0.000000E+00   1.631997E-01   9.865931E-01   0.000000E+00   0.000000E+00   0.000000E+00   1.000000E+00 
  4.640000E+00   0.000000E+00   0.000000E+00   0.000000E+00   9.928242E-01  -1.195830E-01   0.000000E+00   1.195830E-01   9.928242E-01   0.000000E+00   0.000000E+00   0.000000E+00   1.000000E+00 
  4.660000E+00   0.000000E+00   0.000000E+00   0.000000E+00   9.971986E-01  -7.480007E-02   0.000000E+00   7.480007E-02   9.971986E-01   0.000000E+00   0.000000E+00   0.000000E+00   1.000000E+00 
  4.680000E+00   0.000000E+00   0.000000E+00   0.000000E+00   9.995712E-01  -2.928000E-02   0.000000E+00   2.928000E-02   9.995712E-01   0.000000E+00   0.000000E+00   0.000000E+00   1.000000E+00 
  4.700000E+00   0.000000E+00   0.000000E+00   0.000000E+00   9.998634E-01   1.653024E-02   0.000000E+00  -1.653024E-02   9.998634E-01   0.000000E+00   0.000000E+00   0.000000E+00   1.000000E+00 
  4.720000E+00   0.000000E+00   0.000000E+00   0.000000E+00   9.980652E-01   6.217655E-02   0.000000E+00  -6.217655E-02   9.980652E-01   0.000000E+00   0.000000E+00   0.000000E+00   1.000000E+00 
  4.740000E+00   0.000000E+00   0.000000E+00   0.000000E+00   9.942365E-01   1.072089E-01   0.000000E+00  -1.072089E-01   9.942365E-01   0.000000E+00   0.000000E+00   0.000000E+00   1.000000E+00 
  4.760000E+00   0.000000E+00   0.000000E+00   0.000000E+00   9.885044E-01   1.511921E-01   0.000000E+00  -1.511921E-01   9.885044E-01   0.000000E+00   0.000000E+00   0.000000E+00   1.000000E+00 
  4.780000E+00   0.000000E+00   0.000000E+00   0.000000E+00   9.810576E-01   1.937160E-01   0.000000E+00  -1.937160E-01   9.810576E-01   0.000000E+00   0.000000E+00   0.000000E+00   1.000000E+00 
  4.800000E+00   0.000000E+00   0.000000E+00   0.000000E+00   9.721393E-01   2.344039E-01   0.000000E+00  -2.344039E-01   9.721393E-01   0.000000E+00   0.000000E+00   0.000000E+00   1.000000E+00 
  4.820000E+00   0.000000E+00   0.000000E+00   0.000000E+00   9.620370E-01   2.729190E-01   0.000000E+00  -2.729190E-01   9.620370E-01   0.000000E+00   0.000000E+00   0.000000E+00   1.000000E+00 
  4.840000E+00   0.000000E+00   0.000000E+00   0.000000E+00   9.510722E-01   3.089686E-01   0.000000E+00  -3.089686E-01   9.510722E-01   0.000000E+00   0.000000E+00   0.000000E+00   1.000000E+00 
  4.860000E+00   0.000000E+00   0.000000E+00   0.000000E+00   9.395884E-01   3.423063E-01   0.000000E+00  -3.423063E-01   9.395884E-01   0.000000E+00   0.000000E+00   0.000000E+00   1.000000E+00 
  4.880000E+00   0.000000E+00   0.000000E+00   0.000000E+00   9.279394E-01   3.727312E-01   0.000000E+00  -3.727312E-01   9.279394E-01   0.000000E+00   0.000000E+00   0.000000E+00   1.000000E+00 
  4.900000E+00   0.000000E+00   0.000000E+00   0.000000E+00   9.164777E-01   4.000858E-01   0.000000E+00  -4.000858E-01   9.164777E-01   0.000000E+00   0.000000E+00   0.000000E+00   1.000000E+00 
  4.920000E+00   0.000000E+00   0.000000E+00   0.000000E+00   9.055441E-01   4.242522E-01   0.000000E+00  -4.242522E-01   9.055441E-01   0.000000E+00   0.000000E+00   0.000000E+00   1.000000E+00 
  4.940000E+00   0.000000E+00   0.000000E+00   0.000000E+00   8.954580E-01   4.451460E-01   0.000000E+00  -4.451460E-01   8.954580E-01   0.000000E+00   0.000000E+00   0.000000E+00   1.000000E+00 
  4.960000E+00   0.000000E+00   0.000000E+00   0.000000E+00   8.865092E-01   4.627110E-01   0.000000E+00  -4.627110E-01   8.865092E-01   0.000000E+00   0.000000E+00   0.000000E+00   1.000000E+00 
  4.980000E+00   0.000000E+00   0.000000E+00   0.000000E+00   8.789506E-01   4.769128E-01   0.000000E+00  -4.769128E-01   8.789506E-01   0.000000E+00   0.000000E+00   0.000000E+00   1.000000E+00 
  5.000000E+00   0.000000E+00   0.000000E+00   0.000000E+00   8.729932E-01   4.877324E-01   0.000000E+00  -4.877324E-01   8.729932E-01   0.000000E+00   0.000000E+00   0.000000E+00   1.000000E+00 
  5.020000E+00   0.000000E+00   0.000000E+00   0.000000E+00   8.688012E-01   4.951610E-01   0.000000E+00  -4.951610E-01   8.688012E-01   0.000000E+00   0.000000E+00   0.000000E+00   1.000000E+00 
  5.040000E+00   0.000000E+00   0.000000E+00   0.000000E+00   8.664894E-01   4.991955E-01   0.000000E+00  -4.991955E-01   8.664894E-01   0.000000E+00   0.000000E+00   0.000000E+00   1.000000E+00 
  5.060000E+00   0.000000E+00   0.000000E+00   0.000000E+00   8.661205E-01   4.998352E-01   0.000000E+00  -4.998352E-01   8.661205E-01   0.000000E+00   0.000000E+00   0.000000E+00   1.000000E+00 
  5.080000E+00   0.000000E+00   0.000000E+00   0.000000E+00   8.677046E-01   4.970801E-01   0.000000E+00  -4.970801E-01   8.677046E-01   0.000000E+00   0.000000E+00   0.000000E+00   1.000000E+00 
  5.100000E+00   0.000000E+00   0.000000E+00   0.000000E+00   8.711987E-01   4.909305E-01   0.000000E+00  -4.909305E-01   8.711987E-01   0.000000E+00   0.000000E+00   0.000000E+00   1.000000E+00 
  5.120000E+00   0.000000E+00   0.000000E+00   0.000000E+00   8.765074E-01   4.813883E-01   0.000000E+00  -4.813883E-01   8.765074E-01   0.000000E+00   0.000000E+00   0.000000E+00   1.000000E+00 
  5.140000E+00   0.000000E+00   0.000000E+00   0.000000E+00   8.834849E-01   4.684596E-01   0.000000E+00  -4.684596E-01   8.834849E-01   0.000000E+00   0.000000E+00   0.000000E+00   1.000000E+00 
  5.160000E+00   0.000000E+00   0.000000E+00   0.000000E+00   8.919374E-01   4.521590E-01   0.000000E+00  -4.521590E-01   8.919374E-01   0.000000E+00   0.000000E+00   0.000000E+00   1.000000E+00 
  5.180000E+00   0.000000E+00   0.000000E+00   0.000000E+00   9.016270E-01   4.325144E-01   0.000000E+00  -4.325144E-01   9.016270E-01   0.000000E+00   0.000000E+00   0.000000E+00   1.000000E+00 
  5.200000E+00   0.000000E+00   0.000000E+00   0.000000E+00   9.122773E-01   4.095732E-01   0.000000E+00  -4.095732E-01   9.122773E-01   0.000000E+00   0.000000E+00   0.000000E+00   1.000000E+00 
  5.220000E+00   0.000000E+00   0.000000E+00   0.000000E+00   9.235790E-01   3.834082E-01   0.000000E+00  -3.834082E-01   9.235790E-01   0.000000E+00   0.000000E+00   0.000000E+00   1.000000E+00 
  5.240000E+00   0.000000E+00   0.000000E+00   0.000000E+00   9.351984E-01   3.541242E-01   0.000000E+00  -3.541242E-01   9.351984E-01   0.000000E+00   0.000000E+00   0.000000E+00   1.000000E+00 
  5.260000E+00   0.000000E+00   0.000000E+00   0.000000E+00   9.467862E-01   3.218631E-01   0.000000E+00  -3.218631E-01   9.467862E-01   0.000000E+00   0.000000E+00   0.000000E+00   1.000000E+00 
  5.280000E+00   0.000000E+00   0.000000E+00   0.000000E+00   9.579878E-01   2.868091E-01   0.000000E+00  -2.868091E-01   9.579878E-01   0.000000E+00   0.000000E+00   0.000000E+00   1.000000E+00 
  5.300000E+00   0.000000E+00   0.000000E+00   0.000000E+00   9.684543E-01   2.491913E-01   0.000000E+00  -2.491913E-01   9.684543E-01   0.000000E+00   0.000000E+00   0.000000E+00   1.000000E+00 
  5.320000E+00   0.000000E+00   0.000000E+00   0.000000E+00   9.778547E-01   2.092851E-01   0.000000E+00  -2.092851E-01   9.778547E-01   0.000000E+00   0.000000E+00   0.000000E+00   1.000000E+00 
  5.340000E+00   0.000000E+00   0.000000E+00   0.000000E+00   9.858872E-01   1.674109E-01   0.000000E+00  -1.674109E-01   9.858872E-01   0.000000E+00   0.000000E+00   0.000000E+00   1.000000E+00 
  5.360000E+00   0.000000E+00   0.000000E+00   0.000000E+00   9.922908E-01   1.239311E-01   0.000000E+00  -1.239311E-01   9.922908E-01   0.000000E+00   0.000000E+00   0.000000E+00   1.000000E+00 
  5.380000E+00   0.000000E+00   0.000000E+00   0.000000E+00   9.968552E-01   7.924422E-02   0.000000E+00  -7.924422E-02   9.968552E-01   0.000000E+00   0.000000E+00   0.000000E+00   1.000000E+00 
  5.400000E+00   0.000000E+00   0.000000E+00   0.000000E+00   9.994294E-01   3.377704E-02   0.000000E+00  -3.377704E-02   9.994294E-01   0.000000E+00   0.000000E+00   0.000000E+00   1.000000E+00 
  5.420000E+00   0.000000E+00   0.000000E+00   0.000000E+00   9.999277E-01  -1.202477E-02   0.000000E+00   1.202477E-02   9.999277E-01   0.000000E+00   0.000000E+00   0.000000E+00   1.000000E+00 
  5.440000E+00   0.000000E+00   0.000000E+00   0.000000E+00   9.983335E-01  -5.770730E-02   0.000000E+00   5.770730E-02   9.983335E-01   0.000000E+00   0.000000E+00   0.000000E+00   1.000000E+00 
  5.460000E+00   0.000000E+00   0.000000E+00   0.000000E+00   9.947000E-01  -1.028196E-01   0.000000E+00   1.028196E-01   9.947000E-01   0.000000E+00   0.000000E+00   0.000000E+00   1.000000E+00 
  5.480000E+00   0.000000E+00   0.000000E+00   0.000000E+00   9.891477E-01  -1.469247E-01   0.000000E+00   1.469247E-01   9.891477E-01   0.000000E+00   0.000000E+00   0.000000E+00   1.000000E+00 
  5.500000E+00   0.000000E+00   0.000000E+00   0.000000E+00   9.818596E-01  -1.896094E-01   0.000000E+00   1.896094E-01   9.818596E-01   0.000000E+00   0.000000E+00   0.000000E+00   1.000000E+00 
  5.520000E+00   0.000000E+00   0.000000E+00   0.000000E+00   9.730739E-01  -2.304935E-01   0.000000E+00   2.304935E-01   9.730739E-01   0.000000E+00   0.000000E+00   0.000000E+00   1.000000E+00 
  5.540000E+00   0.000000E+00   0.000000E+00   0.000000E+00   9.630742E-01  -2.692360E-01   0.000000E+00   2.692360E-01   9.630742E-01   0.000000E+00   0.000000E+00   0.000000E+00   1.000000E+00 
  5.560000E+00   0.000000E+00   0.000000E+00   0.000000E+00   9.521793E-01  -3.055398E-01   0.000000E+00   3.055398E-01   9.521793E-01   0.000000E+00   0.000000E+00   0.000000E+00   1.000000E+00 
  5.580000E+00   0.000000E+00   0.000000E+00   0.000000E+00   9.407309E-01  -3.391538E-01   0.000000E+00   3.391538E-01   9.407309E-01   0.000000E+00   0.000000E+00   0.000000E+00   1.000000E+00 
  5.600000E+00   0.000000E+00   0.000000E+00   0.000000E+00   9.290824E-01  -3.698728E-01   0.000000E+00   3.698728E-01   9.290824E-01   0.000000E+00   0.000000E+00   0.000000E+00   1.000000E+00 
  5.620000E+00   0.000000E+00   0.000000E+00   0.000000E+00   9.175869E-01  -3.975353E-01   0.000000E+00   3.975353E-01   9.175869E-01   0.000000E+00   0.000000E+00   0.000000E+00   1.000000E+00 
  5.640000E+00   0.000000E+00   0.000000E+00   0.000000E+00   9.065868E-01  -4.220194E-01   0.000000E+00   4.220194E-01   9.065868E-01   0.000000E+00   0.000000E+00   0.000000E+00   1.000000E+00 
  5.660000E+00   0.000000E+00   0.000000E+00   0.000000E+00   8.964040E-01  -4.432380E-01   0.000000E+00   4.432380E-01   8.964040E-01   0.000000E+00   0.000000E+00   0.000000E+00   1.000000E+00 
  5.680000E+00   0.000000E+00   0.000000E+00   0.000000E+00   8.873314E-01  -4.611322E-01   0.000000E+00   4.611322E-01   8.873314E-01   0.000000E+00   0.000000E+00   0.000000E+00   1.000000E+00 
  5.700000E+00   0.000000E+00   0.000000E+00   0.000000E+00   8.796260E-01  -4.756659E-01   0.000000E+00   4.756659E-01   8.796260E-01   0.000000E+00   0.000000E+00   0.000000E+00   1.000000E+00 
  5.720000E+00   0.000000E+00   0.000000E+00   0.000000E+00   8.735031E-01  -4.868186E-01   0.000000E+00   4.868186E-01   8.735031E-01   0.000000E+00   0.000000E+00   0.000000E+00   1.000000E+00 
  5.740000E+00   0.000000E+00   0.000000E+00   0.000000E+00   8.691316E-01  -4.945809E-01   0.000000E+00   4.945809E-01   8.691316E-01   0.000000E+00   0.000000E+00   0.000000E+00   1.000000E+00 
  5.760000E+00   0.000000E+00   0.000000E+00   0.000000E+00   8.666312E-01  -4.989492E-01   0.000000E+00   4.989492E-01   8.666312E-01   0.000000E+00   0.000000E+00   0.000000E+00   1.000000E+00 
  5.780000E+00   0.000000E+00   0.000000E+00   0.000000E+00   8.660700E-01  -4.999228E-01   0.000000E+00   4.999228E-01   8.660700E-01   0.000000E+00   0.000000E+00   0.000000E+00   1.000000E+00 
  5.800000E+00   0.000000E+00   0.000000E+00   0.000000E+00   8.674631E-01  -4.975016E-01   0.000000E+00   4.975016E-01   8.674631E-01   0.000000E+00   0.000000E+00   0.000000E+00   1.000000E+00 
  5.820000E+00   0.000000E+00   0.000000E+00   0.000000E+00   8.707727E-01  -4.916858E-01   0.000000E+00   4.916858E-01   8.707727E-01   0.000000E+00   0.000000E+00   0.000000E+00   1.000000E+00 
  5.840000E+00   0.000000E+00   0.000000E+00   0.000000E+00   8.759086E-01  -4.824771E-01   0.000000E+00   4.824771E-01   8.759086E-01   0.000000E+00   0.000000E+00   0.000000E+00   1.000000E+00 
  5.860000E+00   0.000000E+00   0.000000E+00   0.000000E+00   8.827298E-01  -4.698810E-01   0.000000E+00   4.698810E-01   8.827298E-01   0.000000E+00   0.000000E+00   0.000000E+00   1.000000E+00 
  5.880000E+00   0.000000E+00   0.000000E+00   0.000000E+00   8.910470E-01  -4.539110E-01   0.000000E+00   4.539110E-01   8.910470E-01   0.000000E+00   0.000000E+00   0.000000E+00   1.000000E+00 
  5.900000E+00   0.000000E+00   0.000000E+00   0.000000E+00   9.006267E-01  -4.345935E-01   0.000000E+00   4.345935E-01   9.006267E-01   0.000000E+00   0.000000E+00   0.000000E+00   1.000000E+00 
  5.920000E+00   0.000000E+00   0.000000E+00   0.000000E+00   9.111957E-01  -4.119738E-01   0.000000E+00   4.119738E-01   9.111957E-01   0.000000E+00   0.000000E+00   0.000000E+00   1.000000E+00 
  5.940000E+00   0.000000E+00   0.000000E+00   0.000000E+00   9.224478E-01  -3.861218E-01   0.000000E+00   3.861218E-01   9.224478E-01   0.000000E+00   0.000000E+00   0.000000E+00   1.000000E+00 
  5.960000E+00   0.000000E+00   0.000000E+00   0.000000E+00   9.340513E-01  -3.571388E-01   0.000000E+00   3.571388E-01   9.340513E-01   0.000000E+00   0.000000E+00   0.000000E+00   1.000000E+00 
  5.980000E+00   0.000000E+00   0.000000E+00   0.000000E+00   9.456580E-01  -3.251631E-01   0.000000E+00   3.251631E-01   9.456580E-01   0.000000E+00   0.000000E+00   0.000000E+00   1.000000E+00 
  6.000000E+00   0.000000E+00   0.000000E+00   0.000000E+00   9.569131E-01  -2.903744E-01   0.000000E+00   2.903744E-01   9.569131E-01   0.000000E+00   0.000000E+00   0.000000E+00   1.000000E+00 
  6.020000E+00   0.000000E+00   0.000000E+00   0.000000E+00   9.674670E-01  -2.529973E-01   0.000000E+00   2.529973E-01   9.674670E-01   0.000000E+00   0.000000E+00   0.000000E+00   1.000000E+00 
  6.040000E+00   0.000000E+00   0.000000E+00   0.000000E+00   9.769862E-01  -2.133026E-01   0.000000E+00   2.133026E-01   9.769862E-01   0.000000E+00   0.000000E+00   0.000000E+00   1.000000E+00 
  6.060000E+00   0.000000E+00   0.000000E+00   0.000000E+00   9.851656E-01  -1.716065E-01   0.000000E+00   1.716065E-01   9.851656E-01   0.000000E+00   0.000000E+00   0.000000E+00   1.000000E+00 
  6.080000E+00   0.000000E+00   0.000000E+00   0.000000E+00   9.917396E-01  -1.282675E-01   0.000000E+00   1.282675E-01   9.917396E-01   0.000000E+00   0.000000E+00   0.000000E+00   1.000000E+00 
  6.100000E+00   0.000000E+00   0.000000E+00   0.000000E+00   9.964926E-01  -8.368081E-02   0.000000E+00   8.368081E-02   9.964926E-01   0.000000E+00   0.000000E+00   0.000000E+00   1.000000E+00 
  6.120000E+00   0.000000E+00   0.000000E+00   0.000000E+00   9.992674E-01  -3.827083E-02   0.000000E+00   3.827083E-02   9.992674E-01   0.000000E+00   0.000000E+00   0.000000E+00   1.000000E+00 
  6.140000E+00   0.000000E+00   0.000000E+00   0.000000E+00   9.999717E-01   7.518139E-03   0.000000E+00  -7.518139E-03   9.999717E-01   0.000000E+00   0.000000E+00   0.000000E+00   1.000000E+00 
  6.160000E+00   0.000000E+00   0.000000E+00   0.000000E+00   9.985821E-01   5.323253E-02   0.000000E+00  -5.323253E-02   9.985821E-01   0.000000E+00   0.000000E+00   0.000000E+00   1.000000E+00 
  6.180000E+00   0.000000E+00   0.000000E+00   0.000000E+00   9.951449E-01   9.842061E-02   0.000000E+00  -9.842061E-02   9.951449E-01   0.000000E+00   0.000000E+00   0.000000E+00   1.000000E+00 
  6.200000E+00   0.000000E+00   0.000000E+00   0.000000E+00   9.897741E-01   1.426435E-01   0.000000E+00  -1.426435E-01   9.897741E-01   0.000000E+00   0.000000E+00   0.000000E+00   1.000000E+00 
  6.220000E+00   0.000000E+00   0.000000E+00   0.000000E+00   9.826470E-01   1.854854E-01   0.000000E+00  -1.854854E-01   9.826470E-01   0.000000E+00   0.000000E+00   0.000000E+00   1.000000E+00 
  6.240000E+00   0.000000E+00   0.000000E+00   0.000000E+00   9.739967E-01   2.265624E-01   0.000000E+00  -2.265624E-01   9.739967E-01   0.000000E+00   0.000000E+00   0.000000E+00   1.000000E+00 
  6.260000E+00   0.000000E+00   0.000000E+00   0.000000E+00   9.641028E-01   2.655294E-01   0.000000E+00  -2.655294E-01   9.641028E-01   0.000000E+00   0.000000E+00   0.000000E+00   1.000000E+00 
  6.280000E+00   0.000000E+00   0.000000E+00   0.000000E+00   9.532810E-01   3.020849E-01   0.000000E+00  -3.020849E-01   9.532810E-01   0.000000E+00   0.000000E+00   0.000000E+00   1.000000E+00 
  6.300000E+00   0.000000E+00   0.000000E+00   0.000000E+00   9.418715E-01   3.359733E-01   0.000000E+00  -3.359733E-01   9.418715E-01   0.000000E+00   0.000000E+00   0.000000E+00   1.000000E+00 
  6.320000E+00   0.000000E+00   0.000000E+00   0.000000E+00   9.302269E-01   3.669849E-01   0.000000E+00  -3.669849E-01   9.302269E-01   0.000000E+00   0.000000E+00   0.000000E+00   1.000000E+00 
  6.340000E+00   0.000000E+00   0.000000E+00   0.000000E+00   9.187009E-01   3.949540E-01   0.000000E+00  -3.949540E-01   9.187009E-01   0.000000E+00   0.000000E+00   0.000000E+00   1.000000E+00 
  6.360000E+00   0.000000E+00   0.000000E+00   0.000000E+00   9.076374E-01   4.197551E-01   0.000000E+00  -4.197551E-01   9.076374E-01   0.000000E+00   0.000000E+00   0.000000E+00   1.000000E+00 
  6.380000E+00   0.000000E+00   0.000000E+00   0.000000E+00   8.973607E-01   4.412978E-01   0.000000E+00  -4.412978E-01   8.973607E-01   0.000000E+00   0.000000E+00   0.000000E+00   1.000000E+00 
  6.400000E+00   0.000000E+00   0.000000E+00   0.000000E+00   8.881669E-01   4.595209E-01   0.000000E+00  -4.595209E-01   8.881669E-01   0.000000E+00   0.000000E+00   0.000000E+00   1.000000E+00 
  6.420000E+00   0.000000E+00   0.000000E+00   0.000000E+00   8.803168E-01   4.743862E-01   0.000000E+00  -4.743862E-01   8.803168E-01   0.000000E+00   0.000000E+00   0.000000E+00   1.000000E+00 
  6.440000E+00   0.000000E+00   0.000000E+00   0.000000E+00   8.740300E-01   4.858720E-01   0.000000E+00  -4.858720E-01   8.740300E-01   0.000000E+00   0.000000E+00   0.000000E+00   1.000000E+00 
  6.460000E+00   0.000000E+00   0.000000E+00   0.000000E+00   8.694801E-01   4.939679E-01   0.000000E+00  -4.939679E-01   8.694801E-01   0.000000E+00   0.000000E+00   0.000000E+00   1.000000E+00 
  6.480000E+00   0.000000E+00   0.000000E+00   0.000000E+00   8.667918E-01   4.986701E-01   0.000000E+00  -4.986701E-01   8.667918E-01   0.000000E+00   0.000000E+00   0.000000E+00   1.000000E+00 
  6.500000E+00   0.000000E+00   0.000000E+00   0.000000E+00   8.660383E-01   4.999776E-01   0.000000E+00  -4.999776E-01   8.660383E-01   0.000000E+00   0.000000E+00   0.000000E+00   1.000000E+00 
  6.520000E+00   0.000000E+00   0.000000E+00   0.000000E+00   8.672400E-01   4.978903E-01   0.000000E+00  -4.978903E-01   8.672400E-01   0.000000E+00   0.000000E+00   0.000000E+00   1.000000E+00 
  6.540000E+00   0.000000E+00   0.000000E+00   0.000000E+00   8.703643E-01   4.924083E-01   0.000000E+00  -4.924083E-01   8.703643E-01   0.000000E+00   0.000000E+00   0.000000E+00   1.000000E+00 
  6.560000E+00   0.000000E+00   0.000000E+00   0.000000E+00   8.753261E-01   4.835331E-01   0.000000E+00  -4.835331E-01   8.753261E-01   0.000000E+00   0.000000E+00   0.000000E+00   1.000000E+00 
  6.580000E+00   0.000000E+00   0.000000E+00   0.000000E+00   8.819892E-01   4.712697E-01   0.000000E+00  -4.712697E-01   8.819892E-01   0.000000E+00   0.000000E+00   0.000000E+00   1.000000E+00 
  6.600000E+00   0.000000E+00   0.000000E+00   0.000000E+00   8.901690E-01   4.556306E-01   0.000000E+00  -4.556306E-01   8.901690E-01   0.000000E+00   0.000000E+00   0.000000E+00   1.000000E+00 
  6.620000E+00   0.000000E+00   0.000000E+00   0.000000E+00   8.996360E-01   4.366407E-01   0.000000E+00  -4.366407E-01   8.996360E-01   0.000000E+00   0.000000E+00   0.000000E+00   1.000000E+00 
  6.640000E+00   0.000000E+00   0.000000E+00   0.000000E+00   9.101208E-01   4.143431E-01   0.000000E+00  -4.143431E-01   9.101208E-01   0.000000E+00   0.000000E+00   0.000000E+00   1.000000E+00 
  6.660000E+00   0.000000E+00   0.000000E+00   0.000000E+00   9.213201E-01   3.888050E-01   0.000000E+00  -3.888050E-01   9.213201E-01   0.000000E+00   0.000000E+00   0.000000E+00   1.000000E+00 
  6.680000E+00   0.000000E+00   0.000000E+00   0.000000E+00   9.329043E-01   3.601245E-01   0.000000E+00  -3.601245E-01   9.329043E-01   0.000000E+00   0.000000E+00   0.000000E+00   1.000000E+00 
  6.700000E+00   0.000000E+00   0.000000E+00   0.000000E+00   9.445263E-01   3.284358E-01   0.000000E+00  -3.284358E-01   9.445263E-01   0.000000E+00   0.000000E+00   0.000000E+00   1.000000E+00 
  6.720000E+00   0.000000E+00   0.000000E+00   0.000000E+00   9.558317E-01   2.939146E-01   0.000000E+00  -2.939146E-01   9.558317E-01   0.000000E+00   0.000000E+00   0.000000E+00   1.000000E+00 
  6.740000E+00   0.000000E+00   0.000000E+00   0.000000E+00   9.664697E-01   2.567807E-01   0.000000E+00  -2.567807E-01   9.664697E-01   0.000000E+00   0.000000E+00   0.000000E+00   1.000000E+00 
  6.760000E+00   0.000000E+00   0.000000E+00   0.000000E+00   9.761047E-01   2.173007E-01   0.000000E+00  -2.173007E-01   9.761047E-01   0.000000E+00   0.000000E+00   0.000000E+00   1.000000E+00 
  6.780000E+00   0.000000E+00   0.000000E+00   0.000000E+00   9.844284E-01   1.757862E-01   0.000000E+00  -1.757862E-01   9.844284E-01   0.000000E+00   0.000000E+00   0.000000E+00   1.000000E+00 
  6.800000E+00   0.000000E+00   0.000000E+00   0.000000E+00   9.911707E-01   1.325918E-01   0.000000E+00  -1.325918E-01   9.911707E-01   0.000000E+00   0.000000E+00   0.000000E+00   1.000000E+00 
  6.820000E+00   0.000000E+00   0.000000E+00   0.000000E+00   9.961108E-01   8.810941E-02   0.000000E+00  -8.810941E-02   9.961108E-01   0.000000E+00   0.000000E+00   0.000000E+00   1.000000E+00 
  6.840000E+00   0.000000E+00   0.000000E+00   0.000000E+00   9.990853E-01   4.276095E-02   0.000000E+00  -4.276095E-02   9.990853E-01   0.000000E+00   0.000000E+00   0.000000E+00   1.000000E+00 
  6.860000E+00   0.000000E+00   0.000000E+00   0.000000E+00   9.999955E-01  -3.010789E-03   0.000000E+00   3.010789E-03   9.999955E-01   0.000000E+00   0.000000E+00   0.000000E+00   1.000000E+00 
  6.880000E+00   0.000000E+00   0.000000E+00   0.000000E+00   9.988109E-01  -4.875266E-02   0.000000E+00   4.875266E-02   9.988109E-01   0.000000E+00   0.000000E+00   0.000000E+00   1.000000E+00 
  6.900000E+00   0.000000E+00   0.000000E+00   0.000000E+00   9.955710E-01  -9.401226E-02   0.000000E+00   9.401226E-02   9.955710E-01   0.000000E+00   0.000000E+00   0.000000E+00   1.000000E+00 
  6.920000E+00   0.000000E+00   0.000000E+00   0.000000E+00   9.903835E-01  -1.383490E-01   0.000000E+00   1.383490E-01   9.903835E-01   0.000000E+00   0.000000E+00   0.000000E+00   1.000000E+00 
  6.940000E+00   0.000000E+00   0.000000E+00   0.000000E+00   9.834197E-01  -1.813443E-01   0.000000E+00   1.813443E-01   9.834197E-01   0.000000E+00   0.000000E+00   0.000000E+00   1.000000E+00 
  6.960000E+00   0.000000E+00   0.000000E+00   0.000000E+00   9.749074E-01  -2.226108E-01   0.000000E+00   2.226108E-01   9.749074E-01   0.000000E+00   0.000000E+00   0.000000E+00   1.000000E+00 
  6.980000E+00   0.000000E+00   0.000000E+00   0.000000E+00   9.651223E-01  -2.617995E-01   0.000000E+00   2.617995E-01   9.651223E-01   0.000000E+00   0.000000E+00   0.000000E+00   1.000000E+00 
  7.000000E+00   0.000000E+00   0.000000E+00   0.000000E+00   9.543770E-01  -2.986042E-01   0.000000E+00   2.986042E-01   9.543770E-01   0.000000E+00   0.000000E+00   0.000000E+00   1.000000E+00 
  7.020000E+00   0.000000E+00   0.000000E+00   0.000000E+00   9.430098E-01  -3.327649E-01   0.000000E+00   3.327649E-01   9.430098E-01   0.000000E+00   0.000000E+00   0.000000E+00   1.000000E+00 
  7.040000E+00   0.000000E+00   0.000000E+00   0.000000E+00   9.313726E-01  -3.640675E-01   0.000000E+00   3.640675E-01   9.313726E-01   0.000000E+00   0.000000E+00   0.000000E+00   1.000000E+00 
  7.060000E+00   0.000000E+00   0.000000E+00   0.000000E+00   9.198194E-01  -3.923419E-01   0.000000E+00   3.923419E-01   9.198194E-01   0.000000E+00   0.000000E+00   0.000000E+00   1.000000E+00 
  7.080000E+00   0.000000E+00   0.000000E+00   0.000000E+00   9.086957E-01  -4.174592E-01   0.000000E+00   4.174592E-01   9.086957E-01   0.000000E+00   0.000000E+00   0.000000E+00   1.000000E+00 
  7.100000E+00   0.000000E+00   0.000000E+00   0.000000E+00   8.983280E-01  -4.393255E-01   0.000000E+00   4.393255E-01   8.983280E-01   0.000000E+00   0.000000E+00   0.000000E+00   1.000000E+00 
  7.120000E+00   0.000000E+00   0.000000E+00   0.000000E+00   8.890155E-01  -4.578771E-01   0.000000E+00   4.578771E-01   8.890155E-01   0.000000E+00   0.000000E+00   0.000000E+00   1.000000E+00 
  7.140000E+00   0.000000E+00   0.000000E+00   0.000000E+00   8.810228E-01  -4.730738E-01   0.000000E+00   4.730738E-01   8.810228E-01   0.000000E+00   0.000000E+00   0.000000E+00   1.000000E+00 
  7.160000E+00   0.000000E+00   0.000000E+00   0.000000E+00   8.745737E-01  -4.848926E-01   0.000000E+00   4.848926E-01   8.745737E-01   0.000000E+00   0.000000E+00   0.000000E+00   1.000000E+00 
  7.180000E+00   0.000000E+00   0.000000E+00   0.000000E+00   8.698467E-01  -4.933222E-01   0.000000E+00   4.933222E-01   8.698467E-01   0.000000E+00   0.000000E+00   0.000000E+00   1.000000E+00 
  7.200000E+00   0.000000E+00   0.000000E+00   0.000000E+00   8.669712E-01  -4.983582E-01   0.000000E+00   4.983582E-01   8.669712E-01   0.000000E+00   0.000000E+00   0.000000E+00   1.000000E+00 
  7.220000E+00   0.000000E+00   0.000000E+00   0.000000E+00   8.660257E-01  -4.999995E-01   0.000000E+00   4.999995E-01   8.660257E-01   0.000000E+00   0.000000E+00   0.000000E+00   1.000000E+00 
  7.240000E+00   0.000000E+00   0.000000E+00   0.000000E+00   8.670357E-01  -4.982461E-01   0.000000E+00   4.982461E-01   8.670357E-01   0.000000E+00   0.000000E+00   0.000000E+00   1.000000E+00 
  7.260000E+00   0.000000E+00   0.000000E+00   0.000000E+00   8.699738E-01  -4.930979E-01   0.000000E+00   4.930979E-01   8.699738E-01   0.000000E+00   0.000000E+00   0.000000E+00   1.000000E+00 
  7.280000E+00   0.000000E+00   0.000000E+00   0.000000E+00   8.747601E-01  -4.845563E-01   0.000000E+00   4.845563E-01   8.747601E-01   0.000000E+00   0.000000E+00   0.000000E+00   1.000000E+00 
  7.300000E+00   0.000000E+00   0.000000E+00   0.000000E+00   8.812633E-01  -4.726257E-01   0.000000E+00   4.726257E-01   8.812633E-01   0.000000E+00   0.000000E+00   0.000000E+00   1.000000E+00 
  7.320000E+00   0.000000E+00   0.000000E+00   0.000000E+00   8.893034E-01  -4.573177E-01   0.000000E+00   4.573177E-01   8.893034E-01   0.000000E+00   0.000000E+00   0.000000E+00   1.000000E+00 
  7.340000E+00   0.000000E+00   0.000000E+00   0.000000E+00   8.986551E-01  -4.386559E-01   0.000000E+00   4.386559E-01   8.986551E-01   0.000000E+00   0.000000E+00   0.000000E+00   1.000000E+00 
  7.360000E+00   0.000000E+00   0.000000E+00   0.000000E+00   9.090528E-01  -4.166810E-01   0.000000E+00   4.166810E-01   9.090528E-01   0.000000E+00   0.000000E+00   0.000000E+00   1.000000E+00 
  7.380000E+00   0.000000E+00   0.000000E+00   0.000000E+00   9.201961E-01  -3.914578E-01   0.000000E+00   3.914578E-01   9.201961E-01   0.000000E+00   0.000000E+00   0.000000E+00   1.000000E+00 
  7.400000E+00   0.000000E+00   0.000000E+00   0.000000E+00   9.317576E-01  -3.630810E-01   0.000000E+00   3.630810E-01   9.317576E-01   0.000000E+00   0.000000E+00   0.000000E+00   1.000000E+00 
  7.420000E+00   0.000000E+00   0.000000E+00   0.000000E+00   9.433916E-01  -3.316811E-01   0.000000E+00   3.316811E-01   9.433916E-01   0.000000E+00   0.000000E+00   0.000000E+00   1.000000E+00 
  7.440000E+00   0.000000E+00   0.000000E+00   0.000000E+00   9.547438E-01  -2.974294E-01   0.000000E+00   2.974294E-01   9.547438E-01   0.000000E+00   0.000000E+00   0.000000E+00   1.000000E+00 
  7.460000E+00   0.000000E+00   0.000000E+00   0.000000E+00   9.654626E-01  -2.605415E-01   0.000000E+00   2.605415E-01   9.654626E-01   0.000000E+00   0.000000E+00   0.000000E+00   1.000000E+00 
  7.480000E+00   0.000000E+00   0.000000E+00   0.000000E+00   9.752105E-01  -2.212791E-01   0.000000E+00   2.212791E-01   9.752105E-01   0.000000E+00   0.000000E+00   0.000000E+00   1.000000E+00 
  7.500000E+00   0.000000E+00   0.000000E+00   0.000000E+00   9.836758E-01  -1.799496E-01   0.000000E+00   1.799496E-01   9.836758E-01   0.000000E+00   0.000000E+00   0.000000E+00   1.000000E+00 
  7.520000E+00   0.000000E+00   0.000000E+00   0.000000E+00   9.905844E-01  -1.369036E-01   0.000000E+00   1.369036E-01   9.905844E-01   0.000000E+00   0.000000E+00   0.000000E+00   1.000000E+00 
  7.540000E+00   0.000000E+00   0.000000E+00   0.000000E+00   9.957099E-01  -9.252963E-02   0.000000E+00   9.252963E-02   9.957099E-01   0.000000E+00   0.000000E+00   0.000000E+00   1.000000E+00 
  7.560000E+00   0.000000E+00   0.000000E+00   0.000000E+00   9.988832E-01  -4.724697E-02   0.000000E+00   4.724697E-02   9.988832E-01   0.000000E+00   0.000000E+00   0.000000E+00   1.000000E+00 
  7.580000E+00   0.000000E+00   0.000000E+00   0.000000E+00   9.999989E-01  -1.496851E-03   0.000000E+00   1.496851E-03   9.999989E-01   0.000000E+00   0.000000E+00   0.000000E+00   1.000000E+00 
  7.600000E+00   0.000000E+00   0.000000E+00   0.000000E+00   9.990197E-01   4.426812E-02   0.000000E+00  -4.426812E-02   9.990197E-01   0.000000E+00   0.000000E+00   0.000000E+00   1.000000E+00 
  7.620000E+00   0.000000E+00   0.000000E+00   0.000000E+00   9.959783E-01   8.959495E-02   0.000000E+00  -8.959495E-02   9.959783E-01   0.000000E+00   0.000000E+00   0.000000E+00   1.000000E+00 
  7.640000E+00   0.000000E+00   0.000000E+00   0.000000E+00   9.909757E-01   1.340414E-01   0.000000E+00  -1.340414E-01   9.909757E-01   0.000000E+00   0.000000E+00   0.000000E+00   1.000000E+00 
  7.660000E+00   0.000000E+00   0.000000E+00   0.000000E+00   9.841773E-01   1.771864E-01   0.000000E+00  -1.771864E-01   9.841773E-01   0.000000E+00   0.000000E+00   0.000000E+00   1.000000E+00 
  7.680000E+00   0.000000E+00   0.000000E+00   0.000000E+00   9.758058E-01   2.186391E-01   0.000000E+00  -2.186391E-01   9.758058E-01   0.000000E+00   0.000000E+00   0.000000E+00   1.000000E+00 
  7.700000E+00   0.000000E+00   0.000000E+00   0.000000E+00   9.661325E-01   2.580464E-01   0.000000E+00  -2.580464E-01   9.661325E-01   0.000000E+00   0.000000E+00   0.000000E+00   1.000000E+00 
  7.720000E+00   0.000000E+00   0.000000E+00   0.000000E+00   9.554670E-01   2.950979E-01   0.000000E+00  -2.950979E-01   9.554670E-01   0.000000E+00   0.000000E+00   0.000000E+00   1.000000E+00 
  7.740000E+00   0.000000E+00   0.000000E+00   0.000000E+00   9.441455E-01   3.295289E-01   0.000000E+00  -3.295289E-01   9.441455E-01   0.000000E+00   0.000000E+00   0.000000E+00   1.000000E+00 
  7.760000E+00   0.000000E+00   0.000000E+00   0.000000E+00   9.325191E-01   3.611207E-01   0.000000E+00  -3.611207E-01   9.325191E-01   0.000000E+00   0.000000E+00   0.000000E+00   1.000000E+00 
  7.780000E+00   0.000000E+00   0.000000E+00   0.000000E+00   9.209421E-01   3.896994E-01   0.000000E+00  -3.896994E-01   9.209421E-01   0.000000E+00   0.000000E+00   0.000000E+00   1.000000E+00 
  7.800000E+00   0.000000E+00   0.000000E+00   0.000000E+00   9.097613E-01   4.151318E-01   0.000000E+00  -4.151318E-01   9.097613E-01   0.000000E+00   0.000000E+00   0.000000E+00   1.000000E+00 
  7.820000E+00   0.000000E+00   0.000000E+00   0.000000E+00   8.993054E-01   4.373211E-01   0.000000E+00  -4.373211E-01   8.993054E-01   0.000000E+00   0.000000E+00   0.000000E+00   1.000000E+00 
  7.840000E+00   0.000000E+00   0.000000E+00   0.000000E+00   8.898768E-01   4.562009E-01   0.000000E+00  -4.562009E-01   8.898768E-01   0.000000E+00   0.000000E+00   0.000000E+00   1.000000E+00 
  7.860000E+00   0.000000E+00   0.000000E+00   0.000000E+00   8.817437E-01   4.717287E-01   0.000000E+00  -4.717287E-01   8.817437E-01   0.000000E+00   0.000000E+00   0.000000E+00   1.000000E+00 
  7.880000E+00   0.000000E+00   0.000000E+00   0.000000E+00   8.751342E-01   4.838804E-01   0.000000E+00  -4.838804E-01   8.751342E-01   0.000000E+00   0.000000E+00   0.000000E+00   1.000000E+00 
  7.900000E+00   0.000000E+00   0.000000E+00   0.000000E+00   8.702312E-01   4.926436E-01   0.000000E+00  -4.926436E-01   8.702312E-01   0.000000E+00   0.000000E+00   0.000000E+00   1.000000E+00 
  7.920000E+00   0.000000E+00   0.000000E+00   0.000000E+00   8.671693E-01   4.980134E-01   0.000000E+00  -4.980134E-01   8.671693E-01   0.000000E+00   0.000000E+00   0.000000E+00   1.000000E+00 
  7.940000E+00   0.000000E+00   0.000000E+00   0.000000E+00   8.660320E-01   4.999886E-01   0.000000E+00  -4.999886E-01   8.660320E-01   0.000000E+00   0.000000E+00   0.000000E+00   1.000000E+00 
  7.960000E+00   0.000000E+00   0.000000E+00   0.000000E+00   8.668500E-01   4.985690E-01   0.000000E+00  -4.985690E-01   8.668500E-01   0.000000E+00   0.000000E+00   0.000000E+00   1.000000E+00 
  7.980000E+00   0.000000E+00   0.000000E+00   0.000000E+00   8.696012E-01   4.937547E-01   0.000000E+00  -4.937547E-01   8.696012E-01   0.000000E+00   0.000000E+00   0.000000E+00   1.000000E+00 
  8.000000E+00   0.000000E+00   0.000000E+00   0.000000E+00   8.742107E-01   4.855467E-01   0.000000E+00  -4.855467E-01   8.742107E-01   0.000000E+00   0.000000E+00   0.000000E+00   1.000000E+00 
  8.020000E+00   0.000000E+00   0.000000E+00   0.000000E+00   8.805523E-01   4.739491E-01   0.000000E+00  -4.739491E-01   8.805523E-01   0.000000E+00   0.000000E+00   0.000000E+00   1.000000E+00 
  8.040000E+00   0.000000E+00   0.000000E+00   0.000000E+00   8.884505E-01   4.589725E-01   0.000000E+00  -4.589725E-01   8.884505E-01   0.000000E+00   0.000000E+00   0.000000E+00   1.000000E+00 
  8.060000E+00   0.000000E+00   0.000000E+00   0.000000E+00   8.976844E-01   4.406389E-01   0.000000E+00  -4.406389E-01   8.976844E-01   0.000000E+00   0.000000E+00   0.000000E+00   1.000000E+00 
  8.080000E+00   0.000000E+00   0.000000E+00   0.000000E+00   9.079920E-01   4.189875E-01   0.000000E+00  -4.189875E-01   9.079920E-01   0.000000E+00   0.000000E+00   0.000000E+00   1.000000E+00 
  8.100000E+00   0.000000E+00   0.000000E+00   0.000000E+00   9.190761E-01   3.940801E-01   0.000000E+00  -3.940801E-01   9.190761E-01   0.000000E+00   0.000000E+00   0.000000E+00   1.000000E+00 
  8.120000E+00   0.000000E+00   0.000000E+00   0.000000E+00   9.306116E-01   3.660083E-01   0.000000E+00  -3.660083E-01   9.306116E-01   0.000000E+00   0.000000E+00   0.000000E+00   1.000000E+00 
  8.140000E+00   0.000000E+00   0.000000E+00   0.000000E+00   9.422541E-01   3.348988E-01   0.000000E+00  -3.348988E-01   9.422541E-01   0.000000E+00   0.000000E+00   0.000000E+00   1.000000E+00 
  8.160000E+00   0.000000E+00   0.000000E+00   0.000000E+00   9.536498E-01   3.009188E-01   0.000000E+00  -3.009188E-01   9.536498E-01   0.000000E+00   0.000000E+00   0.000000E+00   1.000000E+00 
  8.180000E+00   0.000000E+00   0.000000E+00   0.000000E+00   9.644462E-01   2.642793E-01   0.000000E+00  -2.642793E-01   9.644462E-01   0.000000E+00   0.000000E+00   0.000000E+00   1.000000E+00 
  8.200000E+00   0.000000E+00   0.000000E+00   0.000000E+00   9.743039E-01   2.252375E-01   0.000000E+00  -2.252375E-01   9.743039E-01   0.000000E+00   0.000000E+00   0.000000E+00   1.000000E+00 
  8.220000E+00   0.000000E+00   0.000000E+00   0.000000E+00   9.829082E-01   1.840964E-01   0.000000E+00  -1.840964E-01   9.829082E-01   0.000000E+00   0.000000E+00   0.000000E+00   1.000000E+00 
  8.240000E+00   0.000000E+00   0.000000E+00   0.000000E+00   9.899807E-01   1.412026E-01   0.000000E+00  -1.412026E-01   9.899807E-01   0.000000E+00   0.000000E+00   0.000000E+00   1.000000E+00 
  8.260000E+00   0.000000E+00   0.000000E+00   0.000000E+00   9.952901E-01   9.694103E-02   0.000000E+00  -9.694103E-02   9.952901E-01   0.000000E+00   0.000000E+00   0.000000E+00   1.000000E+00 
  8.280000E+00   0.000000E+00   0.000000E+00   0.000000E+00   9.986612E-01   5.172846E-02   0.000000E+00  -5.172846E-02   9.986612E-01   0.000000E+00   0.000000E+00   0.000000E+00   1.000000E+00 
  8.300000E+00   0.000000E+00   0.000000E+00   0.000000E+00   9.999820E-01   6.004347E-03   0.000000E+00  -6.004347E-03   9.999820E-01   0.000000E+00   0.000000E+00   0.000000E+00   1.000000E+00 
  8.320000E+00   0.000000E+00   0.000000E+00   0.000000E+00   9.992085E-01  -3.977933E-02   0.000000E+00   3.977933E-02   9.992085E-01   0.000000E+00   0.000000E+00   0.000000E+00   1.000000E+00 
  8.340000E+00   0.000000E+00   0.000000E+00   0.000000E+00   9.963665E-01  -8.516912E-02   0.000000E+00   8.516912E-02   9.963665E-01   0.000000E+00   0.000000E+00   0.000000E+00   1.000000E+00 
  8.360000E+00   0.000000E+00   0.000000E+00   0.000000E+00   9.915505E-01  -1.297212E-01   0.000000E+00   1.297212E-01   9.915505E-01   0.000000E+00   0.000000E+00   0.000000E+00   1.000000E+00 
  8.380000E+00   0.000000E+00   0.000000E+00   0.000000E+00   9.849197E-01  -1.730121E-01   0.000000E+00   1.730121E-01   9.849197E-01   0.000000E+00   0.000000E+00   0.000000E+00   1.000000E+00 
  8.400000E+00   0.000000E+00   0.000000E+00   0.000000E+00   9.766916E-01  -2.146476E-01   0.000000E+00   2.146476E-01   9.766916E-01   0.000000E+00   0.000000E+00   0.000000E+00   1.000000E+00 
  8.420000E+00   0.000000E+00   0.000000E+00   0.000000E+00   9.671331E-01  -2.542705E-01   0.000000E+00   2.542705E-01   9.671331E-01   0.000000E+00   0.000000E+00   0.000000E+00   1.000000E+00 
  8.440000E+00   0.000000E+00   0.000000E+00   0.000000E+00   9.565507E-01  -2.915662E-01   0.000000E+00   2.915662E-01   9.565507E-01   0.000000E+00   0.000000E+00   0.000000E+00   1.000000E+00 
  8.460000E+00   0.000000E+00   0.000000E+00   0.000000E+00   9.452782E-01  -3.262653E-01   0.000000E+00   3.262653E-01   9.452782E-01   0.000000E+00   0.000000E+00   0.000000E+00   1.000000E+00 
  8.480000E+00   0.000000E+00   0.000000E+00   0.000000E+00   9.336660E-01  -3.581448E-01   0.000000E+00   3.581448E-01   9.336660E-01   0.000000E+00   0.000000E+00   0.000000E+00   1.000000E+00 
  8.500000E+00   0.000000E+00   0.000000E+00   0.000000E+00   9.220687E-01  -3.870264E-01   0.000000E+00   3.870264E-01   9.220687E-01   0.000000E+00   0.000000E+00   0.000000E+00   1.000000E+00 
  8.520000E+00   0.000000E+00   0.000000E+00   0.000000E+00   9.108339E-01  -4.127730E-01   0.000000E+00   4.127730E-01   9.108339E-01   0.000000E+00   0.000000E+00   0.000000E+00   1.000000E+00 
  8.540000E+00   0.000000E+00   0.000000E+00   0.000000E+00   9.002929E-01  -4.352847E-01   0.000000E+00   4.352847E-01   9.002929E-01   0.000000E+00   0.000000E+00   0.000000E+00   1.000000E+00 
  8.560000E+00   0.000000E+00   0.000000E+00   0.000000E+00   8.907507E-01  -4.544921E-01   0.000000E+00   4.544921E-01   8.907507E-01   0.000000E+00   0.000000E+00   0.000000E+00   1.000000E+00 
  8.580000E+00   0.000000E+00   0.000000E+00   0.000000E+00   8.824794E-01  -4.703510E-01   0.000000E+00   4.703510E-01   8.824794E-01   0.000000E+00   0.000000E+00   0.000000E+00   1.000000E+00 
  8.600000E+00   0.000000E+00   0.000000E+00   0.000000E+00   8.757111E-01  -4.828354E-01   0.000000E+00   4.828354E-01   8.757111E-01   0.000000E+00   0.000000E+00   0.000000E+00   1.000000E+00 
  8.620000E+00   0.000000E+00   0.000000E+00   0.000000E+00   8.706336E-01  -4.919321E-01   0.000000E+00   4.919321E-01   8.706336E-01   0.000000E+00   0.000000E+00   0.000000E+00   1.000000E+00 
  8.640000E+00   0.000000E+00   0.000000E+00   0.000000E+00   8.673861E-01  -4.976358E-01   0.000000E+00   4.976358E-01   8.673861E-01   0.000000E+00   0.000000E+00   0.000000E+00   1.000000E+00 
  8.660000E+00   0.000000E+00   0.000000E+00   0.000000E+00   8.660572E-01  -4.999449E-01   0.000000E+00   4.999449E-01   8.660572E-01   0.000000E+00   0.000000E+00   0.000000E+00   1.000000E+00 
  8.680000E+00   0.000000E+00   0.000000E+00   0.000000E+00   8.666831E-01  -4.988592E-01   0.000000E+00   4.988592E-01   8.666831E-01   0.000000E+00   0.000000E+00   0.000000E+00   1.000000E+00 
  8.700000E+00   0.000000E+00   0.000000E+00   0.000000E+00   8.692466E-01  -4.943787E-01   0.000000E+00   4.943787E-01   8.692466E-01   0.000000E+00   0.000000E+00   0.000000E+00   1.000000E+00 
  8.720000E+00   0.000000E+00   0.000000E+00   0.000000E+00   8.736782E-01  -4.865043E-01   0.000000E+00   4.865043E-01   8.736782E-01   0.000000E+00   0.000000E+00   0.000000E+00   1.000000E+00 
  8.740000E+00   0.000000E+00   0.000000E+00   0.000000E+00   8.798564E-01  -4.752397E-01   0.000000E+00   4.752397E-01   8.798564E-01   0.000000E+00   0.000000E+00   0.000000E+00   1.000000E+00 
  8.760000E+00   0.000000E+00   0.000000E+00   0.000000E+00   8.876106E-01  -4.605947E-01   0.000000E+00   4.605947E-01   8.876106E-01   0.000000E+00   0.000000E+00   0.000000E+00   1.000000E+00 
  8.780000E+00   0.000000E+00   0.000000E+00   0.000000E+00   8.967241E-01  -4.425899E-01   0.000000E+00   4.425899E-01   8.967241E-01   0.000000E+00   0.000000E+00   0.000000E+00   1.000000E+00 
  8.800000E+00   0.000000E+00   0.000000E+00   0.000000E+00   9.069388E-01  -4.212624E-01   0.000000E+00   4.212624E-01   9.069388E-01   0.000000E+00   0.000000E+00   0.000000E+00   1.000000E+00 
  8.820000E+00   0.000000E+00   0.000000E+00   0.000000E+00   9.179605E-01  -3.966717E-01   0.000000E+00   3.966717E-01   9.179605E-01   0.000000E+00   0.000000E+00   0.000000E+00   1.000000E+00 
  8.840000E+00   0.000000E+00   0.000000E+00   0.000000E+00   9.294666E-01  -3.689062E-01   0.000000E+00   3.689062E-01   9.294666E-01   0.000000E+00   0.000000E+00   0.000000E+00   1.000000E+00 
  8.860000E+00   0.000000E+00   0.000000E+00   0.000000E+00   9.411142E-01  -3.380887E-01   0.000000E+00   3.380887E-01   9.411142E-01   0.000000E+00   0.000000E+00   0.000000E+00   1.000000E+00 
  8.880000E+00   0.000000E+00   0.000000E+00   0.000000E+00   9.525499E-01  -3.043823E-01   0.000000E+00   3.043823E-01   9.525499E-01   0.000000E+00   0.000000E+00   0.000000E+00   1.000000E+00 
  8.900000E+00   0.000000E+00   0.000000E+00   0.000000E+00   9.634207E-01  -2.679937E-01   0.000000E+00   2.679937E-01   9.634207E-01   0.000000E+00   0.000000E+00   0.000000E+00   1.000000E+00 
  8.920000E+00   0.000000E+00   0.000000E+00   0.000000E+00   9.733851E-01  -2.291755E-01   0.000000E+00   2.291755E-01   9.733851E-01   0.000000E+00   0.000000E+00   0.000000E+00   1.000000E+00 
  8.940000E+00   0.000000E+00   0.000000E+00   0.000000E+00   9.821257E-01  -1.882262E-01   0.000000E+00   1.882262E-01   9.821257E-01   0.000000E+00   0.000000E+00   0.000000E+00   1.000000E+00 
  8.960000E+00   0.000000E+00   0.000000E+00   0.000000E+00   9.893600E-01  -1.454883E-01   0.000000E+00   1.454883E-01   9.893600E-01   0.000000E+00   0.000000E+00   0.000000E+00   1.000000E+00 
  8.980000E+00   0.000000E+00   0.000000E+00   0.000000E+00   9.948515E-01  -1.013432E-01   0.000000E+00   1.013432E-01   9.948515E-01   0.000000E+00   0.000000E+00   0.000000E+00   1.000000E+00 
  9.000000E+00   0.000000E+00   0.000000E+00   0.000000E+00   9.984193E-01  -5.620499E-02   0.000000E+00   5.620499E-02   9.984193E-01   0.000000E+00   0.000000E+00   0.000000E+00   1.000000E+00 
  9.020000E+00   0.000000E+00   0.000000E+00   0.000000E+00   9.999448E-01  -1.051127E-02   0.000000E+00   1.051127E-02   9.999448E-01   0.000000E+00   0.000000E+00   0.000000E+00   1.000000E+00 
  9.040000E+00   0.000000E+00   0.000000E+00   0.000000E+00   9.993772E-01   3.528672E-02   0.000000E+00  -3.528672E-02   9.993772E-01   0.000000E+00   0.000000E+00   0.000000E+00   1.000000E+00 
  9.060000E+00   0.000000E+00   0.000000E+00   0.000000E+00   9.967356E-01   8.073517E-02   0.000000E+00  -8.073517E-02   9.967356E-01   0.000000E+00   0.000000E+00   0.000000E+00   1.000000E+00 
  9.080000E+00   0.000000E+00   0.000000E+00   0.000000E+00   9.921077E-01   1.253889E-01   0.000000E+00  -1.253889E-01   9.921077E-01   0.000000E+00   0.000000E+00   0.000000E+00   1.000000E+00 
  9.100000E+00   0.000000E+00   0.000000E+00   0.000000E+00   9.856466E-01   1.688218E-01   0.000000E+00  -1.688218E-01   9.856466E-01   0.000000E+00   0.000000E+00   0.000000E+00   1.000000E+00 
  9.120000E+00   0.000000E+00   0.000000E+00   0.000000E+00   9.775644E-01   2.106365E-01   0.000000E+00  -2.106365E-01   9.775644E-01   0.000000E+00   0.000000E+00   0.000000E+00   1.000000E+00 
  9.140000E+00   0.000000E+00   0.000000E+00   0.000000E+00   9.681238E-01   2.504721E-01   0.000000E+00  -2.504721E-01   9.681238E-01   0.000000E+00   0.000000E+00   0.000000E+00   1.000000E+00 
  9.160000E+00   0.000000E+00   0.000000E+00   0.000000E+00   9.576276E-01   2.880093E-01   0.000000E+00  -2.880093E-01   9.576276E-01   0.000000E+00   0.000000E+00   0.000000E+00   1.000000E+00 
  9.180000E+00   0.000000E+00   0.000000E+00   0.000000E+00   9.464077E-01   3.229745E-01   0.000000E+00  -3.229745E-01   9.464077E-01   0.000000E+00   0.000000E+00   0.000000E+00   1.000000E+00 
  9.200000E+00   0.000000E+00   0.000000E+00   0.000000E+00   9.348132E-01   3.551399E-01   0.000000E+00  -3.551399E-01   9.348132E-01   0.000000E+00   0.000000E+00   0.000000E+00   1.000000E+00 
  9.220000E+00   0.000000E+00   0.000000E+00   0.000000E+00   9.231987E-01   3.843230E-01   0.000000E+00  -3.843230E-01   9.231987E-01   0.000000E+00   0.000000E+00   0.000000E+00   1.000000E+00 
  9.240000E+00   0.000000E+00   0.000000E+00   0.000000E+00   9.119133E-01   4.103829E-01   0.000000E+00  -4.103829E-01   9.119133E-01   0.000000E+00   0.000000E+00   0.000000E+00   1.000000E+00 
  9.260000E+00   0.000000E+00   0.000000E+00   0.000000E+00   9.012900E-01   4.332163E-01   0.000000E+00  -4.332163E-01   9.012900E-01   0.000000E+00   0.000000E+00   0.000000E+00   1.000000E+00 
  9.280000E+00   0.000000E+00   0.000000E+00   0.000000E+00   8.916370E-01   4.527510E-01   0.000000E+00  -4.527510E-01   8.916370E-01   0.000000E+00   0.000000E+00   0.000000E+00   1.000000E+00 
  9.300000E+00   0.000000E+00   0.000000E+00   0.000000E+00   8.832297E-01   4.689406E-01   0.000000E+00  -4.689406E-01   8.832297E-01   0.000000E+00   0.000000E+00   0.000000E+00   1.000000E+00 
  9.320000E+00   0.000000E+00   0.000000E+00   0.000000E+00   8.763045E-01   4.817576E-01   0.000000E+00  -4.817576E-01   8.763045E-01   0.000000E+00   0.000000E+00   0.000000E+00   1.000000E+00 
  9.340000E+00   0.000000E+00   0.000000E+00   0.000000E+00   8.710537E-01   4.911879E-01   0.000000E+00  -4.911879E-01   8.710537E-01   0.000000E+00   0.000000E+00   0.000000E+00   1.000000E+00 
  9.360000E+00   0.000000E+00   0.000000E+00   0.000000E+00   8.676214E-01   4.972254E-01   0.000000E+00  -4.972254E-01   8.676214E-01   0.000000E+00   0.000000E+00   0.000000E+00   1.000000E+00 
  9.380000E+00   0.000000E+00   0.000000E+00   0.000000E+00   8.661014E-01   4.998683E-01   0.000000E+00  -4.998683E-01   8.661014E-01   0.000000E+00   0.000000E+00   0.000000E+00   1.000000E+00 
  9.400000E+00   0.000000E+00   0.000000E+00   0.000000E+00   8.665349E-01   4.991165E-01   0.000000E+00  -4.991165E-01   8.665349E-01   0.000000E+00   0.000000E+00   0.000000E+00   1.000000E+00 
  9.420000E+00   0.000000E+00   0.000000E+00   0.000000E+00   8.689102E-01   4.949698E-01   0.000000E+00  -4.949698E-01   8.689102E-01   0.000000E+00   0.000000E+00   0.000000E+00   1.000000E+00 
  9.440000E+00   0.000000E+00   0.000000E+00   0.000000E+00   8.731625E-01   4.874292E-01   0.000000E+00  -4.874292E-01   8.731625E-01   0.000000E+00   0.000000E+00   0.000000E+00   1.000000E+00 
  9.460000E+00   0.000000E+00   0.000000E+00   0.000000E+00   8.791757E-01   4.764977E-01   0.000000E+00  -4.764977E-01   8.791757E-01   0.000000E+00   0.000000E+00   0.000000E+00   1.000000E+00 
  9.480000E+00   0.000000E+00   0.000000E+00   0.000000E+00   8.867838E-01   4.621844E-01   0.000000E+00  -4.621844E-01   8.867838E-01   0.000000E+00   0.000000E+00   0.000000E+00   1.000000E+00 
  9.500000E+00   0.000000E+00   0.000000E+00   0.000000E+00   8.957745E-01   4.445087E-01   0.000000E+00  -4.445087E-01   8.957745E-01   0.000000E+00   0.000000E+00   0.000000E+00   1.000000E+00 
  9.520000E+00   0.000000E+00   0.000000E+00   0.000000E+00   9.058934E-01   4.235058E-01   0.000000E+00  -4.235058E-01   9.058934E-01   0.000000E+00   0.000000E+00   0.000000E+00   1.000000E+00 
  9.540000E+00   0.000000E+00   0.000000E+00   0.000000E+00   9.168497E-01   3.992326E-01   0.000000E+00  -3.992326E-01   9.168497E-01   0.000000E+00   0.000000E+00   0.000000E+00   1.000000E+00 
  9.560000E+00   0.000000E+00   0.000000E+00   0.000000E+00   9.283231E-01   3.717745E-01   0.000000E+00  -3.717745E-01   9.283231E-01   0.000000E+00   0.000000E+00   0.000000E+00   1.000000E+00 
  9.580000E+00   0.000000E+00   0.000000E+00   0.000000E+00   9.399723E-01   3.412506E-01   0.000000E+00  -3.412506E-01   9.399723E-01   0.000000E+00   0.000000E+00   0.000000E+00   1.000000E+00 
  9.600000E+00   0.000000E+00   0.000000E+00   0.000000E+00   9.514446E-01   3.078199E-01   0.000000E+00  -3.078199E-01   9.514446E-01   0.000000E+00   0.000000E+00   0.000000E+00   1.000000E+00 
  9.620000E+00   0.000000E+00   0.000000E+00   0.000000E+00   9.623863E-01   2.716847E-01   0.000000E+00  -2.716847E-01   9.623863E-01   0.000000E+00   0.000000E+00   0.000000E+00   1.000000E+00 
  9.640000E+00   0.000000E+00   0.000000E+00   0.000000E+00   9.724545E-01   2.330929E-01   0.000000E+00  -2.330929E-01   9.724545E-01   0.000000E+00   0.000000E+00   0.000000E+00   1.000000E+00 
  9.660000E+00   0.000000E+00   0.000000E+00   0.000000E+00   9.813286E-01   1.923387E-01   0.000000E+00  -1.923387E-01   9.813286E-01   0.000000E+00   0.000000E+00   0.000000E+00   1.000000E+00 
  9.680000E+00   0.000000E+00   0.000000E+00   0.000000E+00   9.887223E-01   1.497604E-01   0.000000E+00  -1.497604E-01   9.887223E-01   0.000000E+00   0.000000E+00   0.000000E+00   1.000000E+00 
  9.700000E+00   0.000000E+00   0.000000E+00   0.000000E+00   9.943943E-01   1.057358E-01   0.000000E+00  -1.057358E-01   9.943943E-01   0.000000E+00   0.000000E+00   0.000000E+00   1.000000E+00 
  9.720000E+00   0.000000E+00   0.000000E+00   0.000000E+00   9.981575E-01   6.067614E-02   0.000000E+00  -6.067614E-02   9.981575E-01   0.000000E+00   0.000000E+00   0.000000E+00   1.000000E+00 
  9.740000E+00   0.000000E+00   0.000000E+00   0.000000E+00   9.998872E-01   1.501718E-02   0.000000E+00  -1.501718E-02   9.998872E-01   0.000000E+00   0.000000E+00   0.000000E+00   1.000000E+00 
  9.760000E+00   0.000000E+00   0.000000E+00   0.000000E+00   9.995259E-01  -3.079072E-02   0.000000E+00   3.079072E-02   9.995259E-01   0.000000E+00   0.000000E+00   0.000000E+00   1.000000E+00 
  9.780000E+00   0.000000E+00   0.000000E+00   0.000000E+00   9.970854E-01  -7.629351E-02   0.000000E+00   7.629351E-02   9.970854E-01   0.000000E+00   0.000000E+00   0.000000E+00   1.000000E+00 
  9.800000E+00   0.000000E+00   0.000000E+00   0.000000E+00   9.926471E-01  -1.210446E-01   0.000000E+00   1.210446E-01   9.926471E-01   0.000000E+00   0.000000E+00   0.000000E+00   1.000000E+00 
  9.820000E+00   0.000000E+00   0.000000E+00   0.000000E+00   9.863578E-01  -1.646158E-01   0.000000E+00   1.646158E-01   9.863578E-01   0.000000E+00   0.000000E+00   0.000000E+00   1.000000E+00 
  9.840000E+00   0.000000E+00   0.000000E+00   0.000000E+00   9.784242E-01  -2.066063E-01   0.000000E+00   2.066063E-01   9.784242E-01   0.000000E+00   0.000000E+00   0.000000E+00   1.000000E+00 
  9.860000E+00   0.000000E+00   0.000000E+00   0.000000E+00   9.691043E-01  -2.466514E-01   0.000000E+00   2.466514E-01   9.691043E-01   0.000000E+00   0.000000E+00   0.000000E+00   1.000000E+00 
  9.880000E+00   0.000000E+00   0.000000E+00   0.000000E+00   9.586975E-01  -2.844276E-01   0.000000E+00   2.844276E-01   9.586975E-01   0.000000E+00   0.000000E+00   0.000000E+00   1.000000E+00 
  9.900000E+00   0.000000E+00   0.000000E+00   0.000000E+00   9.475335E-01  -3.196565E-01   0.000000E+00   3.196565E-01   9.475335E-01   0.000000E+00   0.000000E+00   0.000000E+00   1.000000E+00 
  9.920000E+00   0.000000E+00   0.000000E+00   0.000000E+00   9.359601E-01  -3.521061E-01   0.000000E+00   3.521061E-01   9.359601E-01   0.000000E+00   0.000000E+00   0.000000E+00   1.000000E+00 
  9.940000E+00   0.000000E+00   0.000000E+00   0.000000E+00   9.243320E-01  -3.815894E-01   0.000000E+00   3.815894E-01   9.243320E-01   0.000000E+00   0.000000E+00   0.000000E+00   1.000000E+00 
  9.960000E+00   0.000000E+00   0.000000E+00   0.000000E+00   9.129991E-01  -4.079616E-01   0.000000E+00   4.079616E-01   9.129991E-01   0.000000E+00   0.000000E+00   0.000000E+00   1.000000E+00 
  9.980000E+00   0.000000E+00   0.000000E+00   0.000000E+00   9.022965E-01  -4.311160E-01   0.000000E+00   4.311160E-01   9.022965E-01   0.000000E+00   0.000000E+00   0.000000E+00   1.000000E+00 
  1.000000E+01   0.000000E+00   0.000000E+00   0.000000E+00   8.925353E-01  -4.509775E-01   0.000000E+00   4.509775E-01   8.925353E-01   0.000000E+00   0.000000E+00   0.000000E+00   1.000000E+00 
