% FILE: particle_pendulum.3
%
%       t          P_No_Q[1]      P_No_Q[2]      P_No_Q[3]
%   (second)        (meter)        (meter)        (meter)

  0.000000E+00   2.500000E-01  -4.330127E-01   0.000000E+00 
  2.000000E-02   2.491513E-01  -4.335016E-01   0.000000E+00 
  4.000000E-02   2.466052E-01  -4.349550E-01   0.000000E+00 
  6.000000E-02   2.423624E-01  -4.373333E-01   0.000000E+00 
  8.000000E-02   2.364251E-01  -4.405714E-01   0.000000E+00 
  1.000000E-01   2.287989E-01  -4.445796E-01   0.000000E+00 
  1.200000E-01   2.194956E-01  -4.492457E-01   0.000000E+00 
  1.400000E-01   2.085353E-01  -4.544371E-01   0.000000E+00 
  1.600000E-01   1.959502E-01  -4.600038E-01   0.000000E+00 
  1.800000E-01   1.817873E-01  -4.657825E-01   0.000000E+00 
  2.000000E-01   1.661117E-01  -4.716004E-01   0.000000E+00 
  2.200000E-01   1.490086E-01  -4.772803E-01   0.000000E+00 
  2.400000E-01   1.305854E-01  -4.826463E-01   0.000000E+00 
  2.600000E-01   1.109726E-01  -4.875296E-01   0.000000E+00 
  2.800000E-01   9.032360E-02  -4.917740E-01   0.000000E+00 
  3.000000E-01   6.881324E-02  -4.952421E-01   0.000000E+00 
  3.200000E-01   4.663554E-02  -4.978204E-01   0.000000E+00 
  3.400000E-01   2.399994E-02  -4.994237E-01   0.000000E+00 
  3.600000E-01   1.126913E-03  -4.999987E-01   0.000000E+00 
  3.800000E-01  -2.175730E-02  -4.995264E-01   0.000000E+00 
  4.000000E-01  -4.442615E-02  -4.980224E-01   0.000000E+00 
  4.200000E-01  -6.665839E-02  -4.955367E-01   0.000000E+00 
  4.400000E-01  -8.824326E-02  -4.921515E-01   0.000000E+00 
  4.600000E-01  -1.089851E-01  -4.879777E-01   0.000000E+00 
  4.800000E-01  -1.287069E-01  -4.831506E-01   0.000000E+00 
  5.000000E-01  -1.472533E-01  -4.778247E-01   0.000000E+00 
  5.200000E-01  -1.644914E-01  -4.721680E-01   0.000000E+00 
  5.400000E-01  -1.803115E-01  -4.663558E-01   0.000000E+00 
  5.600000E-01  -1.946263E-01  -4.605655E-01   0.000000E+00 
  5.800000E-01  -2.073689E-01  -4.549705E-01   0.000000E+00 
  6.000000E-01  -2.184907E-01  -4.497353E-01   0.000000E+00 
  6.200000E-01  -2.279581E-01  -4.450114E-01   0.000000E+00 
  6.400000E-01  -2.357498E-01  -4.409331E-01   0.000000E+00 
  6.600000E-01  -2.418536E-01  -4.376149E-01   0.000000E+00 
  6.800000E-01  -2.462632E-01  -4.351488E-01   0.000000E+00 
  7.000000E-01  -2.489762E-01  -4.336022E-01   0.000000E+00 
  7.200000E-01  -2.499918E-01  -4.330174E-01   0.000000E+00 
  7.400000E-01  -2.493100E-01  -4.334103E-01   0.000000E+00 
  7.600000E-01  -2.469309E-01  -4.347702E-01   0.000000E+00 
  7.800000E-01  -2.428549E-01  -4.370601E-01   0.000000E+00 
  8.000000E-01  -2.370840E-01  -4.402172E-01   0.000000E+00 
  8.200000E-01  -2.296236E-01  -4.441543E-01   0.000000E+00 
  8.400000E-01  -2.204844E-01  -4.487612E-01   0.000000E+00 
  8.600000E-01  -2.096859E-01  -4.539073E-01   0.000000E+00 
  8.800000E-01  -1.972587E-01  -4.594442E-01   0.000000E+00 
  9.000000E-01  -1.832485E-01  -4.652096E-01   0.000000E+00 
  9.200000E-01  -1.677182E-01  -4.710314E-01   0.000000E+00 
  9.400000E-01  -1.507511E-01  -4.767327E-01   0.000000E+00 
  9.600000E-01  -1.324523E-01  -4.821373E-01   0.000000E+00 
  9.800000E-01  -1.129501E-01  -4.870752E-01   0.000000E+00 
  1.000000E+00  -9.239558E-02  -4.913889E-01   0.000000E+00 
  1.020000E+00  -7.096162E-02  -4.949388E-01   0.000000E+00 
  1.040000E+00  -4.884048E-02  -4.976089E-01   0.000000E+00 
  1.060000E+00  -2.624029E-02  -4.993110E-01   0.000000E+00 
  1.080000E+00  -3.380628E-03  -4.999886E-01   0.000000E+00 
  1.100000E+00   1.951256E-02  -4.996191E-01   0.000000E+00 
  1.120000E+00   4.221254E-02  -4.982149E-01   0.000000E+00 
  1.140000E+00   6.449727E-02  -4.958227E-01   0.000000E+00 
  1.160000E+00   8.615476E-02  -4.925214E-01   0.000000E+00 
  1.180000E+00   1.069877E-01  -4.884195E-01   0.000000E+00 
  1.200000E+00   1.268171E-01  -4.836501E-01   0.000000E+00 
  1.220000E+00   1.454853E-01  -4.783660E-01   0.000000E+00 
  1.240000E+00   1.628573E-01  -4.727341E-01   0.000000E+00 
  1.260000E+00   1.788211E-01  -4.669293E-01   0.000000E+00 
  1.280000E+00   1.932872E-01  -4.611291E-01   0.000000E+00 
  1.300000E+00   2.061869E-01  -4.555074E-01   0.000000E+00 
  1.320000E+00   2.174698E-01  -4.502298E-01   0.000000E+00 
  1.340000E+00   2.271010E-01  -4.454494E-01   0.000000E+00 
  1.360000E+00   2.350582E-01  -4.413022E-01   0.000000E+00 
  1.380000E+00   2.413283E-01  -4.379048E-01   0.000000E+00 
  1.400000E+00   2.459047E-01  -4.353514E-01   0.000000E+00 
  1.420000E+00   2.487846E-01  -4.337122E-01   0.000000E+00 
  1.440000E+00   2.499672E-01  -4.330317E-01   0.000000E+00 
  1.460000E+00   2.494523E-01  -4.333284E-01   0.000000E+00 
  1.480000E+00   2.472401E-01  -4.345944E-01   0.000000E+00 
  1.500000E+00   2.433310E-01  -4.367952E-01   0.000000E+00 
  1.520000E+00   2.377266E-01  -4.398705E-01   0.000000E+00 
  1.540000E+00   2.304320E-01  -4.437354E-01   0.000000E+00 
  1.560000E+00   2.214572E-01  -4.482820E-01   0.000000E+00 
  1.580000E+00   2.108207E-01  -4.533813E-01   0.000000E+00 
  1.600000E+00   1.985520E-01  -4.588868E-01   0.000000E+00 
  1.620000E+00   1.846950E-01  -4.646373E-01   0.000000E+00 
  1.640000E+00   1.693108E-01  -4.704613E-01   0.000000E+00 
  1.660000E+00   1.524807E-01  -4.761823E-01   0.000000E+00 
  1.680000E+00   1.343076E-01  -4.816238E-01   0.000000E+00 
  1.700000E+00   1.149174E-01  -4.866148E-01   0.000000E+00 
  1.720000E+00   9.445904E-02  -4.909964E-01   0.000000E+00 
  1.740000E+00   7.310334E-02  -4.946270E-01   0.000000E+00 
  1.760000E+00   5.104078E-02  -4.973880E-01   0.000000E+00 
  1.780000E+00   2.847811E-02  -4.991883E-01   0.000000E+00 
  1.800000E+00   5.634017E-03  -4.999683E-01   0.000000E+00 
  1.820000E+00  -1.726596E-02  -4.997018E-01   0.000000E+00 
  1.840000E+00  -3.999490E-02  -4.983978E-01   0.000000E+00 
  1.860000E+00  -6.233007E-02  -4.960998E-01   0.000000E+00 
  1.880000E+00  -8.405827E-02  -4.928836E-01   0.000000E+00 
  1.900000E+00  -1.049805E-01  -4.888549E-01   0.000000E+00 
  1.920000E+00  -1.249160E-01  -4.841446E-01   0.000000E+00 
  1.940000E+00  -1.437048E-01  -4.789039E-01   0.000000E+00 
  1.960000E+00  -1.612096E-01  -4.732985E-01   0.000000E+00 
  1.980000E+00  -1.773162E-01  -4.675029E-01   0.000000E+00 
  2.000000E+00  -1.919330E-01  -4.616944E-01   0.000000E+00 
  2.020000E+00  -2.049893E-01  -4.560476E-01   0.000000E+00 
  2.040000E+00  -2.164329E-01  -4.507292E-01   0.000000E+00 
  2.060000E+00  -2.262277E-01  -4.458935E-01   0.000000E+00 
  2.080000E+00  -2.343503E-01  -4.416785E-01   0.000000E+00 
  2.100000E+00  -2.407867E-01  -4.382029E-01   0.000000E+00 
  2.120000E+00  -2.455298E-01  -4.355630E-01   0.000000E+00 
  2.140000E+00  -2.485766E-01  -4.338314E-01   0.000000E+00 
  2.160000E+00  -2.499261E-01  -4.330553E-01   0.000000E+00 
  2.180000E+00  -2.495782E-01  -4.332559E-01   0.000000E+00 
  2.200000E+00  -2.475330E-01  -4.344277E-01   0.000000E+00 
  2.220000E+00  -2.437906E-01  -4.365388E-01   0.000000E+00 
  2.240000E+00  -2.383529E-01  -4.395315E-01   0.000000E+00 
  2.260000E+00  -2.312241E-01  -4.433232E-01   0.000000E+00 
  2.280000E+00  -2.224139E-01  -4.478081E-01   0.000000E+00 
  2.300000E+00  -2.119397E-01  -4.528593E-01   0.000000E+00 
  2.320000E+00  -1.998298E-01  -4.583318E-01   0.000000E+00 
  2.340000E+00  -1.861266E-01  -4.640656E-01   0.000000E+00 
  2.360000E+00  -1.708894E-01  -4.698902E-01   0.000000E+00 
  2.380000E+00  -1.541973E-01  -4.756292E-01   0.000000E+00 
  2.400000E+00  -1.361511E-01  -4.811059E-01   0.000000E+00 
  2.420000E+00  -1.168744E-01  -4.861485E-01   0.000000E+00 
  2.440000E+00  -9.651381E-02  -4.905967E-01   0.000000E+00 
  2.460000E+00  -7.523821E-02  -4.943068E-01   0.000000E+00 
  2.480000E+00  -5.323624E-02  -4.971578E-01   0.000000E+00 
  2.500000E+00  -3.071322E-02  -4.990558E-01   0.000000E+00 
  2.520000E+00  -7.886867E-03  -4.999378E-01   0.000000E+00 
  2.540000E+00   1.501770E-02  -4.997744E-01   0.000000E+00 
  2.560000E+00   3.777344E-02  -4.985711E-01   0.000000E+00 
  2.580000E+00   6.015699E-02  -4.963679E-01   0.000000E+00 
  2.600000E+00   8.195397E-02  -4.932378E-01   0.000000E+00 
  2.620000E+00   1.029638E-01  -4.892836E-01   0.000000E+00 
  2.640000E+00   1.230038E-01  -4.846340E-01   0.000000E+00 
  2.660000E+00   1.419118E-01  -4.794383E-01   0.000000E+00 
  2.680000E+00   1.595483E-01  -4.738611E-01   0.000000E+00 
  2.700000E+00   1.757969E-01  -4.680763E-01   0.000000E+00 
  2.720000E+00   1.905637E-01  -4.622613E-01   0.000000E+00 
  2.740000E+00   2.037760E-01  -4.565910E-01   0.000000E+00 
  2.760000E+00   2.153801E-01  -4.512332E-01   0.000000E+00 
  2.780000E+00   2.253383E-01  -4.463437E-01   0.000000E+00 
  2.800000E+00   2.336260E-01  -4.420621E-01   0.000000E+00 
  2.820000E+00   2.402287E-01  -4.385090E-01   0.000000E+00 
  2.840000E+00   2.451385E-01  -4.357833E-01   0.000000E+00 
  2.860000E+00   2.483522E-01  -4.339599E-01   0.000000E+00 
  2.880000E+00   2.498687E-01  -4.330885E-01   0.000000E+00 
  2.900000E+00   2.496877E-01  -4.331929E-01   0.000000E+00 
  2.920000E+00   2.478094E-01  -4.342701E-01   0.000000E+00 
  2.940000E+00   2.442339E-01  -4.362910E-01   0.000000E+00 
  2.960000E+00   2.389627E-01  -4.392002E-01   0.000000E+00 
  2.980000E+00   2.320000E-01  -4.429176E-01   0.000000E+00 
  3.000000E+00   2.233545E-01  -4.473397E-01   0.000000E+00 
  3.020000E+00   2.130429E-01  -4.523414E-01   0.000000E+00 
  3.040000E+00   2.010923E-01  -4.577793E-01   0.000000E+00 
  3.060000E+00   1.875434E-01  -4.634948E-01   0.000000E+00 
  3.080000E+00   1.724539E-01  -4.693183E-01   0.000000E+00 
  3.100000E+00   1.559008E-01  -4.750736E-01   0.000000E+00 
  3.120000E+00   1.379827E-01  -4.805838E-01   0.000000E+00 
  3.140000E+00   1.188208E-01  -4.856765E-01   0.000000E+00 
  3.160000E+00   9.855971E-02  -4.901897E-01   0.000000E+00 
  3.180000E+00   7.736604E-02  -4.939782E-01   0.000000E+00 
  3.200000E+00   5.542664E-02  -4.969184E-01   0.000000E+00 
  3.220000E+00   3.294538E-02  -4.989134E-01   0.000000E+00 
  3.240000E+00   1.013896E-02  -4.998972E-01   0.000000E+00 
  3.260000E+00  -1.276799E-02  -4.998370E-01   0.000000E+00 
  3.280000E+00  -3.554838E-02  -4.987347E-01   0.000000E+00 
  3.300000E+00  -5.797822E-02  -4.966271E-01   0.000000E+00 
  3.320000E+00  -7.984204E-02  -4.935841E-01   0.000000E+00 
  3.340000E+00  -1.009377E-01  -4.897056E-01   0.000000E+00 
  3.360000E+00  -1.210806E-01  -4.851180E-01   0.000000E+00 
  3.380000E+00  -1.401065E-01  -4.799689E-01   0.000000E+00 
  3.400000E+00  -1.578736E-01  -4.744217E-01   0.000000E+00 
  3.420000E+00  -1.742632E-01  -4.686495E-01   0.000000E+00 
  3.440000E+00  -1.891793E-01  -4.628296E-01   0.000000E+00 
  3.460000E+00  -2.025471E-01  -4.571375E-01   0.000000E+00 
  3.480000E+00  -2.143113E-01  -4.517418E-01   0.000000E+00 
  3.500000E+00  -2.244327E-01  -4.467997E-01   0.000000E+00 
  3.520000E+00  -2.328855E-01  -4.424526E-01   0.000000E+00 
  3.540000E+00  -2.396543E-01  -4.388232E-01   0.000000E+00 
  3.560000E+00  -2.447308E-01  -4.360124E-01   0.000000E+00 
  3.580000E+00  -2.481114E-01  -4.340976E-01   0.000000E+00 
  3.600000E+00  -2.497948E-01  -4.331311E-01   0.000000E+00 
  3.620000E+00  -2.497808E-01  -4.331392E-01   0.000000E+00 
  3.640000E+00  -2.480693E-01  -4.341216E-01   0.000000E+00 
  3.660000E+00  -2.446608E-01  -4.360517E-01   0.000000E+00 
  3.680000E+00  -2.395563E-01  -4.388768E-01   0.000000E+00 
  3.700000E+00  -2.327595E-01  -4.425189E-01   0.000000E+00 
  3.720000E+00  -2.242790E-01  -4.468769E-01   0.000000E+00 
  3.740000E+00  -2.141303E-01  -4.518277E-01   0.000000E+00 
  3.760000E+00  -2.023393E-01  -4.572295E-01   0.000000E+00 
  3.780000E+00  -1.889453E-01  -4.629251E-01   0.000000E+00 
  3.800000E+00  -1.740043E-01  -4.687457E-01   0.000000E+00 
  3.820000E+00  -1.575911E-01  -4.745156E-01   0.000000E+00 
  3.840000E+00  -1.398022E-01  -4.800577E-01   0.000000E+00 
  3.860000E+00  -1.207566E-01  -4.851988E-01   0.000000E+00 
  3.880000E+00  -1.005966E-01  -4.897758E-01   0.000000E+00 
  3.900000E+00  -7.948665E-02  -4.936414E-01   0.000000E+00 
  3.920000E+00  -5.761180E-02  -4.966698E-01   0.000000E+00 
  3.940000E+00  -3.517439E-02  -4.987612E-01   0.000000E+00 
  3.960000E+00  -1.239008E-02  -4.998465E-01   0.000000E+00 
  3.980000E+00   1.051706E-02  -4.998894E-01   0.000000E+00 
  4.000000E+00   3.331992E-02  -4.988885E-01   0.000000E+00 
  4.020000E+00   5.579397E-02  -4.968773E-01   0.000000E+00 
  4.040000E+00   7.772266E-02  -4.939222E-01   0.000000E+00 
  4.060000E+00   9.890240E-02  -4.901207E-01   0.000000E+00 
  4.080000E+00   1.191466E-01  -4.855966E-01   0.000000E+00 
  4.100000E+00   1.382891E-01  -4.804957E-01   0.000000E+00 
  4.120000E+00   1.561856E-01  -4.749801E-01   0.000000E+00 
  4.140000E+00   1.727153E-01  -4.692222E-01   0.000000E+00 
  4.160000E+00   1.877799E-01  -4.633991E-01   0.000000E+00 
  4.180000E+00   2.013028E-01  -4.576868E-01   0.000000E+00 
  4.200000E+00   2.132266E-01  -4.522548E-01   0.000000E+00 
  4.220000E+00   2.235109E-01  -4.472615E-01   0.000000E+00 
  4.240000E+00   2.321287E-01  -4.428502E-01   0.000000E+00 
  4.260000E+00   2.390636E-01  -4.391453E-01   0.000000E+00 
  4.280000E+00   2.443067E-01  -4.362502E-01   0.000000E+00 
  4.300000E+00   2.478542E-01  -4.342445E-01   0.000000E+00 
  4.320000E+00   2.497045E-01  -4.331832E-01   0.000000E+00 
  4.340000E+00   2.498574E-01  -4.330950E-01   0.000000E+00 
  4.360000E+00   2.483129E-01  -4.339824E-01   0.000000E+00 
  4.380000E+00   2.450712E-01  -4.358212E-01   0.000000E+00 
  4.400000E+00   2.401334E-01  -4.385612E-01   0.000000E+00 
  4.420000E+00   2.335028E-01  -4.421272E-01   0.000000E+00 
  4.440000E+00   2.251873E-01  -4.464198E-01   0.000000E+00 
  4.460000E+00   2.152017E-01  -4.513183E-01   0.000000E+00 
  4.480000E+00   2.035707E-01  -4.566826E-01   0.000000E+00 
  4.500000E+00   1.903322E-01  -4.623566E-01   0.000000E+00 
  4.520000E+00   1.755403E-01  -4.681726E-01   0.000000E+00 
  4.540000E+00   1.592680E-01  -4.739554E-01   0.000000E+00 
  4.560000E+00   1.416095E-01  -4.795276E-01   0.000000E+00 
  4.580000E+00   1.226816E-01  -4.847156E-01   0.000000E+00 
  4.600000E+00   1.026242E-01  -4.893549E-01   0.000000E+00 
  4.620000E+00   8.159984E-02  -4.932965E-01   0.000000E+00 
  4.640000E+00   5.979150E-02  -4.964121E-01   0.000000E+00 
  4.660000E+00   3.740003E-02  -4.985993E-01   0.000000E+00 
  4.680000E+00   1.464000E-02  -4.997856E-01   0.000000E+00 
  4.700000E+00  -8.265119E-03  -4.999317E-01   0.000000E+00 
  4.720000E+00  -3.108827E-02  -4.990326E-01   0.000000E+00 
  4.740000E+00  -5.360443E-02  -4.971183E-01   0.000000E+00 
  4.760000E+00  -7.559603E-02  -4.942522E-01   0.000000E+00 
  4.780000E+00  -9.685800E-02  -4.905288E-01   0.000000E+00 
  4.800000E+00  -1.172020E-01  -4.860696E-01   0.000000E+00 
  4.820000E+00  -1.364595E-01  -4.810185E-01   0.000000E+00 
  4.840000E+00  -1.544843E-01  -4.755361E-01   0.000000E+00 
  4.860000E+00  -1.711531E-01  -4.697942E-01   0.000000E+00 
  4.880000E+00  -1.863656E-01  -4.639697E-01   0.000000E+00 
  4.900000E+00  -2.000429E-01  -4.582388E-01   0.000000E+00 
  4.920000E+00  -2.121261E-01  -4.527720E-01   0.000000E+00 
  4.940000E+00  -2.225730E-01  -4.477290E-01   0.000000E+00 
  4.960000E+00  -2.313555E-01  -4.432546E-01   0.000000E+00 
  4.980000E+00  -2.384564E-01  -4.394753E-01   0.000000E+00 
  5.000000E+00  -2.438662E-01  -4.364966E-01   0.000000E+00 
  5.020000E+00  -2.475805E-01  -4.344006E-01   0.000000E+00 
  5.040000E+00  -2.495978E-01  -4.332447E-01   0.000000E+00 
  5.060000E+00  -2.499176E-01  -4.330603E-01   0.000000E+00 
  5.080000E+00  -2.485401E-01  -4.338523E-01   0.000000E+00 
  5.100000E+00  -2.454653E-01  -4.355994E-01   0.000000E+00 
  5.120000E+00  -2.406941E-01  -4.382537E-01   0.000000E+00 
  5.140000E+00  -2.342298E-01  -4.417425E-01   0.000000E+00 
  5.160000E+00  -2.260795E-01  -4.459687E-01   0.000000E+00 
  5.180000E+00  -2.162572E-01  -4.508135E-01   0.000000E+00 
  5.200000E+00  -2.047866E-01  -4.561386E-01   0.000000E+00 
  5.220000E+00  -1.917041E-01  -4.617895E-01   0.000000E+00 
  5.240000E+00  -1.770621E-01  -4.675992E-01   0.000000E+00 
  5.260000E+00  -1.609316E-01  -4.733931E-01   0.000000E+00 
  5.280000E+00  -1.434046E-01  -4.789939E-01   0.000000E+00 
  5.300000E+00  -1.245957E-01  -4.842271E-01   0.000000E+00 
  5.320000E+00  -1.046425E-01  -4.889273E-01   0.000000E+00 
  5.340000E+00  -8.370543E-02  -4.929436E-01   0.000000E+00 
  5.360000E+00  -6.196555E-02  -4.961454E-01   0.000000E+00 
  5.380000E+00  -3.962211E-02  -4.984276E-01   0.000000E+00 
  5.400000E+00  -1.688852E-02  -4.997147E-01   0.000000E+00 
  5.420000E+00   6.012383E-03  -4.999638E-01   0.000000E+00 
  5.440000E+00   2.885365E-02  -4.991668E-01   0.000000E+00 
  5.460000E+00   5.140981E-02  -4.973500E-01   0.000000E+00 
  5.480000E+00   7.346233E-02  -4.945738E-01   0.000000E+00 
  5.500000E+00   9.480471E-02  -4.909298E-01   0.000000E+00 
  5.520000E+00   1.152468E-01  -4.865369E-01   0.000000E+00 
  5.540000E+00   1.346180E-01  -4.815371E-01   0.000000E+00 
  5.560000E+00   1.527699E-01  -4.760897E-01   0.000000E+00 
  5.580000E+00   1.695769E-01  -4.703655E-01   0.000000E+00 
  5.600000E+00   1.849364E-01  -4.645412E-01   0.000000E+00 
  5.620000E+00   1.987676E-01  -4.587934E-01   0.000000E+00 
  5.640000E+00   2.110097E-01  -4.532934E-01   0.000000E+00 
  5.660000E+00   2.216190E-01  -4.482020E-01   0.000000E+00 
  5.680000E+00   2.305661E-01  -4.436657E-01   0.000000E+00 
  5.700000E+00   2.378329E-01  -4.398130E-01   0.000000E+00 
  5.720000E+00   2.434093E-01  -4.367515E-01   0.000000E+00 
  5.740000E+00   2.472905E-01  -4.345658E-01   0.000000E+00 
  5.760000E+00   2.494746E-01  -4.333156E-01   0.000000E+00 
  5.780000E+00   2.499614E-01  -4.330350E-01   0.000000E+00 
  5.800000E+00   2.487508E-01  -4.337315E-01   0.000000E+00 
  5.820000E+00   2.458429E-01  -4.353863E-01   0.000000E+00 
  5.840000E+00   2.412385E-01  -4.379543E-01   0.000000E+00 
  5.860000E+00   2.349405E-01  -4.413649E-01   0.000000E+00 
  5.880000E+00   2.269555E-01  -4.455235E-01   0.000000E+00 
  5.900000E+00   2.172968E-01  -4.503133E-01   0.000000E+00 
  5.920000E+00   2.059869E-01  -4.555979E-01   0.000000E+00 
  5.940000E+00   1.930609E-01  -4.612239E-01   0.000000E+00 
  5.960000E+00   1.785694E-01  -4.670257E-01   0.000000E+00 
  5.980000E+00   1.625815E-01  -4.728290E-01   0.000000E+00 
  6.000000E+00   1.451872E-01  -4.784566E-01   0.000000E+00 
  6.020000E+00   1.264986E-01  -4.837335E-01   0.000000E+00 
  6.040000E+00   1.066513E-01  -4.884931E-01   0.000000E+00 
  6.060000E+00   8.580325E-02  -4.925828E-01   0.000000E+00 
  6.080000E+00   6.413375E-02  -4.958698E-01   0.000000E+00 
  6.100000E+00   4.184040E-02  -4.982463E-01   0.000000E+00 
  6.120000E+00   1.913542E-02  -4.996337E-01   0.000000E+00 
  6.140000E+00  -3.759069E-03  -4.999859E-01   0.000000E+00 
  6.160000E+00  -2.661627E-02  -4.992911E-01   0.000000E+00 
  6.180000E+00  -4.921031E-02  -4.975725E-01   0.000000E+00 
  6.200000E+00  -7.132175E-02  -4.948871E-01   0.000000E+00 
  6.220000E+00  -9.274270E-02  -4.913235E-01   0.000000E+00 
  6.240000E+00  -1.132812E-01  -4.869983E-01   0.000000E+00 
  6.260000E+00  -1.327647E-01  -4.820514E-01   0.000000E+00 
  6.280000E+00  -1.510425E-01  -4.766405E-01   0.000000E+00 
  6.300000E+00  -1.679866E-01  -4.709358E-01   0.000000E+00 
  6.320000E+00  -1.834924E-01  -4.651135E-01   0.000000E+00 
  6.340000E+00  -1.974770E-01  -4.593505E-01   0.000000E+00 
  6.360000E+00  -2.098775E-01  -4.538187E-01   0.000000E+00 
  6.380000E+00  -2.206489E-01  -4.486804E-01   0.000000E+00 
  6.400000E+00  -2.297605E-01  -4.440835E-01   0.000000E+00 
  6.420000E+00  -2.371931E-01  -4.401584E-01   0.000000E+00 
  6.440000E+00  -2.429360E-01  -4.370150E-01   0.000000E+00 
  6.460000E+00  -2.469840E-01  -4.347401E-01   0.000000E+00 
  6.480000E+00  -2.493351E-01  -4.333959E-01   0.000000E+00 
  6.500000E+00  -2.499888E-01  -4.330192E-01   0.000000E+00 
  6.520000E+00  -2.489451E-01  -4.336200E-01   0.000000E+00 
  6.540000E+00  -2.462041E-01  -4.351822E-01   0.000000E+00 
  6.560000E+00  -2.417665E-01  -4.376631E-01   0.000000E+00 
  6.580000E+00  -2.356348E-01  -4.409946E-01   0.000000E+00 
  6.600000E+00  -2.278153E-01  -4.450845E-01   0.000000E+00 
  6.620000E+00  -2.183204E-01  -4.498180E-01   0.000000E+00 
  6.640000E+00  -2.071715E-01  -4.550604E-01   0.000000E+00 
  6.660000E+00  -1.944025E-01  -4.606600E-01   0.000000E+00 
  6.680000E+00  -1.800622E-01  -4.664521E-01   0.000000E+00 
  6.700000E+00  -1.642179E-01  -4.722631E-01   0.000000E+00 
  6.720000E+00  -1.469573E-01  -4.779158E-01   0.000000E+00 
  6.740000E+00  -1.283904E-01  -4.832348E-01   0.000000E+00 
  6.760000E+00  -1.086503E-01  -4.880524E-01   0.000000E+00 
  6.780000E+00  -8.789310E-02  -4.922142E-01   0.000000E+00 
  6.800000E+00  -6.629591E-02  -4.955854E-01   0.000000E+00 
  6.820000E+00  -4.405471E-02  -4.980554E-01   0.000000E+00 
  6.840000E+00  -2.138048E-02  -4.995427E-01   0.000000E+00 
  6.860000E+00   1.505394E-03  -4.999977E-01   0.000000E+00 
  6.880000E+00   2.437633E-02  -4.994054E-01   0.000000E+00 
  6.900000E+00   4.700613E-02  -4.977855E-01   0.000000E+00 
  6.920000E+00   6.917448E-02  -4.951918E-01   0.000000E+00 
  6.940000E+00   9.067213E-02  -4.917098E-01   0.000000E+00 
  6.960000E+00   1.113054E-01  -4.874537E-01   0.000000E+00 
  6.980000E+00   1.308997E-01  -4.825611E-01   0.000000E+00 
  7.000000E+00   1.493021E-01  -4.771885E-01   0.000000E+00 
  7.020000E+00   1.663825E-01  -4.715049E-01   0.000000E+00 
  7.040000E+00   1.820337E-01  -4.656863E-01   0.000000E+00 
  7.060000E+00   1.961710E-01  -4.599097E-01   0.000000E+00 
  7.080000E+00   2.087296E-01  -4.543478E-01   0.000000E+00 
  7.100000E+00   2.196627E-01  -4.491640E-01   0.000000E+00 
  7.120000E+00   2.289386E-01  -4.445077E-01   0.000000E+00 
  7.140000E+00   2.365369E-01  -4.405114E-01   0.000000E+00 
  7.160000E+00   2.424463E-01  -4.372869E-01   0.000000E+00 
  7.180000E+00   2.466611E-01  -4.349233E-01   0.000000E+00 
  7.200000E+00   2.491791E-01  -4.334856E-01   0.000000E+00 
  7.220000E+00   2.499998E-01  -4.330128E-01   0.000000E+00 
  7.240000E+00   2.491230E-01  -4.335178E-01   0.000000E+00 
  7.260000E+00   2.465490E-01  -4.349869E-01   0.000000E+00 
  7.280000E+00   2.422781E-01  -4.373800E-01   0.000000E+00 
  7.300000E+00   2.363128E-01  -4.406316E-01   0.000000E+00 
  7.320000E+00   2.286589E-01  -4.446517E-01   0.000000E+00 
  7.340000E+00   2.193279E-01  -4.493276E-01   0.000000E+00 
  7.360000E+00   2.083405E-01  -4.545264E-01   0.000000E+00 
  7.380000E+00   1.957289E-01  -4.600980E-01   0.000000E+00 
  7.400000E+00   1.815405E-01  -4.658788E-01   0.000000E+00 
  7.420000E+00   1.658406E-01  -4.716958E-01   0.000000E+00 
  7.440000E+00   1.487147E-01  -4.773719E-01   0.000000E+00 
  7.460000E+00   1.302708E-01  -4.827313E-01   0.000000E+00 
  7.480000E+00   1.106395E-01  -4.876053E-01   0.000000E+00 
  7.500000E+00   8.997482E-02  -4.918379E-01   0.000000E+00 
  7.520000E+00   6.845182E-02  -4.952922E-01   0.000000E+00 
  7.540000E+00   4.626481E-02  -4.978550E-01   0.000000E+00 
  7.560000E+00   2.362349E-02  -4.994416E-01   0.000000E+00 
  7.580000E+00   7.484255E-04  -4.999994E-01   0.000000E+00 
  7.600000E+00  -2.213406E-02  -4.995098E-01   0.000000E+00 
  7.620000E+00  -4.479748E-02  -4.979891E-01   0.000000E+00 
  7.640000E+00  -6.702070E-02  -4.954879E-01   0.000000E+00 
  7.660000E+00  -8.859319E-02  -4.920887E-01   0.000000E+00 
  7.680000E+00  -1.093195E-01  -4.879029E-01   0.000000E+00 
  7.700000E+00  -1.290232E-01  -4.830663E-01   0.000000E+00 
  7.720000E+00  -1.475490E-01  -4.777335E-01   0.000000E+00 
  7.740000E+00  -1.647644E-01  -4.720727E-01   0.000000E+00 
  7.760000E+00  -1.805604E-01  -4.662595E-01   0.000000E+00 
  7.780000E+00  -1.948497E-01  -4.604711E-01   0.000000E+00 
  7.800000E+00  -2.075659E-01  -4.548806E-01   0.000000E+00 
  7.820000E+00  -2.186605E-01  -4.496527E-01   0.000000E+00 
  7.840000E+00  -2.281004E-01  -4.449384E-01   0.000000E+00 
  7.860000E+00  -2.358644E-01  -4.408719E-01   0.000000E+00 
  7.880000E+00  -2.419402E-01  -4.375671E-01   0.000000E+00 
  7.900000E+00  -2.463218E-01  -4.351156E-01   0.000000E+00 
  7.920000E+00  -2.490067E-01  -4.335847E-01   0.000000E+00 
  7.940000E+00  -2.499943E-01  -4.330160E-01   0.000000E+00 
  7.960000E+00  -2.492845E-01  -4.334250E-01   0.000000E+00 
  7.980000E+00  -2.468774E-01  -4.348006E-01   0.000000E+00 
  8.000000E+00  -2.427733E-01  -4.371054E-01   0.000000E+00 
  8.020000E+00  -2.369745E-01  -4.402761E-01   0.000000E+00 
  8.040000E+00  -2.294862E-01  -4.442252E-01   0.000000E+00 
  8.060000E+00  -2.203195E-01  -4.488422E-01   0.000000E+00 
  8.080000E+00  -2.094937E-01  -4.539960E-01   0.000000E+00 
  8.100000E+00  -1.970400E-01  -4.595381E-01   0.000000E+00 
  8.120000E+00  -1.830041E-01  -4.653058E-01   0.000000E+00 
  8.140000E+00  -1.674494E-01  -4.711270E-01   0.000000E+00 
  8.160000E+00  -1.504594E-01  -4.768249E-01   0.000000E+00 
  8.180000E+00  -1.321396E-01  -4.822231E-01   0.000000E+00 
  8.200000E+00  -1.126187E-01  -4.871519E-01   0.000000E+00 
  8.220000E+00  -9.204822E-02  -4.914541E-01   0.000000E+00 
  8.240000E+00  -7.060130E-02  -4.949904E-01   0.000000E+00 
  8.260000E+00  -4.847052E-02  -4.976451E-01   0.000000E+00 
  8.280000E+00  -2.586423E-02  -4.993306E-01   0.000000E+00 
  8.300000E+00  -3.002173E-03  -4.999910E-01   0.000000E+00 
  8.320000E+00   1.988966E-02  -4.996042E-01   0.000000E+00 
  8.340000E+00   4.258456E-02  -4.981833E-01   0.000000E+00 
  8.360000E+00   6.486062E-02  -4.957753E-01   0.000000E+00 
  8.380000E+00   8.650605E-02  -4.924598E-01   0.000000E+00 
  8.400000E+00   1.073238E-01  -4.883458E-01   0.000000E+00 
  8.420000E+00   1.271353E-01  -4.835666E-01   0.000000E+00 
  8.440000E+00   1.457831E-01  -4.782753E-01   0.000000E+00 
  8.460000E+00   1.631327E-01  -4.726391E-01   0.000000E+00 
  8.480000E+00   1.790724E-01  -4.668330E-01   0.000000E+00 
  8.500000E+00   1.935132E-01  -4.610343E-01   0.000000E+00 
  8.520000E+00   2.063865E-01  -4.554170E-01   0.000000E+00 
  8.540000E+00   2.176423E-01  -4.501464E-01   0.000000E+00 
  8.560000E+00   2.272461E-01  -4.453754E-01   0.000000E+00 
  8.580000E+00   2.351755E-01  -4.412397E-01   0.000000E+00 
  8.600000E+00   2.414177E-01  -4.378556E-01   0.000000E+00 
  8.620000E+00   2.459661E-01  -4.353168E-01   0.000000E+00 
  8.640000E+00   2.488179E-01  -4.336930E-01   0.000000E+00 
  8.660000E+00   2.499724E-01  -4.330286E-01   0.000000E+00 
  8.680000E+00   2.494296E-01  -4.333415E-01   0.000000E+00 
  8.700000E+00   2.471893E-01  -4.346233E-01   0.000000E+00 
  8.720000E+00   2.432522E-01  -4.368391E-01   0.000000E+00 
  8.740000E+00   2.376199E-01  -4.399282E-01   0.000000E+00 
  8.760000E+00   2.302973E-01  -4.438053E-01   0.000000E+00 
  8.780000E+00   2.212950E-01  -4.483621E-01   0.000000E+00 
  8.800000E+00   2.106312E-01  -4.534694E-01   0.000000E+00 
  8.820000E+00   1.983359E-01  -4.589803E-01   0.000000E+00 
  8.840000E+00   1.844531E-01  -4.647333E-01   0.000000E+00 
  8.860000E+00   1.690444E-01  -4.705571E-01   0.000000E+00 
  8.880000E+00   1.521912E-01  -4.762750E-01   0.000000E+00 
  8.900000E+00   1.339969E-01  -4.817103E-01   0.000000E+00 
  8.920000E+00   1.145878E-01  -4.866926E-01   0.000000E+00 
  8.940000E+00   9.411312E-02  -4.910628E-01   0.000000E+00 
  8.960000E+00   7.274415E-02  -4.946800E-01   0.000000E+00 
  8.980000E+00   5.067161E-02  -4.974258E-01   0.000000E+00 
  9.000000E+00   2.810249E-02  -4.992096E-01   0.000000E+00 
  9.020000E+00   5.255633E-03  -4.999724E-01   0.000000E+00 
  9.040000E+00  -1.764336E-02  -4.996886E-01   0.000000E+00 
  9.060000E+00  -4.036758E-02  -4.983678E-01   0.000000E+00 
  9.080000E+00  -6.269443E-02  -4.960538E-01   0.000000E+00 
  9.100000E+00  -8.441089E-02  -4.928233E-01   0.000000E+00 
  9.120000E+00  -1.053183E-01  -4.887822E-01   0.000000E+00 
  9.140000E+00  -1.252360E-01  -4.840619E-01   0.000000E+00 
  9.160000E+00  -1.440047E-01  -4.788138E-01   0.000000E+00 
  9.180000E+00  -1.614872E-01  -4.732038E-01   0.000000E+00 
  9.200000E+00  -1.775699E-01  -4.674066E-01   0.000000E+00 
  9.220000E+00  -1.921615E-01  -4.615994E-01   0.000000E+00 
  9.240000E+00  -2.051915E-01  -4.559566E-01   0.000000E+00 
  9.260000E+00  -2.166081E-01  -4.506450E-01   0.000000E+00 
  9.280000E+00  -2.263755E-01  -4.458185E-01   0.000000E+00 
  9.300000E+00  -2.344703E-01  -4.416148E-01   0.000000E+00 
  9.320000E+00  -2.408788E-01  -4.381523E-01   0.000000E+00 
  9.340000E+00  -2.455939E-01  -4.355268E-01   0.000000E+00 
  9.360000E+00  -2.486127E-01  -4.338107E-01   0.000000E+00 
  9.380000E+00  -2.499342E-01  -4.330507E-01   0.000000E+00 
  9.400000E+00  -2.495582E-01  -4.332675E-01   0.000000E+00 
  9.420000E+00  -2.474849E-01  -4.344551E-01   0.000000E+00 
  9.440000E+00  -2.437146E-01  -4.365813E-01   0.000000E+00 
  9.460000E+00  -2.382488E-01  -4.395879E-01   0.000000E+00 
  9.480000E+00  -2.310922E-01  -4.433919E-01   0.000000E+00 
  9.500000E+00  -2.222544E-01  -4.478873E-01   0.000000E+00 
  9.520000E+00  -2.117529E-01  -4.529467E-01   0.000000E+00 
  9.540000E+00  -1.996163E-01  -4.584248E-01   0.000000E+00 
  9.560000E+00  -1.858872E-01  -4.641615E-01   0.000000E+00 
  9.580000E+00  -1.706253E-01  -4.699862E-01   0.000000E+00 
  9.600000E+00  -1.539100E-01  -4.757223E-01   0.000000E+00 
  9.620000E+00  -1.358423E-01  -4.811932E-01   0.000000E+00 
  9.640000E+00  -1.165465E-01  -4.862272E-01   0.000000E+00 
  9.660000E+00  -9.616936E-02  -4.906643E-01   0.000000E+00 
  9.680000E+00  -7.488018E-02  -4.943612E-01   0.000000E+00 
  9.700000E+00  -5.286790E-02  -4.971971E-01   0.000000E+00 
  9.720000E+00  -3.033807E-02  -4.990788E-01   0.000000E+00 
  9.740000E+00  -7.508588E-03  -4.999436E-01   0.000000E+00 
  9.760000E+00   1.539536E-02  -4.997629E-01   0.000000E+00 
  9.780000E+00   3.814675E-02  -4.985427E-01   0.000000E+00 
  9.800000E+00   6.052232E-02  -4.963235E-01   0.000000E+00 
  9.820000E+00   8.230789E-02  -4.931789E-01   0.000000E+00 
  9.840000E+00   1.033032E-01  -4.892121E-01   0.000000E+00 
  9.860000E+00   1.233257E-01  -4.845521E-01   0.000000E+00 
  9.880000E+00   1.422138E-01  -4.793488E-01   0.000000E+00 
  9.900000E+00   1.598283E-01  -4.737667E-01   0.000000E+00 
  9.920000E+00   1.760530E-01  -4.679800E-01   0.000000E+00 
  9.940000E+00   1.907947E-01  -4.621660E-01   0.000000E+00 
  9.960000E+00   2.039808E-01  -4.564995E-01   0.000000E+00 
  9.980000E+00   2.155580E-01  -4.511483E-01   0.000000E+00 
  1.000000E+01   2.254888E-01  -4.462676E-01   0.000000E+00 
