% FILE: particle_pendulum.2
%
%       t         P_No_Bo[1]     P_No_Bo[2]     P_No_Bo[3]      N_B[1,1]       N_B[1,2]       N_B[1,3]       N_B[2,1]       N_B[2,2]       N_B[2,3]       N_B[3,1]       N_B[3,2]       N_B[3,3]
%   (second)        (meter)        (meter)        (meter)       (NoUnits)      (NoUnits)      (NoUnits)      (NoUnits)      (NoUnits)      (NoUnits)      (NoUnits)      (NoUnits)      (NoUnits)

  0.000000E+000  0.000000E+000  0.000000E+000  0.000000E+000  8.660254E-001 -5.000000E-001  0.000000E+000  5.000000E-001  8.660254E-001  0.000000E+000  0.000000E+000  0.000000E+000  1.000000E+000
  2.000000E-002  0.000000E+000  0.000000E+000  0.000000E+000  8.670032E-001 -4.983026E-001  0.000000E+000  4.983026E-001  8.670032E-001  0.000000E+000  0.000000E+000  0.000000E+000  1.000000E+000
  4.000000E-002  0.000000E+000  0.000000E+000  0.000000E+000  8.699100E-001 -4.932105E-001  0.000000E+000  4.932105E-001  8.699100E-001  0.000000E+000  0.000000E+000  0.000000E+000  1.000000E+000
  6.000000E-002  0.000000E+000  0.000000E+000  0.000000E+000  8.746667E-001 -4.847249E-001  0.000000E+000  4.847249E-001  8.746667E-001  0.000000E+000  0.000000E+000  0.000000E+000  1.000000E+000
  8.000000E-002  0.000000E+000  0.000000E+000  0.000000E+000  8.811428E-001 -4.728502E-001  0.000000E+000  4.728502E-001  8.811428E-001  0.000000E+000  0.000000E+000  0.000000E+000  1.000000E+000
  1.000000E-001  0.000000E+000  0.000000E+000  0.000000E+000  8.891592E-001 -4.575979E-001  0.000000E+000  4.575979E-001  8.891592E-001  0.000000E+000  0.000000E+000  0.000000E+000  1.000000E+000
  1.200000E-001  0.000000E+000  0.000000E+000  0.000000E+000  8.984914E-001 -4.389911E-001  0.000000E+000  4.389911E-001  8.984914E-001  0.000000E+000  0.000000E+000  0.000000E+000  1.000000E+000
  1.400000E-001  0.000000E+000  0.000000E+000  0.000000E+000  9.088741E-001 -4.170705E-001  0.000000E+000  4.170705E-001  9.088741E-001  0.000000E+000  0.000000E+000  0.000000E+000  1.000000E+000
  1.600000E-001  0.000000E+000  0.000000E+000  0.000000E+000  9.200077E-001 -3.919003E-001  0.000000E+000  3.919003E-001  9.200077E-001  0.000000E+000  0.000000E+000  0.000000E+000  1.000000E+000
  1.800000E-001  0.000000E+000  0.000000E+000  0.000000E+000  9.315651E-001 -3.635747E-001  0.000000E+000  3.635747E-001  9.315651E-001  0.000000E+000  0.000000E+000  0.000000E+000  1.000000E+000
  2.000000E-001  0.000000E+000  0.000000E+000  0.000000E+000  9.432007E-001 -3.322234E-001  0.000000E+000  3.322234E-001  9.432007E-001  0.000000E+000  0.000000E+000  0.000000E+000  1.000000E+000
  2.200000E-001  0.000000E+000  0.000000E+000  0.000000E+000  9.545605E-001 -2.980172E-001  0.000000E+000  2.980172E-001  9.545605E-001  0.000000E+000  0.000000E+000  0.000000E+000  1.000000E+000
  2.400000E-001  0.000000E+000  0.000000E+000  0.000000E+000  9.652926E-001 -2.611708E-001  0.000000E+000  2.611708E-001  9.652926E-001  0.000000E+000  0.000000E+000  0.000000E+000  1.000000E+000
  2.600000E-001  0.000000E+000  0.000000E+000  0.000000E+000  9.750591E-001 -2.219452E-001  0.000000E+000  2.219452E-001  9.750591E-001  0.000000E+000  0.000000E+000  0.000000E+000  1.000000E+000
  2.800000E-001  0.000000E+000  0.000000E+000  0.000000E+000  9.835480E-001 -1.806472E-001  0.000000E+000  1.806472E-001  9.835480E-001  0.000000E+000  0.000000E+000  0.000000E+000  1.000000E+000
  3.000000E-001  0.000000E+000  0.000000E+000  0.000000E+000  9.904842E-001 -1.376265E-001  0.000000E+000  1.376265E-001  9.904842E-001  0.000000E+000  0.000000E+000  0.000000E+000  1.000000E+000
  3.200000E-001  0.000000E+000  0.000000E+000  0.000000E+000  9.956408E-001 -9.327107E-002  0.000000E+000  9.327107E-002  9.956408E-001  0.000000E+000  0.000000E+000  0.000000E+000  1.000000E+000
  3.400000E-001  0.000000E+000  0.000000E+000  0.000000E+000  9.988473E-001 -4.799989E-002  0.000000E+000  4.799989E-002  9.988473E-001  0.000000E+000  0.000000E+000  0.000000E+000  1.000000E+000
  3.600000E-001  0.000000E+000  0.000000E+000  0.000000E+000  9.999975E-001 -2.253826E-003  0.000000E+000  2.253826E-003  9.999975E-001  0.000000E+000  0.000000E+000  0.000000E+000  1.000000E+000
  3.800000E-001  0.000000E+000  0.000000E+000  0.000000E+000  9.990528E-001  4.351459E-002  0.000000E+000 -4.351459E-002  9.990528E-001  0.000000E+000  0.000000E+000  0.000000E+000  1.000000E+000
  4.000000E-001  0.000000E+000  0.000000E+000  0.000000E+000  9.960448E-001  8.885230E-002  0.000000E+000 -8.885230E-002  9.960448E-001  0.000000E+000  0.000000E+000  0.000000E+000  1.000000E+000
  4.200000E-001  0.000000E+000  0.000000E+000  0.000000E+000  9.910735E-001  1.333168E-001  0.000000E+000 -1.333168E-001  9.910735E-001  0.000000E+000  0.000000E+000  0.000000E+000  1.000000E+000
  4.400000E-001  0.000000E+000  0.000000E+000  0.000000E+000  9.843031E-001  1.764865E-001  0.000000E+000 -1.764865E-001  9.843031E-001  0.000000E+000  0.000000E+000  0.000000E+000  1.000000E+000
  4.600000E-001  0.000000E+000  0.000000E+000  0.000000E+000  9.759554E-001  2.179702E-001  0.000000E+000 -2.179702E-001  9.759554E-001  0.000000E+000  0.000000E+000  0.000000E+000  1.000000E+000
  4.800000E-001  0.000000E+000  0.000000E+000  0.000000E+000  9.663012E-001  2.574139E-001  0.000000E+000 -2.574139E-001  9.663012E-001  0.000000E+000  0.000000E+000  0.000000E+000  1.000000E+000
  5.000000E-001  0.000000E+000  0.000000E+000  0.000000E+000  9.556495E-001  2.945066E-001  0.000000E+000 -2.945066E-001  9.556495E-001  0.000000E+000  0.000000E+000  0.000000E+000  1.000000E+000
  5.200000E-001  0.000000E+000  0.000000E+000  0.000000E+000  9.443359E-001  3.289827E-001  0.000000E+000 -3.289827E-001  9.443359E-001  0.000000E+000  0.000000E+000  0.000000E+000  1.000000E+000
  5.400000E-001  0.000000E+000  0.000000E+000  0.000000E+000  9.327117E-001  3.606230E-001  0.000000E+000 -3.606230E-001  9.327117E-001  0.000000E+000  0.000000E+000  0.000000E+000  1.000000E+000
  5.600000E-001  0.000000E+000  0.000000E+000  0.000000E+000  9.211310E-001  3.892526E-001  0.000000E+000 -3.892526E-001  9.211310E-001  0.000000E+000  0.000000E+000  0.000000E+000  1.000000E+000
  5.800000E-001  0.000000E+000  0.000000E+000  0.000000E+000  9.099409E-001  4.147379E-001  0.000000E+000 -4.147379E-001  9.099409E-001  0.000000E+000  0.000000E+000  0.000000E+000  1.000000E+000
  6.000000E-001  0.000000E+000  0.000000E+000  0.000000E+000  8.994706E-001  4.369814E-001  0.000000E+000 -4.369814E-001  8.994706E-001  0.000000E+000  0.000000E+000  0.000000E+000  1.000000E+000
  6.200000E-001  0.000000E+000  0.000000E+000  0.000000E+000  8.900227E-001  4.559162E-001  0.000000E+000 -4.559162E-001  8.900227E-001  0.000000E+000  0.000000E+000  0.000000E+000  1.000000E+000
  6.400000E-001  0.000000E+000  0.000000E+000  0.000000E+000  8.818662E-001  4.714997E-001  0.000000E+000 -4.714997E-001  8.818662E-001  0.000000E+000  0.000000E+000  0.000000E+000  1.000000E+000
  6.600000E-001  0.000000E+000  0.000000E+000  0.000000E+000  8.752299E-001  4.837072E-001  0.000000E+000 -4.837072E-001  8.752299E-001  0.000000E+000  0.000000E+000  0.000000E+000  1.000000E+000
  6.800000E-001  0.000000E+000  0.000000E+000  0.000000E+000  8.702975E-001  4.925264E-001  0.000000E+000 -4.925264E-001  8.702975E-001  0.000000E+000  0.000000E+000  0.000000E+000  1.000000E+000
  7.000000E-001  0.000000E+000  0.000000E+000  0.000000E+000  8.672044E-001  4.979523E-001  0.000000E+000 -4.979523E-001  8.672044E-001  0.000000E+000  0.000000E+000  0.000000E+000  1.000000E+000
  7.200000E-001  0.000000E+000  0.000000E+000  0.000000E+000  8.660349E-001  4.999836E-001  0.000000E+000 -4.999836E-001  8.660349E-001  0.000000E+000  0.000000E+000  0.000000E+000  1.000000E+000
  7.400000E-001  0.000000E+000  0.000000E+000  0.000000E+000  8.668207E-001  4.986200E-001  0.000000E+000 -4.986200E-001  8.668207E-001  0.000000E+000  0.000000E+000  0.000000E+000  1.000000E+000
  7.600000E-001  0.000000E+000  0.000000E+000  0.000000E+000  8.695404E-001  4.938618E-001  0.000000E+000 -4.938618E-001  8.695404E-001  0.000000E+000  0.000000E+000  0.000000E+000  1.000000E+000
  7.800000E-001  0.000000E+000  0.000000E+000  0.000000E+000  8.741201E-001  4.857098E-001  0.000000E+000 -4.857098E-001  8.741201E-001  0.000000E+000  0.000000E+000  0.000000E+000  1.000000E+000
  8.000000E-001  0.000000E+000  0.000000E+000  0.000000E+000  8.804343E-001  4.741681E-001  0.000000E+000 -4.741681E-001  8.804343E-001  0.000000E+000  0.000000E+000  0.000000E+000  1.000000E+000
  8.200000E-001  0.000000E+000  0.000000E+000  0.000000E+000  8.883085E-001  4.592472E-001  0.000000E+000 -4.592472E-001  8.883085E-001  0.000000E+000  0.000000E+000  0.000000E+000  1.000000E+000
  8.400000E-001  0.000000E+000  0.000000E+000  0.000000E+000  8.975224E-001  4.409688E-001  0.000000E+000 -4.409688E-001  8.975224E-001  0.000000E+000  0.000000E+000  0.000000E+000  1.000000E+000
  8.600000E-001  0.000000E+000  0.000000E+000  0.000000E+000  9.078146E-001  4.193717E-001  0.000000E+000 -4.193717E-001  9.078146E-001  0.000000E+000  0.000000E+000  0.000000E+000  1.000000E+000
  8.800000E-001  0.000000E+000  0.000000E+000  0.000000E+000  9.188884E-001  3.945175E-001  0.000000E+000 -3.945175E-001  9.188884E-001  0.000000E+000  0.000000E+000  0.000000E+000  1.000000E+000
  9.000000E-001  0.000000E+000  0.000000E+000  0.000000E+000  9.304192E-001  3.664970E-001  0.000000E+000 -3.664970E-001  9.304192E-001  0.000000E+000  0.000000E+000  0.000000E+000  1.000000E+000
  9.200000E-001  0.000000E+000  0.000000E+000  0.000000E+000  9.420628E-001  3.354365E-001  0.000000E+000 -3.354365E-001  9.420628E-001  0.000000E+000  0.000000E+000  0.000000E+000  1.000000E+000
  9.400000E-001  0.000000E+000  0.000000E+000  0.000000E+000  9.534655E-001  3.015022E-001  0.000000E+000 -3.015022E-001  9.534655E-001  0.000000E+000  0.000000E+000  0.000000E+000  1.000000E+000
  9.600000E-001  0.000000E+000  0.000000E+000  0.000000E+000  9.642746E-001  2.649047E-001  0.000000E+000 -2.649047E-001  9.642746E-001  0.000000E+000  0.000000E+000  0.000000E+000  1.000000E+000
  9.800000E-001  0.000000E+000  0.000000E+000  0.000000E+000  9.741504E-001  2.259002E-001  0.000000E+000 -2.259002E-001  9.741504E-001  0.000000E+000  0.000000E+000  0.000000E+000  1.000000E+000
  1.000000E+000  0.000000E+000  0.000000E+000  0.000000E+000  9.827778E-001  1.847912E-001  0.000000E+000 -1.847912E-001  9.827778E-001  0.000000E+000  0.000000E+000  0.000000E+000  1.000000E+000
  1.020000E+000  0.000000E+000  0.000000E+000  0.000000E+000  9.898777E-001  1.419232E-001  0.000000E+000 -1.419232E-001  9.898777E-001  0.000000E+000  0.000000E+000  0.000000E+000  1.000000E+000
  1.040000E+000  0.000000E+000  0.000000E+000  0.000000E+000  9.952178E-001  9.768096E-002  0.000000E+000 -9.768096E-002  9.952178E-001  0.000000E+000  0.000000E+000  0.000000E+000  1.000000E+000
  1.060000E+000  0.000000E+000  0.000000E+000  0.000000E+000  9.986219E-001  5.248057E-002  0.000000E+000 -5.248057E-002  9.986219E-001  0.000000E+000  0.000000E+000  0.000000E+000  1.000000E+000
  1.080000E+000  0.000000E+000  0.000000E+000  0.000000E+000  9.999771E-001  6.761255E-003  0.000000E+000 -6.761255E-003  9.999771E-001  0.000000E+000  0.000000E+000  0.000000E+000  1.000000E+000
  1.100000E+000  0.000000E+000  0.000000E+000  0.000000E+000  9.992382E-001 -3.902513E-002  0.000000E+000  3.902513E-002  9.992382E-001  0.000000E+000  0.000000E+000  0.000000E+000  1.000000E+000
  1.120000E+000  0.000000E+000  0.000000E+000  0.000000E+000  9.964298E-001 -8.442507E-002  0.000000E+000  8.442507E-002  9.964298E-001  0.000000E+000  0.000000E+000  0.000000E+000  1.000000E+000
  1.140000E+000  0.000000E+000  0.000000E+000  0.000000E+000  9.916453E-001 -1.289945E-001  0.000000E+000  1.289945E-001  9.916453E-001  0.000000E+000  0.000000E+000  0.000000E+000  1.000000E+000
  1.160000E+000  0.000000E+000  0.000000E+000  0.000000E+000  9.850429E-001 -1.723095E-001  0.000000E+000  1.723095E-001  9.850429E-001  0.000000E+000  0.000000E+000  0.000000E+000  1.000000E+000
  1.180000E+000  0.000000E+000  0.000000E+000  0.000000E+000  9.768391E-001 -2.139753E-001  0.000000E+000  2.139753E-001  9.768391E-001  0.000000E+000  0.000000E+000  0.000000E+000  1.000000E+000
  1.200000E+000  0.000000E+000  0.000000E+000  0.000000E+000  9.673002E-001 -2.536342E-001  0.000000E+000  2.536342E-001  9.673002E-001  0.000000E+000  0.000000E+000  0.000000E+000  1.000000E+000
  1.220000E+000  0.000000E+000  0.000000E+000  0.000000E+000  9.567320E-001 -2.909706E-001  0.000000E+000  2.909706E-001  9.567320E-001  0.000000E+000  0.000000E+000  0.000000E+000  1.000000E+000
  1.240000E+000  0.000000E+000  0.000000E+000  0.000000E+000  9.454681E-001 -3.257146E-001  0.000000E+000  3.257146E-001  9.454681E-001  0.000000E+000  0.000000E+000  0.000000E+000  1.000000E+000
  1.260000E+000  0.000000E+000  0.000000E+000  0.000000E+000  9.338587E-001 -3.576422E-001  0.000000E+000  3.576422E-001  9.338587E-001  0.000000E+000  0.000000E+000  0.000000E+000  1.000000E+000
  1.280000E+000  0.000000E+000  0.000000E+000  0.000000E+000  9.222582E-001 -3.865745E-001  0.000000E+000  3.865745E-001  9.222582E-001  0.000000E+000  0.000000E+000  0.000000E+000  1.000000E+000
  1.300000E+000  0.000000E+000  0.000000E+000  0.000000E+000  9.110147E-001 -4.123738E-001  0.000000E+000  4.123738E-001  9.110147E-001  0.000000E+000  0.000000E+000  0.000000E+000  1.000000E+000
  1.320000E+000  0.000000E+000  0.000000E+000  0.000000E+000  9.004596E-001 -4.349396E-001  0.000000E+000  4.349396E-001  9.004596E-001  0.000000E+000  0.000000E+000  0.000000E+000  1.000000E+000
  1.340000E+000  0.000000E+000  0.000000E+000  0.000000E+000  8.908987E-001 -4.542020E-001  0.000000E+000  4.542020E-001  8.908987E-001  0.000000E+000  0.000000E+000  0.000000E+000  1.000000E+000
  1.360000E+000  0.000000E+000  0.000000E+000  0.000000E+000  8.826044E-001 -4.701164E-001  0.000000E+000  4.701164E-001  8.826044E-001  0.000000E+000  0.000000E+000  0.000000E+000  1.000000E+000
  1.380000E+000  0.000000E+000  0.000000E+000  0.000000E+000  8.758096E-001 -4.826567E-001  0.000000E+000  4.826567E-001  8.758096E-001  0.000000E+000  0.000000E+000  0.000000E+000  1.000000E+000
  1.400000E+000  0.000000E+000  0.000000E+000  0.000000E+000  8.707029E-001 -4.918094E-001  0.000000E+000  4.918094E-001  8.707029E-001  0.000000E+000  0.000000E+000  0.000000E+000  1.000000E+000
  1.420000E+000  0.000000E+000  0.000000E+000  0.000000E+000  8.674243E-001 -4.975692E-001  0.000000E+000  4.975692E-001  8.674243E-001  0.000000E+000  0.000000E+000  0.000000E+000  1.000000E+000
  1.440000E+000  0.000000E+000  0.000000E+000  0.000000E+000  8.660633E-001 -4.999343E-001  0.000000E+000  4.999343E-001  8.660633E-001  0.000000E+000  0.000000E+000  0.000000E+000  1.000000E+000
  1.460000E+000  0.000000E+000  0.000000E+000  0.000000E+000  8.666569E-001 -4.989047E-001  0.000000E+000  4.989047E-001  8.666569E-001  0.000000E+000  0.000000E+000  0.000000E+000  1.000000E+000
  1.480000E+000  0.000000E+000  0.000000E+000  0.000000E+000  8.691889E-001 -4.944803E-001  0.000000E+000  4.944803E-001  8.691889E-001  0.000000E+000  0.000000E+000  0.000000E+000  1.000000E+000
  1.500000E+000  0.000000E+000  0.000000E+000  0.000000E+000  8.735904E-001 -4.866619E-001  0.000000E+000  4.866619E-001  8.735904E-001  0.000000E+000  0.000000E+000  0.000000E+000  1.000000E+000
  1.520000E+000  0.000000E+000  0.000000E+000  0.000000E+000  8.797410E-001 -4.754533E-001  0.000000E+000  4.754533E-001  8.797410E-001  0.000000E+000  0.000000E+000  0.000000E+000  1.000000E+000
  1.540000E+000  0.000000E+000  0.000000E+000  0.000000E+000  8.874708E-001 -4.608639E-001  0.000000E+000  4.608639E-001  8.874708E-001  0.000000E+000  0.000000E+000  0.000000E+000  1.000000E+000
  1.560000E+000  0.000000E+000  0.000000E+000  0.000000E+000  8.965639E-001 -4.429144E-001  0.000000E+000  4.429144E-001  8.965639E-001  0.000000E+000  0.000000E+000  0.000000E+000  1.000000E+000
  1.580000E+000  0.000000E+000  0.000000E+000  0.000000E+000  9.067627E-001 -4.216414E-001  0.000000E+000  4.216414E-001  9.067627E-001  0.000000E+000  0.000000E+000  0.000000E+000  1.000000E+000
  1.600000E+000  0.000000E+000  0.000000E+000  0.000000E+000  9.177736E-001 -3.971039E-001  0.000000E+000  3.971039E-001  9.177736E-001  0.000000E+000  0.000000E+000  0.000000E+000  1.000000E+000
  1.620000E+000  0.000000E+000  0.000000E+000  0.000000E+000  9.292745E-001 -3.693899E-001  0.000000E+000  3.693899E-001  9.292745E-001  0.000000E+000  0.000000E+000  0.000000E+000  1.000000E+000
  1.640000E+000  0.000000E+000  0.000000E+000  0.000000E+000  9.409226E-001 -3.386217E-001  0.000000E+000  3.386217E-001  9.409226E-001  0.000000E+000  0.000000E+000  0.000000E+000  1.000000E+000
  1.660000E+000  0.000000E+000  0.000000E+000  0.000000E+000  9.523647E-001 -3.049614E-001  0.000000E+000  3.049614E-001  9.523647E-001  0.000000E+000  0.000000E+000  0.000000E+000  1.000000E+000
  1.680000E+000  0.000000E+000  0.000000E+000  0.000000E+000  9.632476E-001 -2.686152E-001  0.000000E+000  2.686152E-001  9.632476E-001  0.000000E+000  0.000000E+000  0.000000E+000  1.000000E+000
  1.700000E+000  0.000000E+000  0.000000E+000  0.000000E+000  9.732297E-001 -2.298348E-001  0.000000E+000  2.298348E-001  9.732297E-001  0.000000E+000  0.000000E+000  0.000000E+000  1.000000E+000
  1.720000E+000  0.000000E+000  0.000000E+000  0.000000E+000  9.819928E-001 -1.889181E-001  0.000000E+000  1.889181E-001  9.819928E-001  0.000000E+000  0.000000E+000  0.000000E+000  1.000000E+000
  1.740000E+000  0.000000E+000  0.000000E+000  0.000000E+000  9.892541E-001 -1.462067E-001  0.000000E+000  1.462067E-001  9.892541E-001  0.000000E+000  0.000000E+000  0.000000E+000  1.000000E+000
  1.760000E+000  0.000000E+000  0.000000E+000  0.000000E+000  9.947760E-001 -1.020816E-001  0.000000E+000  1.020816E-001  9.947760E-001  0.000000E+000  0.000000E+000  0.000000E+000  1.000000E+000
  1.780000E+000  0.000000E+000  0.000000E+000  0.000000E+000  9.983767E-001 -5.695623E-002  0.000000E+000  5.695623E-002  9.983767E-001  0.000000E+000  0.000000E+000  0.000000E+000  1.000000E+000
  1.800000E+000  0.000000E+000  0.000000E+000  0.000000E+000  9.999365E-001 -1.126803E-002  0.000000E+000  1.126803E-002  9.999365E-001  0.000000E+000  0.000000E+000  0.000000E+000  1.000000E+000
  1.820000E+000  0.000000E+000  0.000000E+000  0.000000E+000  9.994036E-001  3.453192E-002  0.000000E+000 -3.453192E-002  9.994036E-001  0.000000E+000  0.000000E+000  0.000000E+000  1.000000E+000
  1.840000E+000  0.000000E+000  0.000000E+000  0.000000E+000  9.967957E-001  7.998980E-002  0.000000E+000 -7.998980E-002  9.967957E-001  0.000000E+000  0.000000E+000  0.000000E+000  1.000000E+000
  1.860000E+000  0.000000E+000  0.000000E+000  0.000000E+000  9.921995E-001  1.246601E-001  0.000000E+000 -1.246601E-001  9.921995E-001  0.000000E+000  0.000000E+000  0.000000E+000  1.000000E+000
  1.880000E+000  0.000000E+000  0.000000E+000  0.000000E+000  9.857671E-001  1.681165E-001  0.000000E+000 -1.681165E-001  9.857671E-001  0.000000E+000  0.000000E+000  0.000000E+000  1.000000E+000
  1.900000E+000  0.000000E+000  0.000000E+000  0.000000E+000  9.777097E-001  2.099611E-001  0.000000E+000 -2.099611E-001  9.777097E-001  0.000000E+000  0.000000E+000  0.000000E+000  1.000000E+000
  1.920000E+000  0.000000E+000  0.000000E+000  0.000000E+000  9.682892E-001  2.498320E-001  0.000000E+000 -2.498320E-001  9.682892E-001  0.000000E+000  0.000000E+000  0.000000E+000  1.000000E+000
  1.940000E+000  0.000000E+000  0.000000E+000  0.000000E+000  9.578078E-001  2.874096E-001  0.000000E+000 -2.874096E-001  9.578078E-001  0.000000E+000  0.000000E+000  0.000000E+000  1.000000E+000
  1.960000E+000  0.000000E+000  0.000000E+000  0.000000E+000  9.465970E-001  3.224192E-001  0.000000E+000 -3.224192E-001  9.465970E-001  0.000000E+000  0.000000E+000  0.000000E+000  1.000000E+000
  1.980000E+000  0.000000E+000  0.000000E+000  0.000000E+000  9.350058E-001  3.546324E-001  0.000000E+000 -3.546324E-001  9.350058E-001  0.000000E+000  0.000000E+000  0.000000E+000  1.000000E+000
  2.000000E+000  0.000000E+000  0.000000E+000  0.000000E+000  9.233888E-001  3.838660E-001  0.000000E+000 -3.838660E-001  9.233888E-001  0.000000E+000  0.000000E+000  0.000000E+000  1.000000E+000
  2.020000E+000  0.000000E+000  0.000000E+000  0.000000E+000  9.120952E-001  4.099785E-001  0.000000E+000 -4.099785E-001  9.120952E-001  0.000000E+000  0.000000E+000  0.000000E+000  1.000000E+000
  2.040000E+000  0.000000E+000  0.000000E+000  0.000000E+000  9.014584E-001  4.328658E-001  0.000000E+000 -4.328658E-001  9.014584E-001  0.000000E+000  0.000000E+000  0.000000E+000  1.000000E+000
  2.060000E+000  0.000000E+000  0.000000E+000  0.000000E+000  8.917870E-001  4.524555E-001  0.000000E+000 -4.524555E-001  8.917870E-001  0.000000E+000  0.000000E+000  0.000000E+000  1.000000E+000
  2.080000E+000  0.000000E+000  0.000000E+000  0.000000E+000  8.833571E-001  4.687006E-001  0.000000E+000 -4.687006E-001  8.833571E-001  0.000000E+000  0.000000E+000  0.000000E+000  1.000000E+000
  2.100000E+000  0.000000E+000  0.000000E+000  0.000000E+000  8.764057E-001  4.815734E-001  0.000000E+000 -4.815734E-001  8.764057E-001  0.000000E+000  0.000000E+000  0.000000E+000  1.000000E+000
  2.120000E+000  0.000000E+000  0.000000E+000  0.000000E+000  8.711259E-001  4.910597E-001  0.000000E+000 -4.910597E-001  8.711259E-001  0.000000E+000  0.000000E+000  0.000000E+000  1.000000E+000
  2.140000E+000  0.000000E+000  0.000000E+000  0.000000E+000  8.676628E-001  4.971532E-001  0.000000E+000 -4.971532E-001  8.676628E-001  0.000000E+000  0.000000E+000  0.000000E+000  1.000000E+000
  2.160000E+000  0.000000E+000  0.000000E+000  0.000000E+000  8.661107E-001  4.998522E-001  0.000000E+000 -4.998522E-001  8.661107E-001  0.000000E+000  0.000000E+000  0.000000E+000  1.000000E+000
  2.180000E+000  0.000000E+000  0.000000E+000  0.000000E+000  8.665119E-001  4.991565E-001  0.000000E+000 -4.991565E-001  8.665119E-001  0.000000E+000  0.000000E+000  0.000000E+000  1.000000E+000
  2.200000E+000  0.000000E+000  0.000000E+000  0.000000E+000  8.688554E-001  4.950659E-001  0.000000E+000 -4.950659E-001  8.688554E-001  0.000000E+000  0.000000E+000  0.000000E+000  1.000000E+000
  2.220000E+000  0.000000E+000  0.000000E+000  0.000000E+000  8.730776E-001  4.875813E-001  0.000000E+000 -4.875813E-001  8.730776E-001  0.000000E+000  0.000000E+000  0.000000E+000  1.000000E+000
  2.240000E+000  0.000000E+000  0.000000E+000  0.000000E+000  8.790629E-001  4.767057E-001  0.000000E+000 -4.767057E-001  8.790629E-001  0.000000E+000  0.000000E+000  0.000000E+000  1.000000E+000
  2.260000E+000  0.000000E+000  0.000000E+000  0.000000E+000  8.866463E-001  4.624482E-001  0.000000E+000 -4.624482E-001  8.866463E-001  0.000000E+000  0.000000E+000  0.000000E+000  1.000000E+000
  2.280000E+000  0.000000E+000  0.000000E+000  0.000000E+000  8.956161E-001  4.448278E-001  0.000000E+000 -4.448278E-001  8.956161E-001  0.000000E+000  0.000000E+000  0.000000E+000  1.000000E+000
  2.300000E+000  0.000000E+000  0.000000E+000  0.000000E+000  9.057186E-001  4.238794E-001  0.000000E+000 -4.238794E-001  9.057186E-001  0.000000E+000  0.000000E+000  0.000000E+000  1.000000E+000
  2.320000E+000  0.000000E+000  0.000000E+000  0.000000E+000  9.166636E-001  3.996597E-001  0.000000E+000 -3.996597E-001  9.166636E-001  0.000000E+000  0.000000E+000  0.000000E+000  1.000000E+000
  2.340000E+000  0.000000E+000  0.000000E+000  0.000000E+000  9.281312E-001  3.722532E-001  0.000000E+000 -3.722532E-001  9.281312E-001  0.000000E+000  0.000000E+000  0.000000E+000  1.000000E+000
  2.360000E+000  0.000000E+000  0.000000E+000  0.000000E+000  9.397804E-001  3.417789E-001  0.000000E+000 -3.417789E-001  9.397804E-001  0.000000E+000  0.000000E+000  0.000000E+000  1.000000E+000
  2.380000E+000  0.000000E+000  0.000000E+000  0.000000E+000  9.512585E-001  3.083947E-001  0.000000E+000 -3.083947E-001  9.512585E-001  0.000000E+000  0.000000E+000  0.000000E+000  1.000000E+000
  2.400000E+000  0.000000E+000  0.000000E+000  0.000000E+000  9.622118E-001  2.723022E-001  0.000000E+000 -2.723022E-001  9.622118E-001  0.000000E+000  0.000000E+000  0.000000E+000  1.000000E+000
  2.420000E+000  0.000000E+000  0.000000E+000  0.000000E+000  9.722970E-001  2.337487E-001  0.000000E+000 -2.337487E-001  9.722970E-001  0.000000E+000  0.000000E+000  0.000000E+000  1.000000E+000
  2.440000E+000  0.000000E+000  0.000000E+000  0.000000E+000  9.811933E-001  1.930276E-001  0.000000E+000 -1.930276E-001  9.811933E-001  0.000000E+000  0.000000E+000  0.000000E+000  1.000000E+000
  2.460000E+000  0.000000E+000  0.000000E+000  0.000000E+000  9.886136E-001  1.504764E-001  0.000000E+000 -1.504764E-001  9.886136E-001  0.000000E+000  0.000000E+000  0.000000E+000  1.000000E+000
  2.480000E+000  0.000000E+000  0.000000E+000  0.000000E+000  9.943157E-001  1.064725E-001  0.000000E+000 -1.064725E-001  9.943157E-001  0.000000E+000  0.000000E+000  0.000000E+000  1.000000E+000
  2.500000E+000  0.000000E+000  0.000000E+000  0.000000E+000  9.981116E-001  6.142643E-002  0.000000E+000 -6.142643E-002  9.981116E-001  0.000000E+000  0.000000E+000  0.000000E+000  1.000000E+000
  2.520000E+000  0.000000E+000  0.000000E+000  0.000000E+000  9.998756E-001  1.577373E-002  0.000000E+000 -1.577373E-002  9.998756E-001  0.000000E+000  0.000000E+000  0.000000E+000  1.000000E+000
  2.540000E+000  0.000000E+000  0.000000E+000  0.000000E+000  9.995488E-001 -3.003540E-002  0.000000E+000  3.003540E-002  9.995488E-001  0.000000E+000  0.000000E+000  0.000000E+000  1.000000E+000
  2.560000E+000  0.000000E+000  0.000000E+000  0.000000E+000  9.971423E-001 -7.554689E-002  0.000000E+000  7.554689E-002  9.971423E-001  0.000000E+000  0.000000E+000  0.000000E+000  1.000000E+000
  2.580000E+000  0.000000E+000  0.000000E+000  0.000000E+000  9.927359E-001 -1.203140E-001  0.000000E+000  1.203140E-001  9.927359E-001  0.000000E+000  0.000000E+000  0.000000E+000  1.000000E+000
  2.600000E+000  0.000000E+000  0.000000E+000  0.000000E+000  9.864756E-001 -1.639079E-001  0.000000E+000  1.639079E-001  9.864756E-001  0.000000E+000  0.000000E+000  0.000000E+000  1.000000E+000
  2.620000E+000  0.000000E+000  0.000000E+000  0.000000E+000  9.785672E-001 -2.059277E-001  0.000000E+000  2.059277E-001  9.785672E-001  0.000000E+000  0.000000E+000  0.000000E+000  1.000000E+000
  2.640000E+000  0.000000E+000  0.000000E+000  0.000000E+000  9.692679E-001 -2.460076E-001  0.000000E+000  2.460076E-001  9.692679E-001  0.000000E+000  0.000000E+000  0.000000E+000  1.000000E+000
  2.660000E+000  0.000000E+000  0.000000E+000  0.000000E+000  9.588765E-001 -2.838236E-001  0.000000E+000  2.838236E-001  9.588765E-001  0.000000E+000  0.000000E+000  0.000000E+000  1.000000E+000
  2.680000E+000  0.000000E+000  0.000000E+000  0.000000E+000  9.477222E-001 -3.190967E-001  0.000000E+000  3.190967E-001  9.477222E-001  0.000000E+000  0.000000E+000  0.000000E+000  1.000000E+000
  2.700000E+000  0.000000E+000  0.000000E+000  0.000000E+000  9.361527E-001 -3.515938E-001  0.000000E+000  3.515938E-001  9.361527E-001  0.000000E+000  0.000000E+000  0.000000E+000  1.000000E+000
  2.720000E+000  0.000000E+000  0.000000E+000  0.000000E+000  9.245226E-001 -3.811273E-001  0.000000E+000  3.811273E-001  9.245226E-001  0.000000E+000  0.000000E+000  0.000000E+000  1.000000E+000
  2.740000E+000  0.000000E+000  0.000000E+000  0.000000E+000  9.131820E-001 -4.075520E-001  0.000000E+000  4.075520E-001  9.131820E-001  0.000000E+000  0.000000E+000  0.000000E+000  1.000000E+000
  2.760000E+000  0.000000E+000  0.000000E+000  0.000000E+000  9.024665E-001 -4.307601E-001  0.000000E+000  4.307601E-001  9.024665E-001  0.000000E+000  0.000000E+000  0.000000E+000  1.000000E+000
  2.780000E+000  0.000000E+000  0.000000E+000  0.000000E+000  8.926873E-001 -4.506766E-001  0.000000E+000  4.506766E-001  8.926873E-001  0.000000E+000  0.000000E+000  0.000000E+000  1.000000E+000
  2.800000E+000  0.000000E+000  0.000000E+000  0.000000E+000  8.841241E-001 -4.672521E-001  0.000000E+000  4.672521E-001  8.841241E-001  0.000000E+000  0.000000E+000  0.000000E+000  1.000000E+000
  2.820000E+000  0.000000E+000  0.000000E+000  0.000000E+000  8.770181E-001 -4.804574E-001  0.000000E+000  4.804574E-001  8.770181E-001  0.000000E+000  0.000000E+000  0.000000E+000  1.000000E+000
  2.840000E+000  0.000000E+000  0.000000E+000  0.000000E+000  8.715666E-001 -4.902771E-001  0.000000E+000  4.902771E-001  8.715666E-001  0.000000E+000  0.000000E+000  0.000000E+000  1.000000E+000
  2.860000E+000  0.000000E+000  0.000000E+000  0.000000E+000  8.679198E-001 -4.967044E-001  0.000000E+000  4.967044E-001  8.679198E-001  0.000000E+000  0.000000E+000  0.000000E+000  1.000000E+000
  2.880000E+000  0.000000E+000  0.000000E+000  0.000000E+000  8.661770E-001 -4.997373E-001  0.000000E+000  4.997373E-001  8.661770E-001  0.000000E+000  0.000000E+000  0.000000E+000  1.000000E+000
  2.900000E+000  0.000000E+000  0.000000E+000  0.000000E+000  8.663857E-001 -4.993754E-001  0.000000E+000  4.993754E-001  8.663857E-001  0.000000E+000  0.000000E+000  0.000000E+000  1.000000E+000
  2.920000E+000  0.000000E+000  0.000000E+000  0.000000E+000  8.685402E-001 -4.956187E-001  0.000000E+000  4.956187E-001  8.685402E-001  0.000000E+000  0.000000E+000  0.000000E+000  1.000000E+000
  2.940000E+000  0.000000E+000  0.000000E+000  0.000000E+000  8.725819E-001 -4.884678E-001  0.000000E+000  4.884678E-001  8.725819E-001  0.000000E+000  0.000000E+000  0.000000E+000  1.000000E+000
  2.960000E+000  0.000000E+000  0.000000E+000  0.000000E+000  8.784004E-001 -4.779255E-001  0.000000E+000  4.779255E-001  8.784004E-001  0.000000E+000  0.000000E+000  0.000000E+000  1.000000E+000
  2.980000E+000  0.000000E+000  0.000000E+000  0.000000E+000  8.858352E-001 -4.639999E-001  0.000000E+000  4.639999E-001  8.858352E-001  0.000000E+000  0.000000E+000  0.000000E+000  1.000000E+000
  3.000000E+000  0.000000E+000  0.000000E+000  0.000000E+000  8.946793E-001 -4.467090E-001  0.000000E+000  4.467090E-001  8.946793E-001  0.000000E+000  0.000000E+000  0.000000E+000  1.000000E+000
  3.020000E+000  0.000000E+000  0.000000E+000  0.000000E+000  9.046827E-001 -4.260858E-001  0.000000E+000  4.260858E-001  9.046827E-001  0.000000E+000  0.000000E+000  0.000000E+000  1.000000E+000
  3.040000E+000  0.000000E+000  0.000000E+000  0.000000E+000  9.155586E-001 -4.021846E-001  0.000000E+000  4.021846E-001  9.155586E-001  0.000000E+000  0.000000E+000  0.000000E+000  1.000000E+000
  3.060000E+000  0.000000E+000  0.000000E+000  0.000000E+000  9.269897E-001 -3.750869E-001  0.000000E+000  3.750869E-001  9.269897E-001  0.000000E+000  0.000000E+000  0.000000E+000  1.000000E+000
  3.080000E+000  0.000000E+000  0.000000E+000  0.000000E+000  9.386365E-001 -3.449079E-001  0.000000E+000  3.449079E-001  9.386365E-001  0.000000E+000  0.000000E+000  0.000000E+000  1.000000E+000
  3.100000E+000  0.000000E+000  0.000000E+000  0.000000E+000  9.501472E-001 -3.118016E-001  0.000000E+000  3.118016E-001  9.501472E-001  0.000000E+000  0.000000E+000  0.000000E+000  1.000000E+000
  3.120000E+000  0.000000E+000  0.000000E+000  0.000000E+000  9.611676E-001 -2.759653E-001  0.000000E+000  2.759653E-001  9.611676E-001  0.000000E+000  0.000000E+000  0.000000E+000  1.000000E+000
  3.140000E+000  0.000000E+000  0.000000E+000  0.000000E+000  9.713529E-001 -2.376416E-001  0.000000E+000  2.376416E-001  9.713529E-001  0.000000E+000  0.000000E+000  0.000000E+000  1.000000E+000
  3.160000E+000  0.000000E+000  0.000000E+000  0.000000E+000  9.803795E-001 -1.971194E-001  0.000000E+000  1.971194E-001  9.803795E-001  0.000000E+000  0.000000E+000  0.000000E+000  1.000000E+000
  3.180000E+000  0.000000E+000  0.000000E+000  0.000000E+000  9.879565E-001 -1.547321E-001  0.000000E+000  1.547321E-001  9.879565E-001  0.000000E+000  0.000000E+000  0.000000E+000  1.000000E+000
  3.200000E+000  0.000000E+000  0.000000E+000  0.000000E+000  9.938368E-001 -1.108533E-001  0.000000E+000  1.108533E-001  9.938368E-001  0.000000E+000  0.000000E+000  0.000000E+000  1.000000E+000
  3.220000E+000  0.000000E+000  0.000000E+000  0.000000E+000  9.978268E-001 -6.589075E-002  0.000000E+000  6.589075E-002  9.978268E-001  0.000000E+000  0.000000E+000  0.000000E+000  1.000000E+000
  3.240000E+000  0.000000E+000  0.000000E+000  0.000000E+000  9.997944E-001 -2.027791E-002  0.000000E+000  2.027791E-002  9.997944E-001  0.000000E+000  0.000000E+000  0.000000E+000  1.000000E+000
  3.260000E+000  0.000000E+000  0.000000E+000  0.000000E+000  9.996739E-001  2.553599E-002  0.000000E+000 -2.553599E-002  9.996739E-001  0.000000E+000  0.000000E+000  0.000000E+000  1.000000E+000
  3.280000E+000  0.000000E+000  0.000000E+000  0.000000E+000  9.974694E-001  7.109677E-002  0.000000E+000 -7.109677E-002  9.974694E-001  0.000000E+000  0.000000E+000  0.000000E+000  1.000000E+000
  3.300000E+000  0.000000E+000  0.000000E+000  0.000000E+000  9.932543E-001  1.159564E-001  0.000000E+000 -1.159564E-001  9.932543E-001  0.000000E+000  0.000000E+000  0.000000E+000  1.000000E+000
  3.320000E+000  0.000000E+000  0.000000E+000  0.000000E+000  9.871682E-001  1.596841E-001  0.000000E+000 -1.596841E-001  9.871682E-001  0.000000E+000  0.000000E+000  0.000000E+000  1.000000E+000
  3.340000E+000  0.000000E+000  0.000000E+000  0.000000E+000  9.794112E-001  2.018755E-001  0.000000E+000 -2.018755E-001  9.794112E-001  0.000000E+000  0.000000E+000  0.000000E+000  1.000000E+000
  3.360000E+000  0.000000E+000  0.000000E+000  0.000000E+000  9.702360E-001  2.421613E-001  0.000000E+000 -2.421613E-001  9.702360E-001  0.000000E+000  0.000000E+000  0.000000E+000  1.000000E+000
  3.380000E+000  0.000000E+000  0.000000E+000  0.000000E+000  9.599378E-001  2.802131E-001  0.000000E+000 -2.802131E-001  9.599378E-001  0.000000E+000  0.000000E+000  0.000000E+000  1.000000E+000
  3.400000E+000  0.000000E+000  0.000000E+000  0.000000E+000  9.488433E-001  3.157473E-001  0.000000E+000 -3.157473E-001  9.488433E-001  0.000000E+000  0.000000E+000  0.000000E+000  1.000000E+000
  3.420000E+000  0.000000E+000  0.000000E+000  0.000000E+000  9.372989E-001  3.485264E-001  0.000000E+000 -3.485264E-001  9.372989E-001  0.000000E+000  0.000000E+000  0.000000E+000  1.000000E+000
  3.440000E+000  0.000000E+000  0.000000E+000  0.000000E+000  9.256591E-001  3.783586E-001  0.000000E+000 -3.783586E-001  9.256591E-001  0.000000E+000  0.000000E+000  0.000000E+000  1.000000E+000
  3.460000E+000  0.000000E+000  0.000000E+000  0.000000E+000  9.142749E-001  4.050943E-001  0.000000E+000 -4.050943E-001  9.142749E-001  0.000000E+000  0.000000E+000  0.000000E+000  1.000000E+000
  3.480000E+000  0.000000E+000  0.000000E+000  0.000000E+000  9.034836E-001  4.286226E-001  0.000000E+000 -4.286226E-001  9.034836E-001  0.000000E+000  0.000000E+000  0.000000E+000  1.000000E+000
  3.500000E+000  0.000000E+000  0.000000E+000  0.000000E+000  8.935994E-001  4.488653E-001  0.000000E+000 -4.488653E-001  8.935994E-001  0.000000E+000  0.000000E+000  0.000000E+000  1.000000E+000
  3.520000E+000  0.000000E+000  0.000000E+000  0.000000E+000  8.849053E-001  4.657710E-001  0.000000E+000 -4.657710E-001  8.849053E-001  0.000000E+000  0.000000E+000  0.000000E+000  1.000000E+000
  3.540000E+000  0.000000E+000  0.000000E+000  0.000000E+000  8.776464E-001  4.793086E-001  0.000000E+000 -4.793086E-001  8.776464E-001  0.000000E+000  0.000000E+000  0.000000E+000  1.000000E+000
  3.560000E+000  0.000000E+000  0.000000E+000  0.000000E+000  8.720248E-001  4.894617E-001  0.000000E+000 -4.894617E-001  8.720248E-001  0.000000E+000  0.000000E+000  0.000000E+000  1.000000E+000
  3.580000E+000  0.000000E+000  0.000000E+000  0.000000E+000  8.681952E-001  4.962228E-001  0.000000E+000 -4.962228E-001  8.681952E-001  0.000000E+000  0.000000E+000  0.000000E+000  1.000000E+000
  3.600000E+000  0.000000E+000  0.000000E+000  0.000000E+000  8.662622E-001  4.995895E-001  0.000000E+000 -4.995895E-001  8.662622E-001  0.000000E+000  0.000000E+000  0.000000E+000  1.000000E+000
  3.620000E+000  0.000000E+000  0.000000E+000  0.000000E+000  8.662784E-001  4.995615E-001  0.000000E+000 -4.995615E-001  8.662784E-001  0.000000E+000  0.000000E+000  0.000000E+000  1.000000E+000
  3.640000E+000  0.000000E+000  0.000000E+000  0.000000E+000  8.682433E-001  4.961387E-001  0.000000E+000 -4.961387E-001  8.682433E-001  0.000000E+000  0.000000E+000  0.000000E+000  1.000000E+000
  3.660000E+000  0.000000E+000  0.000000E+000  0.000000E+000  8.721035E-001  4.893215E-001  0.000000E+000 -4.893215E-001  8.721035E-001  0.000000E+000  0.000000E+000  0.000000E+000  1.000000E+000
  3.680000E+000  0.000000E+000  0.000000E+000  0.000000E+000  8.777535E-001  4.791125E-001  0.000000E+000 -4.791125E-001  8.777535E-001  0.000000E+000  0.000000E+000  0.000000E+000  1.000000E+000
  3.700000E+000  0.000000E+000  0.000000E+000  0.000000E+000  8.850378E-001  4.655191E-001  0.000000E+000 -4.655191E-001  8.850378E-001  0.000000E+000  0.000000E+000  0.000000E+000  1.000000E+000
  3.720000E+000  0.000000E+000  0.000000E+000  0.000000E+000  8.937537E-001  4.485580E-001  0.000000E+000 -4.485580E-001  8.937537E-001  0.000000E+000  0.000000E+000  0.000000E+000  1.000000E+000
  3.740000E+000  0.000000E+000  0.000000E+000  0.000000E+000  9.036553E-001  4.282605E-001  0.000000E+000 -4.282605E-001  9.036553E-001  0.000000E+000  0.000000E+000  0.000000E+000  1.000000E+000
  3.760000E+000  0.000000E+000  0.000000E+000  0.000000E+000  9.144590E-001  4.046785E-001  0.000000E+000 -4.046785E-001  9.144590E-001  0.000000E+000  0.000000E+000  0.000000E+000  1.000000E+000
  3.780000E+000  0.000000E+000  0.000000E+000  0.000000E+000  9.258502E-001  3.778906E-001  0.000000E+000 -3.778906E-001  9.258502E-001  0.000000E+000  0.000000E+000  0.000000E+000  1.000000E+000
  3.800000E+000  0.000000E+000  0.000000E+000  0.000000E+000  9.374914E-001  3.480085E-001  0.000000E+000 -3.480085E-001  9.374914E-001  0.000000E+000  0.000000E+000  0.000000E+000  1.000000E+000
  3.820000E+000  0.000000E+000  0.000000E+000  0.000000E+000  9.490312E-001  3.151822E-001  0.000000E+000 -3.151822E-001  9.490312E-001  0.000000E+000  0.000000E+000  0.000000E+000  1.000000E+000
  3.840000E+000  0.000000E+000  0.000000E+000  0.000000E+000  9.601153E-001  2.796043E-001  0.000000E+000 -2.796043E-001  9.601153E-001  0.000000E+000  0.000000E+000  0.000000E+000  1.000000E+000
  3.860000E+000  0.000000E+000  0.000000E+000  0.000000E+000  9.703975E-001  2.415132E-001  0.000000E+000 -2.415132E-001  9.703975E-001  0.000000E+000  0.000000E+000  0.000000E+000  1.000000E+000
  3.880000E+000  0.000000E+000  0.000000E+000  0.000000E+000  9.795516E-001  2.011931E-001  0.000000E+000 -2.011931E-001  9.795516E-001  0.000000E+000  0.000000E+000  0.000000E+000  1.000000E+000
  3.900000E+000  0.000000E+000  0.000000E+000  0.000000E+000  9.872829E-001  1.589733E-001  0.000000E+000 -1.589733E-001  9.872829E-001  0.000000E+000  0.000000E+000  0.000000E+000  1.000000E+000
  3.920000E+000  0.000000E+000  0.000000E+000  0.000000E+000  9.933396E-001  1.152236E-001  0.000000E+000 -1.152236E-001  9.933396E-001  0.000000E+000  0.000000E+000  0.000000E+000  1.000000E+000
  3.940000E+000  0.000000E+000  0.000000E+000  0.000000E+000  9.975225E-001  7.034877E-002  0.000000E+000 -7.034877E-002  9.975225E-001  0.000000E+000  0.000000E+000  0.000000E+000  1.000000E+000
  3.960000E+000  0.000000E+000  0.000000E+000  0.000000E+000  9.996929E-001  2.478014E-002  0.000000E+000 -2.478014E-002  9.996929E-001  0.000000E+000  0.000000E+000  0.000000E+000  1.000000E+000
  3.980000E+000  0.000000E+000  0.000000E+000  0.000000E+000  9.997788E-001 -2.103413E-002  0.000000E+000  2.103413E-002  9.997788E-001  0.000000E+000  0.000000E+000  0.000000E+000  1.000000E+000
