% FILE: particle_pendulum.1
%
%       t            theta         theta'           KE             PE       MechanicalEnergy
%     (sec)          (deg)        (deg/sec)      (Joules)       (Joules)        (Joules)

  0.000000E+00   3.000000E+01   0.000000E+00   0.000000E+00  -8.487049E+00   -8.487049E+00 
  2.000000E-02   2.988776E+01  -1.121726E+01   9.582275E-03  -8.496631E+00   -8.487049E+00 
  4.000000E-02   2.955182E+01  -2.235828E+01   3.806901E-02  -8.525118E+00   -8.487049E+00 
  6.000000E-02   2.899445E+01  -3.334682E+01   8.468443E-02  -8.571733E+00   -8.487049E+00 
  8.000000E-02   2.821947E+01  -4.410670E+01   1.481507E-01  -8.635200E+00   -8.487049E+00 
  1.000000E-01   2.723221E+01  -5.456191E+01   2.267117E-01  -8.713761E+00   -8.487049E+00 
  1.200000E-01   2.603953E+01  -6.463683E+01   3.181668E-01  -8.805216E+00   -8.487049E+00 
  1.400000E-01   2.464977E+01  -7.425653E+01   4.199175E-01  -8.906966E+00   -8.487049E+00 
  1.600000E-01   2.307279E+01  -8.334725E+01   5.290264E-01  -9.016075E+00   -8.487049E+00 
  1.800000E-01   2.131989E+01  -9.183701E+01   6.422886E-01  -9.129338E+00   -8.487049E+00 
  2.000000E-01   1.940378E+01  -9.965632E+01   7.563181E-01  -9.243367E+00   -8.487049E+00 
  2.200000E-01   1.733855E+01  -1.067391E+02   8.676440E-01  -9.354693E+00   -8.487049E+00 
  2.400000E-01   1.513955E+01  -1.130234E+02   9.728185E-01  -9.459868E+00   -8.487049E+00 
  2.600000E-01   1.282331E+01  -1.184530E+02   1.068531E+00  -9.555579E+00   -8.487049E+00 
  2.800000E-01   1.040746E+01  -1.229777E+02   1.151721E+00  -9.638770E+00   -8.487049E+00 
  3.000000E-01   7.910524E+00  -1.265548E+02   1.219696E+00  -9.706745E+00   -8.487049E+00 
  3.200000E-01   5.351818E+00  -1.291498E+02   1.270230E+00  -9.757279E+00   -8.487049E+00 
  3.400000E-01   2.751248E+00  -1.307376E+02   1.301655E+00  -9.788704E+00   -8.487049E+00 
  3.600000E-01   1.291348E-01  -1.313024E+02   1.312926E+00  -9.799975E+00   -8.487049E+00 
  3.800000E-01  -2.493990E+00  -1.308387E+02   1.303668E+00  -9.790717E+00   -8.487049E+00 
  4.000000E-01  -5.097584E+00  -1.293510E+02   1.274190E+00  -9.761239E+00   -8.487049E+00 
  4.200000E-01  -7.661299E+00  -1.268540E+02   1.225471E+00  -9.712520E+00   -8.487049E+00 
  4.400000E-01  -1.016518E+01  -1.233721E+02   1.159121E+00  -9.646170E+00   -8.487049E+00 
  4.600000E-01  -1.258984E+01  -1.189389E+02   1.077314E+00  -9.564363E+00   -8.487049E+00 
  4.800000E-01  -1.491667E+01  -1.135962E+02   9.827032E-01  -9.469752E+00   -8.487049E+00 
  5.000000E-01  -1.712795E+01  -1.073935E+02   8.783157E-01  -9.365365E+00   -8.487049E+00 
  5.200000E-01  -1.920704E+01  -1.003866E+02   7.674432E-01  -9.254492E+00   -8.487049E+00 
  5.400000E-01  -2.113846E+01  -9.263686E+01   6.535253E-01  -9.140574E+00   -8.487049E+00 
  5.600000E-01  -2.290800E+01  -8.421000E+01   5.400353E-01  -9.027084E+00   -8.487049E+00 
  5.800000E-01  -2.450281E+01  -7.517522E+01   4.303722E-01  -8.917421E+00   -8.487049E+00 
  6.000000E-01  -2.591144E+01  -6.560430E+01   3.277626E-01  -8.814812E+00   -8.487049E+00 
  6.200000E-01  -2.712390E+01  -5.557085E+01   2.351737E-01  -8.722223E+00   -8.487049E+00 
  6.400000E-01  -2.813169E+01  -4.514969E+01   1.552402E-01  -8.642289E+00   -8.487049E+00 
  6.600000E-01  -2.892780E+01  -3.441641E+01   9.020402E-02  -8.577253E+00   -8.487049E+00 
  6.800000E-01  -2.950677E+01  -2.344699E+01   4.186671E-02  -8.528916E+00   -8.487049E+00 
  7.000000E-01  -2.986462E+01  -1.231759E+01   1.155436E-02  -8.498603E+00   -8.487049E+00 
  7.200000E-01  -2.999891E+01  -1.104439E+00   9.289190E-05  -8.487142E+00   -8.487049E+00 
  7.400000E-01  -2.990875E+01   1.011621E+01   7.793457E-03  -8.494842E+00   -8.487049E+00 
  7.600000E-01  -2.959472E+01   2.126810E+01   3.444707E-02  -8.521496E+00   -8.487049E+00 
  7.800000E-01  -2.905899E+01   3.227502E+01   7.932822E-02  -8.566377E+00   -8.487049E+00 
  8.000000E-01  -2.830520E+01   4.306076E+01   1.412076E-01  -8.628257E+00   -8.487049E+00 
  8.200000E-01  -2.733854E+01   5.354929E+01   2.183747E-01  -8.705424E+00   -8.487049E+00 
  8.400000E-01  -2.616571E+01   6.366495E+01   3.086708E-01  -8.795720E+00   -8.487049E+00 
  8.600000E-01  -2.479493E+01   7.333271E+01   4.095343E-01  -8.896583E+00   -8.487049E+00 
  8.800000E-01  -2.323588E+01   8.247869E+01   5.180578E-01  -9.005107E+00   -8.487049E+00 
  9.000000E-01  -2.149974E+01   9.103068E+01   6.310595E-01  -9.118108E+00   -8.487049E+00 
  9.200000E-01  -1.959908E+01   9.891892E+01   7.451668E-01  -9.232216E+00   -8.487049E+00 
  9.400000E-01  -1.754785E+01   1.060769E+02   8.569127E-01  -9.343962E+00   -8.487049E+00 
  9.600000E-01  -1.536129E+01   1.124424E+02   9.628422E-01  -9.449891E+00   -8.487049E+00 
  9.800000E-01  -1.305582E+01   1.179584E+02   1.059625E+00  -9.546674E+00   -8.487049E+00 
  1.000000E+00  -1.064896E+01   1.225741E+02   1.144174E+00  -9.631223E+00   -8.487049E+00 
  1.020000E+00  -8.159151E+00   1.262460E+02   1.213752E+00  -9.700801E+00   -8.487049E+00 
  1.040000E+00  -5.605645E+00   1.289389E+02   1.266085E+00  -9.753134E+00   -8.487049E+00 
  1.060000E+00  -3.008297E+00   1.306266E+02   1.299446E+00  -9.786495E+00   -8.487049E+00 
  1.080000E+00  -3.873944E-01   1.312925E+02   1.312727E+00  -9.799776E+00   -8.487049E+00 
  1.100000E+00   2.236543E+00   1.309299E+02   1.305486E+00  -9.792535E+00   -8.487049E+00 
  1.120000E+00   4.842965E+00   1.295424E+02   1.277963E+00  -9.765012E+00   -8.487049E+00 
  1.140000E+00   7.411495E+00   1.271437E+02   1.231075E+00  -9.718124E+00   -8.487049E+00 
  1.160000E+00   9.922127E+00   1.237573E+02   1.166371E+00  -9.653420E+00   -8.487049E+00 
  1.180000E+00   1.235542E+01   1.194159E+02   1.085974E+00  -9.573023E+00   -8.487049E+00 
  1.200000E+00   1.469267E+01   1.141606E+02   9.924931E-01  -9.479542E+00   -8.487049E+00 
  1.220000E+00   1.691608E+01   1.080401E+02   8.889245E-01  -9.375973E+00   -8.487049E+00 
  1.240000E+00   1.900887E+01   1.011097E+02   7.785388E-01  -9.265588E+00   -8.487049E+00 
  1.260000E+00   2.095547E+01   9.343015E+01   6.647661E-01  -9.151815E+00   -8.487049E+00 
  1.280000E+00   2.274152E+01   8.506687E+01   5.510813E-01  -9.038130E+00   -8.487049E+00 
  1.300000E+00   2.435404E+01   7.608873E+01   4.408953E-01  -8.927944E+00   -8.487049E+00 
  1.320000E+00   2.578145E+01   6.656730E+01   3.374556E-01  -8.824505E+00   -8.487049E+00 
  1.340000E+00   2.701360E+01   5.657603E+01   2.437585E-01  -8.730807E+00   -8.487049E+00 
  1.360000E+00   2.804186E+01   4.618967E+01   1.624742E-01  -8.649523E+00   -8.487049E+00 
  1.380000E+00   2.885906E+01   3.548372E+01   9.588551E-02  -8.582934E+00   -8.487049E+00 
  1.400000E+00   2.945958E+01   2.453414E+01   4.583914E-02  -8.532888E+00   -8.487049E+00 
  1.420000E+00   2.983931E+01   1.341709E+01   1.370919E-02  -8.500758E+00   -8.487049E+00 
  1.440000E+00   2.999566E+01   2.208804E+00   3.715429E-04  -8.487421E+00   -8.487049E+00 
  1.460000E+00   2.992756E+01  -9.014485E+00   6.188374E-03  -8.493237E+00   -8.487049E+00 
  1.480000E+00   2.963548E+01  -2.017652E+01   3.100184E-02  -8.518051E+00   -8.487049E+00 
  1.500000E+00   2.912142E+01  -3.120107E+01   7.413680E-02  -8.561186E+00   -8.487049E+00 
  1.520000E+00   2.838887E+01  -4.201194E+01   1.344127E-01  -8.621462E+00   -8.487049E+00 
  1.540000E+00   2.744287E+01  -5.253307E+01   2.101650E-01  -8.697214E+00   -8.487049E+00 
  1.560000E+00   2.628998E+01  -6.268874E+01   2.992773E-01  -8.786326E+00   -8.487049E+00 
  1.580000E+00   2.493826E+01  -7.240385E+01   3.992253E-01  -8.886274E+00   -8.487049E+00 
  1.600000E+00   2.339726E+01  -8.160438E+01   5.071327E-01  -8.994182E+00   -8.487049E+00 
  1.620000E+00   2.167800E+01  -9.021792E+01   6.198412E-01  -9.106890E+00   -8.487049E+00 
  1.640000E+00   1.979292E+01  -9.817445E+01   7.339927E-01  -9.221042E+00   -8.487049E+00 
  1.660000E+00   1.775584E+01  -1.054071E+02   8.461251E-01  -9.333174E+00   -8.487049E+00 
  1.680000E+00   1.558188E+01  -1.118532E+02   9.527771E-01  -9.439826E+00   -8.487049E+00 
  1.700000E+00   1.328735E+01  -1.174550E+02   1.050602E+00  -9.537651E+00   -8.487049E+00 
  1.720000E+00   1.088965E+01  -1.221613E+02   1.136481E+00  -9.623530E+00   -8.487049E+00 
  1.740000E+00   8.407162E+00  -1.259278E+02   1.207641E+00  -9.694690E+00   -8.487049E+00 
  1.760000E+00   5.859049E+00  -1.287183E+02   1.261756E+00  -9.748805E+00   -8.487049E+00 
  1.780000E+00   3.265118E+00  -1.305058E+02   1.297042E+00  -9.784091E+00   -8.487049E+00 
  1.800000E+00   6.456245E-01  -1.312726E+02   1.312329E+00  -9.799378E+00   -8.487049E+00 
  1.820000E+00  -1.978927E+00  -1.310111E+02   1.307106E+00  -9.794155E+00   -8.487049E+00 
  1.840000E+00  -4.587979E+00  -1.297240E+02   1.281549E+00  -9.768598E+00   -8.487049E+00 
  1.860000E+00  -7.161130E+00  -1.274239E+02   1.236506E+00  -9.723555E+00   -8.487049E+00 
  1.880000E+00  -9.678329E+00  -1.241333E+02   1.173469E+00  -9.660518E+00   -8.487049E+00 
  1.900000E+00  -1.212007E+01  -1.198842E+02   1.094507E+00  -9.581556E+00   -8.487049E+00 
  1.920000E+00  -1.446757E+01  -1.147167E+02   1.002185E+00  -9.489234E+00   -8.487049E+00 
  1.940000E+00  -1.670293E+01  -1.086789E+02   8.994672E-01  -9.386516E+00   -8.487049E+00 
  1.960000E+00  -1.880929E+01  -1.018255E+02   7.896016E-01  -9.276651E+00   -8.487049E+00 
  1.980000E+00  -2.077092E+01  -9.421683E+01   6.760078E-01  -9.163057E+00   -8.487049E+00 
  2.000000E+00  -2.257336E+01  -8.591779E+01   5.621613E-01  -9.049210E+00   -8.487049E+00 
  2.020000E+00  -2.420348E+01  -7.699699E+01   4.514838E-01  -8.938533E+00   -8.487049E+00 
  2.040000E+00  -2.564957E+01  -6.752575E+01   3.472431E-01  -8.834292E+00   -8.487049E+00 
  2.060000E+00  -2.690133E+01  -5.757740E+01   2.524636E-01  -8.739513E+00   -8.487049E+00 
  2.080000E+00  -2.794998E+01  -4.722655E+01   1.698506E-01  -8.656900E+00   -8.487049E+00 
  2.100000E+00  -2.878822E+01  -3.654867E+01   1.017274E-01  -8.588776E+00   -8.487049E+00 
  2.120000E+00  -2.941025E+01  -2.561968E+01   4.998527E-02  -8.537034E+00   -8.487049E+00 
  2.140000E+00  -2.981184E+01  -1.451572E+01   1.604619E-02  -8.503095E+00   -8.487049E+00 
  2.160000E+00  -2.999022E+01  -3.313024E+00   8.358798E-04  -8.487885E+00   -8.487049E+00 
  2.180000E+00  -2.994421E+01   7.912171E+00   4.767449E-03  -8.491816E+00   -8.487049E+00 
  2.200000E+00  -2.967410E+01   1.908361E+01   2.773422E-02  -8.514783E+00   -8.487049E+00 
  2.220000E+00  -2.918173E+01   3.012507E+01   6.911157E-02  -8.556161E+00   -8.487049E+00 
  2.240000E+00  -2.847047E+01   4.096032E+01   1.277678E-01  -8.614817E+00   -8.487049E+00 
  2.260000E+00  -2.754520E+01   5.151331E+01   2.020848E-01  -8.689134E+00   -8.487049E+00 
  2.280000E+00  -2.641232E+01   6.170826E+01   2.899889E-01  -8.777038E+00   -8.487049E+00 
  2.300000E+00  -2.507976E+01   7.147001E+01   3.889936E-01  -8.876043E+00   -8.487049E+00 
  2.320000E+00  -2.355691E+01   8.072438E+01   4.962542E-01  -8.983303E+00   -8.487049E+00 
  2.340000E+00  -2.185465E+01   8.939881E+01   6.086368E-01  -9.095686E+00   -8.487049E+00 
  2.360000E+00  -1.998529E+01   9.742298E+01   7.227990E-01  -9.209848E+00   -8.487049E+00 
  2.380000E+00  -1.796251E+01   1.047297E+02   8.352843E-01  -9.322333E+00   -8.487049E+00 
  2.400000E+00  -1.580131E+01   1.112557E+02   9.426265E-01  -9.429675E+00   -8.487049E+00 
  2.420000E+00  -1.351788E+01   1.169430E+02   1.041462E+00  -9.528511E+00   -8.487049E+00 
  2.440000E+00  -1.112953E+01   1.217395E+02   1.128646E+00  -9.615695E+00   -8.487049E+00 
  2.460000E+00  -8.654537E+00   1.256001E+02   1.201364E+00  -9.688413E+00   -8.487049E+00 
  2.480000E+00  -6.112009E+00   1.284880E+02   1.257244E+00  -9.744293E+00   -8.487049E+00 
  2.500000E+00  -3.521692E+00   1.303750E+02   1.294445E+00  -9.781494E+00   -8.487049E+00 
  2.520000E+00  -9.038059E-01   1.312427E+02   1.311732E+00  -9.798781E+00   -8.487049E+00 
  2.540000E+00   1.721160E+00   1.310824E+02   1.308530E+00  -9.795579E+00   -8.487049E+00 
  2.560000E+00   4.332646E+00   1.298957E+02   1.284945E+00  -9.771994E+00   -8.487049E+00 
  2.580000E+00   6.910223E+00   1.276944E+02   1.241763E+00  -9.728812E+00   -8.487049E+00 
  2.600000E+00   9.433800E+00   1.245000E+02   1.180412E+00  -9.667461E+00   -8.487049E+00 
  2.620000E+00   1.188381E+01   1.203435E+02   1.102910E+00  -9.589959E+00   -8.487049E+00 
  2.640000E+00   1.424139E+01   1.152643E+02   1.011776E+00  -9.498825E+00   -8.487049E+00 
  2.660000E+00   1.648854E+01   1.093098E+02   9.099407E-01  -9.396990E+00   -8.487049E+00 
  2.680000E+00   1.860830E+01   1.025340E+02   8.006283E-01  -9.287677E+00   -8.487049E+00 
  2.700000E+00   2.058483E+01   9.499683E+01   6.872471E-01  -9.174296E+00   -8.487049E+00 
  2.720000E+00   2.240353E+01   8.676269E+01   5.732721E-01  -9.060321E+00   -8.487049E+00 
  2.740000E+00   2.405115E+01   7.789991E+01   4.621348E-01  -8.949184E+00   -8.487049E+00 
  2.760000E+00   2.551581E+01   6.847959E+01   3.571224E-01  -8.844171E+00   -8.487049E+00 
  2.780000E+00   2.678710E+01   5.857487E+01   2.612867E-01  -8.748336E+00   -8.487049E+00 
  2.800000E+00   2.785607E+01   4.826027E+01   1.773676E-01  -8.664417E+00   -8.487049E+00 
  2.820000E+00   2.871528E+01   3.761119E+01   1.077281E-01  -8.594777E+00   -8.487049E+00 
  2.840000E+00   2.935879E+01   2.670352E+01   5.430400E-02  -8.541353E+00   -8.487049E+00 
  2.860000E+00   2.978220E+01   1.561339E+01   1.856476E-02  -8.505614E+00   -8.487049E+00 
  2.880000E+00   2.998262E+01   4.417027E+00   1.485781E-03  -8.488535E+00   -8.487049E+00 
  2.900000E+00   2.995869E+01  -6.809335E+00   3.531053E-03  -8.490580E+00   -8.487049E+00 
  2.920000E+00   2.971056E+01  -1.798945E+01   2.464508E-02  -8.511694E+00   -8.487049E+00 
  2.940000E+00   2.923992E+01  -2.904706E+01   6.425385E-02  -8.551303E+00   -8.487049E+00 
  2.960000E+00   2.855000E+01  -3.990597E+01   1.212748E-01  -8.608324E+00   -8.487049E+00 
  2.980000E+00   2.764552E+01  -5.049009E+01   1.941364E-01  -8.681185E+00   -8.487049E+00 
  3.000000E+00   2.653273E+01  -6.072360E+01   2.808082E-01  -8.767857E+00   -8.487049E+00 
  3.020000E+00   2.521941E+01  -7.053126E+01   3.788419E-01  -8.865891E+00   -8.487049E+00 
  3.040000E+00   2.371482E+01  -7.983878E+01   4.854254E-01  -8.972474E+00   -8.487049E+00 
  3.060000E+00   2.202968E+01  -8.857341E+01   5.974498E-01  -9.084499E+00   -8.487049E+00 
  3.080000E+00   2.017617E+01  -9.666456E+01   7.115892E-01  -9.198638E+00   -8.487049E+00 
  3.100000E+00   1.816784E+01  -1.040447E+02   8.243938E-01  -9.311443E+00   -8.487049E+00 
  3.120000E+00   1.601955E+01  -1.106502E+02   9.323935E-01  -9.419442E+00   -8.487049E+00 
  3.140000E+00   1.374739E+01  -1.164224E+02   1.032209E+00  -9.519258E+00   -8.487049E+00 
  3.160000E+00   1.136856E+01  -1.213086E+02   1.120670E+00  -9.607719E+00   -8.487049E+00 
  3.180000E+00   8.901259E+00  -1.252630E+02   1.194924E+00  -9.681973E+00   -8.487049E+00 
  3.200000E+00   6.364506E+00  -1.282479E+02   1.252551E+00  -9.739600E+00   -8.487049E+00 
  3.220000E+00   3.777999E+00  -1.302344E+02   1.291654E+00  -9.778703E+00   -8.487049E+00 
  3.240000E+00   1.161919E+00  -1.312029E+02   1.310936E+00  -9.797985E+00   -8.487049E+00 
  3.260000E+00  -1.463263E+00  -1.311438E+02   1.309755E+00  -9.796804E+00   -8.487049E+00 
  3.280000E+00  -4.076984E+00  -1.300577E+02   1.288151E+00  -9.775200E+00   -8.487049E+00 
  3.300000E+00  -6.658794E+00  -1.279554E+02   1.246843E+00  -9.733892E+00   -8.487049E+00 
  3.320000E+00  -9.188559E+00  -1.248574E+02   1.187199E+00  -9.674248E+00   -8.487049E+00 
  3.340000E+00  -1.164665E+01  -1.207939E+02   1.111181E+00  -9.598230E+00   -8.487049E+00 
  3.360000E+00  -1.401413E+01  -1.158035E+02   1.021264E+00  -9.508313E+00   -8.487049E+00 
  3.380000E+00  -1.627292E+01  -1.099328E+02   9.203418E-01  -9.407391E+00   -8.487049E+00 
  3.400000E+00  -1.840593E+01  -1.032352E+02   8.116157E-01  -9.298665E+00   -8.487049E+00 
  3.420000E+00  -2.039721E+01  -9.577008E+01   6.984808E-01  -9.185530E+00   -8.487049E+00 
  3.440000E+00  -2.223204E+01  -8.760151E+01   5.844104E-01  -9.071459E+00   -8.487049E+00 
  3.460000E+00  -2.389703E+01  -7.879745E+01   4.728453E-01  -8.959894E+00   -8.487049E+00 
  3.480000E+00  -2.538018E+01  -6.942874E+01   3.670907E-01  -8.854140E+00   -8.487049E+00 
  3.500000E+00  -2.667091E+01  -5.956837E+01   2.702254E-01  -8.757274E+00   -8.487049E+00 
  3.520000E+00  -2.776013E+01  -4.929075E+01   1.850230E-01  -8.672072E+00   -8.487049E+00 
  3.540000E+00  -2.864026E+01  -3.867121E+01   1.138860E-01  -8.600935E+00   -8.487049E+00 
  3.560000E+00  -2.930521E+01  -2.778560E+01   5.879418E-02  -8.545843E+00   -8.487049E+00 
  3.580000E+00  -2.975041E+01  -1.671004E+01   2.126423E-02  -8.508313E+00   -8.487049E+00 
  3.600000E+00  -2.997285E+01  -5.520740E+00   2.321076E-03  -8.489370E+00   -8.487049E+00 
  3.620000E+00  -2.997099E+01   5.706053E+00   2.479513E-03  -8.489528E+00   -8.487049E+00 
  3.640000E+00  -2.974486E+01   1.689409E+01   2.173524E-02  -8.508784E+00   -8.487049E+00 
  3.660000E+00  -2.929600E+01   2.796714E+01   5.956494E-02  -8.546614E+00   -8.487049E+00 
  3.680000E+00  -2.862745E+01   3.884897E+01   1.149354E-01  -8.601984E+00   -8.487049E+00 
  3.700000E+00  -2.774382E+01   4.946348E+01   1.863219E-01  -8.673371E+00   -8.487049E+00 
  3.720000E+00  -2.665120E+01   5.973482E+01   2.717376E-01  -8.758787E+00   -8.487049E+00 
  3.740000E+00  -2.535722E+01   6.958767E+01   3.687732E-01  -8.855822E+00   -8.487049E+00 
  3.760000E+00  -2.387098E+01   7.894763E+01   4.746495E-01  -8.961698E+00   -8.487049E+00 
  3.780000E+00  -2.220309E+01   8.774177E+01   5.862833E-01  -9.073332E+00   -8.487049E+00 
  3.800000E+00  -2.036556E+01   9.589927E+01   7.003664E-01  -9.187415E+00   -8.487049E+00 
  3.820000E+00  -1.837181E+01   1.033522E+02   8.134566E-01  -9.300506E+00   -8.487049E+00 
  3.840000E+00  -1.623659E+01   1.100366E+02   9.220811E-01  -9.409130E+00   -8.487049E+00 
  3.860000E+00  -1.397587E+01   1.158932E+02   1.022847E+00  -9.509896E+00   -8.487049E+00 
  3.880000E+00  -1.160674E+01   1.208687E+02   1.112557E+00  -9.599606E+00   -8.487049E+00 
  3.900000E+00  -9.147308E+00   1.249165E+02   1.188323E+00  -9.675372E+00   -8.487049E+00 
  3.920000E+00  -6.616522E+00   1.279983E+02   1.247679E+00  -9.734728E+00   -8.487049E+00 
  3.940000E+00  -4.034020E+00   1.300839E+02   1.288671E+00  -9.775720E+00   -8.487049E+00 
  3.960000E+00  -1.419943E+00   1.311531E+02   1.309942E+00  -9.796991E+00   -8.487049E+00 
  3.980000E+00   1.205255E+00   1.311952E+02   1.310783E+00  -9.797832E+00   -8.487049E+00 
  4.000000E+00   3.821013E+00   1.302098E+02   1.291167E+00  -9.778216E+00   -8.487049E+00 
  4.020000E+00   6.406861E+00   1.282067E+02   1.251746E+00  -9.738795E+00   -8.487049E+00 
  4.040000E+00   8.942625E+00   1.252055E+02   1.193827E+00  -9.680876E+00   -8.487049E+00 
  4.060000E+00   1.140862E+01   1.212353E+02   1.119317E+00  -9.606366E+00   -8.487049E+00 
  4.080000E+00   1.378583E+01   1.163341E+02   1.030645E+00  -9.517694E+00   -8.487049E+00 
  4.100000E+00   1.605608E+01   1.105477E+02   9.306672E-01  -9.417716E+00   -8.487049E+00 
  4.120000E+00   1.820219E+01   1.039289E+02   8.225603E-01  -9.309609E+00   -8.487049E+00 
  4.140000E+00   2.020808E+01   9.653653E+01   7.097054E-01  -9.196754E+00   -8.487049E+00 
  4.160000E+00   2.205891E+01   8.843418E+01   5.955731E-01  -9.082622E+00   -8.487049E+00 
  4.180000E+00   2.374116E+01   7.968952E+01   4.836121E-01  -8.970661E+00   -8.487049E+00 
  4.200000E+00   2.524268E+01   7.037314E+01   3.771452E-01  -8.864194E+00   -8.487049E+00 
  4.220000E+00   2.655276E+01   6.055784E+01   2.792772E-01  -8.766326E+00   -8.487049E+00 
  4.240000E+00   2.766217E+01   5.031793E+01   1.928147E-01  -8.679864E+00   -8.487049E+00 
  4.260000E+00   2.856315E+01   3.972866E+01   1.201994E-01  -8.607248E+00   -8.487049E+00 
  4.280000E+00   2.924949E+01   2.886584E+01   6.345462E-02  -8.550504E+00   -8.487049E+00 
  4.300000E+00   2.971647E+01   1.780558E+01   2.414389E-02  -8.511193E+00   -8.487049E+00 
  4.320000E+00   2.996090E+01   6.624091E+00   3.341545E-03  -8.490391E+00   -8.487049E+00 
  4.340000E+00   2.998113E+01  -4.602396E+00   1.613105E-03  -8.488662E+00   -8.487049E+00 
  4.360000E+00   2.977702E+01  -1.579763E+01   1.900546E-02  -8.506054E+00   -8.487049E+00 
  4.380000E+00   2.934994E+01  -2.688536E+01   5.504609E-02  -8.542095E+00   -8.487049E+00 
  4.400000E+00   2.870283E+01  -3.778937E+01   1.087512E-01  -8.595800E+00   -8.487049E+00 
  4.420000E+00   2.784010E+01  -4.843354E+01   1.786435E-01  -8.665692E+00   -8.487049E+00 
  4.440000E+00   2.676772E+01  -5.874198E+01   2.627798E-01  -8.749829E+00   -8.487049E+00 
  4.460000E+00   2.549316E+01  -6.863931E+01   3.587902E-01  -8.845839E+00   -8.487049E+00 
  4.480000E+00   2.402539E+01  -7.805101E+01   4.639294E-01  -8.950978E+00   -8.487049E+00 
  4.500000E+00   2.237485E+01  -8.690398E+01   5.751407E-01  -9.062190E+00   -8.487049E+00 
  4.520000E+00   2.055343E+01  -9.512715E+01   6.891341E-01  -9.176183E+00   -8.487049E+00 
  4.540000E+00   1.857442E+01  -1.026523E+02   8.024763E-01  -9.289525E+00   -8.487049E+00 
  4.560000E+00   1.645242E+01  -1.094150E+02   9.116925E-01  -9.398741E+00   -8.487049E+00 
  4.580000E+00   1.420330E+01  -1.153555E+02   1.013377E+00  -9.500426E+00   -8.487049E+00 
  4.600000E+00   1.184405E+01  -1.204198E+02   1.104308E+00  -9.591357E+00   -8.487049E+00 
  4.620000E+00   9.392666E+00  -1.245607E+02   1.181563E+00  -9.668612E+00   -8.487049E+00 
  4.640000E+00   6.868037E+00  -1.277389E+02   1.242628E+00  -9.729677E+00   -8.487049E+00 
  4.660000E+00   4.289735E+00  -1.299236E+02   1.285497E+00  -9.772546E+00   -8.487049E+00 
  4.680000E+00   1.677860E+00  -1.310934E+02   1.308749E+00  -9.795798E+00   -8.487049E+00 
  4.700000E+00  -9.471560E-01  -1.312367E+02   1.311612E+00  -9.798661E+00   -8.487049E+00 
  4.720000E+00  -3.564753E+00  -1.303521E+02   1.293990E+00  -9.781039E+00   -8.487049E+00 
  4.740000E+00  -6.154443E+00  -1.284483E+02   1.256469E+00  -9.743518E+00   -8.487049E+00 
  4.760000E+00  -8.696015E+00  -1.255442E+02   1.200294E+00  -9.687343E+00   -8.487049E+00 
  4.780000E+00  -1.116973E+01  -1.216677E+02   1.127316E+00  -9.614365E+00   -8.487049E+00 
  4.800000E+00  -1.355649E+01  -1.168562E+02   1.039916E+00  -9.526965E+00   -8.487049E+00 
  4.820000E+00  -1.583804E+01  -1.111546E+02   9.409138E-01  -9.427963E+00   -8.487049E+00 
  4.840000E+00  -1.799709E+01  -1.046152E+02   8.334589E-01  -9.320508E+00   -8.487049E+00 
  4.860000E+00  -2.001745E+01  -9.729610E+01   7.209176E-01  -9.207967E+00   -8.487049E+00 
  4.880000E+00  -2.188415E+01  -8.926064E+01   6.067569E-01  -9.093806E+00   -8.487049E+00 
  4.900000E+00  -2.358354E+01  -8.057606E+01   4.944322E-01  -8.981481E+00   -8.487049E+00 
  4.920000E+00  -2.510334E+01  -7.131270E+01   3.872831E-01  -8.874332E+00   -8.487049E+00 
  4.940000E+00  -2.643268E+01  -6.154320E+01   2.884396E-01  -8.775489E+00   -8.487049E+00 
  4.960000E+00  -2.756219E+01  -5.134172E+01   2.007408E-01  -8.687790E+00   -8.487049E+00 
  4.980000E+00  -2.848397E+01  -4.078346E+01   1.266668E-01  -8.613716E+00   -8.487049E+00 
  5.000000E+00  -2.919165E+01  -2.994417E+01   6.828407E-02  -8.555333E+00   -8.487049E+00 
  5.020000E+00  -2.968037E+01  -1.889996E+01   2.720297E-02  -8.514252E+00   -8.487049E+00 
  5.040000E+00  -2.994679E+01  -7.727005E+00   4.546918E-03  -8.491596E+00   -8.487049E+00 
  5.060000E+00  -2.998910E+01   3.498437E+00   9.320577E-04  -8.487981E+00   -8.487049E+00 
  5.080000E+00  -2.980701E+01   1.470012E+01   1.645647E-02  -8.503505E+00   -8.487049E+00 
  5.100000E+00  -2.940176E+01   2.580181E+01   5.069849E-02  -8.537747E+00   -8.487049E+00 
  5.120000E+00  -2.877611E+01   3.672727E+01   1.027240E-01  -8.589773E+00   -8.487049E+00 
  5.140000E+00  -2.793435E+01   4.740036E+01   1.711032E-01  -8.658152E+00   -8.487049E+00 
  5.160000E+00  -2.688229E+01   5.774518E+01   2.539371E-01  -8.740986E+00   -8.487049E+00 
  5.180000E+00  -2.562724E+01   6.768626E+01   3.488958E-01  -8.835945E+00   -8.487049E+00 
  5.200000E+00  -2.417803E+01   7.714899E+01   4.532682E-01  -8.940317E+00   -8.487049E+00 
  5.220000E+00  -2.254496E+01   8.606010E+01   5.640251E-01  -9.051074E+00   -8.487049E+00 
  5.240000E+00  -2.073978E+01   9.434828E+01   6.778955E-01  -9.164944E+00   -8.487049E+00 
  5.260000E+00  -1.877564E+01   1.019450E+02   7.914560E-01  -9.278505E+00   -8.487049E+00 
  5.280000E+00  -1.666702E+01   1.087854E+02   9.012310E-01  -9.388280E+00   -8.487049E+00 
  5.300000E+00  -1.442966E+01   1.148092E+02   1.003803E+00  -9.490852E+00   -8.487049E+00 
  5.320000E+00  -1.208046E+01   1.199619E+02   1.095927E+00  -9.582976E+00   -8.487049E+00 
  5.340000E+00  -9.637315E+00   1.241956E+02   1.174646E+00  -9.661695E+00   -8.487049E+00 
  5.360000E+00  -7.119032E+00   1.274700E+02   1.237401E+00  -9.724450E+00   -8.487049E+00 
  5.380000E+00  -4.545125E+00   1.297535E+02   1.282132E+00  -9.769181E+00   -8.487049E+00 
  5.400000E+00  -1.935650E+00   1.310238E+02   1.307359E+00  -9.794408E+00   -8.487049E+00 
  5.420000E+00   6.889849E-01   1.312682E+02   1.312242E+00  -9.799291E+00   -8.487049E+00 
  5.440000E+00   3.308223E+00   1.304845E+02   1.296620E+00  -9.783669E+00   -8.487049E+00 
  5.460000E+00   5.901560E+00   1.286803E+02   1.261011E+00  -9.748060E+00   -8.487049E+00 
  5.480000E+00   8.448748E+00   1.258734E+02   1.206598E+00  -9.693647E+00   -8.487049E+00 
  5.500000E+00   1.092999E+01   1.220911E+02   1.135175E+00  -9.622224E+00   -8.487049E+00 
  5.520000E+00   1.332613E+01   1.173697E+02   1.049075E+00  -9.536124E+00   -8.487049E+00 
  5.540000E+00   1.561881E+01   1.117534E+02   9.510784E-01  -9.438127E+00   -8.487049E+00 
  5.560000E+00   1.779064E+01   1.052939E+02   8.443082E-01  -9.331357E+00   -8.487049E+00 
  5.580000E+00   1.982533E+01   9.804875E+01   7.321142E-01  -9.219163E+00   -8.487049E+00 
  5.600000E+00   2.170777E+01   9.008081E+01   6.179585E-01  -9.105008E+00   -8.487049E+00 
  5.620000E+00   2.342419E+01   8.145699E+01   5.053026E-01  -8.992352E+00   -8.487049E+00 
  5.640000E+00   2.496215E+01   7.224738E+01   3.975016E-01  -8.884551E+00   -8.487049E+00 
  5.660000E+00   2.631066E+01   6.252438E+01   2.977101E-01  -8.784759E+00   -8.487049E+00 
  5.680000E+00   2.746019E+01   5.236207E+01   2.087990E-01  -8.695848E+00   -8.487049E+00 
  5.700000E+00   2.840271E+01   4.183554E+01   1.332863E-01  -8.620335E+00   -8.487049E+00 
  5.720000E+00   2.913169E+01   3.102052E+01   7.328126E-02  -8.560330E+00   -8.487049E+00 
  5.740000E+00   2.964212E+01   1.999308E+01   3.044067E-02  -8.517490E+00   -8.487049E+00 
  5.760000E+00   2.993051E+01   8.829412E+00   5.936881E-03  -8.492986E+00   -8.487049E+00 
  5.780000E+00   2.999489E+01  -2.394248E+00   4.365490E-04  -8.487486E+00   -8.487049E+00 
  5.800000E+00   2.983485E+01  -1.360165E+01   1.408893E-02  -8.501138E+00   -8.487049E+00 
  5.820000E+00   2.945145E+01  -2.471655E+01   4.652330E-02  -8.533572E+00   -8.487049E+00 
  5.840000E+00   2.884731E+01  -3.566272E+01   9.685537E-02  -8.583904E+00   -8.487049E+00 
  5.860000E+00   2.802657E+01  -4.636401E+01   1.637030E-01  -8.650752E+00   -8.487049E+00 
  5.880000E+00   2.699489E+01  -5.674446E+01   2.452120E-01  -8.732261E+00   -8.487049E+00 
  5.900000E+00   2.575943E+01  -6.672857E+01   3.390927E-01  -8.826142E+00   -8.487049E+00 
  5.920000E+00   2.432888E+01  -7.624163E+01   4.426689E-01  -8.929718E+00   -8.487049E+00 
  5.940000E+00   2.271340E+01  -8.521018E+01   5.529397E-01  -9.039989E+00   -8.487049E+00 
  5.960000E+00   2.092458E+01  -9.356272E+01   6.666540E-01  -9.153703E+00   -8.487049E+00 
  5.980000E+00   1.897546E+01  -1.012304E+02   7.803990E-01  -9.267448E+00   -8.487049E+00 
  6.000000E+00   1.688037E+01  -1.081479E+02   8.906996E-01  -9.377749E+00   -8.487049E+00 
  6.020000E+00   1.465495E+01  -1.142546E+02   9.941276E-01  -9.481177E+00   -8.487049E+00 
  6.040000E+00   1.231596E+01  -1.194952E+02   1.087416E+00  -9.574465E+00   -8.487049E+00 
  6.060000E+00   9.881237E+00  -1.238211E+02   1.167574E+00  -9.654623E+00   -8.487049E+00 
  6.080000E+00   7.369489E+00  -1.271914E+02   1.231999E+00  -9.719048E+00   -8.487049E+00 
  6.100000E+00   4.800170E+00  -1.295735E+02   1.278579E+00  -9.765628E+00   -8.487049E+00 
  6.120000E+00   2.193293E+00  -1.309442E+02   1.305772E+00  -9.792821E+00   -8.487049E+00 
  6.140000E+00  -4.307617E-01  -1.312898E+02   1.312674E+00  -9.799723E+00   -8.487049E+00 
  6.160000E+00  -3.051442E+00  -1.306070E+02   1.299056E+00  -9.786105E+00   -8.487049E+00 
  6.180000E+00  -5.648230E+00  -1.289026E+02   1.265371E+00  -9.752420E+00   -8.487049E+00 
  6.200000E+00  -8.200843E+00  -1.261932E+02   1.212738E+00  -9.699786E+00   -8.487049E+00 
  6.220000E+00  -1.068943E+01  -1.225054E+02   1.142892E+00  -9.629941E+00   -8.487049E+00 
  6.240000E+00  -1.309477E+01  -1.178745E+02   1.058118E+00  -9.545167E+00   -8.487049E+00 
  6.260000E+00  -1.539841E+01  -1.123440E+02   9.611580E-01  -9.448207E+00   -8.487049E+00 
  6.280000E+00  -1.758287E+01  -1.059650E+02   8.551050E-01  -9.342154E+00   -8.487049E+00 
  6.300000E+00  -1.963173E+01  -9.879440E+01   7.432918E-01  -9.230341E+00   -8.487049E+00 
  6.320000E+00  -2.152979E+01  -9.089464E+01   6.291748E-01  -9.116224E+00   -8.487049E+00 
  6.340000E+00  -2.326310E+01  -8.233226E+01   5.162200E-01  -9.003269E+00   -8.487049E+00 
  6.360000E+00  -2.481912E+01  -7.317708E+01   4.077978E-01  -8.894847E+00   -8.487049E+00 
  6.380000E+00  -2.618671E+01  -6.350131E+01   3.070861E-01  -8.794135E+00   -8.487049E+00 
  6.400000E+00  -2.735620E+01  -5.337889E+01   2.169870E-01  -8.704036E+00   -8.487049E+00 
  6.420000E+00  -2.831939E+01  -4.288483E+01   1.400561E-01  -8.627105E+00   -8.487049E+00 
  6.440000E+00  -2.906962E+01  -3.209482E+01   7.844487E-02  -8.565494E+00   -8.487049E+00 
  6.460000E+00  -2.960172E+01  -2.108489E+01   3.385614E-02  -8.520905E+00   -8.487049E+00 
  6.480000E+00  -2.991206E+01  -9.931239E+00   7.511066E-03  -8.494560E+00   -8.487049E+00 
  6.500000E+00  -2.999852E+01   1.289902E+00   1.267093E-04  -8.487176E+00   -8.487049E+00 
  6.520000E+00  -2.986052E+01   1.250229E+01   1.190347E-02  -8.498952E+00   -8.487049E+00 
  6.540000E+00  -2.949899E+01   2.362966E+01   4.252162E-02  -8.529571E+00   -8.487049E+00 
  6.560000E+00  -2.891641E+01   3.459581E+01   9.114685E-02  -8.578196E+00   -8.487049E+00 
  6.580000E+00  -2.811674E+01   4.532455E+01   1.564450E-01  -8.643494E+00   -8.487049E+00 
  6.600000E+00  -2.710551E+01   5.573991E+01   2.366068E-01  -8.723656E+00   -8.487049E+00 
  6.620000E+00  -2.588974E+01   6.576633E+01   3.293836E-01  -8.816433E+00   -8.487049E+00 
  6.640000E+00  -2.447795E+01   7.532899E+01   4.321346E-01  -8.919184E+00   -8.487049E+00 
  6.660000E+00  -2.288016E+01   8.435431E+01   5.418877E-01  -9.028937E+00   -8.487049E+00 
  6.680000E+00  -2.110784E+01   9.277054E+01   6.554128E-01  -9.142462E+00   -8.487049E+00 
  6.700000E+00  -1.917386E+01   1.005085E+02   7.693086E-01  -9.256358E+00   -8.487049E+00 
  6.720000E+00  -1.709246E+01   1.075026E+02   8.801017E-01  -9.367151E+00   -8.487049E+00 
  6.740000E+00  -1.487913E+01   1.136916E+02   9.843539E-01  -9.471403E+00   -8.487049E+00 
  6.760000E+00  -1.255054E+01   1.190196E+02   1.078777E+00  -9.565826E+00   -8.487049E+00 
  6.780000E+00  -1.012441E+01   1.234375E+02   1.160349E+00  -9.647398E+00   -8.487049E+00 
  6.800000E+00  -7.619389E+00   1.269033E+02   1.226424E+00  -9.713473E+00   -8.487049E+00 
  6.820000E+00  -5.054852E+00   1.293838E+02   1.274837E+00  -9.761886E+00   -8.487049E+00 
  6.840000E+00  -2.450769E+00   1.308547E+02   1.303987E+00  -9.791036E+00   -8.487049E+00 
  6.860000E+00   1.725057E-01   1.313015E+02   1.312907E+00  -9.799956E+00   -8.487049E+00 
  6.880000E+00   2.794430E+00   1.307197E+02   1.301298E+00  -9.788347E+00   -8.487049E+00 
  6.900000E+00   5.394472E+00   1.291151E+02   1.269547E+00  -9.756596E+00   -8.487049E+00 
  6.920000E+00   7.952319E+00   1.265036E+02   1.218710E+00  -9.705759E+00   -8.487049E+00 
  6.940000E+00   1.044807E+01   1.229105E+02   1.150464E+00  -9.637513E+00   -8.487049E+00 
  6.960000E+00   1.286243E+01   1.183706E+02   1.067043E+00  -9.554092E+00   -8.487049E+00 
  6.980000E+00   1.517686E+01   1.129265E+02   9.711495E-01  -9.458198E+00   -8.487049E+00 
  7.000000E+00   1.737379E+01   1.066284E+02   8.658459E-01  -9.352895E+00   -8.487049E+00 
  7.020000E+00   1.943668E+01   9.953299E+01   7.544472E-01  -9.241496E+00   -8.487049E+00 
  7.040000E+00   2.135020E+01   9.170206E+01   6.404023E-01  -9.127451E+00   -8.487049E+00 
  7.060000E+00   2.310030E+01   8.320180E+01   5.271815E-01  -9.014230E+00   -8.487049E+00 
  7.080000E+00   2.467428E+01   7.410175E+01   4.181688E-01  -8.905218E+00   -8.487049E+00 
  7.100000E+00   2.606085E+01   6.447392E+01   3.165650E-01  -8.803614E+00   -8.487049E+00 
  7.120000E+00   2.725021E+01   5.439211E+01   2.253028E-01  -8.712352E+00   -8.487049E+00 
  7.140000E+00   2.823401E+01   4.393126E+01   1.469745E-01  -8.634023E+00   -8.487049E+00 
  7.160000E+00   2.900543E+01   3.316698E+01   8.377350E-02  -8.570822E+00   -8.487049E+00 
  7.180000E+00   2.955917E+01   2.217531E+01   3.744847E-02  -8.524497E+00   -8.487049E+00 
  7.200000E+00   2.989144E+01   1.103241E+01   9.269060E-03  -8.496318E+00   -8.487049E+00 
  7.220000E+00   2.999997E+01  -1.854717E-01   2.619692E-06  -8.487052E+00   -8.487049E+00 
  7.240000E+00   2.988403E+01  -1.140210E+01   9.900660E-03  -8.496950E+00   -8.487049E+00 
  7.260000E+00   2.954440E+01  -2.254122E+01   3.869451E-02  -8.525743E+00   -8.487049E+00 
  7.280000E+00   2.898340E+01  -3.352659E+01   8.559997E-02  -8.572649E+00   -8.487049E+00 
  7.300000E+00   2.820487E+01  -4.428206E+01   1.493311E-01  -8.636380E+00   -8.487049E+00 
  7.320000E+00   2.721416E+01  -5.473160E+01   2.281240E-01  -8.715173E+00   -8.487049E+00 
  7.340000E+00   2.601815E+01  -6.479961E+01   3.197713E-01  -8.806820E+00   -8.487049E+00 
  7.360000E+00   2.462522E+01  -7.441116E+01   4.216683E-01  -8.908717E+00   -8.487049E+00 
  7.380000E+00   2.304524E+01  -8.349254E+01   5.308724E-01  -9.017921E+00   -8.487049E+00 
  7.400000E+00   2.128953E+01  -9.197179E+01   6.441752E-01  -9.131224E+00   -8.487049E+00 
  7.420000E+00   1.937085E+01  -9.977946E+01   7.581882E-01  -9.245237E+00   -8.487049E+00 
  7.440000E+00   1.730327E+01  -1.068495E+02   8.694403E-01  -9.356489E+00   -8.487049E+00 
  7.460000E+00   1.510220E+01  -1.131202E+02   9.744850E-01  -9.461534E+00   -8.487049E+00 
  7.480000E+00   1.278417E+01  -1.185352E+02   1.070014E+00  -9.557063E+00   -8.487049E+00 
  7.500000E+00   1.036683E+01  -1.230446E+02   1.152974E+00  -9.640023E+00   -8.487049E+00 
  7.520000E+00   7.868713E+00  -1.266057E+02   1.220678E+00  -9.707727E+00   -8.487049E+00 
  7.540000E+00   5.309151E+00  -1.291843E+02   1.270908E+00  -9.757957E+00   -8.487049E+00 
  7.560000E+00   2.708060E+00  -1.307553E+02   1.302007E+00  -9.789056E+00   -8.487049E+00 
  7.580000E+00   8.576328E-02  -1.313031E+02   1.312940E+00  -9.799989E+00   -8.487049E+00 
  7.600000E+00  -2.537206E+00  -1.308224E+02   1.303344E+00  -9.790393E+00   -8.487049E+00 
  7.620000E+00  -5.140306E+00  -1.293179E+02   1.273538E+00  -9.760587E+00   -8.487049E+00 
  7.640000E+00  -7.703193E+00  -1.268044E+02   1.224513E+00  -9.711562E+00   -8.487049E+00 
  7.660000E+00  -1.020592E+01  -1.233065E+02   1.157889E+00  -9.644938E+00   -8.487049E+00 
  7.680000E+00  -1.262911E+01  -1.188579E+02   1.075848E+00  -9.562897E+00   -8.487049E+00 
  7.700000E+00  -1.495417E+01  -1.135006E+02   9.810498E-01  -9.468099E+00   -8.487049E+00 
  7.720000E+00  -1.716341E+01  -1.072841E+02   8.765278E-01  -9.363577E+00   -8.487049E+00 
  7.740000E+00  -1.924018E+01  -1.002645E+02   7.655769E-01  -9.252626E+00   -8.487049E+00 
  7.760000E+00  -2.116904E+01  -9.250300E+01   6.516379E-01  -9.138687E+00   -8.487049E+00 
  7.780000E+00  -2.293580E+01  -8.406553E+01   5.381838E-01  -9.025233E+00   -8.487049E+00 
  7.800000E+00  -2.452762E+01  -7.502131E+01   4.286117E-01  -8.915661E+00   -8.487049E+00 
  7.820000E+00  -2.593308E+01  -6.544214E+01   3.261443E-01  -8.813193E+00   -8.487049E+00 
  7.840000E+00  -2.714223E+01  -5.540167E+01   2.337440E-01  -8.720793E+00   -8.487049E+00 
  7.860000E+00  -2.814657E+01  -4.497475E+01   1.540395E-01  -8.641089E+00   -8.487049E+00 
  7.880000E+00  -2.893914E+01  -3.423695E+01   8.926575E-02  -8.576315E+00   -8.487049E+00 
  7.900000E+00  -2.951448E+01  -2.326426E+01   4.121672E-02  -8.528266E+00   -8.487049E+00 
  7.920000E+00  -2.986866E+01  -1.213286E+01   1.121040E-02  -8.498259E+00   -8.487049E+00 
  7.940000E+00  -2.999925E+01  -9.189710E-01   6.431294E-05  -8.487113E+00   -8.487049E+00 
  7.960000E+00  -2.990537E+01   1.030116E+01   8.081033E-03  -8.495130E+00   -8.487049E+00 
  7.980000E+00  -2.958767E+01   2.145128E+01   3.504299E-02  -8.522092E+00   -8.487049E+00 
  8.000000E+00  -2.904830E+01   3.245516E+01   8.021622E-02  -8.567265E+00   -8.487049E+00 
  8.020000E+00  -2.829094E+01   4.323661E+01   1.423633E-01  -8.629412E+00   -8.487049E+00 
  8.040000E+00  -2.732082E+01   5.371960E+01   2.197659E-01  -8.706815E+00   -8.487049E+00 
  8.060000E+00  -2.614466E+01   6.382846E+01   3.102584E-01  -8.797307E+00   -8.487049E+00 
  8.080000E+00  -2.477068E+01   7.348820E+01   4.112728E-01  -8.898322E+00   -8.487049E+00 
  8.100000E+00  -2.320861E+01   8.262495E+01   5.198968E-01  -9.006946E+00   -8.487049E+00 
  8.120000E+00  -2.146965E+01   9.116654E+01   6.329446E-01  -9.119994E+00   -8.487049E+00 
  8.140000E+00  -1.956639E+01   9.904325E+01   7.470411E-01  -9.234090E+00   -8.487049E+00 
  8.160000E+00  -1.751279E+01   1.061887E+02   8.587189E-01  -9.345768E+00   -8.487049E+00 
  8.180000E+00  -1.532413E+01   1.125406E+02   9.645238E-01  -9.451573E+00   -8.487049E+00 
  8.200000E+00  -1.301684E+01   1.180421E+02   1.061129E+00  -9.548178E+00   -8.487049E+00 
  8.220000E+00  -1.060846E+01   1.226425E+02   1.145451E+00  -9.632500E+00   -8.487049E+00 
  8.240000E+00  -8.117441E+00   1.262985E+02   1.214762E+00  -9.701811E+00   -8.487049E+00 
  8.260000E+00  -5.563049E+00   1.289750E+02   1.266794E+00  -9.753843E+00   -8.487049E+00 
  8.280000E+00  -2.965146E+00   1.306460E+02   1.299831E+00  -9.786880E+00   -8.487049E+00 
  8.300000E+00  -3.440258E-01   1.312948E+02   1.312774E+00  -9.799823E+00   -8.487049E+00 
  8.320000E+00   2.279789E+00   1.309152E+02   1.305194E+00  -9.792243E+00   -8.487049E+00 
  8.340000E+00   4.885750E+00   1.295109E+02   1.277343E+00  -9.764392E+00   -8.487049E+00 
  8.360000E+00   7.453484E+00   1.270957E+02   1.230146E+00  -9.717195E+00   -8.487049E+00 
  8.380000E+00   9.962995E+00   1.236933E+02   1.165164E+00  -9.652213E+00   -8.487049E+00 
  8.400000E+00   1.239485E+01   1.193364E+02   1.084528E+00  -9.571577E+00   -8.487049E+00 
  8.420000E+00   1.473036E+01   1.140664E+02   9.908558E-01  -9.477905E+00   -8.487049E+00 
  8.440000E+00   1.695175E+01   1.079321E+02   8.871474E-01  -9.374196E+00   -8.487049E+00 
  8.460000E+00   1.904225E+01   1.009888E+02   7.766777E-01  -9.263727E+00   -8.487049E+00 
  8.480000E+00   2.098631E+01   9.329739E+01   6.628783E-01  -9.149927E+00   -8.487049E+00 
  8.500000E+00   2.276960E+01   8.492339E+01   5.492238E-01  -9.036273E+00   -8.487049E+00 
  8.520000E+00   2.437915E+01   7.593569E+01   4.391235E-01  -8.926172E+00   -8.487049E+00 
  8.540000E+00   2.580341E+01   6.640590E+01   3.358211E-01  -8.822870E+00   -8.487049E+00 
  8.560000E+00   2.703226E+01   5.640749E+01   2.423083E-01  -8.729357E+00   -8.487049E+00 
  8.580000E+00   2.805708E+01   4.601523E+01   1.612494E-01  -8.648298E+00   -8.487049E+00 
  8.600000E+00   2.887075E+01   3.530465E+01   9.492016E-02  -8.581969E+00   -8.487049E+00 
  8.620000E+00   2.946765E+01   2.435169E+01   4.515988E-02  -8.532209E+00   -8.487049E+00 
  8.640000E+00   2.984371E+01   1.323251E+01   1.333458E-02  -8.500384E+00   -8.487049E+00 
  8.660000E+00   2.999635E+01   2.023353E+00   3.117728E-04  -8.487361E+00   -8.487049E+00 
  8.680000E+00   2.992455E+01  -9.199543E+00   6.445064E-03  -8.493494E+00   -8.487049E+00 
  8.700000E+00   2.962879E+01  -2.035993E+01   3.156802E-02  -8.518617E+00   -8.487049E+00 
  8.720000E+00   2.911108E+01  -3.138157E+01   7.499703E-02  -8.562046E+00   -8.487049E+00 
  8.740000E+00   2.837496E+01  -4.218827E+01   1.355433E-01  -8.622592E+00   -8.487049E+00 
  8.760000E+00   2.742549E+01  -5.270398E+01   2.115346E-01  -8.698584E+00   -8.487049E+00 
  8.780000E+00   2.626925E+01  -6.285298E+01   3.008475E-01  -8.787896E+00   -8.487049E+00 
  8.800000E+00   2.491432E+01  -7.256019E+01   4.009512E-01  -8.888000E+00   -8.487049E+00 
  8.820000E+00   2.337028E+01  -8.175160E+01   5.089642E-01  -8.996013E+00   -8.487049E+00 
  8.840000E+00   2.164817E+01  -9.035486E+01   6.217242E-01  -9.108773E+00   -8.487049E+00 
  8.860000E+00   1.976047E+01  -9.829997E+01   7.358706E-01  -9.222920E+00   -8.487049E+00 
  8.880000E+00   1.772101E+01  -1.055201E+02   8.479405E-01  -9.334989E+00   -8.487049E+00 
  8.900000E+00   1.554492E+01  -1.119527E+02   9.544734E-01  -9.441522E+00   -8.487049E+00 
  8.920000E+00   1.324854E+01  -1.175402E+02   1.052125E+00  -9.539174E+00   -8.487049E+00 
  8.940000E+00   1.084929E+01  -1.222313E+02   1.137783E+00  -9.624832E+00   -8.487049E+00 
  8.960000E+00   8.365557E+00  -1.259819E+02   1.208679E+00  -9.695728E+00   -8.487049E+00 
  8.980000E+00   5.816525E+00  -1.287560E+02   1.262496E+00  -9.749545E+00   -8.487049E+00 
  9.000000E+00   3.222007E+00  -1.305268E+02   1.297460E+00  -9.784509E+00   -8.487049E+00 
  9.020000E+00   6.022622E-01  -1.312766E+02   1.312410E+00  -9.799459E+00   -8.487049E+00 
  9.040000E+00  -2.022200E+00  -1.309981E+02   1.306848E+00  -9.793897E+00   -8.487049E+00 
  9.060000E+00  -4.630824E+00  -1.296941E+02   1.280960E+00  -9.768009E+00   -8.487049E+00 
  9.080000E+00  -7.203213E+00  -1.273775E+02   1.235606E+00  -9.722655E+00   -8.487049E+00 
  9.100000E+00  -9.719322E+00  -1.240708E+02   1.172288E+00  -9.659337E+00   -8.487049E+00 
  9.120000E+00  -1.215966E+01  -1.198062E+02   1.093083E+00  -9.580132E+00   -8.487049E+00 
  9.140000E+00  -1.450545E+01  -1.146239E+02   1.000565E+00  -9.487613E+00   -8.487049E+00 
  9.160000E+00  -1.673882E+01  -1.085722E+02   8.977015E-01  -9.384750E+00   -8.487049E+00 
  9.180000E+00  -1.884290E+01  -1.017058E+02   7.877462E-01  -9.274795E+00   -8.487049E+00 
  9.200000E+00  -2.080202E+01  -9.408519E+01   6.741200E-01  -9.161169E+00   -8.487049E+00 
  9.220000E+00  -2.260172E+01  -8.577531E+01   5.602984E-01  -9.047347E+00   -8.487049E+00 
  9.240000E+00  -2.422889E+01  -7.684483E+01   4.497012E-01  -8.936750E+00   -8.487049E+00 
  9.260000E+00  -2.567185E+01  -6.736512E+01   3.455930E-01  -8.832642E+00   -8.487049E+00 
  9.280000E+00  -2.692032E+01  -5.740950E+01   2.509934E-01  -8.738042E+00   -8.487049E+00 
  9.300000E+00  -2.796555E+01  -4.705264E+01   1.686020E-01  -8.655651E+00   -8.487049E+00 
  9.320000E+00  -2.880026E+01  -3.637000E+01   1.007352E-01  -8.587784E+00   -8.487049E+00 
  9.340000E+00  -2.941869E+01  -2.543750E+01   4.927692E-02  -8.536326E+00   -8.487049E+00 
  9.360000E+00  -2.981660E+01  -1.433129E+01   1.564103E-02  -8.502690E+00   -8.487049E+00 
  9.380000E+00  -2.999129E+01  -3.127603E+00   7.449343E-04  -8.487794E+00   -8.487049E+00 
  9.400000E+00  -2.994156E+01   8.097323E+00   4.993185E-03  -8.492042E+00   -8.487049E+00 
  9.420000E+00  -2.966776E+01   1.926724E+01   2.827051E-02  -8.515319E+00   -8.487049E+00 
  9.440000E+00  -2.917175E+01   3.030590E+01   6.994380E-02  -8.556993E+00   -8.487049E+00 
  9.460000E+00  -2.845691E+01   4.113712E+01   1.288731E-01  -8.615922E+00   -8.487049E+00 
  9.480000E+00  -2.752815E+01   5.168481E+01   2.034326E-01  -8.690482E+00   -8.487049E+00 
  9.500000E+00  -2.639191E+01   6.187321E+01   2.915413E-01  -8.778590E+00   -8.487049E+00 
  9.520000E+00  -2.505612E+01   7.162717E+01   3.907063E-01  -8.877755E+00   -8.487049E+00 
  9.540000E+00  -2.353022E+01   8.087256E+01   4.980777E-01  -8.985127E+00   -8.487049E+00 
  9.560000E+00  -2.182509E+01   8.953681E+01   6.105173E-01  -9.097566E+00   -8.487049E+00 
  9.580000E+00  -1.995309E+01   9.754966E+01   7.246800E-01  -9.211729E+00   -8.487049E+00 
  9.600000E+00  -1.792790E+01   1.048440E+02   8.371084E-01  -9.324157E+00   -8.487049E+00 
  9.620000E+00  -1.576454E+01   1.113566E+02   9.443370E-01  -9.431386E+00   -8.487049E+00 
  9.640000E+00  -1.347923E+01   1.170296E+02   1.043005E+00  -9.530054E+00   -8.487049E+00 
  9.660000E+00  -1.108930E+01   1.218109E+02   1.129971E+00  -9.617020E+00   -8.487049E+00 
  9.680000E+00  -8.613040E+00   1.256558E+02   1.202430E+00  -9.689479E+00   -8.487049E+00 
  9.700000E+00  -6.069560E+00   1.285273E+02   1.258015E+00  -9.745064E+00   -8.487049E+00 
  9.720000E+00  -3.478623E+00   1.303977E+02   1.294895E+00  -9.781944E+00   -8.487049E+00 
  9.740000E+00  -8.604532E-01   1.312484E+02   1.311846E+00  -9.798895E+00   -8.487049E+00 
  9.760000E+00   1.764457E+00   1.310711E+02   1.308304E+00  -9.795353E+00   -8.487049E+00 
  9.780000E+00   4.375548E+00   1.298676E+02   1.284388E+00  -9.771437E+00   -8.487049E+00 
  9.800000E+00   6.952396E+00   1.276497E+02   1.240892E+00  -9.727941E+00   -8.487049E+00 
  9.820000E+00   9.474915E+00   1.244391E+02   1.179257E+00  -9.666306E+00   -8.487049E+00 
  9.840000E+00   1.192355E+01   1.202670E+02   1.101508E+00  -9.588557E+00   -8.487049E+00 
  9.860000E+00   1.427945E+01   1.151730E+02   1.010173E+00  -9.497222E+00   -8.487049E+00 
  9.880000E+00   1.652463E+01   1.092044E+02   9.081869E-01  -9.395236E+00   -8.487049E+00 
  9.900000E+00   1.864215E+01   1.024156E+02   7.987793E-01  -9.285828E+00   -8.487049E+00 
  9.920000E+00   2.061619E+01   9.486631E+01   6.853600E-01  -9.172409E+00   -8.487049E+00 
  9.940000E+00   2.243217E+01   8.662123E+01   5.714042E-01  -9.058453E+00   -8.487049E+00 
  9.960000E+00   2.407685E+01   7.774866E+01   4.603419E-01  -8.947391E+00   -8.487049E+00 
  9.980000E+00   2.553840E+01   6.831974E+01   3.554570E-01  -8.842506E+00   -8.487049E+00 
  1.000000E+01   2.680642E+01   5.840763E+01   2.597969E-01  -8.746846E+00   -8.487049E+00 
