% FILE: Link.1
%
%       t         P_No_Bo[1]     P_No_Bo[2]     P_No_Bo[3]      N_B[1,1]       N_B[1,2]       N_B[1,3]       N_B[2,1]       N_B[2,2]       N_B[2,3]       N_B[3,1]       N_B[3,2]       N_B[3,3]
%   (second)        (meter)        (meter)        (meter)       (NoUnits)      (NoUnits)      (NoUnits)      (NoUnits)      (NoUnits)      (NoUnits)      (NoUnits)      (NoUnits)      (NoUnits)

  0.000000E+000 -1.250000E-001 -1.082532E-001  1.875000E-001  8.660254E-001  0.000000E+000 -5.000000E-001 -2.500000E-001  8.660254E-001 -4.330127E-001  4.330127E-001  5.000000E-001  7.500000E-001
  2.000000E-002 -1.218946E-001 -1.220359E-001  1.809667E-001  8.730791E-001  0.000000E+000 -4.875786E-001 -2.726080E-001  8.290964E-001 -4.881436E-001  4.042496E-001  5.591058E-001  7.238667E-001
  4.000000E-002 -1.111853E-001 -1.496035E-001  1.666032E-001  8.956590E-001  0.000000E+000 -4.447414E-001 -2.971437E-001  7.440473E-001 -5.984139E-001  3.309087E-001  6.681269E-001  6.664127E-001
  6.000000E-002 -9.289755E-002 -1.774732E-001  1.495771E-001  9.283969E-001  0.000000E+000 -3.715902E-001 -2.841341E-001  6.444532E-001 -7.098928E-001  2.394725E-001  7.646437E-001  5.983083E-001
  8.000000E-002 -6.889617E-002 -1.999168E-001  1.333664E-001  9.612768E-001  0.000000E+000 -2.755847E-001 -2.292535E-001  5.549552E-001 -7.996672E-001  1.529371E-001  8.318803E-001  5.334655E-001
  1.000000E-001 -4.135099E-002 -2.153583E-001  1.200453E-001  9.862259E-001  0.000000E+000 -1.654040E-001 -1.444745E-001  4.868878E-001 -8.614333E-001  8.053318E-002  8.734645E-001  4.801814E-001
  1.200000E-001 -1.204740E-002 -2.239231E-001  1.105139E-001  9.988382E-001  0.000000E+000 -4.818961E-002 -4.321326E-002  4.425697E-001 -8.956923E-001  2.132726E-002  8.967341E-001  4.420555E-001
  1.400000E-001  1.771038E-002 -2.262765E-001  1.048106E-001  9.974876E-001  0.000000E+000  7.084151E-002  6.428059E-002  4.202985E-001 -9.051062E-001 -2.977458E-002  9.073859E-001  4.192425E-001
  1.600000E-001  4.699711E-002 -2.231716E-001  1.023998E-001  9.821712E-001  0.000000E+000  1.879884E-001  1.708609E-001  4.170344E-001 -8.926863E-001 -7.839764E-002  9.088907E-001  4.095992E-001
  1.800000E-001  7.514826E-002 -2.153210E-001  1.024188E-001  9.537525E-001  0.000000E+000  3.005930E-001  2.714498E-001  4.295403E-001 -8.612840E-001 -1.291168E-001  9.030477E-001  4.096752E-001
  2.000000E-001  1.016774E-001 -2.033906E-001  1.038940E-001  9.135575E-001  0.000000E+000  4.067095E-001  3.621924E-001  4.548986E-001 -8.135625E-001 -1.850116E-001  8.905432E-001  4.155760E-001
  2.200000E-001  1.262247E-001 -1.880074E-001  1.059270E-001  8.631786E-001  0.000000E+000  5.048987E-001  4.398845E-001  4.908695E-001 -7.520298E-001 -2.478394E-001  8.712331E-001  4.237080E-001
  2.400000E-001  1.485187E-001 -1.697423E-001  1.078414E-001  8.044099E-001  0.000000E+000  5.940747E-001  5.014339E-001  5.362509E-001 -6.789691E-001 -3.185731E-001  8.440586E-001  4.313655E-001
  2.600000E-001  1.683403E-001 -1.490723E-001  1.092657E-001  7.393135E-001  0.000000E+000  6.733614E-001  5.430957E-001  5.911737E-001 -5.962891E-001 -3.980736E-001  8.065442E-001  4.370627E-001
  2.800000E-001  1.854906E-001 -1.263563E-001  1.101241E-001  6.704414E-001  0.000000E+000  7.419625E-001  5.593428E-001  6.570243E-001 -5.054253E-001 -4.874874E-001  7.538694E-001  4.404963E-001
  3.000000E-001  1.997697E-001 -1.018624E-001  1.105265E-001  6.012262E-001  0.000000E+000  7.990789E-001  5.415339E-001  7.353406E-001 -4.074496E-001 -5.875952E-001  6.776977E-001  4.421061E-001
  3.200000E-001  2.109764E-001 -7.586047E-002  1.106081E-001  5.364916E-001  0.000000E+000  8.439056E-001  4.773165E-001  8.246769E-001 -3.034419E-001 -6.959495E-001  5.656041E-001  4.424323E-001
  3.400000E-001  2.189297E-001 -4.873417E-002  1.104300E-001  4.828217E-001  0.000000E+000  8.757187E-001  3.535668E-001  9.148717E-001 -1.949367E-001 -8.011702E-001  4.037447E-001  4.417199E-001
  3.600000E-001  2.235008E-001 -2.101072E-002  1.100269E-001  4.480603E-001  0.000000E+000  8.940033E-001  1.676886E-001  9.822512E-001 -8.404287E-002 -8.781358E-001  1.875704E-001  4.401078E-001
  3.800000E-001  2.246292E-001  6.753592E-003  1.095268E-001  4.389393E-001  0.000000E+000  8.985167E-001 -5.529890E-002  9.981043E-001  2.701437E-002 -8.968134E-001 -6.154465E-002  4.381073E-001
  4.000000E-001  2.223028E-001  3.415375E-002  1.091559E-001  4.574973E-001  0.000000E+000  8.892110E-001 -2.655307E-001  9.543740E-001  1.366150E-001 -8.486399E-001 -2.986138E-001  4.366235E-001
  4.200000E-001  2.165241E-001  6.097743E-002  1.090829E-001  4.998771E-001  0.000000E+000  8.660963E-001 -4.226024E-001  8.728776E-001  2.439097E-001 -7.559960E-001 -4.879393E-001  4.363315E-001
  4.400000E-001  2.073071E-001  8.704507E-002  1.093020E-001  5.589099E-001  0.000000E+000  8.292284E-001 -5.165788E-001  7.822511E-001  3.481803E-001 -6.486649E-001 -6.229632E-001  4.372079E-001
  4.600000E-001  1.947146E-001  1.120585E-001  1.096773E-001  6.271997E-001  0.000000E+000  7.788585E-001 -5.566185E-001  6.994727E-001  4.482341E-001 -5.447902E-001 -7.146593E-001  4.387091E-001
  4.800000E-001  1.788991E-001  1.355907E-001  1.100467E-001  6.985139E-001  0.000000E+000  7.155964E-001 -5.556264E-001  6.301762E-001  5.423627E-001 -4.509519E-001 -7.764521E-001  4.401869E-001
  5.000000E-001  1.601166E-001  1.571587E-001  1.102896E-001  7.679862E-001  0.000000E+000  6.404664E-001 -5.242537E-001  5.744355E-001  6.286350E-001 -3.679066E-001 -8.185498E-001  4.411586E-001
  5.200000E-001  1.387118E-001  1.763019E-001  1.103479E-001  8.319523E-001  0.000000E+000  5.548472E-001 -4.703185E-001  5.305494E-001  7.052077E-001 -2.943738E-001 -8.476540E-001  4.413918E-001
  5.400000E-001  1.150887E-001  1.926295E-001  1.102201E-001  8.877351E-001  0.000000E+000  4.603546E-001 -3.995691E-001  4.966351E-001  7.705180E-001 -2.286283E-001 -8.679594E-001  4.408804E-001
  5.600000E-001  8.968058E-002  2.058388E-001  1.099444E-001  9.334443E-001  0.000000E+000  3.587223E-001 -3.164151E-001  4.711344E-001  8.233553E-001 -1.690064E-001 -8.820615E-001  4.397777E-001
  5.800000E-001  6.292893E-002  2.157127E-001  1.095809E-001  9.678012E-001  0.000000E+000  2.517157E-001 -2.244192E-001  4.529067E-001  8.628508E-001 -1.140037E-001 -8.915579E-001  4.383237E-001
  6.000000E-001  3.527175E-002  2.221082E-001  1.091963E-001  9.899972E-001  0.000000E+000  1.410870E-001 -1.266128E-001  4.411986E-001  8.884329E-001 -6.224739E-002 -8.974095E-001  4.367854E-001
  6.200000E-001  7.140398E-003  2.249443E-001  1.088534E-001  9.995920E-001  0.000000E+000  2.856159E-002 -2.570956E-002  4.355913E-001  8.997773E-001 -1.244118E-002 -9.001446E-001  4.354136E-001
  6.400000E-001 -2.103955E-002  2.241931E-001  1.086038E-001  9.964524E-001  0.000000E+000 -8.415821E-002  7.573946E-002  4.359617E-001  8.967725E-001  3.668975E-002 -8.999652E-001  4.344150E-001
  6.600000E-001 -4.884685E-002  2.198755E-001  1.084838E-001  9.807261E-001  0.000000E+000 -1.953874E-001  1.752208E-001  4.424633E-001  8.795021E-001  8.645175E-002 -8.967866E-001  4.339353E-001
  6.800000E-001 -7.586475E-002  2.120605E-001  1.085122E-001  9.528445E-001  0.000000E+000 -3.034590E-001  2.701455E-001  4.555294E-001  8.482419E-001  1.382345E-001 -8.902207E-001  4.340487E-001
  7.000000E-001 -1.016838E-001  2.008665E-001  1.086879E-001  9.135460E-001  0.000000E+000 -4.067353E-001  3.577247E-001  4.758947E-001  8.034658E-001  1.935632E-001 -8.795023E-001  4.347517E-001
  7.200000E-001 -1.259073E-001  1.864633E-001  1.089899E-001  8.639200E-001  0.000000E+000 -5.036291E-001  4.348010E-001  5.046297E-001  7.458531E-001  2.541462E-001 -8.633359E-001  4.359597E-001
  7.400000E-001 -1.481580E-001  1.690735E-001  1.093772E-001  8.054735E-001  0.000000E+000 -5.926318E-001  4.975872E-001  5.431698E-001  6.762939E-001  3.218997E-001 -8.396229E-001  4.375089E-001
  7.600000E-001 -1.680865E-001  1.489723E-001  1.097915E-001  7.402370E-001  0.000000E+000 -6.723460E-001  5.412371E-001  5.932777E-001  5.958892E-001  3.988879E-001 -8.049979E-001  4.391661E-001
  7.800000E-001 -1.853791E-001  1.264863E-001  1.101626E-001  6.709347E-001  0.000000E+000 -7.415164E-001  5.591702E-001  6.567709E-001  5.059453E-001  4.870064E-001 -7.540901E-001  4.406504E-001
  8.000000E-001 -1.997648E-001  1.019918E-001  1.104160E-001  6.012521E-001  0.000000E+000 -7.990594E-001  5.421850E-001  7.345735E-001  4.079671E-001  5.869679E-001 -6.785291E-001  4.416639E-001
  8.200000E-001 -2.110220E-001  7.591619E-002  1.104828E-001  5.362047E-001  0.000000E+000 -8.440880E-001  4.780260E-001  8.241838E-001  3.036648E-001  6.956836E-001 -5.663224E-001  4.419312E-001
  8.400000E-001 -2.189843E-001  4.874548E-002  1.103166E-001  4.824252E-001  0.000000E+000 -8.759372E-001  3.540277E-001  9.146838E-001  1.949819E-001  8.012055E-001 -4.041702E-001  4.412665E-001
  8.600000E-001 -2.235465E-001  2.101996E-002  1.099324E-001  4.476957E-001  0.000000E+000 -8.941860E-001  1.679333E-001  9.822062E-001  8.407984E-002  8.782750E-001 -1.878058E-001  4.397295E-001
  8.800000E-001 -2.246626E-001 -6.732342E-003  1.094596E-001  4.386656E-001  0.000000E+000 -8.986504E-001 -5.516750E-002  9.981139E-001 -2.692937E-002  8.969554E-001  6.138928E-002  4.378382E-001
  9.000000E-001 -2.223252E-001 -3.412697E-002  1.091185E-001  4.573228E-001  0.000000E+000 -8.893008E-001 -2.654505E-001  9.544117E-001 -1.365079E-001  8.487590E-001  2.984935E-001  4.364742E-001
  9.200000E-001 -2.165369E-001 -6.095485E-002  1.090700E-001  4.997882E-001  0.000000E+000 -8.661477E-001 -4.225462E-001  8.729300E-001 -2.438194E-001  7.560863E-001  4.878455E-001  4.362801E-001
  9.400000E-001 -2.073114E-001 -8.703151E-002  1.093046E-001  5.588843E-001  0.000000E+000 -8.292457E-001 -5.165327E-001  7.823057E-001 -3.481260E-001  6.487236E-001  6.228947E-001  4.372183E-001
  9.600000E-001 -1.947118E-001 -1.120538E-001  1.096871E-001  6.272136E-001  0.000000E+000 -7.788473E-001 -5.565745E-001  6.995199E-001 -4.482151E-001  5.448192E-001  7.146131E-001  4.387483E-001
  9.800000E-001 -1.788913E-001 -1.355919E-001  1.100579E-001  6.985461E-001  0.000000E+000 -7.155651E-001 -5.555816E-001  6.302115E-001 -5.423676E-001  4.509573E-001  7.764235E-001  4.402317E-001
  1.000000E+000 -1.601061E-001 -1.571629E-001  1.102990E-001  7.680213E-001  0.000000E+000 -6.404243E-001 -5.242090E-001  5.744582E-001 -6.286515E-001  3.678970E-001  8.185339E-001  4.411961E-001
  1.020000E+000 -1.387008E-001 -1.763066E-001  1.103543E-001  8.319816E-001  0.000000E+000 -5.548032E-001 -4.702771E-001  5.305612E-001 -7.052264E-001  2.943570E-001  8.476466E-001  4.414171E-001
  1.040000E+000 -1.150789E-001 -1.926335E-001  1.102234E-001  8.877554E-001  0.000000E+000 -4.603155E-001 -3.995342E-001  4.966388E-001 -7.705338E-001  2.286105E-001  8.679573E-001  4.408937E-001
  1.060000E+000 -8.967294E-002 -2.058416E-001  1.099454E-001  9.334561E-001  0.000000E+000 -3.586918E-001 -3.163885E-001  4.711327E-001 -8.233665E-001  1.689914E-001  8.820624E-001  4.397816E-001
  1.080000E+000 -6.292370E-002 -2.157145E-001  1.095804E-001  9.678067E-001  0.000000E+000 -2.516948E-001 -2.244011E-001  4.529021E-001 -8.628579E-001  1.139931E-001  8.915602E-001  4.383217E-001
  1.100000E+000 -3.526868E-002 -2.221093E-001  1.091952E-001  9.899990E-001  0.000000E+000 -1.410747E-001 -1.266022E-001  4.411930E-001 -8.884372E-001  6.224118E-002  8.974122E-001  4.367807E-001
  1.120000E+000 -7.138973E-003 -2.249450E-001  1.088521E-001  9.995922E-001  0.000000E+000 -2.855589E-002 -2.570450E-002  4.355861E-001 -8.997800E-001  1.243855E-002  9.001471E-001  4.354085E-001
  1.140000E+000  2.103991E-002 -2.241936E-001  1.086027E-001  9.964523E-001  0.000000E+000  8.415963E-002  7.574091E-002  4.359575E-001 -8.967744E-001 -3.669002E-002  8.999673E-001  4.344108E-001
  1.160000E+000  4.884664E-002 -2.198759E-001  1.084832E-001  9.807263E-001  0.000000E+000  1.953866E-001  1.752203E-001  4.424605E-001 -8.795036E-001 -8.645083E-002  8.967880E-001  4.339326E-001
  1.180000E+000  7.586434E-002 -2.120608E-001  1.085119E-001  9.528450E-001  0.000000E+000  3.034574E-001  2.701443E-001  4.555279E-001 -8.482431E-001 -1.382333E-001  8.902215E-001  4.340475E-001
  1.200000E+000  1.016834E-001 -2.008667E-001  1.086879E-001  9.135468E-001  0.000000E+000  4.067337E-001  3.577233E-001  4.758942E-001 -8.034667E-001 -1.935622E-001  8.795025E-001  4.347516E-001
  1.220000E+000  1.259070E-001 -1.864634E-001  1.089900E-001  8.639207E-001  0.000000E+000  5.036279E-001  4.348000E-001  5.046299E-001 -7.458536E-001 -2.541457E-001  8.633358E-001  4.359602E-001
  1.240000E+000  1.481578E-001 -1.690735E-001  1.093774E-001  8.054740E-001  0.000000E+000  5.926311E-001  4.975865E-001  5.431703E-001 -6.762941E-001 -3.218996E-001  8.396226E-001  4.375095E-001
  1.260000E+000  1.680864E-001 -1.489723E-001  1.097917E-001  7.402373E-001  0.000000E+000  6.723457E-001  5.412366E-001  5.932782E-001 -5.958892E-001 -3.988881E-001  8.049975E-001  4.391667E-001
  1.280000E+000  1.853791E-001 -1.264863E-001  1.101627E-001  6.709348E-001  0.000000E+000  7.415164E-001  5.591699E-001  6.567713E-001 -5.059451E-001 -4.870067E-001  7.540898E-001  4.406507E-001
  1.300000E+000  1.997649E-001 -1.019917E-001  1.104160E-001  6.012520E-001  0.000000E+000  7.990594E-001  5.421848E-001  7.345738E-001 -4.079668E-001 -5.869681E-001  6.785288E-001  4.416640E-001
  1.320000E+000  2.110220E-001 -7.591614E-002  1.104828E-001  5.362045E-001  0.000000E+000  8.440881E-001  4.780258E-001  8.241839E-001 -3.036645E-001 -6.956838E-001  5.663222E-001  4.419312E-001
  1.340000E+000  2.189843E-001 -4.874545E-002  1.103166E-001  4.824250E-001  0.000000E+000  8.759373E-001  3.540277E-001  9.146838E-001 -1.949818E-001 -8.012056E-001  4.041701E-001  4.412664E-001
  1.360000E+000  2.235465E-001 -2.101995E-002  1.099323E-001  4.476955E-001  0.000000E+000  8.941861E-001  1.679333E-001  9.822062E-001 -8.407979E-002 -8.782751E-001  1.878057E-001  4.397293E-001
  1.380000E+000  2.246626E-001  6.732340E-003  1.094595E-001  4.386655E-001  0.000000E+000  8.986504E-001 -5.516751E-002  9.981139E-001  2.692936E-002 -8.969555E-001 -6.138929E-002  4.378381E-001
  1.400000E+000  2.223252E-001  3.412697E-002  1.091185E-001  4.573227E-001  0.000000E+000  8.893008E-001 -2.654505E-001  9.544117E-001  1.365079E-001 -8.487591E-001 -2.984935E-001  4.364742E-001
  1.420000E+000  2.165369E-001  6.095484E-002  1.090700E-001  4.997881E-001  0.000000E+000  8.661477E-001 -4.225462E-001  8.729300E-001  2.438193E-001 -7.560863E-001 -4.878454E-001  4.362801E-001
  1.440000E+000  2.073114E-001  8.703150E-002  1.093046E-001  5.588843E-001  0.000000E+000  8.292457E-001 -5.165327E-001  7.823057E-001  3.481260E-001 -6.487236E-001 -6.228946E-001  4.372184E-001
  1.460000E+000  1.947118E-001  1.120538E-001  1.096871E-001  6.272136E-001  0.000000E+000  7.788473E-001 -5.565745E-001  6.995199E-001  4.482150E-001 -5.448192E-001 -7.146131E-001  4.387484E-001
  1.480000E+000  1.788913E-001  1.355919E-001  1.100579E-001  6.985461E-001  0.000000E+000  7.155651E-001 -5.555815E-001  6.302115E-001  5.423676E-001 -4.509573E-001 -7.764235E-001  4.402318E-001
  1.500000E+000  1.601061E-001  1.571629E-001  1.102990E-001  7.680213E-001  0.000000E+000  6.404243E-001 -5.242090E-001  5.744582E-001  6.286515E-001 -3.678970E-001 -8.185339E-001  4.411962E-001
  1.520000E+000  1.387008E-001  1.763066E-001  1.103543E-001  8.319816E-001  0.000000E+000  5.548032E-001 -4.702771E-001  5.305612E-001  7.052264E-001 -2.943571E-001 -8.476466E-001  4.414172E-001
  1.540000E+000  1.150789E-001  1.926334E-001  1.102234E-001  8.877554E-001  0.000000E+000  4.603155E-001 -3.995342E-001  4.966388E-001  7.705338E-001 -2.286105E-001 -8.679573E-001  4.408938E-001
  1.560000E+000  8.967296E-002  2.058416E-001  1.099454E-001  9.334560E-001  0.000000E+000  3.586918E-001 -3.163885E-001  4.711327E-001  8.233664E-001 -1.689914E-001 -8.820623E-001  4.397817E-001
  1.580000E+000  6.292372E-002  2.157145E-001  1.095804E-001  9.678066E-001  0.000000E+000  2.516949E-001 -2.244011E-001  4.529022E-001  8.628579E-001 -1.139932E-001 -8.915602E-001  4.383217E-001
  1.600000E+000  3.526870E-002  2.221093E-001  1.091952E-001  9.899989E-001  0.000000E+000  1.410748E-001 -1.266022E-001  4.411931E-001  8.884371E-001 -6.224122E-002 -8.974122E-001  4.367807E-001
  1.620000E+000  7.138990E-003  2.249450E-001  1.088521E-001  9.995922E-001  0.000000E+000  2.855596E-002 -2.570456E-002  4.355861E-001  8.997800E-001 -1.243858E-002 -9.001471E-001  4.354085E-001
  1.640000E+000 -2.103989E-002  2.241936E-001  1.086027E-001  9.964523E-001  0.000000E+000 -8.415957E-002  7.574086E-002  4.359575E-001  8.967744E-001  3.669000E-002 -8.999672E-001  4.344109E-001
  1.660000E+000 -4.884663E-002  2.198759E-001  1.084832E-001  9.807263E-001  0.000000E+000 -1.953865E-001  1.752203E-001  4.424605E-001  8.795036E-001  8.645081E-002 -8.967880E-001  4.339326E-001
  1.680000E+000 -7.586433E-002  2.120608E-001  1.085119E-001  9.528450E-001  0.000000E+000 -3.034573E-001  2.701442E-001  4.555279E-001  8.482431E-001  1.382333E-001 -8.902215E-001  4.340475E-001
  1.700000E+000 -1.016834E-001  2.008667E-001  1.086879E-001  9.135468E-001  0.000000E+000 -4.067337E-001  3.577233E-001  4.758942E-001  8.034667E-001  1.935622E-001 -8.795025E-001  4.347516E-001
  1.720000E+000 -1.259070E-001  1.864634E-001  1.089901E-001  8.639207E-001  0.000000E+000 -5.036279E-001  4.348000E-001  5.046299E-001  7.458537E-001  2.541457E-001 -8.633358E-001  4.359602E-001
  1.740000E+000 -1.481578E-001  1.690735E-001  1.093774E-001  8.054740E-001  0.000000E+000 -5.926311E-001  4.975865E-001  5.431703E-001  6.762941E-001  3.218996E-001 -8.396226E-001  4.375095E-001
  1.760000E+000 -1.680864E-001  1.489723E-001  1.097917E-001  7.402373E-001  0.000000E+000 -6.723457E-001  5.412366E-001  5.932782E-001  5.958892E-001  3.988880E-001 -8.049975E-001  4.391667E-001
  1.780000E+000 -1.853791E-001  1.264863E-001  1.101627E-001  6.709348E-001  0.000000E+000 -7.415164E-001  5.591699E-001  6.567713E-001  5.059451E-001  4.870067E-001 -7.540898E-001  4.406507E-001
  1.800000E+000 -1.997649E-001  1.019917E-001  1.104160E-001  6.012520E-001  0.000000E+000 -7.990594E-001  5.421848E-001  7.345738E-001  4.079668E-001  5.869681E-001 -6.785288E-001  4.416640E-001
  1.820000E+000 -2.110220E-001  7.591614E-002  1.104828E-001  5.362045E-001  0.000000E+000 -8.440881E-001  4.780258E-001  8.241839E-001  3.036646E-001  6.956838E-001 -5.663222E-001  4.419312E-001
  1.840000E+000 -2.189843E-001  4.874545E-002  1.103166E-001  4.824251E-001  0.000000E+000 -8.759373E-001  3.540277E-001  9.146838E-001  1.949818E-001  8.012056E-001 -4.041701E-001  4.412664E-001
  1.860000E+000 -2.235465E-001  2.101995E-002  1.099323E-001  4.476955E-001  0.000000E+000 -8.941861E-001  1.679333E-001  9.822062E-001  8.407979E-002  8.782751E-001 -1.878057E-001  4.397293E-001
  1.880000E+000 -2.246626E-001 -6.732340E-003  1.094595E-001  4.386655E-001  0.000000E+000 -8.986504E-001 -5.516751E-002  9.981139E-001 -2.692936E-002  8.969555E-001  6.138928E-002  4.378381E-001
  1.900000E+000 -2.223252E-001 -3.412697E-002  1.091185E-001  4.573227E-001  0.000000E+000 -8.893008E-001 -2.654505E-001  9.544117E-001 -1.365079E-001  8.487591E-001  2.984935E-001  4.364742E-001
  1.920000E+000 -2.165369E-001 -6.095484E-002  1.090700E-001  4.997881E-001  0.000000E+000 -8.661477E-001 -4.225462E-001  8.729300E-001 -2.438193E-001  7.560863E-001  4.878454E-001  4.362801E-001
  1.940000E+000 -2.073114E-001 -8.703150E-002  1.093046E-001  5.588843E-001  0.000000E+000 -8.292457E-001 -5.165327E-001  7.823057E-001 -3.481260E-001  6.487236E-001  6.228946E-001  4.372184E-001
  1.960000E+000 -1.947118E-001 -1.120538E-001  1.096871E-001  6.272136E-001  0.000000E+000 -7.788473E-001 -5.565745E-001  6.995199E-001 -4.482150E-001  5.448192E-001  7.146131E-001  4.387484E-001
  1.980000E+000 -1.788913E-001 -1.355919E-001  1.100579E-001  6.985461E-001  0.000000E+000 -7.155651E-001 -5.555815E-001  6.302115E-001 -5.423676E-001  4.509573E-001  7.764235E-001  4.402318E-001
  2.000000E+000 -1.601061E-001 -1.571629E-001  1.102990E-001  7.680213E-001  0.000000E+000 -6.404243E-001 -5.242090E-001  5.744582E-001 -6.286515E-001  3.678970E-001  8.185339E-001  4.411962E-001
  2.020000E+000 -1.387008E-001 -1.763066E-001  1.103543E-001  8.319816E-001  0.000000E+000 -5.548032E-001 -4.702771E-001  5.305612E-001 -7.052264E-001  2.943571E-001  8.476466E-001  4.414172E-001
  2.040000E+000 -1.150789E-001 -1.926334E-001  1.102234E-001  8.877554E-001  0.000000E+000 -4.603155E-001 -3.995342E-001  4.966388E-001 -7.705338E-001  2.286105E-001  8.679573E-001  4.408938E-001
  2.060000E+000 -8.967296E-002 -2.058416E-001  1.099454E-001  9.334560E-001  0.000000E+000 -3.586918E-001 -3.163885E-001  4.711327E-001 -8.233664E-001  1.689914E-001  8.820623E-001  4.397817E-001
  2.080000E+000 -6.292372E-002 -2.157145E-001  1.095804E-001  9.678066E-001  0.000000E+000 -2.516949E-001 -2.244011E-001  4.529022E-001 -8.628579E-001  1.139932E-001  8.915602E-001  4.383217E-001
  2.100000E+000 -3.526870E-002 -2.221093E-001  1.091952E-001  9.899989E-001  0.000000E+000 -1.410748E-001 -1.266022E-001  4.411931E-001 -8.884371E-001  6.224122E-002  8.974122E-001  4.367807E-001
  2.120000E+000 -7.138990E-003 -2.249450E-001  1.088521E-001  9.995922E-001  0.000000E+000 -2.855596E-002 -2.570456E-002  4.355861E-001 -8.997800E-001  1.243858E-002  9.001471E-001  4.354085E-001
  2.140000E+000  2.103989E-002 -2.241936E-001  1.086027E-001  9.964523E-001  0.000000E+000  8.415957E-002  7.574086E-002  4.359575E-001 -8.967744E-001 -3.669000E-002  8.999672E-001  4.344109E-001
  2.160000E+000  4.884663E-002 -2.198759E-001  1.084832E-001  9.807263E-001  0.000000E+000  1.953865E-001  1.752203E-001  4.424605E-001 -8.795036E-001 -8.645081E-002  8.967880E-001  4.339326E-001
  2.180000E+000  7.586433E-002 -2.120608E-001  1.085119E-001  9.528450E-001  0.000000E+000  3.034573E-001  2.701442E-001  4.555279E-001 -8.482431E-001 -1.382333E-001  8.902215E-001  4.340475E-001
  2.200000E+000  1.016834E-001 -2.008667E-001  1.086879E-001  9.135468E-001  0.000000E+000  4.067337E-001  3.577233E-001  4.758942E-001 -8.034667E-001 -1.935622E-001  8.795025E-001  4.347516E-001
  2.220000E+000  1.259070E-001 -1.864634E-001  1.089901E-001  8.639207E-001  0.000000E+000  5.036279E-001  4.348000E-001  5.046299E-001 -7.458537E-001 -2.541457E-001  8.633358E-001  4.359602E-001
  2.240000E+000  1.481578E-001 -1.690735E-001  1.093774E-001  8.054740E-001  0.000000E+000  5.926311E-001  4.975865E-001  5.431703E-001 -6.762941E-001 -3.218996E-001  8.396226E-001  4.375095E-001
  2.260000E+000  1.680864E-001 -1.489723E-001  1.097917E-001  7.402373E-001  0.000000E+000  6.723457E-001  5.412366E-001  5.932782E-001 -5.958892E-001 -3.988880E-001  8.049975E-001  4.391667E-001
  2.280000E+000  1.853791E-001 -1.264863E-001  1.101627E-001  6.709348E-001  0.000000E+000  7.415164E-001  5.591699E-001  6.567713E-001 -5.059451E-001 -4.870067E-001  7.540898E-001  4.406507E-001
  2.300000E+000  1.997649E-001 -1.019917E-001  1.104160E-001  6.012520E-001  0.000000E+000  7.990594E-001  5.421848E-001  7.345738E-001 -4.079668E-001 -5.869681E-001  6.785288E-001  4.416640E-001
  2.320000E+000  2.110220E-001 -7.591614E-002  1.104828E-001  5.362045E-001  0.000000E+000  8.440881E-001  4.780258E-001  8.241839E-001 -3.036646E-001 -6.956838E-001  5.663222E-001  4.419312E-001
  2.340000E+000  2.189843E-001 -4.874545E-002  1.103166E-001  4.824251E-001  0.000000E+000  8.759373E-001  3.540277E-001  9.146838E-001 -1.949818E-001 -8.012056E-001  4.041701E-001  4.412664E-001
  2.360000E+000  2.235465E-001 -2.101995E-002  1.099323E-001  4.476955E-001  0.000000E+000  8.941861E-001  1.679333E-001  9.822062E-001 -8.407979E-002 -8.782751E-001  1.878057E-001  4.397293E-001
  2.380000E+000  2.246626E-001  6.732340E-003  1.094595E-001  4.386655E-001  0.000000E+000  8.986504E-001 -5.516751E-002  9.981139E-001  2.692936E-002 -8.969555E-001 -6.138928E-002  4.378381E-001
  2.400000E+000  2.223252E-001  3.412697E-002  1.091185E-001  4.573227E-001  0.000000E+000  8.893008E-001 -2.654505E-001  9.544117E-001  1.365079E-001 -8.487591E-001 -2.984935E-001  4.364742E-001
  2.420000E+000  2.165369E-001  6.095484E-002  1.090700E-001  4.997881E-001  0.000000E+000  8.661477E-001 -4.225462E-001  8.729300E-001  2.438193E-001 -7.560863E-001 -4.878454E-001  4.362801E-001
  2.440000E+000  2.073114E-001  8.703150E-002  1.093046E-001  5.588843E-001  0.000000E+000  8.292457E-001 -5.165327E-001  7.823057E-001  3.481260E-001 -6.487236E-001 -6.228946E-001  4.372184E-001
  2.460000E+000  1.947118E-001  1.120538E-001  1.096871E-001  6.272136E-001  0.000000E+000  7.788473E-001 -5.565745E-001  6.995199E-001  4.482150E-001 -5.448192E-001 -7.146131E-001  4.387484E-001
  2.480000E+000  1.788913E-001  1.355919E-001  1.100579E-001  6.985461E-001  0.000000E+000  7.155651E-001 -5.555815E-001  6.302115E-001  5.423676E-001 -4.509573E-001 -7.764235E-001  4.402318E-001
  2.500000E+000  1.601061E-001  1.571629E-001  1.102990E-001  7.680213E-001  0.000000E+000  6.404243E-001 -5.242090E-001  5.744582E-001  6.286515E-001 -3.678970E-001 -8.185339E-001  4.411962E-001
  2.520000E+000  1.387008E-001  1.763066E-001  1.103543E-001  8.319816E-001  0.000000E+000  5.548032E-001 -4.702771E-001  5.305612E-001  7.052264E-001 -2.943571E-001 -8.476466E-001  4.414172E-001
  2.540000E+000  1.150789E-001  1.926334E-001  1.102234E-001  8.877554E-001  0.000000E+000  4.603155E-001 -3.995342E-001  4.966388E-001  7.705338E-001 -2.286105E-001 -8.679573E-001  4.408938E-001
  2.560000E+000  8.967296E-002  2.058416E-001  1.099454E-001  9.334560E-001  0.000000E+000  3.586918E-001 -3.163885E-001  4.711327E-001  8.233664E-001 -1.689914E-001 -8.820623E-001  4.397817E-001
  2.580000E+000  6.292372E-002  2.157145E-001  1.095804E-001  9.678066E-001  0.000000E+000  2.516949E-001 -2.244011E-001  4.529022E-001  8.628579E-001 -1.139932E-001 -8.915602E-001  4.383217E-001
  2.600000E+000  3.526870E-002  2.221093E-001  1.091952E-001  9.899989E-001  0.000000E+000  1.410748E-001 -1.266022E-001  4.411931E-001  8.884371E-001 -6.224122E-002 -8.974122E-001  4.367807E-001
  2.620000E+000  7.138990E-003  2.249450E-001  1.088521E-001  9.995922E-001  0.000000E+000  2.855596E-002 -2.570456E-002  4.355861E-001  8.997800E-001 -1.243858E-002 -9.001471E-001  4.354085E-001
  2.640000E+000 -2.103989E-002  2.241936E-001  1.086027E-001  9.964523E-001  0.000000E+000 -8.415957E-002  7.574086E-002  4.359575E-001  8.967744E-001  3.669000E-002 -8.999672E-001  4.344109E-001
  2.660000E+000 -4.884663E-002  2.198759E-001  1.084832E-001  9.807263E-001  0.000000E+000 -1.953865E-001  1.752203E-001  4.424605E-001  8.795036E-001  8.645081E-002 -8.967880E-001  4.339326E-001
  2.680000E+000 -7.586433E-002  2.120608E-001  1.085119E-001  9.528450E-001  0.000000E+000 -3.034573E-001  2.701442E-001  4.555279E-001  8.482431E-001  1.382333E-001 -8.902215E-001  4.340475E-001
  2.700000E+000 -1.016834E-001  2.008667E-001  1.086879E-001  9.135468E-001  0.000000E+000 -4.067337E-001  3.577233E-001  4.758942E-001  8.034667E-001  1.935622E-001 -8.795025E-001  4.347516E-001
  2.720000E+000 -1.259070E-001  1.864634E-001  1.089901E-001  8.639207E-001  0.000000E+000 -5.036279E-001  4.348000E-001  5.046299E-001  7.458537E-001  2.541457E-001 -8.633358E-001  4.359602E-001
  2.740000E+000 -1.481578E-001  1.690735E-001  1.093774E-001  8.054740E-001  0.000000E+000 -5.926311E-001  4.975865E-001  5.431703E-001  6.762941E-001  3.218996E-001 -8.396226E-001  4.375095E-001
  2.760000E+000 -1.680864E-001  1.489723E-001  1.097917E-001  7.402373E-001  0.000000E+000 -6.723457E-001  5.412366E-001  5.932782E-001  5.958892E-001  3.988880E-001 -8.049975E-001  4.391667E-001
  2.780000E+000 -1.853791E-001  1.264863E-001  1.101627E-001  6.709348E-001  0.000000E+000 -7.415164E-001  5.591699E-001  6.567713E-001  5.059451E-001  4.870067E-001 -7.540898E-001  4.406507E-001
  2.800000E+000 -1.997649E-001  1.019917E-001  1.104160E-001  6.012520E-001  0.000000E+000 -7.990594E-001  5.421848E-001  7.345738E-001  4.079668E-001  5.869681E-001 -6.785288E-001  4.416640E-001
  2.820000E+000 -2.110220E-001  7.591614E-002  1.104828E-001  5.362045E-001  0.000000E+000 -8.440881E-001  4.780258E-001  8.241839E-001  3.036646E-001  6.956838E-001 -5.663222E-001  4.419312E-001
  2.840000E+000 -2.189843E-001  4.874545E-002  1.103166E-001  4.824251E-001  0.000000E+000 -8.759373E-001  3.540277E-001  9.146838E-001  1.949818E-001  8.012056E-001 -4.041701E-001  4.412664E-001
  2.860000E+000 -2.235465E-001  2.101995E-002  1.099323E-001  4.476955E-001  0.000000E+000 -8.941861E-001  1.679333E-001  9.822062E-001  8.407979E-002  8.782751E-001 -1.878057E-001  4.397293E-001
  2.880000E+000 -2.246626E-001 -6.732340E-003  1.094595E-001  4.386655E-001  0.000000E+000 -8.986504E-001 -5.516751E-002  9.981139E-001 -2.692936E-002  8.969555E-001  6.138928E-002  4.378381E-001
  2.900000E+000 -2.223252E-001 -3.412697E-002  1.091185E-001  4.573227E-001  0.000000E+000 -8.893008E-001 -2.654505E-001  9.544117E-001 -1.365079E-001  8.487591E-001  2.984935E-001  4.364742E-001
  2.920000E+000 -2.165369E-001 -6.095484E-002  1.090700E-001  4.997881E-001  0.000000E+000 -8.661477E-001 -4.225462E-001  8.729300E-001 -2.438193E-001  7.560863E-001  4.878454E-001  4.362801E-001
  2.940000E+000 -2.073114E-001 -8.703150E-002  1.093046E-001  5.588843E-001  0.000000E+000 -8.292457E-001 -5.165327E-001  7.823057E-001 -3.481260E-001  6.487236E-001  6.228946E-001  4.372184E-001
  2.960000E+000 -1.947118E-001 -1.120538E-001  1.096871E-001  6.272136E-001  0.000000E+000 -7.788473E-001 -5.565745E-001  6.995199E-001 -4.482150E-001  5.448192E-001  7.146131E-001  4.387484E-001
  2.980000E+000 -1.788913E-001 -1.355919E-001  1.100579E-001  6.985461E-001  0.000000E+000 -7.155651E-001 -5.555815E-001  6.302115E-001 -5.423676E-001  4.509573E-001  7.764235E-001  4.402318E-001
  3.000000E+000 -1.601061E-001 -1.571629E-001  1.102990E-001  7.680213E-001  0.000000E+000 -6.404243E-001 -5.242090E-001  5.744582E-001 -6.286515E-001  3.678970E-001  8.185339E-001  4.411962E-001
  3.020000E+000 -1.387008E-001 -1.763066E-001  1.103543E-001  8.319816E-001  0.000000E+000 -5.548032E-001 -4.702771E-001  5.305612E-001 -7.052264E-001  2.943571E-001  8.476466E-001  4.414172E-001
  3.040000E+000 -1.150789E-001 -1.926334E-001  1.102234E-001  8.877554E-001  0.000000E+000 -4.603155E-001 -3.995342E-001  4.966388E-001 -7.705338E-001  2.286105E-001  8.679573E-001  4.408938E-001
  3.060000E+000 -8.967296E-002 -2.058416E-001  1.099454E-001  9.334560E-001  0.000000E+000 -3.586918E-001 -3.163885E-001  4.711327E-001 -8.233664E-001  1.689914E-001  8.820623E-001  4.397817E-001
  3.080000E+000 -6.292372E-002 -2.157145E-001  1.095804E-001  9.678066E-001  0.000000E+000 -2.516949E-001 -2.244011E-001  4.529022E-001 -8.628579E-001  1.139932E-001  8.915602E-001  4.383217E-001
  3.100000E+000 -3.526870E-002 -2.221093E-001  1.091952E-001  9.899989E-001  0.000000E+000 -1.410748E-001 -1.266022E-001  4.411931E-001 -8.884371E-001  6.224122E-002  8.974122E-001  4.367807E-001
  3.120000E+000 -7.138990E-003 -2.249450E-001  1.088521E-001  9.995922E-001  0.000000E+000 -2.855596E-002 -2.570456E-002  4.355861E-001 -8.997800E-001  1.243858E-002  9.001471E-001  4.354085E-001
  3.140000E+000  2.103989E-002 -2.241936E-001  1.086027E-001  9.964523E-001  0.000000E+000  8.415957E-002  7.574086E-002  4.359575E-001 -8.967744E-001 -3.669000E-002  8.999672E-001  4.344109E-001
  3.160000E+000  4.884663E-002 -2.198759E-001  1.084832E-001  9.807263E-001  0.000000E+000  1.953865E-001  1.752203E-001  4.424605E-001 -8.795036E-001 -8.645081E-002  8.967880E-001  4.339326E-001
  3.180000E+000  7.586433E-002 -2.120608E-001  1.085119E-001  9.528450E-001  0.000000E+000  3.034573E-001  2.701442E-001  4.555279E-001 -8.482431E-001 -1.382333E-001  8.902215E-001  4.340475E-001
  3.200000E+000  1.016834E-001 -2.008667E-001  1.086879E-001  9.135468E-001  0.000000E+000  4.067337E-001  3.577233E-001  4.758942E-001 -8.034667E-001 -1.935622E-001  8.795025E-001  4.347516E-001
  3.220000E+000  1.259070E-001 -1.864634E-001  1.089901E-001  8.639207E-001  0.000000E+000  5.036279E-001  4.348000E-001  5.046299E-001 -7.458537E-001 -2.541457E-001  8.633358E-001  4.359602E-001
  3.240000E+000  1.481578E-001 -1.690735E-001  1.093774E-001  8.054740E-001  0.000000E+000  5.926311E-001  4.975865E-001  5.431703E-001 -6.762941E-001 -3.218996E-001  8.396226E-001  4.375095E-001
  3.260000E+000  1.680864E-001 -1.489723E-001  1.097917E-001  7.402373E-001  0.000000E+000  6.723457E-001  5.412366E-001  5.932782E-001 -5.958892E-001 -3.988880E-001  8.049975E-001  4.391667E-001
  3.280000E+000  1.853791E-001 -1.264863E-001  1.101627E-001  6.709348E-001  0.000000E+000  7.415164E-001  5.591699E-001  6.567713E-001 -5.059451E-001 -4.870067E-001  7.540898E-001  4.406507E-001
  3.300000E+000  1.997649E-001 -1.019917E-001  1.104160E-001  6.012520E-001  0.000000E+000  7.990594E-001  5.421848E-001  7.345738E-001 -4.079668E-001 -5.869681E-001  6.785288E-001  4.416640E-001
  3.320000E+000  2.110220E-001 -7.591614E-002  1.104828E-001  5.362045E-001  0.000000E+000  8.440881E-001  4.780258E-001  8.241839E-001 -3.036646E-001 -6.956838E-001  5.663222E-001  4.419312E-001
  3.340000E+000  2.189843E-001 -4.874545E-002  1.103166E-001  4.824251E-001  0.000000E+000  8.759373E-001  3.540277E-001  9.146838E-001 -1.949818E-001 -8.012056E-001  4.041701E-001  4.412664E-001
  3.360000E+000  2.235465E-001 -2.101995E-002  1.099323E-001  4.476955E-001  0.000000E+000  8.941861E-001  1.679333E-001  9.822062E-001 -8.407979E-002 -8.782751E-001  1.878057E-001  4.397293E-001
  3.380000E+000  2.246626E-001  6.732340E-003  1.094595E-001  4.386655E-001  0.000000E+000  8.986504E-001 -5.516751E-002  9.981139E-001  2.692936E-002 -8.969555E-001 -6.138928E-002  4.378381E-001
  3.400000E+000  2.223252E-001  3.412697E-002  1.091185E-001  4.573227E-001  0.000000E+000  8.893008E-001 -2.654505E-001  9.544117E-001  1.365079E-001 -8.487591E-001 -2.984935E-001  4.364742E-001
  3.420000E+000  2.165369E-001  6.095484E-002  1.090700E-001  4.997881E-001  0.000000E+000  8.661477E-001 -4.225462E-001  8.729300E-001  2.438193E-001 -7.560863E-001 -4.878454E-001  4.362801E-001
  3.440000E+000  2.073114E-001  8.703150E-002  1.093046E-001  5.588843E-001  0.000000E+000  8.292457E-001 -5.165327E-001  7.823057E-001  3.481260E-001 -6.487236E-001 -6.228946E-001  4.372184E-001
  3.460000E+000  1.947118E-001  1.120538E-001  1.096871E-001  6.272136E-001  0.000000E+000  7.788473E-001 -5.565745E-001  6.995199E-001  4.482150E-001 -5.448192E-001 -7.146131E-001  4.387484E-001
  3.480000E+000  1.788913E-001  1.355919E-001  1.100579E-001  6.985461E-001  0.000000E+000  7.155651E-001 -5.555815E-001  6.302115E-001  5.423676E-001 -4.509573E-001 -7.764235E-001  4.402318E-001
  3.500000E+000  1.601061E-001  1.571629E-001  1.102990E-001  7.680213E-001  0.000000E+000  6.404243E-001 -5.242090E-001  5.744582E-001  6.286515E-001 -3.678970E-001 -8.185339E-001  4.411962E-001
  3.520000E+000  1.387008E-001  1.763066E-001  1.103543E-001  8.319816E-001  0.000000E+000  5.548032E-001 -4.702771E-001  5.305612E-001  7.052264E-001 -2.943571E-001 -8.476466E-001  4.414172E-001
  3.540000E+000  1.150789E-001  1.926334E-001  1.102234E-001  8.877554E-001  0.000000E+000  4.603155E-001 -3.995342E-001  4.966388E-001  7.705338E-001 -2.286105E-001 -8.679573E-001  4.408938E-001
  3.560000E+000  8.967296E-002  2.058416E-001  1.099454E-001  9.334560E-001  0.000000E+000  3.586918E-001 -3.163885E-001  4.711327E-001  8.233664E-001 -1.689914E-001 -8.820623E-001  4.397817E-001
  3.580000E+000  6.292372E-002  2.157145E-001  1.095804E-001  9.678066E-001  0.000000E+000  2.516949E-001 -2.244011E-001  4.529022E-001  8.628579E-001 -1.139932E-001 -8.915602E-001  4.383217E-001
  3.600000E+000  3.526870E-002  2.221093E-001  1.091952E-001  9.899989E-001  0.000000E+000  1.410748E-001 -1.266022E-001  4.411931E-001  8.884371E-001 -6.224122E-002 -8.974122E-001  4.367807E-001
  3.620000E+000  7.138990E-003  2.249450E-001  1.088521E-001  9.995922E-001  0.000000E+000  2.855596E-002 -2.570456E-002  4.355861E-001  8.997800E-001 -1.243858E-002 -9.001471E-001  4.354085E-001
  3.640000E+000 -2.103989E-002  2.241936E-001  1.086027E-001  9.964523E-001  0.000000E+000 -8.415957E-002  7.574086E-002  4.359575E-001  8.967744E-001  3.669000E-002 -8.999672E-001  4.344109E-001
  3.660000E+000 -4.884663E-002  2.198759E-001  1.084832E-001  9.807263E-001  0.000000E+000 -1.953865E-001  1.752203E-001  4.424605E-001  8.795036E-001  8.645081E-002 -8.967880E-001  4.339326E-001
  3.680000E+000 -7.586433E-002  2.120608E-001  1.085119E-001  9.528450E-001  0.000000E+000 -3.034573E-001  2.701442E-001  4.555279E-001  8.482431E-001  1.382333E-001 -8.902215E-001  4.340475E-001
  3.700000E+000 -1.016834E-001  2.008667E-001  1.086879E-001  9.135468E-001  0.000000E+000 -4.067337E-001  3.577233E-001  4.758942E-001  8.034667E-001  1.935622E-001 -8.795025E-001  4.347516E-001
  3.720000E+000 -1.259070E-001  1.864634E-001  1.089901E-001  8.639207E-001  0.000000E+000 -5.036279E-001  4.348000E-001  5.046299E-001  7.458537E-001  2.541457E-001 -8.633358E-001  4.359602E-001
  3.740000E+000 -1.481578E-001  1.690735E-001  1.093774E-001  8.054740E-001  0.000000E+000 -5.926311E-001  4.975865E-001  5.431703E-001  6.762941E-001  3.218996E-001 -8.396226E-001  4.375095E-001
  3.760000E+000 -1.680864E-001  1.489723E-001  1.097917E-001  7.402373E-001  0.000000E+000 -6.723457E-001  5.412366E-001  5.932782E-001  5.958892E-001  3.988880E-001 -8.049975E-001  4.391667E-001
  3.780000E+000 -1.853791E-001  1.264863E-001  1.101627E-001  6.709348E-001  0.000000E+000 -7.415164E-001  5.591699E-001  6.567713E-001  5.059451E-001  4.870067E-001 -7.540898E-001  4.406507E-001
  3.800000E+000 -1.997649E-001  1.019917E-001  1.104160E-001  6.012520E-001  0.000000E+000 -7.990594E-001  5.421848E-001  7.345738E-001  4.079668E-001  5.869681E-001 -6.785288E-001  4.416640E-001
  3.820000E+000 -2.110220E-001  7.591614E-002  1.104828E-001  5.362045E-001  0.000000E+000 -8.440881E-001  4.780258E-001  8.241839E-001  3.036646E-001  6.956838E-001 -5.663222E-001  4.419312E-001
  3.840000E+000 -2.189843E-001  4.874545E-002  1.103166E-001  4.824251E-001  0.000000E+000 -8.759373E-001  3.540277E-001  9.146838E-001  1.949818E-001  8.012056E-001 -4.041701E-001  4.412664E-001
  3.860000E+000 -2.235465E-001  2.101995E-002  1.099323E-001  4.476955E-001  0.000000E+000 -8.941861E-001  1.679333E-001  9.822062E-001  8.407979E-002  8.782751E-001 -1.878057E-001  4.397293E-001
  3.880000E+000 -2.246626E-001 -6.732340E-003  1.094595E-001  4.386655E-001  0.000000E+000 -8.986504E-001 -5.516751E-002  9.981139E-001 -2.692936E-002  8.969555E-001  6.138928E-002  4.378381E-001
  3.900000E+000 -2.223252E-001 -3.412697E-002  1.091185E-001  4.573227E-001  0.000000E+000 -8.893008E-001 -2.654505E-001  9.544117E-001 -1.365079E-001  8.487591E-001  2.984935E-001  4.364742E-001
  3.920000E+000 -2.165369E-001 -6.095484E-002  1.090700E-001  4.997881E-001  0.000000E+000 -8.661477E-001 -4.225462E-001  8.729300E-001 -2.438193E-001  7.560863E-001  4.878454E-001  4.362801E-001
  3.940000E+000 -2.073114E-001 -8.703150E-002  1.093046E-001  5.588843E-001  0.000000E+000 -8.292457E-001 -5.165327E-001  7.823057E-001 -3.481260E-001  6.487236E-001  6.228946E-001  4.372184E-001
  3.960000E+000 -1.947118E-001 -1.120538E-001  1.096871E-001  6.272136E-001  0.000000E+000 -7.788473E-001 -5.565745E-001  6.995199E-001 -4.482150E-001  5.448192E-001  7.146131E-001  4.387484E-001
  3.980000E+000 -1.788913E-001 -1.355919E-001  1.100579E-001  6.985461E-001  0.000000E+000 -7.155651E-001 -5.555815E-001  6.302115E-001 -5.423676E-001  4.509573E-001  7.764235E-001  4.402318E-001
