% FILE: Link.2
%
%       t         P_No_Co[1]     P_No_Co[2]     P_No_Co[3]      N_C[1,1]       N_C[1,2]       N_C[1,3]       N_C[2,1]       N_C[2,2]       N_C[2,3]       N_C[3,1]       N_C[3,2]       N_C[3,3]
%   (second)        (meter)        (meter)        (meter)       (NoUnits)      (NoUnits)      (NoUnits)      (NoUnits)      (NoUnits)      (NoUnits)      (NoUnits)      (NoUnits)      (NoUnits)

  0.000000E+000  2.775558E-017 -2.165064E-001  3.750000E-001  1.000000E+000  0.000000E+000  0.000000E+000  0.000000E+000  8.660254E-001 -5.000000E-001  0.000000E+000  5.000000E-001  8.660254E-001
  2.000000E-002  6.210715E-003 -2.440718E-001  3.619334E-001  1.000000E+000  0.000000E+000  0.000000E+000  0.000000E+000  8.290964E-001 -5.591058E-001  0.000000E+000  5.591058E-001  8.290964E-001
  4.000000E-002  2.762930E-002 -2.992069E-001  3.332064E-001  1.000000E+000  0.000000E+000  0.000000E+000  0.000000E+000  7.440473E-001 -6.681269E-001  0.000000E+000  6.681269E-001  7.440473E-001
  6.000000E-002  6.420489E-002 -3.549464E-001  2.991542E-001  1.000000E+000  0.000000E+000  0.000000E+000  0.000000E+000  6.444532E-001 -7.646437E-001  0.000000E+000  7.646437E-001  6.444532E-001
  8.000000E-002  1.122077E-001 -3.998336E-001  2.667328E-001  1.000000E+000  0.000000E+000  0.000000E+000  0.000000E+000  5.549552E-001 -8.318803E-001  0.000000E+000  8.318803E-001  5.549552E-001
  1.000000E-001  1.672980E-001 -4.307167E-001  2.400907E-001  1.000000E+000  0.000000E+000  0.000000E+000  0.000000E+000  4.868878E-001 -8.734645E-001  0.000000E+000  8.734645E-001  4.868878E-001
  1.200000E-001  2.259052E-001 -4.478461E-001  2.210278E-001  1.000000E+000  0.000000E+000  0.000000E+000  0.000000E+000  4.425697E-001 -8.967341E-001  0.000000E+000  8.967341E-001  4.425697E-001
  1.400000E-001  2.854208E-001 -4.525531E-001  2.096213E-001  1.000000E+000  0.000000E+000  0.000000E+000  0.000000E+000  4.202985E-001 -9.073859E-001  0.000000E+000  9.073859E-001  4.202985E-001
  1.600000E-001  3.439942E-001 -4.463432E-001  2.047996E-001  1.000000E+000  0.000000E+000  0.000000E+000  0.000000E+000  4.170344E-001 -9.088907E-001  0.000000E+000  9.088907E-001  4.170344E-001
  1.800000E-001  4.002965E-001 -4.306420E-001  2.048376E-001  1.000000E+000  0.000000E+000  0.000000E+000  0.000000E+000  4.295403E-001 -9.030477E-001  0.000000E+000  9.030477E-001  4.295403E-001
  2.000000E-001  4.533548E-001 -4.067812E-001  2.077880E-001  1.000000E+000  0.000000E+000  0.000000E+000  0.000000E+000  4.548986E-001 -8.905432E-001  0.000000E+000  8.905432E-001  4.548986E-001
  2.200000E-001  5.024494E-001 -3.760149E-001  2.118540E-001  1.000000E+000  0.000000E+000  0.000000E+000  0.000000E+000  4.908695E-001 -8.712331E-001  0.000000E+000  8.712331E-001  4.908695E-001
  2.400000E-001  5.470374E-001 -3.394846E-001  2.156827E-001  1.000000E+000  0.000000E+000  0.000000E+000  0.000000E+000  5.362509E-001 -8.440586E-001  0.000000E+000  8.440586E-001  5.362509E-001
  2.600000E-001  5.866807E-001 -2.981445E-001  2.185314E-001  1.000000E+000  0.000000E+000  0.000000E+000  0.000000E+000  5.911737E-001 -8.065442E-001  0.000000E+000  8.065442E-001  5.911737E-001
  2.800000E-001  6.209812E-001 -2.527126E-001  2.202481E-001  1.000000E+000  0.000000E+000  0.000000E+000  0.000000E+000  6.570243E-001 -7.538694E-001  0.000000E+000  7.538694E-001  6.570243E-001
  3.000000E-001  6.495394E-001 -2.037248E-001  2.210530E-001  1.000000E+000  0.000000E+000  0.000000E+000  0.000000E+000  7.353406E-001 -6.776977E-001  0.000000E+000  6.776977E-001  7.353406E-001
  3.200000E-001  6.719528E-001 -1.517209E-001  2.212161E-001  1.000000E+000  0.000000E+000  0.000000E+000  0.000000E+000  8.246769E-001 -5.656041E-001  0.000000E+000  5.656041E-001  8.246769E-001
  3.400000E-001  6.878594E-001 -9.746835E-002  2.208599E-001  1.000000E+000  0.000000E+000  0.000000E+000  0.000000E+000  9.148717E-001 -4.037447E-001  0.000000E+000  4.037447E-001  9.148717E-001
  3.600000E-001  6.970017E-001 -4.202143E-002  2.200539E-001  1.000000E+000  0.000000E+000  0.000000E+000  0.000000E+000  9.822512E-001 -1.875704E-001  0.000000E+000  1.875704E-001  9.822512E-001
  3.800000E-001  6.992584E-001  1.350718E-002  2.190536E-001  1.000000E+000  0.000000E+000  0.000000E+000  0.000000E+000  9.981043E-001  6.154465E-002  0.000000E+000 -6.154465E-002  9.981043E-001
  4.000000E-001  6.946055E-001  6.830751E-002  2.183118E-001  1.000000E+000  0.000000E+000  0.000000E+000  0.000000E+000  9.543740E-001  2.986138E-001  0.000000E+000 -2.986138E-001  9.543740E-001
  4.200000E-001  6.830482E-001  1.219549E-001  2.181658E-001  1.000000E+000  0.000000E+000  0.000000E+000  0.000000E+000  8.728776E-001  4.879393E-001  0.000000E+000 -4.879393E-001  8.728776E-001
  4.400000E-001  6.646142E-001  1.740901E-001  2.186039E-001  1.000000E+000  0.000000E+000  0.000000E+000  0.000000E+000  7.822511E-001  6.229632E-001  0.000000E+000 -6.229632E-001  7.822511E-001
  4.600000E-001  6.394292E-001  2.241171E-001  2.193545E-001  1.000000E+000  0.000000E+000  0.000000E+000  0.000000E+000  6.994727E-001  7.146593E-001  0.000000E+000 -7.146593E-001  6.994727E-001
  4.800000E-001  6.077982E-001  2.711813E-001  2.200934E-001  1.000000E+000  0.000000E+000  0.000000E+000  0.000000E+000  6.301762E-001  7.764521E-001  0.000000E+000 -7.764521E-001  6.301762E-001
  5.000000E-001  5.702332E-001  3.143175E-001  2.205793E-001  1.000000E+000  0.000000E+000  0.000000E+000  0.000000E+000  5.744355E-001  8.185498E-001  0.000000E+000 -8.185498E-001  5.744355E-001
  5.200000E-001  5.274236E-001  3.526038E-001  2.206959E-001  1.000000E+000  0.000000E+000  0.000000E+000  0.000000E+000  5.305494E-001  8.476540E-001  0.000000E+000 -8.476540E-001  5.305494E-001
  5.400000E-001  4.801773E-001  3.852590E-001  2.204402E-001  1.000000E+000  0.000000E+000  0.000000E+000  0.000000E+000  4.966351E-001  8.679594E-001  0.000000E+000 -8.679594E-001  4.966351E-001
  5.600000E-001  4.293612E-001  4.116776E-001  2.198889E-001  1.000000E+000  0.000000E+000  0.000000E+000  0.000000E+000  4.711344E-001  8.820615E-001  0.000000E+000 -8.820615E-001  4.711344E-001
  5.800000E-001  3.758579E-001  4.314254E-001  2.191618E-001  1.000000E+000  0.000000E+000  0.000000E+000  0.000000E+000  4.529067E-001  8.915579E-001  0.000000E+000 -8.915579E-001  4.529067E-001
  6.000000E-001  3.205435E-001  4.442164E-001  2.183927E-001  1.000000E+000  0.000000E+000  0.000000E+000  0.000000E+000  4.411986E-001  8.974095E-001  0.000000E+000 -8.974095E-001  4.411986E-001
  6.200000E-001  2.642808E-001  4.498887E-001  2.177068E-001  1.000000E+000  0.000000E+000  0.000000E+000  0.000000E+000  4.355913E-001  9.001446E-001  0.000000E+000 -9.001446E-001  4.355913E-001
  6.400000E-001  2.079209E-001  4.483863E-001  2.172075E-001  1.000000E+000  0.000000E+000  0.000000E+000  0.000000E+000  4.359617E-001  8.999652E-001  0.000000E+000 -8.999652E-001  4.359617E-001
  6.600000E-001  1.523063E-001  4.397510E-001  2.169677E-001  1.000000E+000  0.000000E+000  0.000000E+000  0.000000E+000  4.424633E-001  8.967866E-001  0.000000E+000 -8.967866E-001  4.424633E-001
  6.800000E-001  9.827049E-002  4.241210E-001  2.170244E-001  1.000000E+000  0.000000E+000  0.000000E+000  0.000000E+000  4.555294E-001  8.902207E-001  0.000000E+000 -8.902207E-001  4.555294E-001
  7.000000E-001  4.663233E-002  4.017329E-001  2.173759E-001  1.000000E+000  0.000000E+000  0.000000E+000  0.000000E+000  4.758947E-001  8.795023E-001  0.000000E+000 -8.795023E-001  4.758947E-001
  7.200000E-001 -1.814535E-003  3.729266E-001  2.179799E-001  1.000000E+000  0.000000E+000  0.000000E+000  0.000000E+000  5.046297E-001  8.633359E-001  0.000000E+000 -8.633359E-001  5.046297E-001
  7.400000E-001 -4.631591E-002  3.381470E-001  2.187544E-001  1.000000E+000  0.000000E+000  0.000000E+000  0.000000E+000  5.431698E-001  8.396229E-001  0.000000E+000 -8.396229E-001  5.431698E-001
  7.600000E-001 -8.617300E-002  2.979446E-001  2.195831E-001  1.000000E+000  0.000000E+000  0.000000E+000  0.000000E+000  5.932777E-001  8.049979E-001  0.000000E+000 -8.049979E-001  5.932777E-001
  7.800000E-001 -1.207582E-001  2.529726E-001  2.203252E-001  1.000000E+000  0.000000E+000  0.000000E+000  0.000000E+000  6.567709E-001  7.540901E-001  0.000000E+000 -7.540901E-001  6.567709E-001
  8.000000E-001 -1.495297E-001  2.039835E-001  2.208320E-001  1.000000E+000  0.000000E+000  0.000000E+000  0.000000E+000  7.345735E-001  6.785291E-001  0.000000E+000 -6.785291E-001  7.345735E-001
  8.200000E-001 -1.720440E-001  1.518324E-001  2.209656E-001  1.000000E+000  0.000000E+000  0.000000E+000  0.000000E+000  8.241838E-001  5.663224E-001  0.000000E+000 -5.663224E-001  8.241838E-001
  8.400000E-001 -1.879686E-001  9.749096E-002  2.206333E-001  1.000000E+000  0.000000E+000  0.000000E+000  0.000000E+000  9.146838E-001  4.041702E-001  0.000000E+000 -4.041702E-001  9.146838E-001
  8.600000E-001 -1.970930E-001  4.203992E-002  2.198647E-001  1.000000E+000  0.000000E+000  0.000000E+000  0.000000E+000  9.822062E-001  1.878058E-001  0.000000E+000 -1.878058E-001  9.822062E-001
  8.800000E-001 -1.993252E-001 -1.346468E-002  2.189191E-001  1.000000E+000  0.000000E+000  0.000000E+000  0.000000E+000  9.981139E-001 -6.138928E-002  0.000000E+000  6.138928E-002  9.981139E-001
  9.000000E-001 -1.946504E-001 -6.825395E-002  2.182371E-001  1.000000E+000  0.000000E+000  0.000000E+000  0.000000E+000  9.544117E-001 -2.984935E-001  0.000000E+000  2.984935E-001  9.544117E-001
  9.200000E-001 -1.830738E-001 -1.219097E-001  2.181400E-001  1.000000E+000  0.000000E+000  0.000000E+000  0.000000E+000  8.729300E-001 -4.878455E-001  0.000000E+000  4.878455E-001  8.729300E-001
  9.400000E-001 -1.646228E-001 -1.740630E-001  2.186092E-001  1.000000E+000  0.000000E+000  0.000000E+000  0.000000E+000  7.823057E-001 -6.228947E-001  0.000000E+000  6.228947E-001  7.823057E-001
  9.600000E-001 -1.394237E-001 -2.241075E-001  2.193742E-001  1.000000E+000  0.000000E+000  0.000000E+000  0.000000E+000  6.995199E-001 -7.146131E-001  0.000000E+000  7.146131E-001  6.995199E-001
  9.800000E-001 -1.077825E-001 -2.711838E-001  2.201159E-001  1.000000E+000  0.000000E+000  0.000000E+000  0.000000E+000  6.302115E-001 -7.764235E-001  0.000000E+000  7.764235E-001  6.302115E-001
  1.000000E+000 -7.021213E-002 -3.143258E-001  2.205981E-001  1.000000E+000  0.000000E+000  0.000000E+000  0.000000E+000  5.744582E-001 -8.185339E-001  0.000000E+000  8.185339E-001  5.744582E-001
  1.020000E+000 -2.740161E-002 -3.526132E-001  2.207086E-001  1.000000E+000  0.000000E+000  0.000000E+000  0.000000E+000  5.305612E-001 -8.476466E-001  0.000000E+000  8.476466E-001  5.305612E-001
  1.040000E+000  1.984227E-002 -3.852669E-001  2.204469E-001  1.000000E+000  0.000000E+000  0.000000E+000  0.000000E+000  4.966388E-001 -8.679573E-001  0.000000E+000  8.679573E-001  4.966388E-001
  1.060000E+000  7.065412E-002 -4.116832E-001  2.198908E-001  1.000000E+000  0.000000E+000  0.000000E+000  0.000000E+000  4.711327E-001 -8.820624E-001  0.000000E+000  8.820624E-001  4.711327E-001
  1.080000E+000  1.241526E-001 -4.314290E-001  2.191609E-001  1.000000E+000  0.000000E+000  0.000000E+000  0.000000E+000  4.529021E-001 -8.915602E-001  0.000000E+000  8.915602E-001  4.529021E-001
  1.100000E+000  1.794626E-001 -4.442186E-001  2.183903E-001  1.000000E+000  0.000000E+000  0.000000E+000  0.000000E+000  4.411930E-001 -8.974122E-001  0.000000E+000  8.974122E-001  4.411930E-001
  1.120000E+000  2.357221E-001 -4.498900E-001  2.177042E-001  1.000000E+000  0.000000E+000  0.000000E+000  0.000000E+000  4.355861E-001 -9.001471E-001  0.000000E+000  9.001471E-001  4.355861E-001
  1.140000E+000  2.920798E-001 -4.483872E-001  2.172054E-001  1.000000E+000  0.000000E+000  0.000000E+000  0.000000E+000  4.359575E-001 -8.999673E-001  0.000000E+000  8.999673E-001  4.359575E-001
  1.160000E+000  3.476933E-001 -4.397518E-001  2.169663E-001  1.000000E+000  0.000000E+000  0.000000E+000  0.000000E+000  4.424605E-001 -8.967880E-001  0.000000E+000  8.967880E-001  4.424605E-001
  1.180000E+000  4.017287E-001 -4.241216E-001  2.170237E-001  1.000000E+000  0.000000E+000  0.000000E+000  0.000000E+000  4.555279E-001 -8.902215E-001  0.000000E+000  8.902215E-001  4.555279E-001
  1.200000E+000  4.533669E-001 -4.017334E-001  2.173758E-001  1.000000E+000  0.000000E+000  0.000000E+000  0.000000E+000  4.758942E-001 -8.795025E-001  0.000000E+000  8.795025E-001  4.758942E-001
  1.220000E+000  5.018139E-001 -3.729268E-001  2.179801E-001  1.000000E+000  0.000000E+000  0.000000E+000  0.000000E+000  5.046299E-001 -8.633358E-001  0.000000E+000  8.633358E-001  5.046299E-001
  1.240000E+000  5.463156E-001 -3.381471E-001  2.187548E-001  1.000000E+000  0.000000E+000  0.000000E+000  0.000000E+000  5.431703E-001 -8.396226E-001  0.000000E+000  8.396226E-001  5.431703E-001
  1.260000E+000  5.861728E-001 -2.979446E-001  2.195833E-001  1.000000E+000  0.000000E+000  0.000000E+000  0.000000E+000  5.932782E-001 -8.049975E-001  0.000000E+000  8.049975E-001  5.932782E-001
  1.280000E+000  6.207582E-001 -2.529725E-001  2.203254E-001  1.000000E+000  0.000000E+000  0.000000E+000  0.000000E+000  6.567713E-001 -7.540898E-001  0.000000E+000  7.540898E-001  6.567713E-001
  1.300000E+000  6.495297E-001 -2.039834E-001  2.208320E-001  1.000000E+000  0.000000E+000  0.000000E+000  0.000000E+000  7.345738E-001 -6.785288E-001  0.000000E+000  6.785288E-001  7.345738E-001
  1.320000E+000  6.720440E-001 -1.518323E-001  2.209656E-001  1.000000E+000  0.000000E+000  0.000000E+000  0.000000E+000  8.241839E-001 -5.663222E-001  0.000000E+000  5.663222E-001  8.241839E-001
  1.340000E+000  6.879686E-001 -9.749089E-002  2.206332E-001  1.000000E+000  0.000000E+000  0.000000E+000  0.000000E+000  9.146838E-001 -4.041701E-001  0.000000E+000  4.041701E-001  9.146838E-001
  1.360000E+000  6.970930E-001 -4.203989E-002  2.198647E-001  1.000000E+000  0.000000E+000  0.000000E+000  0.000000E+000  9.822062E-001 -1.878057E-001  0.000000E+000  1.878057E-001  9.822062E-001
  1.380000E+000  6.993252E-001  1.346468E-002  2.189191E-001  1.000000E+000  0.000000E+000  0.000000E+000  0.000000E+000  9.981139E-001  6.138929E-002  0.000000E+000 -6.138929E-002  9.981139E-001
  1.400000E+000  6.946504E-001  6.825393E-002  2.182371E-001  1.000000E+000  0.000000E+000  0.000000E+000  0.000000E+000  9.544117E-001  2.984935E-001  0.000000E+000 -2.984935E-001  9.544117E-001
  1.420000E+000  6.830738E-001  1.219097E-001  2.181400E-001  1.000000E+000  0.000000E+000  0.000000E+000  0.000000E+000  8.729300E-001  4.878454E-001  0.000000E+000 -4.878454E-001  8.729300E-001
  1.440000E+000  6.646228E-001  1.740630E-001  2.186092E-001  1.000000E+000  0.000000E+000  0.000000E+000  0.000000E+000  7.823057E-001  6.228946E-001  0.000000E+000 -6.228946E-001  7.823057E-001
  1.460000E+000  6.394237E-001  2.241075E-001  2.193742E-001  1.000000E+000  0.000000E+000  0.000000E+000  0.000000E+000  6.995199E-001  7.146131E-001  0.000000E+000 -7.146131E-001  6.995199E-001
  1.480000E+000  6.077825E-001  2.711838E-001  2.201159E-001  1.000000E+000  0.000000E+000  0.000000E+000  0.000000E+000  6.302115E-001  7.764235E-001  0.000000E+000 -7.764235E-001  6.302115E-001
  1.500000E+000  5.702121E-001  3.143257E-001  2.205981E-001  1.000000E+000  0.000000E+000  0.000000E+000  0.000000E+000  5.744582E-001  8.185339E-001  0.000000E+000 -8.185339E-001  5.744582E-001
  1.520000E+000  5.274016E-001  3.526132E-001  2.207086E-001  1.000000E+000  0.000000E+000  0.000000E+000  0.000000E+000  5.305612E-001  8.476466E-001  0.000000E+000 -8.476466E-001  5.305612E-001
  1.540000E+000  4.801578E-001  3.852669E-001  2.204469E-001  1.000000E+000  0.000000E+000  0.000000E+000  0.000000E+000  4.966388E-001  8.679573E-001  0.000000E+000 -8.679573E-001  4.966388E-001
  1.560000E+000  4.293459E-001  4.116832E-001  2.198908E-001  1.000000E+000  0.000000E+000  0.000000E+000  0.000000E+000  4.711327E-001  8.820623E-001  0.000000E+000 -8.820623E-001  4.711327E-001
  1.580000E+000  3.758474E-001  4.314289E-001  2.191609E-001  1.000000E+000  0.000000E+000  0.000000E+000  0.000000E+000  4.529022E-001  8.915602E-001  0.000000E+000 -8.915602E-001  4.529022E-001
  1.600000E+000  3.205374E-001  4.442186E-001  2.183903E-001  1.000000E+000  0.000000E+000  0.000000E+000  0.000000E+000  4.411931E-001  8.974122E-001  0.000000E+000 -8.974122E-001  4.411931E-001
  1.620000E+000  2.642780E-001  4.498900E-001  2.177042E-001  1.000000E+000  0.000000E+000  0.000000E+000  0.000000E+000  4.355861E-001  9.001471E-001  0.000000E+000 -9.001471E-001  4.355861E-001
  1.640000E+000  2.079202E-001  4.483872E-001  2.172054E-001  1.000000E+000  0.000000E+000  0.000000E+000  0.000000E+000  4.359575E-001  8.999672E-001  0.000000E+000 -8.999672E-001  4.359575E-001
  1.660000E+000  1.523067E-001  4.397518E-001  2.169663E-001  1.000000E+000  0.000000E+000  0.000000E+000  0.000000E+000  4.424605E-001  8.967880E-001  0.000000E+000 -8.967880E-001  4.424605E-001
  1.680000E+000  9.827134E-002  4.241216E-001  2.170238E-001  1.000000E+000  0.000000E+000  0.000000E+000  0.000000E+000  4.555279E-001  8.902215E-001  0.000000E+000 -8.902215E-001  4.555279E-001
  1.700000E+000  4.663315E-002  4.017334E-001  2.173758E-001  1.000000E+000  0.000000E+000  0.000000E+000  0.000000E+000  4.758942E-001  8.795025E-001  0.000000E+000 -8.795025E-001  4.758942E-001
  1.720000E+000 -1.813929E-003  3.729268E-001  2.179801E-001  1.000000E+000  0.000000E+000  0.000000E+000  0.000000E+000  5.046299E-001  8.633358E-001  0.000000E+000 -8.633358E-001  5.046299E-001
  1.740000E+000 -4.631556E-002  3.381471E-001  2.187548E-001  1.000000E+000  0.000000E+000  0.000000E+000  0.000000E+000  5.431703E-001  8.396226E-001  0.000000E+000 -8.396226E-001  5.431703E-001
  1.760000E+000 -8.617284E-002  2.979446E-001  2.195833E-001  1.000000E+000  0.000000E+000  0.000000E+000  0.000000E+000  5.932782E-001  8.049975E-001  0.000000E+000 -8.049975E-001  5.932782E-001
  1.780000E+000 -1.207582E-001  2.529725E-001  2.203254E-001  1.000000E+000  0.000000E+000  0.000000E+000  0.000000E+000  6.567713E-001  7.540898E-001  0.000000E+000 -7.540898E-001  6.567713E-001
  1.800000E+000 -1.495297E-001  2.039834E-001  2.208320E-001  1.000000E+000  0.000000E+000  0.000000E+000  0.000000E+000  7.345738E-001  6.785288E-001  0.000000E+000 -6.785288E-001  7.345738E-001
  1.820000E+000 -1.720440E-001  1.518323E-001  2.209656E-001  1.000000E+000  0.000000E+000  0.000000E+000  0.000000E+000  8.241839E-001  5.663222E-001  0.000000E+000 -5.663222E-001  8.241839E-001
  1.840000E+000 -1.879686E-001  9.749089E-002  2.206332E-001  1.000000E+000  0.000000E+000  0.000000E+000  0.000000E+000  9.146838E-001  4.041701E-001  0.000000E+000 -4.041701E-001  9.146838E-001
  1.860000E+000 -1.970930E-001  4.203989E-002  2.198647E-001  1.000000E+000  0.000000E+000  0.000000E+000  0.000000E+000  9.822062E-001  1.878057E-001  0.000000E+000 -1.878057E-001  9.822062E-001
  1.880000E+000 -1.993252E-001 -1.346468E-002  2.189191E-001  1.000000E+000  0.000000E+000  0.000000E+000  0.000000E+000  9.981139E-001 -6.138928E-002  0.000000E+000  6.138928E-002  9.981139E-001
  1.900000E+000 -1.946504E-001 -6.825393E-002  2.182371E-001  1.000000E+000  0.000000E+000  0.000000E+000  0.000000E+000  9.544117E-001 -2.984935E-001  0.000000E+000  2.984935E-001  9.544117E-001
  1.920000E+000 -1.830738E-001 -1.219097E-001  2.181400E-001  1.000000E+000  0.000000E+000  0.000000E+000  0.000000E+000  8.729300E-001 -4.878454E-001  0.000000E+000  4.878454E-001  8.729300E-001
  1.940000E+000 -1.646228E-001 -1.740630E-001  2.186092E-001  1.000000E+000  0.000000E+000  0.000000E+000  0.000000E+000  7.823057E-001 -6.228946E-001  0.000000E+000  6.228946E-001  7.823057E-001
  1.960000E+000 -1.394237E-001 -2.241075E-001  2.193742E-001  1.000000E+000  0.000000E+000  0.000000E+000  0.000000E+000  6.995199E-001 -7.146131E-001  0.000000E+000  7.146131E-001  6.995199E-001
  1.980000E+000 -1.077825E-001 -2.711838E-001  2.201159E-001  1.000000E+000  0.000000E+000  0.000000E+000  0.000000E+000  6.302115E-001 -7.764235E-001  0.000000E+000  7.764235E-001  6.302115E-001
  2.000000E+000 -7.021214E-002 -3.143257E-001  2.205981E-001  1.000000E+000  0.000000E+000  0.000000E+000  0.000000E+000  5.744582E-001 -8.185339E-001  0.000000E+000  8.185339E-001  5.744582E-001
  2.020000E+000 -2.740162E-002 -3.526132E-001  2.207086E-001  1.000000E+000  0.000000E+000  0.000000E+000  0.000000E+000  5.305612E-001 -8.476466E-001  0.000000E+000  8.476466E-001  5.305612E-001
  2.040000E+000  1.984224E-002 -3.852669E-001  2.204469E-001  1.000000E+000  0.000000E+000  0.000000E+000  0.000000E+000  4.966388E-001 -8.679573E-001  0.000000E+000  8.679573E-001  4.966388E-001
  2.060000E+000  7.065409E-002 -4.116832E-001  2.198908E-001  1.000000E+000  0.000000E+000  0.000000E+000  0.000000E+000  4.711327E-001 -8.820623E-001  0.000000E+000  8.820623E-001  4.711327E-001
  2.080000E+000  1.241526E-001 -4.314289E-001  2.191609E-001  1.000000E+000  0.000000E+000  0.000000E+000  0.000000E+000  4.529022E-001 -8.915602E-001  0.000000E+000  8.915602E-001  4.529022E-001
  2.100000E+000  1.794626E-001 -4.442186E-001  2.183903E-001  1.000000E+000  0.000000E+000  0.000000E+000  0.000000E+000  4.411931E-001 -8.974122E-001  0.000000E+000  8.974122E-001  4.411931E-001
  2.120000E+000  2.357220E-001 -4.498900E-001  2.177042E-001  1.000000E+000  0.000000E+000  0.000000E+000  0.000000E+000  4.355861E-001 -9.001471E-001  0.000000E+000  9.001471E-001  4.355861E-001
  2.140000E+000  2.920798E-001 -4.483872E-001  2.172054E-001  1.000000E+000  0.000000E+000  0.000000E+000  0.000000E+000  4.359575E-001 -8.999672E-001  0.000000E+000  8.999672E-001  4.359575E-001
  2.160000E+000  3.476933E-001 -4.397518E-001  2.169663E-001  1.000000E+000  0.000000E+000  0.000000E+000  0.000000E+000  4.424605E-001 -8.967880E-001  0.000000E+000  8.967880E-001  4.424605E-001
  2.180000E+000  4.017287E-001 -4.241216E-001  2.170238E-001  1.000000E+000  0.000000E+000  0.000000E+000  0.000000E+000  4.555279E-001 -8.902215E-001  0.000000E+000  8.902215E-001  4.555279E-001
  2.200000E+000  4.533668E-001 -4.017334E-001  2.173758E-001  1.000000E+000  0.000000E+000  0.000000E+000  0.000000E+000  4.758942E-001 -8.795025E-001  0.000000E+000  8.795025E-001  4.758942E-001
  2.220000E+000  5.018139E-001 -3.729268E-001  2.179801E-001  1.000000E+000  0.000000E+000  0.000000E+000  0.000000E+000  5.046299E-001 -8.633358E-001  0.000000E+000  8.633358E-001  5.046299E-001
  2.240000E+000  5.463156E-001 -3.381471E-001  2.187548E-001  1.000000E+000  0.000000E+000  0.000000E+000  0.000000E+000  5.431703E-001 -8.396226E-001  0.000000E+000  8.396226E-001  5.431703E-001
  2.260000E+000  5.861728E-001 -2.979446E-001  2.195833E-001  1.000000E+000  0.000000E+000  0.000000E+000  0.000000E+000  5.932782E-001 -8.049975E-001  0.000000E+000  8.049975E-001  5.932782E-001
  2.280000E+000  6.207582E-001 -2.529725E-001  2.203254E-001  1.000000E+000  0.000000E+000  0.000000E+000  0.000000E+000  6.567713E-001 -7.540898E-001  0.000000E+000  7.540898E-001  6.567713E-001
  2.300000E+000  6.495297E-001 -2.039834E-001  2.208320E-001  1.000000E+000  0.000000E+000  0.000000E+000  0.000000E+000  7.345738E-001 -6.785288E-001  0.000000E+000  6.785288E-001  7.345738E-001
  2.320000E+000  6.720440E-001 -1.518323E-001  2.209656E-001  1.000000E+000  0.000000E+000  0.000000E+000  0.000000E+000  8.241839E-001 -5.663222E-001  0.000000E+000  5.663222E-001  8.241839E-001
  2.340000E+000  6.879686E-001 -9.749089E-002  2.206332E-001  1.000000E+000  0.000000E+000  0.000000E+000  0.000000E+000  9.146838E-001 -4.041701E-001  0.000000E+000  4.041701E-001  9.146838E-001
  2.360000E+000  6.970930E-001 -4.203989E-002  2.198647E-001  1.000000E+000  0.000000E+000  0.000000E+000  0.000000E+000  9.822062E-001 -1.878057E-001  0.000000E+000  1.878057E-001  9.822062E-001
  2.380000E+000  6.993252E-001  1.346468E-002  2.189191E-001  1.000000E+000  0.000000E+000  0.000000E+000  0.000000E+000  9.981139E-001  6.138928E-002  0.000000E+000 -6.138928E-002  9.981139E-001
  2.400000E+000  6.946504E-001  6.825393E-002  2.182371E-001  1.000000E+000  0.000000E+000  0.000000E+000  0.000000E+000  9.544117E-001  2.984935E-001  0.000000E+000 -2.984935E-001  9.544117E-001
  2.420000E+000  6.830738E-001  1.219097E-001  2.181400E-001  1.000000E+000  0.000000E+000  0.000000E+000  0.000000E+000  8.729300E-001  4.878454E-001  0.000000E+000 -4.878454E-001  8.729300E-001
  2.440000E+000  6.646228E-001  1.740630E-001  2.186092E-001  1.000000E+000  0.000000E+000  0.000000E+000  0.000000E+000  7.823057E-001  6.228946E-001  0.000000E+000 -6.228946E-001  7.823057E-001
  2.460000E+000  6.394237E-001  2.241075E-001  2.193742E-001  1.000000E+000  0.000000E+000  0.000000E+000  0.000000E+000  6.995199E-001  7.146131E-001  0.000000E+000 -7.146131E-001  6.995199E-001
  2.480000E+000  6.077825E-001  2.711838E-001  2.201159E-001  1.000000E+000  0.000000E+000  0.000000E+000  0.000000E+000  6.302115E-001  7.764235E-001  0.000000E+000 -7.764235E-001  6.302115E-001
  2.500000E+000  5.702121E-001  3.143257E-001  2.205981E-001  1.000000E+000  0.000000E+000  0.000000E+000  0.000000E+000  5.744582E-001  8.185339E-001  0.000000E+000 -8.185339E-001  5.744582E-001
  2.520000E+000  5.274016E-001  3.526132E-001  2.207086E-001  1.000000E+000  0.000000E+000  0.000000E+000  0.000000E+000  5.305612E-001  8.476466E-001  0.000000E+000 -8.476466E-001  5.305612E-001
  2.540000E+000  4.801578E-001  3.852669E-001  2.204469E-001  1.000000E+000  0.000000E+000  0.000000E+000  0.000000E+000  4.966388E-001  8.679573E-001  0.000000E+000 -8.679573E-001  4.966388E-001
  2.560000E+000  4.293459E-001  4.116832E-001  2.198908E-001  1.000000E+000  0.000000E+000  0.000000E+000  0.000000E+000  4.711327E-001  8.820623E-001  0.000000E+000 -8.820623E-001  4.711327E-001
  2.580000E+000  3.758474E-001  4.314289E-001  2.191609E-001  1.000000E+000  0.000000E+000  0.000000E+000  0.000000E+000  4.529022E-001  8.915602E-001  0.000000E+000 -8.915602E-001  4.529022E-001
  2.600000E+000  3.205374E-001  4.442186E-001  2.183903E-001  1.000000E+000  0.000000E+000  0.000000E+000  0.000000E+000  4.411931E-001  8.974122E-001  0.000000E+000 -8.974122E-001  4.411931E-001
  2.620000E+000  2.642780E-001  4.498900E-001  2.177042E-001  1.000000E+000  0.000000E+000  0.000000E+000  0.000000E+000  4.355861E-001  9.001471E-001  0.000000E+000 -9.001471E-001  4.355861E-001
  2.640000E+000  2.079202E-001  4.483872E-001  2.172054E-001  1.000000E+000  0.000000E+000  0.000000E+000  0.000000E+000  4.359575E-001  8.999672E-001  0.000000E+000 -8.999672E-001  4.359575E-001
  2.660000E+000  1.523067E-001  4.397518E-001  2.169663E-001  1.000000E+000  0.000000E+000  0.000000E+000  0.000000E+000  4.424605E-001  8.967880E-001  0.000000E+000 -8.967880E-001  4.424605E-001
  2.680000E+000  9.827134E-002  4.241216E-001  2.170238E-001  1.000000E+000  0.000000E+000  0.000000E+000  0.000000E+000  4.555279E-001  8.902215E-001  0.000000E+000 -8.902215E-001  4.555279E-001
  2.700000E+000  4.663315E-002  4.017334E-001  2.173758E-001  1.000000E+000  0.000000E+000  0.000000E+000  0.000000E+000  4.758942E-001  8.795025E-001  0.000000E+000 -8.795025E-001  4.758942E-001
  2.720000E+000 -1.813929E-003  3.729268E-001  2.179801E-001  1.000000E+000  0.000000E+000  0.000000E+000  0.000000E+000  5.046299E-001  8.633358E-001  0.000000E+000 -8.633358E-001  5.046299E-001
  2.740000E+000 -4.631556E-002  3.381471E-001  2.187548E-001  1.000000E+000  0.000000E+000  0.000000E+000  0.000000E+000  5.431703E-001  8.396226E-001  0.000000E+000 -8.396226E-001  5.431703E-001
  2.760000E+000 -8.617284E-002  2.979446E-001  2.195833E-001  1.000000E+000  0.000000E+000  0.000000E+000  0.000000E+000  5.932782E-001  8.049975E-001  0.000000E+000 -8.049975E-001  5.932782E-001
  2.780000E+000 -1.207582E-001  2.529725E-001  2.203254E-001  1.000000E+000  0.000000E+000  0.000000E+000  0.000000E+000  6.567713E-001  7.540898E-001  0.000000E+000 -7.540898E-001  6.567713E-001
  2.800000E+000 -1.495297E-001  2.039834E-001  2.208320E-001  1.000000E+000  0.000000E+000  0.000000E+000  0.000000E+000  7.345738E-001  6.785288E-001  0.000000E+000 -6.785288E-001  7.345738E-001
  2.820000E+000 -1.720440E-001  1.518323E-001  2.209656E-001  1.000000E+000  0.000000E+000  0.000000E+000  0.000000E+000  8.241839E-001  5.663222E-001  0.000000E+000 -5.663222E-001  8.241839E-001
  2.840000E+000 -1.879686E-001  9.749089E-002  2.206332E-001  1.000000E+000  0.000000E+000  0.000000E+000  0.000000E+000  9.146838E-001  4.041701E-001  0.000000E+000 -4.041701E-001  9.146838E-001
  2.860000E+000 -1.970930E-001  4.203989E-002  2.198647E-001  1.000000E+000  0.000000E+000  0.000000E+000  0.000000E+000  9.822062E-001  1.878057E-001  0.000000E+000 -1.878057E-001  9.822062E-001
  2.880000E+000 -1.993252E-001 -1.346468E-002  2.189191E-001  1.000000E+000  0.000000E+000  0.000000E+000  0.000000E+000  9.981139E-001 -6.138928E-002  0.000000E+000  6.138928E-002  9.981139E-001
  2.900000E+000 -1.946504E-001 -6.825393E-002  2.182371E-001  1.000000E+000  0.000000E+000  0.000000E+000  0.000000E+000  9.544117E-001 -2.984935E-001  0.000000E+000  2.984935E-001  9.544117E-001
  2.920000E+000 -1.830738E-001 -1.219097E-001  2.181400E-001  1.000000E+000  0.000000E+000  0.000000E+000  0.000000E+000  8.729300E-001 -4.878454E-001  0.000000E+000  4.878454E-001  8.729300E-001
  2.940000E+000 -1.646228E-001 -1.740630E-001  2.186092E-001  1.000000E+000  0.000000E+000  0.000000E+000  0.000000E+000  7.823057E-001 -6.228946E-001  0.000000E+000  6.228946E-001  7.823057E-001
  2.960000E+000 -1.394237E-001 -2.241075E-001  2.193742E-001  1.000000E+000  0.000000E+000  0.000000E+000  0.000000E+000  6.995199E-001 -7.146131E-001  0.000000E+000  7.146131E-001  6.995199E-001
  2.980000E+000 -1.077825E-001 -2.711838E-001  2.201159E-001  1.000000E+000  0.000000E+000  0.000000E+000  0.000000E+000  6.302115E-001 -7.764235E-001  0.000000E+000  7.764235E-001  6.302115E-001
  3.000000E+000 -7.021214E-002 -3.143257E-001  2.205981E-001  1.000000E+000  0.000000E+000  0.000000E+000  0.000000E+000  5.744582E-001 -8.185339E-001  0.000000E+000  8.185339E-001  5.744582E-001
  3.020000E+000 -2.740162E-002 -3.526132E-001  2.207086E-001  1.000000E+000  0.000000E+000  0.000000E+000  0.000000E+000  5.305612E-001 -8.476466E-001  0.000000E+000  8.476466E-001  5.305612E-001
  3.040000E+000  1.984224E-002 -3.852669E-001  2.204469E-001  1.000000E+000  0.000000E+000  0.000000E+000  0.000000E+000  4.966388E-001 -8.679573E-001  0.000000E+000  8.679573E-001  4.966388E-001
  3.060000E+000  7.065409E-002 -4.116832E-001  2.198908E-001  1.000000E+000  0.000000E+000  0.000000E+000  0.000000E+000  4.711327E-001 -8.820623E-001  0.000000E+000  8.820623E-001  4.711327E-001
  3.080000E+000  1.241526E-001 -4.314289E-001  2.191609E-001  1.000000E+000  0.000000E+000  0.000000E+000  0.000000E+000  4.529022E-001 -8.915602E-001  0.000000E+000  8.915602E-001  4.529022E-001
  3.100000E+000  1.794626E-001 -4.442186E-001  2.183903E-001  1.000000E+000  0.000000E+000  0.000000E+000  0.000000E+000  4.411931E-001 -8.974122E-001  0.000000E+000  8.974122E-001  4.411931E-001
  3.120000E+000  2.357220E-001 -4.498900E-001  2.177042E-001  1.000000E+000  0.000000E+000  0.000000E+000  0.000000E+000  4.355861E-001 -9.001471E-001  0.000000E+000  9.001471E-001  4.355861E-001
  3.140000E+000  2.920798E-001 -4.483872E-001  2.172054E-001  1.000000E+000  0.000000E+000  0.000000E+000  0.000000E+000  4.359575E-001 -8.999672E-001  0.000000E+000  8.999672E-001  4.359575E-001
  3.160000E+000  3.476933E-001 -4.397518E-001  2.169663E-001  1.000000E+000  0.000000E+000  0.000000E+000  0.000000E+000  4.424605E-001 -8.967880E-001  0.000000E+000  8.967880E-001  4.424605E-001
  3.180000E+000  4.017287E-001 -4.241216E-001  2.170238E-001  1.000000E+000  0.000000E+000  0.000000E+000  0.000000E+000  4.555279E-001 -8.902215E-001  0.000000E+000  8.902215E-001  4.555279E-001
  3.200000E+000  4.533668E-001 -4.017334E-001  2.173758E-001  1.000000E+000  0.000000E+000  0.000000E+000  0.000000E+000  4.758942E-001 -8.795025E-001  0.000000E+000  8.795025E-001  4.758942E-001
  3.220000E+000  5.018139E-001 -3.729268E-001  2.179801E-001  1.000000E+000  0.000000E+000  0.000000E+000  0.000000E+000  5.046299E-001 -8.633358E-001  0.000000E+000  8.633358E-001  5.046299E-001
  3.240000E+000  5.463156E-001 -3.381471E-001  2.187548E-001  1.000000E+000  0.000000E+000  0.000000E+000  0.000000E+000  5.431703E-001 -8.396226E-001  0.000000E+000  8.396226E-001  5.431703E-001
  3.260000E+000  5.861728E-001 -2.979446E-001  2.195833E-001  1.000000E+000  0.000000E+000  0.000000E+000  0.000000E+000  5.932782E-001 -8.049975E-001  0.000000E+000  8.049975E-001  5.932782E-001
  3.280000E+000  6.207582E-001 -2.529725E-001  2.203254E-001  1.000000E+000  0.000000E+000  0.000000E+000  0.000000E+000  6.567713E-001 -7.540898E-001  0.000000E+000  7.540898E-001  6.567713E-001
  3.300000E+000  6.495297E-001 -2.039834E-001  2.208320E-001  1.000000E+000  0.000000E+000  0.000000E+000  0.000000E+000  7.345738E-001 -6.785288E-001  0.000000E+000  6.785288E-001  7.345738E-001
  3.320000E+000  6.720440E-001 -1.518323E-001  2.209656E-001  1.000000E+000  0.000000E+000  0.000000E+000  0.000000E+000  8.241839E-001 -5.663222E-001  0.000000E+000  5.663222E-001  8.241839E-001
  3.340000E+000  6.879686E-001 -9.749089E-002  2.206332E-001  1.000000E+000  0.000000E+000  0.000000E+000  0.000000E+000  9.146838E-001 -4.041701E-001  0.000000E+000  4.041701E-001  9.146838E-001
  3.360000E+000  6.970930E-001 -4.203989E-002  2.198647E-001  1.000000E+000  0.000000E+000  0.000000E+000  0.000000E+000  9.822062E-001 -1.878057E-001  0.000000E+000  1.878057E-001  9.822062E-001
  3.380000E+000  6.993252E-001  1.346468E-002  2.189191E-001  1.000000E+000  0.000000E+000  0.000000E+000  0.000000E+000  9.981139E-001  6.138928E-002  0.000000E+000 -6.138928E-002  9.981139E-001
  3.400000E+000  6.946504E-001  6.825393E-002  2.182371E-001  1.000000E+000  0.000000E+000  0.000000E+000  0.000000E+000  9.544117E-001  2.984935E-001  0.000000E+000 -2.984935E-001  9.544117E-001
  3.420000E+000  6.830738E-001  1.219097E-001  2.181400E-001  1.000000E+000  0.000000E+000  0.000000E+000  0.000000E+000  8.729300E-001  4.878454E-001  0.000000E+000 -4.878454E-001  8.729300E-001
  3.440000E+000  6.646228E-001  1.740630E-001  2.186092E-001  1.000000E+000  0.000000E+000  0.000000E+000  0.000000E+000  7.823057E-001  6.228946E-001  0.000000E+000 -6.228946E-001  7.823057E-001
  3.460000E+000  6.394237E-001  2.241075E-001  2.193742E-001  1.000000E+000  0.000000E+000  0.000000E+000  0.000000E+000  6.995199E-001  7.146131E-001  0.000000E+000 -7.146131E-001  6.995199E-001
  3.480000E+000  6.077825E-001  2.711838E-001  2.201159E-001  1.000000E+000  0.000000E+000  0.000000E+000  0.000000E+000  6.302115E-001  7.764235E-001  0.000000E+000 -7.764235E-001  6.302115E-001
  3.500000E+000  5.702121E-001  3.143257E-001  2.205981E-001  1.000000E+000  0.000000E+000  0.000000E+000  0.000000E+000  5.744582E-001  8.185339E-001  0.000000E+000 -8.185339E-001  5.744582E-001
  3.520000E+000  5.274016E-001  3.526132E-001  2.207086E-001  1.000000E+000  0.000000E+000  0.000000E+000  0.000000E+000  5.305612E-001  8.476466E-001  0.000000E+000 -8.476466E-001  5.305612E-001
  3.540000E+000  4.801578E-001  3.852669E-001  2.204469E-001  1.000000E+000  0.000000E+000  0.000000E+000  0.000000E+000  4.966388E-001  8.679573E-001  0.000000E+000 -8.679573E-001  4.966388E-001
  3.560000E+000  4.293459E-001  4.116832E-001  2.198908E-001  1.000000E+000  0.000000E+000  0.000000E+000  0.000000E+000  4.711327E-001  8.820623E-001  0.000000E+000 -8.820623E-001  4.711327E-001
  3.580000E+000  3.758474E-001  4.314289E-001  2.191609E-001  1.000000E+000  0.000000E+000  0.000000E+000  0.000000E+000  4.529022E-001  8.915602E-001  0.000000E+000 -8.915602E-001  4.529022E-001
  3.600000E+000  3.205374E-001  4.442186E-001  2.183903E-001  1.000000E+000  0.000000E+000  0.000000E+000  0.000000E+000  4.411931E-001  8.974122E-001  0.000000E+000 -8.974122E-001  4.411931E-001
  3.620000E+000  2.642780E-001  4.498900E-001  2.177042E-001  1.000000E+000  0.000000E+000  0.000000E+000  0.000000E+000  4.355861E-001  9.001471E-001  0.000000E+000 -9.001471E-001  4.355861E-001
  3.640000E+000  2.079202E-001  4.483872E-001  2.172054E-001  1.000000E+000  0.000000E+000  0.000000E+000  0.000000E+000  4.359575E-001  8.999672E-001  0.000000E+000 -8.999672E-001  4.359575E-001
  3.660000E+000  1.523067E-001  4.397518E-001  2.169663E-001  1.000000E+000  0.000000E+000  0.000000E+000  0.000000E+000  4.424605E-001  8.967880E-001  0.000000E+000 -8.967880E-001  4.424605E-001
  3.680000E+000  9.827134E-002  4.241216E-001  2.170238E-001  1.000000E+000  0.000000E+000  0.000000E+000  0.000000E+000  4.555279E-001  8.902215E-001  0.000000E+000 -8.902215E-001  4.555279E-001
  3.700000E+000  4.663315E-002  4.017334E-001  2.173758E-001  1.000000E+000  0.000000E+000  0.000000E+000  0.000000E+000  4.758942E-001  8.795025E-001  0.000000E+000 -8.795025E-001  4.758942E-001
  3.720000E+000 -1.813929E-003  3.729268E-001  2.179801E-001  1.000000E+000  0.000000E+000  0.000000E+000  0.000000E+000  5.046299E-001  8.633358E-001  0.000000E+000 -8.633358E-001  5.046299E-001
  3.740000E+000 -4.631556E-002  3.381471E-001  2.187548E-001  1.000000E+000  0.000000E+000  0.000000E+000  0.000000E+000  5.431703E-001  8.396226E-001  0.000000E+000 -8.396226E-001  5.431703E-001
  3.760000E+000 -8.617284E-002  2.979446E-001  2.195833E-001  1.000000E+000  0.000000E+000  0.000000E+000  0.000000E+000  5.932782E-001  8.049975E-001  0.000000E+000 -8.049975E-001  5.932782E-001
  3.780000E+000 -1.207582E-001  2.529725E-001  2.203254E-001  1.000000E+000  0.000000E+000  0.000000E+000  0.000000E+000  6.567713E-001  7.540898E-001  0.000000E+000 -7.540898E-001  6.567713E-001
  3.800000E+000 -1.495297E-001  2.039834E-001  2.208320E-001  1.000000E+000  0.000000E+000  0.000000E+000  0.000000E+000  7.345738E-001  6.785288E-001  0.000000E+000 -6.785288E-001  7.345738E-001
  3.820000E+000 -1.720440E-001  1.518323E-001  2.209656E-001  1.000000E+000  0.000000E+000  0.000000E+000  0.000000E+000  8.241839E-001  5.663222E-001  0.000000E+000 -5.663222E-001  8.241839E-001
  3.840000E+000 -1.879686E-001  9.749089E-002  2.206332E-001  1.000000E+000  0.000000E+000  0.000000E+000  0.000000E+000  9.146838E-001  4.041701E-001  0.000000E+000 -4.041701E-001  9.146838E-001
  3.860000E+000 -1.970930E-001  4.203989E-002  2.198647E-001  1.000000E+000  0.000000E+000  0.000000E+000  0.000000E+000  9.822062E-001  1.878057E-001  0.000000E+000 -1.878057E-001  9.822062E-001
  3.880000E+000 -1.993252E-001 -1.346468E-002  2.189191E-001  1.000000E+000  0.000000E+000  0.000000E+000  0.000000E+000  9.981139E-001 -6.138928E-002  0.000000E+000  6.138928E-002  9.981139E-001
  3.900000E+000 -1.946504E-001 -6.825393E-002  2.182371E-001  1.000000E+000  0.000000E+000  0.000000E+000  0.000000E+000  9.544117E-001 -2.984935E-001  0.000000E+000  2.984935E-001  9.544117E-001
  3.920000E+000 -1.830738E-001 -1.219097E-001  2.181400E-001  1.000000E+000  0.000000E+000  0.000000E+000  0.000000E+000  8.729300E-001 -4.878454E-001  0.000000E+000  4.878454E-001  8.729300E-001
  3.940000E+000 -1.646228E-001 -1.740630E-001  2.186092E-001  1.000000E+000  0.000000E+000  0.000000E+000  0.000000E+000  7.823057E-001 -6.228946E-001  0.000000E+000  6.228946E-001  7.823057E-001
  3.960000E+000 -1.394237E-001 -2.241075E-001  2.193742E-001  1.000000E+000  0.000000E+000  0.000000E+000  0.000000E+000  6.995199E-001 -7.146131E-001  0.000000E+000  7.146131E-001  6.995199E-001
  3.980000E+000 -1.077825E-001 -2.711838E-001  2.201159E-001  1.000000E+000  0.000000E+000  0.000000E+000  0.000000E+000  6.302115E-001 -7.764235E-001  0.000000E+000  7.764235E-001  6.302115E-001
