% FILE: Link.6
%
%       t         P_No_Go[1]     P_No_Go[2]     P_No_Go[3]      N_G[1,1]       N_G[1,2]       N_G[1,3]       N_G[2,1]       N_G[2,2]       N_G[2,3]       N_G[3,1]       N_G[3,2]       N_G[3,3]
%   (second)        (meter)        (meter)        (meter)       (NoUnits)      (NoUnits)      (NoUnits)      (NoUnits)      (NoUnits)      (NoUnits)      (NoUnits)      (NoUnits)      (NoUnits)

  0.000000E+000  5.000000E-002 -1.732051E-001  3.000000E-001  1.000000E+000  0.000000E+000  0.000000E+000  0.000000E+000  8.660254E-001 -5.000000E-001  0.000000E+000  5.000000E-001  8.660254E-001
  2.000000E-002  5.496857E-002 -1.952574E-001  2.895467E-001  1.000000E+000  0.000000E+000  0.000000E+000  0.000000E+000  8.290964E-001 -5.591058E-001  0.000000E+000  5.591058E-001  8.290964E-001
  4.000000E-002  7.210344E-002 -2.393656E-001  2.665651E-001  1.000000E+000  0.000000E+000  0.000000E+000  0.000000E+000  7.440473E-001 -6.681269E-001  0.000000E+000  6.681269E-001  7.440473E-001
  6.000000E-002  1.013639E-001 -2.839571E-001  2.393233E-001  1.000000E+000  0.000000E+000  0.000000E+000  0.000000E+000  6.444532E-001 -7.646437E-001  0.000000E+000  7.646437E-001  6.444532E-001
  8.000000E-002  1.397661E-001 -3.198669E-001  2.133862E-001  1.000000E+000  0.000000E+000  0.000000E+000  0.000000E+000  5.549552E-001 -8.318803E-001  0.000000E+000  8.318803E-001  5.549552E-001
  1.000000E-001  1.838384E-001 -3.445733E-001  1.920726E-001  1.000000E+000  0.000000E+000  0.000000E+000  0.000000E+000  4.868878E-001 -8.734645E-001  0.000000E+000  8.734645E-001  4.868878E-001
  1.200000E-001  2.307242E-001 -3.582769E-001  1.768222E-001  1.000000E+000  0.000000E+000  0.000000E+000  0.000000E+000  4.425697E-001 -8.967341E-001  0.000000E+000  8.967341E-001  4.425697E-001
  1.400000E-001  2.783366E-001 -3.620425E-001  1.676970E-001  1.000000E+000  0.000000E+000  0.000000E+000  0.000000E+000  4.202985E-001 -9.073859E-001  0.000000E+000  9.073859E-001  4.202985E-001
  1.600000E-001  3.251954E-001 -3.570745E-001  1.638397E-001  1.000000E+000  0.000000E+000  0.000000E+000  0.000000E+000  4.170344E-001 -9.088907E-001  0.000000E+000  9.088907E-001  4.170344E-001
  1.800000E-001  3.702372E-001 -3.445136E-001  1.638701E-001  1.000000E+000  0.000000E+000  0.000000E+000  0.000000E+000  4.295403E-001 -9.030477E-001  0.000000E+000  9.030477E-001  4.295403E-001
  2.000000E-001  4.126838E-001 -3.254250E-001  1.662304E-001  1.000000E+000  0.000000E+000  0.000000E+000  0.000000E+000  4.548986E-001 -8.905432E-001  0.000000E+000  8.905432E-001  4.548986E-001
  2.200000E-001  4.519595E-001 -3.008119E-001  1.694832E-001  1.000000E+000  0.000000E+000  0.000000E+000  0.000000E+000  4.908695E-001 -8.712331E-001  0.000000E+000  8.712331E-001  4.908695E-001
  2.400000E-001  4.876299E-001 -2.715876E-001  1.725462E-001  1.000000E+000  0.000000E+000  0.000000E+000  0.000000E+000  5.362509E-001 -8.440586E-001  0.000000E+000  8.440586E-001  5.362509E-001
  2.600000E-001  5.193445E-001 -2.385156E-001  1.748251E-001  1.000000E+000  0.000000E+000  0.000000E+000  0.000000E+000  5.911737E-001 -8.065442E-001  0.000000E+000  8.065442E-001  5.911737E-001
  2.800000E-001  5.467850E-001 -2.021701E-001  1.761985E-001  1.000000E+000  0.000000E+000  0.000000E+000  0.000000E+000  6.570243E-001 -7.538694E-001  0.000000E+000  7.538694E-001  6.570243E-001
  3.000000E-001  5.696316E-001 -1.629798E-001  1.768424E-001  1.000000E+000  0.000000E+000  0.000000E+000  0.000000E+000  7.353406E-001 -6.776977E-001  0.000000E+000  6.776977E-001  7.353406E-001
  3.200000E-001  5.875623E-001 -1.213768E-001  1.769729E-001  1.000000E+000  0.000000E+000  0.000000E+000  0.000000E+000  8.246769E-001 -5.656041E-001  0.000000E+000  5.656041E-001  8.246769E-001
  3.400000E-001  6.002875E-001 -7.797468E-002  1.766879E-001  1.000000E+000  0.000000E+000  0.000000E+000  0.000000E+000  9.148717E-001 -4.037447E-001  0.000000E+000  4.037447E-001  9.148717E-001
  3.600000E-001  6.076013E-001 -3.361715E-002  1.760431E-001  1.000000E+000  0.000000E+000  0.000000E+000  0.000000E+000  9.822512E-001 -1.875704E-001  0.000000E+000  1.875704E-001  9.822512E-001
  3.800000E-001  6.094067E-001  1.080575E-002  1.752429E-001  1.000000E+000  0.000000E+000  0.000000E+000  0.000000E+000  9.981043E-001  6.154465E-002  0.000000E+000 -6.154465E-002  9.981043E-001
  4.000000E-001  6.056844E-001  5.464601E-002  1.746494E-001  1.000000E+000  0.000000E+000  0.000000E+000  0.000000E+000  9.543740E-001  2.986138E-001  0.000000E+000 -2.986138E-001  9.543740E-001
  4.200000E-001  5.964385E-001  9.756388E-002  1.745326E-001  1.000000E+000  0.000000E+000  0.000000E+000  0.000000E+000  8.728776E-001  4.879393E-001  0.000000E+000 -4.879393E-001  8.728776E-001
  4.400000E-001  5.816914E-001  1.392721E-001  1.748831E-001  1.000000E+000  0.000000E+000  0.000000E+000  0.000000E+000  7.822511E-001  6.229632E-001  0.000000E+000 -6.229632E-001  7.822511E-001
  4.600000E-001  5.615434E-001  1.792937E-001  1.754836E-001  1.000000E+000  0.000000E+000  0.000000E+000  0.000000E+000  6.994727E-001  7.146593E-001  0.000000E+000 -7.146593E-001  6.994727E-001
  4.800000E-001  5.362386E-001  2.169451E-001  1.760747E-001  1.000000E+000  0.000000E+000  0.000000E+000  0.000000E+000  6.301762E-001  7.764521E-001  0.000000E+000 -7.764521E-001  6.301762E-001
  5.000000E-001  5.061866E-001  2.514540E-001  1.764634E-001  1.000000E+000  0.000000E+000  0.000000E+000  0.000000E+000  5.744355E-001  8.185498E-001  0.000000E+000 -8.185498E-001  5.744355E-001
  5.200000E-001  4.719389E-001  2.820831E-001  1.765567E-001  1.000000E+000  0.000000E+000  0.000000E+000  0.000000E+000  5.305494E-001  8.476540E-001  0.000000E+000 -8.476540E-001  5.305494E-001
  5.400000E-001  4.341418E-001  3.082072E-001  1.763522E-001  1.000000E+000  0.000000E+000  0.000000E+000  0.000000E+000  4.966351E-001  8.679594E-001  0.000000E+000 -8.679594E-001  4.966351E-001
  5.600000E-001  3.934889E-001  3.293421E-001  1.759111E-001  1.000000E+000  0.000000E+000  0.000000E+000  0.000000E+000  4.711344E-001  8.820615E-001  0.000000E+000 -8.820615E-001  4.711344E-001
  5.800000E-001  3.506863E-001  3.451403E-001  1.753295E-001  1.000000E+000  0.000000E+000  0.000000E+000  0.000000E+000  4.529067E-001  8.915579E-001  0.000000E+000 -8.915579E-001  4.529067E-001
  6.000000E-001  3.064348E-001  3.553732E-001  1.747141E-001  1.000000E+000  0.000000E+000  0.000000E+000  0.000000E+000  4.411986E-001  8.974095E-001  0.000000E+000 -8.974095E-001  4.411986E-001
  6.200000E-001  2.614246E-001  3.599109E-001  1.741654E-001  1.000000E+000  0.000000E+000  0.000000E+000  0.000000E+000  4.355913E-001  9.001446E-001  0.000000E+000 -9.001446E-001  4.355913E-001
  6.400000E-001  2.163367E-001  3.587090E-001  1.737660E-001  1.000000E+000  0.000000E+000  0.000000E+000  0.000000E+000  4.359617E-001  8.999652E-001  0.000000E+000 -8.999652E-001  4.359617E-001
  6.600000E-001  1.718450E-001  3.518008E-001  1.735741E-001  1.000000E+000  0.000000E+000  0.000000E+000  0.000000E+000  4.424633E-001  8.967866E-001  0.000000E+000 -8.967866E-001  4.424633E-001
  6.800000E-001  1.286164E-001  3.392968E-001  1.736195E-001  1.000000E+000  0.000000E+000  0.000000E+000  0.000000E+000  4.555294E-001  8.902207E-001  0.000000E+000 -8.902207E-001  4.555294E-001
  7.000000E-001  8.730587E-002  3.213863E-001  1.739007E-001  1.000000E+000  0.000000E+000  0.000000E+000  0.000000E+000  4.758947E-001  8.795023E-001  0.000000E+000 -8.795023E-001  4.758947E-001
  7.200000E-001  4.854837E-002  2.983412E-001  1.743839E-001  1.000000E+000  0.000000E+000  0.000000E+000  0.000000E+000  5.046297E-001  8.633359E-001  0.000000E+000 -8.633359E-001  5.046297E-001
  7.400000E-001  1.294727E-002  2.705176E-001  1.750036E-001  1.000000E+000  0.000000E+000  0.000000E+000  0.000000E+000  5.431698E-001  8.396229E-001  0.000000E+000 -8.396229E-001  5.431698E-001
  7.600000E-001 -1.893840E-002  2.383557E-001  1.756665E-001  1.000000E+000  0.000000E+000  0.000000E+000  0.000000E+000  5.932777E-001  8.049979E-001  0.000000E+000 -8.049979E-001  5.932777E-001
  7.800000E-001 -4.660657E-002  2.023781E-001  1.762602E-001  1.000000E+000  0.000000E+000  0.000000E+000  0.000000E+000  6.567709E-001  7.540901E-001  0.000000E+000 -7.540901E-001  6.567709E-001
  8.000000E-001 -6.962375E-002  1.631868E-001  1.766656E-001  1.000000E+000  0.000000E+000  0.000000E+000  0.000000E+000  7.345735E-001  6.785291E-001  0.000000E+000 -6.785291E-001  7.345735E-001
  8.200000E-001 -8.763519E-002  1.214659E-001  1.767725E-001  1.000000E+000  0.000000E+000  0.000000E+000  0.000000E+000  8.241838E-001  5.663224E-001  0.000000E+000 -5.663224E-001  8.241838E-001
  8.400000E-001 -1.003749E-001  7.799277E-002  1.765066E-001  1.000000E+000  0.000000E+000  0.000000E+000  0.000000E+000  9.146838E-001  4.041702E-001  0.000000E+000 -4.041702E-001  9.146838E-001
  8.600000E-001 -1.076744E-001  3.363194E-002  1.758918E-001  1.000000E+000  0.000000E+000  0.000000E+000  0.000000E+000  9.822062E-001  1.878058E-001  0.000000E+000 -1.878058E-001  9.822062E-001
  8.800000E-001 -1.094602E-001 -1.077175E-002  1.751353E-001  1.000000E+000  0.000000E+000  0.000000E+000  0.000000E+000  9.981139E-001 -6.138928E-002  0.000000E+000  6.138928E-002  9.981139E-001
  9.000000E-001 -1.057203E-001 -5.460316E-002  1.745897E-001  1.000000E+000  0.000000E+000  0.000000E+000  0.000000E+000  9.544117E-001 -2.984935E-001  0.000000E+000  2.984935E-001  9.544117E-001
  9.200000E-001 -9.645907E-002 -9.752775E-002  1.745120E-001  1.000000E+000  0.000000E+000  0.000000E+000  0.000000E+000  8.729300E-001 -4.878455E-001  0.000000E+000  4.878455E-001  8.729300E-001
  9.400000E-001 -8.169827E-002 -1.392504E-001  1.748873E-001  1.000000E+000  0.000000E+000  0.000000E+000  0.000000E+000  7.823057E-001 -6.228947E-001  0.000000E+000  6.228947E-001  7.823057E-001
  9.600000E-001 -6.153893E-002 -1.792860E-001  1.754993E-001  1.000000E+000  0.000000E+000  0.000000E+000  0.000000E+000  6.995199E-001 -7.146131E-001  0.000000E+000  7.146131E-001  6.995199E-001
  9.800000E-001 -3.622603E-002 -2.169471E-001  1.760927E-001  1.000000E+000  0.000000E+000  0.000000E+000  0.000000E+000  6.302115E-001 -7.764235E-001  0.000000E+000  7.764235E-001  6.302115E-001
  1.000000E+000 -6.169705E-003 -2.514606E-001  1.764785E-001  1.000000E+000  0.000000E+000  0.000000E+000  0.000000E+000  5.744582E-001 -8.185339E-001  0.000000E+000  8.185339E-001  5.744582E-001
  1.020000E+000  2.807872E-002 -2.820906E-001  1.765669E-001  1.000000E+000  0.000000E+000  0.000000E+000  0.000000E+000  5.305612E-001 -8.476466E-001  0.000000E+000  8.476466E-001  5.305612E-001
  1.040000E+000  6.587381E-002 -3.082135E-001  1.763575E-001  1.000000E+000  0.000000E+000  0.000000E+000  0.000000E+000  4.966388E-001 -8.679573E-001  0.000000E+000  8.679573E-001  4.966388E-001
  1.060000E+000  1.065233E-001 -3.293466E-001  1.759127E-001  1.000000E+000  0.000000E+000  0.000000E+000  0.000000E+000  4.711327E-001 -8.820624E-001  0.000000E+000  8.820624E-001  4.711327E-001
  1.080000E+000  1.493221E-001 -3.451432E-001  1.753287E-001  1.000000E+000  0.000000E+000  0.000000E+000  0.000000E+000  4.529021E-001 -8.915602E-001  0.000000E+000  8.915602E-001  4.529021E-001
  1.100000E+000  1.935701E-001 -3.553749E-001  1.747123E-001  1.000000E+000  0.000000E+000  0.000000E+000  0.000000E+000  4.411930E-001 -8.974122E-001  0.000000E+000  8.974122E-001  4.411930E-001
  1.120000E+000  2.385776E-001 -3.599120E-001  1.741634E-001  1.000000E+000  0.000000E+000  0.000000E+000  0.000000E+000  4.355861E-001 -9.001471E-001  0.000000E+000  9.001471E-001  4.355861E-001
  1.140000E+000  2.836639E-001 -3.587098E-001  1.737643E-001  1.000000E+000  0.000000E+000  0.000000E+000  0.000000E+000  4.359575E-001 -8.999673E-001  0.000000E+000  8.999673E-001  4.359575E-001
  1.160000E+000  3.281546E-001 -3.518014E-001  1.735731E-001  1.000000E+000  0.000000E+000  0.000000E+000  0.000000E+000  4.424605E-001 -8.967880E-001  0.000000E+000  8.967880E-001  4.424605E-001
  1.180000E+000  3.713829E-001 -3.392973E-001  1.736190E-001  1.000000E+000  0.000000E+000  0.000000E+000  0.000000E+000  4.555279E-001 -8.902215E-001  0.000000E+000  8.902215E-001  4.555279E-001
  1.200000E+000  4.126935E-001 -3.213867E-001  1.739006E-001  1.000000E+000  0.000000E+000  0.000000E+000  0.000000E+000  4.758942E-001 -8.795025E-001  0.000000E+000  8.795025E-001  4.758942E-001
  1.220000E+000  4.514512E-001 -2.983415E-001  1.743841E-001  1.000000E+000  0.000000E+000  0.000000E+000  0.000000E+000  5.046299E-001 -8.633358E-001  0.000000E+000  8.633358E-001  5.046299E-001
  1.240000E+000  4.870525E-001 -2.705177E-001  1.750038E-001  1.000000E+000  0.000000E+000  0.000000E+000  0.000000E+000  5.431703E-001 -8.396226E-001  0.000000E+000  8.396226E-001  5.431703E-001
  1.260000E+000  5.189383E-001 -2.383557E-001  1.756667E-001  1.000000E+000  0.000000E+000  0.000000E+000  0.000000E+000  5.932782E-001 -8.049975E-001  0.000000E+000  8.049975E-001  5.932782E-001
  1.280000E+000  5.466066E-001 -2.023780E-001  1.762603E-001  1.000000E+000  0.000000E+000  0.000000E+000  0.000000E+000  6.567713E-001 -7.540898E-001  0.000000E+000  7.540898E-001  6.567713E-001
  1.300000E+000  5.696238E-001 -1.631867E-001  1.766656E-001  1.000000E+000  0.000000E+000  0.000000E+000  0.000000E+000  7.345738E-001 -6.785288E-001  0.000000E+000  6.785288E-001  7.345738E-001
  1.320000E+000  5.876352E-001 -1.214658E-001  1.767725E-001  1.000000E+000  0.000000E+000  0.000000E+000  0.000000E+000  8.241839E-001 -5.663222E-001  0.000000E+000  5.663222E-001  8.241839E-001
  1.340000E+000  6.003749E-001 -7.799271E-002  1.765066E-001  1.000000E+000  0.000000E+000  0.000000E+000  0.000000E+000  9.146838E-001 -4.041701E-001  0.000000E+000  4.041701E-001  9.146838E-001
  1.360000E+000  6.076744E-001 -3.363191E-002  1.758917E-001  1.000000E+000  0.000000E+000  0.000000E+000  0.000000E+000  9.822062E-001 -1.878057E-001  0.000000E+000  1.878057E-001  9.822062E-001
  1.380000E+000  6.094602E-001  1.077174E-002  1.751352E-001  1.000000E+000  0.000000E+000  0.000000E+000  0.000000E+000  9.981139E-001  6.138929E-002  0.000000E+000 -6.138929E-002  9.981139E-001
  1.400000E+000  6.057203E-001  5.460314E-002  1.745897E-001  1.000000E+000  0.000000E+000  0.000000E+000  0.000000E+000  9.544117E-001  2.984935E-001  0.000000E+000 -2.984935E-001  9.544117E-001
  1.420000E+000  5.964591E-001  9.752774E-002  1.745120E-001  1.000000E+000  0.000000E+000  0.000000E+000  0.000000E+000  8.729300E-001  4.878454E-001  0.000000E+000 -4.878454E-001  8.729300E-001
  1.440000E+000  5.816983E-001  1.392504E-001  1.748874E-001  1.000000E+000  0.000000E+000  0.000000E+000  0.000000E+000  7.823057E-001  6.228946E-001  0.000000E+000 -6.228946E-001  7.823057E-001
  1.460000E+000  5.615389E-001  1.792860E-001  1.754994E-001  1.000000E+000  0.000000E+000  0.000000E+000  0.000000E+000  6.995199E-001  7.146131E-001  0.000000E+000 -7.146131E-001  6.995199E-001
  1.480000E+000  5.362260E-001  2.169470E-001  1.760927E-001  1.000000E+000  0.000000E+000  0.000000E+000  0.000000E+000  6.302115E-001  7.764235E-001  0.000000E+000 -7.764235E-001  6.302115E-001
  1.500000E+000  5.061697E-001  2.514606E-001  1.764785E-001  1.000000E+000  0.000000E+000  0.000000E+000  0.000000E+000  5.744582E-001  8.185339E-001  0.000000E+000 -8.185339E-001  5.744582E-001
  1.520000E+000  4.719213E-001  2.820906E-001  1.765669E-001  1.000000E+000  0.000000E+000  0.000000E+000  0.000000E+000  5.305612E-001  8.476466E-001  0.000000E+000 -8.476466E-001  5.305612E-001
  1.540000E+000  4.341262E-001  3.082135E-001  1.763575E-001  1.000000E+000  0.000000E+000  0.000000E+000  0.000000E+000  4.966388E-001  8.679573E-001  0.000000E+000 -8.679573E-001  4.966388E-001
  1.560000E+000  3.934767E-001  3.293466E-001  1.759127E-001  1.000000E+000  0.000000E+000  0.000000E+000  0.000000E+000  4.711327E-001  8.820623E-001  0.000000E+000 -8.820623E-001  4.711327E-001
  1.580000E+000  3.506780E-001  3.451432E-001  1.753287E-001  1.000000E+000  0.000000E+000  0.000000E+000  0.000000E+000  4.529022E-001  8.915602E-001  0.000000E+000 -8.915602E-001  4.529022E-001
  1.600000E+000  3.064299E-001  3.553749E-001  1.747123E-001  1.000000E+000  0.000000E+000  0.000000E+000  0.000000E+000  4.411931E-001  8.974122E-001  0.000000E+000 -8.974122E-001  4.411931E-001
  1.620000E+000  2.614224E-001  3.599120E-001  1.741634E-001  1.000000E+000  0.000000E+000  0.000000E+000  0.000000E+000  4.355861E-001  9.001471E-001  0.000000E+000 -9.001471E-001  4.355861E-001
  1.640000E+000  2.163362E-001  3.587098E-001  1.737643E-001  1.000000E+000  0.000000E+000  0.000000E+000  0.000000E+000  4.359575E-001  8.999672E-001  0.000000E+000 -8.999672E-001  4.359575E-001
  1.660000E+000  1.718454E-001  3.518014E-001  1.735731E-001  1.000000E+000  0.000000E+000  0.000000E+000  0.000000E+000  4.424605E-001  8.967880E-001  0.000000E+000 -8.967880E-001  4.424605E-001
  1.680000E+000  1.286171E-001  3.392973E-001  1.736190E-001  1.000000E+000  0.000000E+000  0.000000E+000  0.000000E+000  4.555279E-001  8.902215E-001  0.000000E+000 -8.902215E-001  4.555279E-001
  1.700000E+000  8.730652E-002  3.213867E-001  1.739006E-001  1.000000E+000  0.000000E+000  0.000000E+000  0.000000E+000  4.758942E-001  8.795025E-001  0.000000E+000 -8.795025E-001  4.758942E-001
  1.720000E+000  4.854886E-002  2.983415E-001  1.743841E-001  1.000000E+000  0.000000E+000  0.000000E+000  0.000000E+000  5.046299E-001  8.633358E-001  0.000000E+000 -8.633358E-001  5.046299E-001
  1.740000E+000  1.294755E-002  2.705177E-001  1.750038E-001  1.000000E+000  0.000000E+000  0.000000E+000  0.000000E+000  5.431703E-001  8.396226E-001  0.000000E+000 -8.396226E-001  5.431703E-001
  1.760000E+000 -1.893827E-002  2.383557E-001  1.756667E-001  1.000000E+000  0.000000E+000  0.000000E+000  0.000000E+000  5.932782E-001  8.049975E-001  0.000000E+000 -8.049975E-001  5.932782E-001
  1.780000E+000 -4.660655E-002  2.023780E-001  1.762603E-001  1.000000E+000  0.000000E+000  0.000000E+000  0.000000E+000  6.567713E-001  7.540898E-001  0.000000E+000 -7.540898E-001  6.567713E-001
  1.800000E+000 -6.962377E-002  1.631867E-001  1.766656E-001  1.000000E+000  0.000000E+000  0.000000E+000  0.000000E+000  7.345738E-001  6.785288E-001  0.000000E+000 -6.785288E-001  7.345738E-001
  1.820000E+000 -8.763523E-002  1.214658E-001  1.767725E-001  1.000000E+000  0.000000E+000  0.000000E+000  0.000000E+000  8.241839E-001  5.663222E-001  0.000000E+000 -5.663222E-001  8.241839E-001
  1.840000E+000 -1.003749E-001  7.799272E-002  1.765066E-001  1.000000E+000  0.000000E+000  0.000000E+000  0.000000E+000  9.146838E-001  4.041701E-001  0.000000E+000 -4.041701E-001  9.146838E-001
  1.860000E+000 -1.076744E-001  3.363191E-002  1.758917E-001  1.000000E+000  0.000000E+000  0.000000E+000  0.000000E+000  9.822062E-001  1.878057E-001  0.000000E+000 -1.878057E-001  9.822062E-001
  1.880000E+000 -1.094602E-001 -1.077174E-002  1.751352E-001  1.000000E+000  0.000000E+000  0.000000E+000  0.000000E+000  9.981139E-001 -6.138928E-002  0.000000E+000  6.138928E-002  9.981139E-001
  1.900000E+000 -1.057203E-001 -5.460314E-002  1.745897E-001  1.000000E+000  0.000000E+000  0.000000E+000  0.000000E+000  9.544117E-001 -2.984935E-001  0.000000E+000  2.984935E-001  9.544117E-001
  1.920000E+000 -9.645907E-002 -9.752774E-002  1.745120E-001  1.000000E+000  0.000000E+000  0.000000E+000  0.000000E+000  8.729300E-001 -4.878454E-001  0.000000E+000  4.878454E-001  8.729300E-001
  1.940000E+000 -8.169826E-002 -1.392504E-001  1.748874E-001  1.000000E+000  0.000000E+000  0.000000E+000  0.000000E+000  7.823057E-001 -6.228946E-001  0.000000E+000  6.228946E-001  7.823057E-001
  1.960000E+000 -6.153893E-002 -1.792860E-001  1.754994E-001  1.000000E+000  0.000000E+000  0.000000E+000  0.000000E+000  6.995199E-001 -7.146131E-001  0.000000E+000  7.146131E-001  6.995199E-001
  1.980000E+000 -3.622603E-002 -2.169470E-001  1.760927E-001  1.000000E+000  0.000000E+000  0.000000E+000  0.000000E+000  6.302115E-001 -7.764235E-001  0.000000E+000  7.764235E-001  6.302115E-001
  2.000000E+000 -6.169713E-003 -2.514606E-001  1.764785E-001  1.000000E+000  0.000000E+000  0.000000E+000  0.000000E+000  5.744582E-001 -8.185339E-001  0.000000E+000  8.185339E-001  5.744582E-001
  2.020000E+000  2.807870E-002 -2.820905E-001  1.765669E-001  1.000000E+000  0.000000E+000  0.000000E+000  0.000000E+000  5.305612E-001 -8.476466E-001  0.000000E+000  8.476466E-001  5.305612E-001
  2.040000E+000  6.587379E-002 -3.082135E-001  1.763575E-001  1.000000E+000  0.000000E+000  0.000000E+000  0.000000E+000  4.966388E-001 -8.679573E-001  0.000000E+000  8.679573E-001  4.966388E-001
  2.060000E+000  1.065233E-001 -3.293466E-001  1.759127E-001  1.000000E+000  0.000000E+000  0.000000E+000  0.000000E+000  4.711327E-001 -8.820623E-001  0.000000E+000  8.820623E-001  4.711327E-001
  2.080000E+000  1.493220E-001 -3.451432E-001  1.753287E-001  1.000000E+000  0.000000E+000  0.000000E+000  0.000000E+000  4.529022E-001 -8.915602E-001  0.000000E+000  8.915602E-001  4.529022E-001
  2.100000E+000  1.935701E-001 -3.553749E-001  1.747123E-001  1.000000E+000  0.000000E+000  0.000000E+000  0.000000E+000  4.411931E-001 -8.974122E-001  0.000000E+000  8.974122E-001  4.411931E-001
  2.120000E+000  2.385776E-001 -3.599120E-001  1.741634E-001  1.000000E+000  0.000000E+000  0.000000E+000  0.000000E+000  4.355861E-001 -9.001471E-001  0.000000E+000  9.001471E-001  4.355861E-001
  2.140000E+000  2.836638E-001 -3.587098E-001  1.737643E-001  1.000000E+000  0.000000E+000  0.000000E+000  0.000000E+000  4.359575E-001 -8.999672E-001  0.000000E+000  8.999672E-001  4.359575E-001
  2.160000E+000  3.281546E-001 -3.518014E-001  1.735731E-001  1.000000E+000  0.000000E+000  0.000000E+000  0.000000E+000  4.424605E-001 -8.967880E-001  0.000000E+000  8.967880E-001  4.424605E-001
  2.180000E+000  3.713829E-001 -3.392973E-001  1.736190E-001  1.000000E+000  0.000000E+000  0.000000E+000  0.000000E+000  4.555279E-001 -8.902215E-001  0.000000E+000  8.902215E-001  4.555279E-001
  2.200000E+000  4.126935E-001 -3.213867E-001  1.739006E-001  1.000000E+000  0.000000E+000  0.000000E+000  0.000000E+000  4.758942E-001 -8.795025E-001  0.000000E+000  8.795025E-001  4.758942E-001
  2.220000E+000  4.514511E-001 -2.983415E-001  1.743841E-001  1.000000E+000  0.000000E+000  0.000000E+000  0.000000E+000  5.046299E-001 -8.633358E-001  0.000000E+000  8.633358E-001  5.046299E-001
  2.240000E+000  4.870524E-001 -2.705177E-001  1.750038E-001  1.000000E+000  0.000000E+000  0.000000E+000  0.000000E+000  5.431703E-001 -8.396226E-001  0.000000E+000  8.396226E-001  5.431703E-001
  2.260000E+000  5.189383E-001 -2.383557E-001  1.756667E-001  1.000000E+000  0.000000E+000  0.000000E+000  0.000000E+000  5.932782E-001 -8.049975E-001  0.000000E+000  8.049975E-001  5.932782E-001
  2.280000E+000  5.466065E-001 -2.023780E-001  1.762603E-001  1.000000E+000  0.000000E+000  0.000000E+000  0.000000E+000  6.567713E-001 -7.540898E-001  0.000000E+000  7.540898E-001  6.567713E-001
  2.300000E+000  5.696238E-001 -1.631867E-001  1.766656E-001  1.000000E+000  0.000000E+000  0.000000E+000  0.000000E+000  7.345738E-001 -6.785288E-001  0.000000E+000  6.785288E-001  7.345738E-001
  2.320000E+000  5.876352E-001 -1.214658E-001  1.767725E-001  1.000000E+000  0.000000E+000  0.000000E+000  0.000000E+000  8.241839E-001 -5.663222E-001  0.000000E+000  5.663222E-001  8.241839E-001
  2.340000E+000  6.003749E-001 -7.799272E-002  1.765066E-001  1.000000E+000  0.000000E+000  0.000000E+000  0.000000E+000  9.146838E-001 -4.041701E-001  0.000000E+000  4.041701E-001  9.146838E-001
  2.360000E+000  6.076744E-001 -3.363191E-002  1.758917E-001  1.000000E+000  0.000000E+000  0.000000E+000  0.000000E+000  9.822062E-001 -1.878057E-001  0.000000E+000  1.878057E-001  9.822062E-001
  2.380000E+000  6.094602E-001  1.077174E-002  1.751352E-001  1.000000E+000  0.000000E+000  0.000000E+000  0.000000E+000  9.981139E-001  6.138928E-002  0.000000E+000 -6.138928E-002  9.981139E-001
  2.400000E+000  6.057203E-001  5.460314E-002  1.745897E-001  1.000000E+000  0.000000E+000  0.000000E+000  0.000000E+000  9.544117E-001  2.984935E-001  0.000000E+000 -2.984935E-001  9.544117E-001
  2.420000E+000  5.964591E-001  9.752774E-002  1.745120E-001  1.000000E+000  0.000000E+000  0.000000E+000  0.000000E+000  8.729300E-001  4.878454E-001  0.000000E+000 -4.878454E-001  8.729300E-001
  2.440000E+000  5.816983E-001  1.392504E-001  1.748874E-001  1.000000E+000  0.000000E+000  0.000000E+000  0.000000E+000  7.823057E-001  6.228946E-001  0.000000E+000 -6.228946E-001  7.823057E-001
  2.460000E+000  5.615389E-001  1.792860E-001  1.754994E-001  1.000000E+000  0.000000E+000  0.000000E+000  0.000000E+000  6.995199E-001  7.146131E-001  0.000000E+000 -7.146131E-001  6.995199E-001
  2.480000E+000  5.362260E-001  2.169470E-001  1.760927E-001  1.000000E+000  0.000000E+000  0.000000E+000  0.000000E+000  6.302115E-001  7.764235E-001  0.000000E+000 -7.764235E-001  6.302115E-001
  2.500000E+000  5.061697E-001  2.514606E-001  1.764785E-001  1.000000E+000  0.000000E+000  0.000000E+000  0.000000E+000  5.744582E-001  8.185339E-001  0.000000E+000 -8.185339E-001  5.744582E-001
  2.520000E+000  4.719213E-001  2.820905E-001  1.765669E-001  1.000000E+000  0.000000E+000  0.000000E+000  0.000000E+000  5.305612E-001  8.476466E-001  0.000000E+000 -8.476466E-001  5.305612E-001
  2.540000E+000  4.341262E-001  3.082135E-001  1.763575E-001  1.000000E+000  0.000000E+000  0.000000E+000  0.000000E+000  4.966388E-001  8.679573E-001  0.000000E+000 -8.679573E-001  4.966388E-001
  2.560000E+000  3.934767E-001  3.293466E-001  1.759127E-001  1.000000E+000  0.000000E+000  0.000000E+000  0.000000E+000  4.711327E-001  8.820623E-001  0.000000E+000 -8.820623E-001  4.711327E-001
  2.580000E+000  3.506780E-001  3.451432E-001  1.753287E-001  1.000000E+000  0.000000E+000  0.000000E+000  0.000000E+000  4.529022E-001  8.915602E-001  0.000000E+000 -8.915602E-001  4.529022E-001
  2.600000E+000  3.064299E-001  3.553749E-001  1.747123E-001  1.000000E+000  0.000000E+000  0.000000E+000  0.000000E+000  4.411931E-001  8.974122E-001  0.000000E+000 -8.974122E-001  4.411931E-001
  2.620000E+000  2.614224E-001  3.599120E-001  1.741634E-001  1.000000E+000  0.000000E+000  0.000000E+000  0.000000E+000  4.355861E-001  9.001471E-001  0.000000E+000 -9.001471E-001  4.355861E-001
  2.640000E+000  2.163362E-001  3.587098E-001  1.737643E-001  1.000000E+000  0.000000E+000  0.000000E+000  0.000000E+000  4.359575E-001  8.999672E-001  0.000000E+000 -8.999672E-001  4.359575E-001
  2.660000E+000  1.718454E-001  3.518014E-001  1.735731E-001  1.000000E+000  0.000000E+000  0.000000E+000  0.000000E+000  4.424605E-001  8.967880E-001  0.000000E+000 -8.967880E-001  4.424605E-001
  2.680000E+000  1.286171E-001  3.392973E-001  1.736190E-001  1.000000E+000  0.000000E+000  0.000000E+000  0.000000E+000  4.555279E-001  8.902215E-001  0.000000E+000 -8.902215E-001  4.555279E-001
  2.700000E+000  8.730652E-002  3.213867E-001  1.739006E-001  1.000000E+000  0.000000E+000  0.000000E+000  0.000000E+000  4.758942E-001  8.795025E-001  0.000000E+000 -8.795025E-001  4.758942E-001
  2.720000E+000  4.854886E-002  2.983415E-001  1.743841E-001  1.000000E+000  0.000000E+000  0.000000E+000  0.000000E+000  5.046299E-001  8.633358E-001  0.000000E+000 -8.633358E-001  5.046299E-001
  2.740000E+000  1.294755E-002  2.705177E-001  1.750038E-001  1.000000E+000  0.000000E+000  0.000000E+000  0.000000E+000  5.431703E-001  8.396226E-001  0.000000E+000 -8.396226E-001  5.431703E-001
  2.760000E+000 -1.893827E-002  2.383557E-001  1.756667E-001  1.000000E+000  0.000000E+000  0.000000E+000  0.000000E+000  5.932782E-001  8.049975E-001  0.000000E+000 -8.049975E-001  5.932782E-001
  2.780000E+000 -4.660655E-002  2.023780E-001  1.762603E-001  1.000000E+000  0.000000E+000  0.000000E+000  0.000000E+000  6.567713E-001  7.540898E-001  0.000000E+000 -7.540898E-001  6.567713E-001
  2.800000E+000 -6.962377E-002  1.631867E-001  1.766656E-001  1.000000E+000  0.000000E+000  0.000000E+000  0.000000E+000  7.345738E-001  6.785288E-001  0.000000E+000 -6.785288E-001  7.345738E-001
  2.820000E+000 -8.763523E-002  1.214658E-001  1.767725E-001  1.000000E+000  0.000000E+000  0.000000E+000  0.000000E+000  8.241839E-001  5.663222E-001  0.000000E+000 -5.663222E-001  8.241839E-001
  2.840000E+000 -1.003749E-001  7.799272E-002  1.765066E-001  1.000000E+000  0.000000E+000  0.000000E+000  0.000000E+000  9.146838E-001  4.041701E-001  0.000000E+000 -4.041701E-001  9.146838E-001
  2.860000E+000 -1.076744E-001  3.363191E-002  1.758917E-001  1.000000E+000  0.000000E+000  0.000000E+000  0.000000E+000  9.822062E-001  1.878057E-001  0.000000E+000 -1.878057E-001  9.822062E-001
  2.880000E+000 -1.094602E-001 -1.077174E-002  1.751352E-001  1.000000E+000  0.000000E+000  0.000000E+000  0.000000E+000  9.981139E-001 -6.138928E-002  0.000000E+000  6.138928E-002  9.981139E-001
  2.900000E+000 -1.057203E-001 -5.460314E-002  1.745897E-001  1.000000E+000  0.000000E+000  0.000000E+000  0.000000E+000  9.544117E-001 -2.984935E-001  0.000000E+000  2.984935E-001  9.544117E-001
  2.920000E+000 -9.645907E-002 -9.752774E-002  1.745120E-001  1.000000E+000  0.000000E+000  0.000000E+000  0.000000E+000  8.729300E-001 -4.878454E-001  0.000000E+000  4.878454E-001  8.729300E-001
  2.940000E+000 -8.169826E-002 -1.392504E-001  1.748874E-001  1.000000E+000  0.000000E+000  0.000000E+000  0.000000E+000  7.823057E-001 -6.228946E-001  0.000000E+000  6.228946E-001  7.823057E-001
  2.960000E+000 -6.153893E-002 -1.792860E-001  1.754994E-001  1.000000E+000  0.000000E+000  0.000000E+000  0.000000E+000  6.995199E-001 -7.146131E-001  0.000000E+000  7.146131E-001  6.995199E-001
  2.980000E+000 -3.622603E-002 -2.169470E-001  1.760927E-001  1.000000E+000  0.000000E+000  0.000000E+000  0.000000E+000  6.302115E-001 -7.764235E-001  0.000000E+000  7.764235E-001  6.302115E-001
  3.000000E+000 -6.169713E-003 -2.514606E-001  1.764785E-001  1.000000E+000  0.000000E+000  0.000000E+000  0.000000E+000  5.744582E-001 -8.185339E-001  0.000000E+000  8.185339E-001  5.744582E-001
  3.020000E+000  2.807870E-002 -2.820905E-001  1.765669E-001  1.000000E+000  0.000000E+000  0.000000E+000  0.000000E+000  5.305612E-001 -8.476466E-001  0.000000E+000  8.476466E-001  5.305612E-001
  3.040000E+000  6.587379E-002 -3.082135E-001  1.763575E-001  1.000000E+000  0.000000E+000  0.000000E+000  0.000000E+000  4.966388E-001 -8.679573E-001  0.000000E+000  8.679573E-001  4.966388E-001
  3.060000E+000  1.065233E-001 -3.293466E-001  1.759127E-001  1.000000E+000  0.000000E+000  0.000000E+000  0.000000E+000  4.711327E-001 -8.820623E-001  0.000000E+000  8.820623E-001  4.711327E-001
  3.080000E+000  1.493220E-001 -3.451432E-001  1.753287E-001  1.000000E+000  0.000000E+000  0.000000E+000  0.000000E+000  4.529022E-001 -8.915602E-001  0.000000E+000  8.915602E-001  4.529022E-001
  3.100000E+000  1.935701E-001 -3.553749E-001  1.747123E-001  1.000000E+000  0.000000E+000  0.000000E+000  0.000000E+000  4.411931E-001 -8.974122E-001  0.000000E+000  8.974122E-001  4.411931E-001
  3.120000E+000  2.385776E-001 -3.599120E-001  1.741634E-001  1.000000E+000  0.000000E+000  0.000000E+000  0.000000E+000  4.355861E-001 -9.001471E-001  0.000000E+000  9.001471E-001  4.355861E-001
  3.140000E+000  2.836638E-001 -3.587098E-001  1.737643E-001  1.000000E+000  0.000000E+000  0.000000E+000  0.000000E+000  4.359575E-001 -8.999672E-001  0.000000E+000  8.999672E-001  4.359575E-001
  3.160000E+000  3.281546E-001 -3.518014E-001  1.735731E-001  1.000000E+000  0.000000E+000  0.000000E+000  0.000000E+000  4.424605E-001 -8.967880E-001  0.000000E+000  8.967880E-001  4.424605E-001
  3.180000E+000  3.713829E-001 -3.392973E-001  1.736190E-001  1.000000E+000  0.000000E+000  0.000000E+000  0.000000E+000  4.555279E-001 -8.902215E-001  0.000000E+000  8.902215E-001  4.555279E-001
  3.200000E+000  4.126935E-001 -3.213867E-001  1.739006E-001  1.000000E+000  0.000000E+000  0.000000E+000  0.000000E+000  4.758942E-001 -8.795025E-001  0.000000E+000  8.795025E-001  4.758942E-001
  3.220000E+000  4.514511E-001 -2.983415E-001  1.743841E-001  1.000000E+000  0.000000E+000  0.000000E+000  0.000000E+000  5.046299E-001 -8.633358E-001  0.000000E+000  8.633358E-001  5.046299E-001
  3.240000E+000  4.870524E-001 -2.705177E-001  1.750038E-001  1.000000E+000  0.000000E+000  0.000000E+000  0.000000E+000  5.431703E-001 -8.396226E-001  0.000000E+000  8.396226E-001  5.431703E-001
  3.260000E+000  5.189383E-001 -2.383557E-001  1.756667E-001  1.000000E+000  0.000000E+000  0.000000E+000  0.000000E+000  5.932782E-001 -8.049975E-001  0.000000E+000  8.049975E-001  5.932782E-001
  3.280000E+000  5.466065E-001 -2.023780E-001  1.762603E-001  1.000000E+000  0.000000E+000  0.000000E+000  0.000000E+000  6.567713E-001 -7.540898E-001  0.000000E+000  7.540898E-001  6.567713E-001
  3.300000E+000  5.696238E-001 -1.631867E-001  1.766656E-001  1.000000E+000  0.000000E+000  0.000000E+000  0.000000E+000  7.345738E-001 -6.785288E-001  0.000000E+000  6.785288E-001  7.345738E-001
  3.320000E+000  5.876352E-001 -1.214658E-001  1.767725E-001  1.000000E+000  0.000000E+000  0.000000E+000  0.000000E+000  8.241839E-001 -5.663222E-001  0.000000E+000  5.663222E-001  8.241839E-001
  3.340000E+000  6.003749E-001 -7.799272E-002  1.765066E-001  1.000000E+000  0.000000E+000  0.000000E+000  0.000000E+000  9.146838E-001 -4.041701E-001  0.000000E+000  4.041701E-001  9.146838E-001
  3.360000E+000  6.076744E-001 -3.363191E-002  1.758917E-001  1.000000E+000  0.000000E+000  0.000000E+000  0.000000E+000  9.822062E-001 -1.878057E-001  0.000000E+000  1.878057E-001  9.822062E-001
  3.380000E+000  6.094602E-001  1.077174E-002  1.751352E-001  1.000000E+000  0.000000E+000  0.000000E+000  0.000000E+000  9.981139E-001  6.138928E-002  0.000000E+000 -6.138928E-002  9.981139E-001
  3.400000E+000  6.057203E-001  5.460314E-002  1.745897E-001  1.000000E+000  0.000000E+000  0.000000E+000  0.000000E+000  9.544117E-001  2.984935E-001  0.000000E+000 -2.984935E-001  9.544117E-001
  3.420000E+000  5.964591E-001  9.752774E-002  1.745120E-001  1.000000E+000  0.000000E+000  0.000000E+000  0.000000E+000  8.729300E-001  4.878454E-001  0.000000E+000 -4.878454E-001  8.729300E-001
  3.440000E+000  5.816983E-001  1.392504E-001  1.748874E-001  1.000000E+000  0.000000E+000  0.000000E+000  0.000000E+000  7.823057E-001  6.228946E-001  0.000000E+000 -6.228946E-001  7.823057E-001
  3.460000E+000  5.615389E-001  1.792860E-001  1.754994E-001  1.000000E+000  0.000000E+000  0.000000E+000  0.000000E+000  6.995199E-001  7.146131E-001  0.000000E+000 -7.146131E-001  6.995199E-001
  3.480000E+000  5.362260E-001  2.169470E-001  1.760927E-001  1.000000E+000  0.000000E+000  0.000000E+000  0.000000E+000  6.302115E-001  7.764235E-001  0.000000E+000 -7.764235E-001  6.302115E-001
  3.500000E+000  5.061697E-001  2.514606E-001  1.764785E-001  1.000000E+000  0.000000E+000  0.000000E+000  0.000000E+000  5.744582E-001  8.185339E-001  0.000000E+000 -8.185339E-001  5.744582E-001
  3.520000E+000  4.719213E-001  2.820905E-001  1.765669E-001  1.000000E+000  0.000000E+000  0.000000E+000  0.000000E+000  5.305612E-001  8.476466E-001  0.000000E+000 -8.476466E-001  5.305612E-001
  3.540000E+000  4.341262E-001  3.082135E-001  1.763575E-001  1.000000E+000  0.000000E+000  0.000000E+000  0.000000E+000  4.966388E-001  8.679573E-001  0.000000E+000 -8.679573E-001  4.966388E-001
  3.560000E+000  3.934767E-001  3.293466E-001  1.759127E-001  1.000000E+000  0.000000E+000  0.000000E+000  0.000000E+000  4.711327E-001  8.820623E-001  0.000000E+000 -8.820623E-001  4.711327E-001
  3.580000E+000  3.506780E-001  3.451432E-001  1.753287E-001  1.000000E+000  0.000000E+000  0.000000E+000  0.000000E+000  4.529022E-001  8.915602E-001  0.000000E+000 -8.915602E-001  4.529022E-001
  3.600000E+000  3.064299E-001  3.553749E-001  1.747123E-001  1.000000E+000  0.000000E+000  0.000000E+000  0.000000E+000  4.411931E-001  8.974122E-001  0.000000E+000 -8.974122E-001  4.411931E-001
  3.620000E+000  2.614224E-001  3.599120E-001  1.741634E-001  1.000000E+000  0.000000E+000  0.000000E+000  0.000000E+000  4.355861E-001  9.001471E-001  0.000000E+000 -9.001471E-001  4.355861E-001
  3.640000E+000  2.163362E-001  3.587098E-001  1.737643E-001  1.000000E+000  0.000000E+000  0.000000E+000  0.000000E+000  4.359575E-001  8.999672E-001  0.000000E+000 -8.999672E-001  4.359575E-001
  3.660000E+000  1.718454E-001  3.518014E-001  1.735731E-001  1.000000E+000  0.000000E+000  0.000000E+000  0.000000E+000  4.424605E-001  8.967880E-001  0.000000E+000 -8.967880E-001  4.424605E-001
  3.680000E+000  1.286171E-001  3.392973E-001  1.736190E-001  1.000000E+000  0.000000E+000  0.000000E+000  0.000000E+000  4.555279E-001  8.902215E-001  0.000000E+000 -8.902215E-001  4.555279E-001
  3.700000E+000  8.730652E-002  3.213867E-001  1.739006E-001  1.000000E+000  0.000000E+000  0.000000E+000  0.000000E+000  4.758942E-001  8.795025E-001  0.000000E+000 -8.795025E-001  4.758942E-001
  3.720000E+000  4.854886E-002  2.983415E-001  1.743841E-001  1.000000E+000  0.000000E+000  0.000000E+000  0.000000E+000  5.046299E-001  8.633358E-001  0.000000E+000 -8.633358E-001  5.046299E-001
  3.740000E+000  1.294755E-002  2.705177E-001  1.750038E-001  1.000000E+000  0.000000E+000  0.000000E+000  0.000000E+000  5.431703E-001  8.396226E-001  0.000000E+000 -8.396226E-001  5.431703E-001
  3.760000E+000 -1.893827E-002  2.383557E-001  1.756667E-001  1.000000E+000  0.000000E+000  0.000000E+000  0.000000E+000  5.932782E-001  8.049975E-001  0.000000E+000 -8.049975E-001  5.932782E-001
  3.780000E+000 -4.660655E-002  2.023780E-001  1.762603E-001  1.000000E+000  0.000000E+000  0.000000E+000  0.000000E+000  6.567713E-001  7.540898E-001  0.000000E+000 -7.540898E-001  6.567713E-001
  3.800000E+000 -6.962377E-002  1.631867E-001  1.766656E-001  1.000000E+000  0.000000E+000  0.000000E+000  0.000000E+000  7.345738E-001  6.785288E-001  0.000000E+000 -6.785288E-001  7.345738E-001
  3.820000E+000 -8.763523E-002  1.214658E-001  1.767725E-001  1.000000E+000  0.000000E+000  0.000000E+000  0.000000E+000  8.241839E-001  5.663222E-001  0.000000E+000 -5.663222E-001  8.241839E-001
  3.840000E+000 -1.003749E-001  7.799272E-002  1.765066E-001  1.000000E+000  0.000000E+000  0.000000E+000  0.000000E+000  9.146838E-001  4.041701E-001  0.000000E+000 -4.041701E-001  9.146838E-001
  3.860000E+000 -1.076744E-001  3.363191E-002  1.758917E-001  1.000000E+000  0.000000E+000  0.000000E+000  0.000000E+000  9.822062E-001  1.878057E-001  0.000000E+000 -1.878057E-001  9.822062E-001
  3.880000E+000 -1.094602E-001 -1.077174E-002  1.751352E-001  1.000000E+000  0.000000E+000  0.000000E+000  0.000000E+000  9.981139E-001 -6.138928E-002  0.000000E+000  6.138928E-002  9.981139E-001
  3.900000E+000 -1.057203E-001 -5.460314E-002  1.745897E-001  1.000000E+000  0.000000E+000  0.000000E+000  0.000000E+000  9.544117E-001 -2.984935E-001  0.000000E+000  2.984935E-001  9.544117E-001
  3.920000E+000 -9.645907E-002 -9.752774E-002  1.745120E-001  1.000000E+000  0.000000E+000  0.000000E+000  0.000000E+000  8.729300E-001 -4.878454E-001  0.000000E+000  4.878454E-001  8.729300E-001
  3.940000E+000 -8.169826E-002 -1.392504E-001  1.748874E-001  1.000000E+000  0.000000E+000  0.000000E+000  0.000000E+000  7.823057E-001 -6.228946E-001  0.000000E+000  6.228946E-001  7.823057E-001
  3.960000E+000 -6.153893E-002 -1.792860E-001  1.754994E-001  1.000000E+000  0.000000E+000  0.000000E+000  0.000000E+000  6.995199E-001 -7.146131E-001  0.000000E+000  7.146131E-001  6.995199E-001
  3.980000E+000 -3.622603E-002 -2.169470E-001  1.760927E-001  1.000000E+000  0.000000E+000  0.000000E+000  0.000000E+000  6.302115E-001 -7.764235E-001  0.000000E+000  7.764235E-001  6.302115E-001
