% FILE: Link.4
%
%       t         P_No_Eo[1]     P_No_Eo[2]     P_No_Eo[3]      N_E[1,1]       N_E[1,2]       N_E[1,3]       N_E[2,1]       N_E[2,2]       N_E[2,3]       N_E[3,1]       N_E[3,2]       N_E[3,3]
%   (second)        (meter)        (meter)        (meter)       (NoUnits)      (NoUnits)      (NoUnits)      (NoUnits)      (NoUnits)      (NoUnits)      (NoUnits)      (NoUnits)      (NoUnits)

  0.000000E+000  5.000000E-001  0.000000E+000  0.000000E+000  8.660254E-001  0.000000E+000 -5.000000E-001 -2.500000E-001  8.660254E-001 -4.330127E-001  4.330127E-001  5.000000E-001  7.500000E-001
  2.000000E-002  4.997017E-001 -2.986544E-004  4.428738E-004  8.730791E-001  0.000000E+000 -4.875786E-001 -2.726080E-001  8.290964E-001 -4.881436E-001  4.042496E-001  5.591058E-001  7.238667E-001
  4.000000E-002  4.990346E-001 -1.299038E-003  1.446650E-003  8.956590E-001  0.000000E+000 -4.447414E-001 -2.971437E-001  7.440473E-001 -5.984139E-001  3.309087E-001  6.681269E-001  6.664127E-001
  6.000000E-002  4.983837E-001 -3.087812E-003  2.602454E-003  9.283969E-001  0.000000E+000 -3.715902E-001 -2.841341E-001  6.444532E-001 -7.098928E-001  2.394725E-001  7.646437E-001  5.983083E-001
  8.000000E-002  4.980972E-001 -5.521336E-003  3.683335E-003  9.612768E-001  0.000000E+000 -2.755847E-001 -2.292535E-001  5.549552E-001 -7.996672E-001  1.529371E-001  8.318803E-001  5.334655E-001
  1.000000E-001  4.984051E-001 -8.306542E-003  4.630244E-003  9.862259E-001  0.000000E+000 -1.654040E-001 -1.444745E-001  4.868878E-001 -8.614333E-001  8.053318E-002  8.734645E-001  4.801814E-001
  1.200000E-001  4.994018E-001 -1.111804E-002  5.487142E-003  9.988382E-001  0.000000E+000 -4.818961E-002 -4.321326E-002  4.425697E-001 -8.956923E-001  2.132726E-002  8.967341E-001  4.420555E-001
  1.400000E-001  5.010700E-001 -1.367051E-002  6.332141E-003  9.974876E-001  0.000000E+000  7.084151E-002  6.428059E-002  4.202985E-001 -9.051062E-001 -2.977458E-002  9.073859E-001  4.192425E-001
  1.600000E-001  5.033166E-001 -1.574929E-002  7.226385E-003  9.821712E-001  0.000000E+000  1.879884E-001  1.708609E-001  4.170344E-001 -8.926863E-001 -7.839764E-002  9.088907E-001  4.095992E-001
  1.800000E-001  5.060082E-001 -1.721510E-002  8.188471E-003  9.537525E-001  0.000000E+000  3.005930E-001  2.714498E-001  4.295403E-001 -8.612840E-001 -1.291168E-001  9.030477E-001  4.096752E-001
  2.000000E-001  5.089965E-001 -1.799616E-002  9.192620E-003  9.135575E-001  0.000000E+000  4.067095E-001  3.621924E-001  4.548986E-001 -8.135625E-001 -1.850116E-001  8.905432E-001  4.155760E-001
  2.200000E-001  5.121352E-001 -1.807492E-002  1.018375E-002  8.631786E-001  0.000000E+000  5.048987E-001  4.398845E-001  4.908695E-001 -7.520298E-001 -2.478394E-001  8.712331E-001  4.237080E-001
  2.400000E-001  5.152880E-001 -1.747270E-002  1.110083E-002  8.044099E-001  0.000000E+000  5.940747E-001  5.014339E-001  5.362509E-001 -6.789691E-001 -3.185731E-001  8.440586E-001  4.313655E-001
  2.600000E-001  5.183324E-001 -1.623412E-002  1.189914E-002  7.393135E-001  0.000000E+000  6.733614E-001  5.430957E-001  5.911737E-001 -5.962891E-001 -3.980736E-001  8.065442E-001  4.370627E-001
  2.800000E-001  5.211600E-001 -1.441420E-002  1.256249E-002  6.704414E-001  0.000000E+000  7.419625E-001  5.593428E-001  6.570243E-001 -5.054253E-001 -4.874874E-001  7.538694E-001  4.404963E-001
  3.000000E-001  5.236767E-001 -1.207272E-002  1.309959E-002  6.012262E-001  0.000000E+000  7.990789E-001  5.415339E-001  7.353406E-001 -4.074496E-001 -5.875952E-001  6.776977E-001  4.421061E-001
  3.200000E-001  5.258034E-001 -9.278088E-003  1.352788E-002  5.364916E-001  0.000000E+000  8.439056E-001  4.773165E-001  8.246769E-001 -3.034419E-001 -6.959495E-001  5.656041E-001  4.424323E-001
  3.400000E-001  5.274767E-001 -6.116362E-003  1.385947E-002  4.828217E-001  0.000000E+000  8.757187E-001  3.535668E-001  9.148717E-001 -1.949367E-001 -8.011702E-001  4.037447E-001  4.417199E-001
  3.600000E-001  5.286492E-001 -2.693235E-003  1.410368E-002  4.480603E-001  0.000000E+000  8.940033E-001  1.676886E-001  9.822512E-001 -8.404287E-002 -8.781358E-001  1.875704E-001  4.401078E-001
  3.800000E-001  5.292893E-001  8.805993E-004  1.428117E-002  4.389393E-001  0.000000E+000  8.985167E-001 -5.529890E-002  9.981043E-001  2.701437E-002 -8.968134E-001 -6.154465E-002  4.381073E-001
  4.000000E-001  5.293803E-001  4.513880E-003  1.442643E-002  4.574973E-001  0.000000E+000  8.892110E-001 -2.655307E-001  9.543740E-001  1.366150E-001 -8.486399E-001 -2.986138E-001  4.366235E-001
  4.200000E-001  5.289191E-001  8.144193E-003  1.456919E-002  4.998771E-001  0.000000E+000  8.660963E-001 -4.226024E-001  8.728776E-001  2.439097E-001 -7.559960E-001 -4.879393E-001  4.363315E-001
  4.400000E-001  5.279157E-001  1.172139E-002  1.471848E-002  5.589099E-001  0.000000E+000  8.292284E-001 -5.165788E-001  7.822511E-001  3.481803E-001 -6.486649E-001 -6.229632E-001  4.372079E-001
  4.600000E-001  5.263922E-001  1.518873E-002  1.486597E-002  6.271997E-001  0.000000E+000  7.788585E-001 -5.566185E-001  6.994727E-001  4.482341E-001 -5.447902E-001 -7.146593E-001  4.387091E-001
  4.800000E-001  5.243814E-001  1.847908E-002  1.499781E-002  6.985139E-001  0.000000E+000  7.155964E-001 -5.556264E-001  6.301762E-001  5.423627E-001 -4.509519E-001 -7.764521E-001  4.401869E-001
  5.000000E-001  5.219259E-001  2.152090E-002  1.510277E-002  7.679862E-001  0.000000E+000  6.404664E-001 -5.242537E-001  5.744355E-001  6.286350E-001 -3.679066E-001 -8.185498E-001  4.411586E-001
  5.200000E-001  5.190760E-001  2.424548E-002  1.517532E-002  8.319523E-001  0.000000E+000  5.548472E-001 -4.703185E-001  5.305494E-001  7.052077E-001 -2.943738E-001 -8.476540E-001  4.413918E-001
  5.400000E-001  5.158878E-001  2.659212E-002  1.521566E-002  8.877351E-001  0.000000E+000  4.603546E-001 -3.995691E-001  4.966351E-001  7.705180E-001 -2.286283E-001 -8.679594E-001  4.408804E-001
  5.600000E-001  5.124217E-001  2.851078E-002  1.522843E-002  9.334443E-001  0.000000E+000  3.587223E-001 -3.164151E-001  4.711344E-001  8.233553E-001 -1.690064E-001 -8.820615E-001  4.397777E-001
  5.800000E-001  5.087410E-001  2.996304E-002  1.522107E-002  9.678012E-001  0.000000E+000  2.517157E-001 -2.244192E-001  4.529067E-001  8.628508E-001 -1.140037E-001 -8.915579E-001  4.383237E-001
  6.000000E-001  5.049105E-001  3.092193E-002  1.520233E-002  9.899972E-001  0.000000E+000  1.410870E-001 -1.266128E-001  4.411986E-001  8.884329E-001 -6.224739E-002 -8.974095E-001  4.367854E-001
  6.200000E-001  5.009958E-001  3.137131E-002  1.518097E-002  9.995920E-001  0.000000E+000  2.856159E-002 -2.570956E-002  4.355913E-001  8.997773E-001 -1.244118E-002 -9.001446E-001  4.354136E-001
  6.400000E-001  4.970622E-001  3.130510E-002  1.516483E-002  9.964524E-001  0.000000E+000 -8.415821E-002  7.573946E-002  4.359617E-001  8.967725E-001  3.668975E-002 -8.999652E-001  4.344150E-001
  6.600000E-001  4.931739E-001  3.072649E-002  1.516006E-002  9.807261E-001  0.000000E+000 -1.953874E-001  1.752208E-001  4.424633E-001  8.795021E-001  8.645175E-002 -8.967866E-001  4.339353E-001
  6.800000E-001  4.893937E-001  2.964726E-002  1.517062E-002  9.528445E-001  0.000000E+000 -3.034590E-001  2.701455E-001  4.555294E-001  8.482419E-001  1.382345E-001 -8.902207E-001  4.340487E-001
  7.000000E-001  4.857815E-001  2.808721E-002  1.519786E-002  9.135460E-001  0.000000E+000 -4.067353E-001  3.577247E-001  4.758947E-001  8.034658E-001  1.935632E-001 -8.795023E-001  4.347517E-001
  7.200000E-001  4.823941E-001  2.607356E-002  1.524030E-002  8.639200E-001  0.000000E+000 -5.036291E-001  4.348010E-001  5.046297E-001  7.458531E-001  2.541462E-001 -8.633359E-001  4.359597E-001
  7.400000E-001  4.792840E-001  2.364048E-002  1.529352E-002  8.054735E-001  0.000000E+000 -5.926318E-001  4.975872E-001  5.431698E-001  6.762939E-001  3.218997E-001 -8.396229E-001  4.375089E-001
  7.600000E-001  4.764990E-001  2.082856E-002  1.535050E-002  7.402370E-001  0.000000E+000 -6.723460E-001  5.412371E-001  5.932777E-001  5.958892E-001  3.988879E-001 -8.049979E-001  4.391661E-001
  7.800000E-001  4.740816E-001  1.768446E-002  1.540219E-002  6.709347E-001  0.000000E+000 -7.415164E-001  5.591702E-001  6.567709E-001  5.059453E-001  4.870064E-001 -7.540901E-001  4.406504E-001
  8.000000E-001  4.720686E-001  1.426065E-002  1.543854E-002  6.012521E-001  0.000000E+000 -7.990594E-001  5.421850E-001  7.345735E-001  4.079671E-001  5.869679E-001 -6.785291E-001  4.416639E-001
  8.200000E-001  4.704910E-001  1.061601E-002  1.544976E-002  5.362047E-001  0.000000E+000 -8.440880E-001  4.780260E-001  8.241838E-001  3.036648E-001  6.956836E-001 -5.663224E-001  4.419312E-001
  8.400000E-001  4.693737E-001  6.817353E-003  1.542845E-002  4.824252E-001  0.000000E+000 -8.759372E-001  3.540277E-001  9.146838E-001  1.949819E-001  8.012055E-001 -4.041702E-001  4.412665E-001
  8.600000E-001  4.687354E-001  2.939796E-003  1.537485E-002  4.476957E-001  0.000000E+000 -8.941860E-001  1.679333E-001  9.822062E-001  8.407984E-002  8.782750E-001 -1.878058E-001  4.397295E-001
  8.800000E-001  4.685881E-001 -9.413042E-004  1.530444E-002  4.386656E-001  0.000000E+000 -8.986504E-001 -5.516750E-002  9.981139E-001 -2.692937E-002  8.969554E-001  6.138928E-002  4.378382E-001
  9.000000E-001  4.689368E-001 -4.768203E-003  1.524599E-002  4.573228E-001  0.000000E+000 -8.893008E-001 -2.654505E-001  9.544117E-001 -1.365079E-001  8.487590E-001  2.984935E-001  4.364742E-001
  9.200000E-001  4.697790E-001 -8.507168E-003  1.522237E-002  4.997882E-001  0.000000E+000 -8.661477E-001 -4.225462E-001  8.729300E-001 -2.438194E-001  7.560863E-001  4.878455E-001  4.362801E-001
  9.400000E-001  4.711034E-001 -1.213109E-002  1.523567E-002  5.588843E-001  0.000000E+000 -8.292457E-001 -5.165327E-001  7.823057E-001 -3.481260E-001  6.487236E-001  6.228947E-001  4.372183E-001
  9.600000E-001  4.728902E-001 -1.560131E-002  1.527180E-002  6.272136E-001  0.000000E+000 -7.788473E-001 -5.565745E-001  6.995199E-001 -4.482151E-001  5.448192E-001  7.146131E-001  4.387483E-001
  9.800000E-001  4.751106E-001 -1.886509E-002  1.531251E-002  6.985461E-001  0.000000E+000 -7.155651E-001 -5.555816E-001  6.302115E-001 -5.423676E-001  4.509573E-001  7.764235E-001  4.402317E-001
  1.000000E+000  4.777282E-001 -2.186236E-002  1.534330E-002  7.680213E-001  0.000000E+000 -6.404243E-001 -5.242090E-001  5.744582E-001 -6.286515E-001  3.678970E-001  8.185339E-001  4.411961E-001
  1.020000E+000  4.806995E-001 -2.453342E-002  1.535602E-002  8.319816E-001  0.000000E+000 -5.548032E-001 -4.702771E-001  5.305612E-001 -7.052264E-001  2.943570E-001  8.476466E-001  4.414171E-001
  1.040000E+000  4.839752E-001 -2.682428E-002  1.534865E-002  8.877554E-001  0.000000E+000 -4.603155E-001 -3.995342E-001  4.966388E-001 -7.705338E-001  2.286105E-001  8.679573E-001  4.408937E-001
  1.060000E+000  4.875017E-001 -2.868959E-002  1.532386E-002  9.334561E-001  0.000000E+000 -3.586918E-001 -3.163885E-001  4.711327E-001 -8.233665E-001  1.689914E-001  8.820624E-001  4.397816E-001
  1.080000E+000  4.912216E-001 -3.009392E-002  1.528736E-002  9.678067E-001  0.000000E+000 -2.516948E-001 -2.244011E-001  4.529021E-001 -8.628579E-001  1.139931E-001  8.915602E-001  4.383217E-001
  1.100000E+000  4.950756E-001 -3.101190E-002  1.524632E-002  9.899990E-001  0.000000E+000 -1.410747E-001 -1.266022E-001  4.411930E-001 -8.884372E-001  6.224118E-002  8.974122E-001  4.367807E-001
  1.120000E+000  4.990026E-001 -3.142797E-002  1.520816E-002  9.995922E-001  0.000000E+000 -2.855589E-002 -2.570450E-002  4.355861E-001 -8.997800E-001  1.243855E-002  9.001471E-001  4.354085E-001
  1.140000E+000  5.029408E-001 -3.133588E-002  1.517957E-002  9.964523E-001  0.000000E+000  8.415963E-002  7.574091E-002  4.359575E-001 -8.967744E-001 -3.669002E-002  8.999673E-001  4.344108E-001
  1.160000E+000  5.068287E-001 -3.073821E-002  1.516573E-002  9.807263E-001  0.000000E+000  1.953866E-001  1.752203E-001  4.424605E-001 -8.795036E-001 -8.645083E-002  8.967880E-001  4.339326E-001
  1.180000E+000  5.106057E-001 -2.964585E-002  1.516983E-002  9.528450E-001  0.000000E+000  3.034574E-001  2.701443E-001  4.555279E-001 -8.482431E-001 -1.382333E-001  8.902215E-001  4.340475E-001
  1.200000E+000  5.142135E-001 -2.807757E-002  1.519262E-002  9.135468E-001  0.000000E+000  4.067337E-001  3.577233E-001  4.758942E-001 -8.034667E-001 -1.935622E-001  8.795025E-001  4.347516E-001
  1.220000E+000  5.175964E-001 -2.605956E-002  1.523212E-002  8.639207E-001  0.000000E+000  5.036279E-001  4.348000E-001  5.046299E-001 -7.458536E-001 -2.541457E-001  8.633358E-001  4.359602E-001
  1.240000E+000  5.207024E-001 -2.362503E-002  1.528355E-002  8.054740E-001  0.000000E+000  5.926311E-001  4.975865E-001  5.431703E-001 -6.762941E-001 -3.218996E-001  8.396226E-001  4.375095E-001
  1.260000E+000  5.234843E-001 -2.081372E-002  1.533958E-002  7.402373E-001  0.000000E+000  6.723457E-001  5.412366E-001  5.932782E-001 -5.958892E-001 -3.988881E-001  8.049975E-001  4.391667E-001
  1.280000E+000  5.258995E-001 -1.767155E-002  1.539096E-002  6.709348E-001  0.000000E+000  7.415164E-001  5.591699E-001  6.567713E-001 -5.059451E-001 -4.870067E-001  7.540898E-001  4.406507E-001
  1.300000E+000  5.279114E-001 -1.425041E-002  1.542747E-002  6.012520E-001  0.000000E+000  7.990594E-001  5.421848E-001  7.345738E-001 -4.079668E-001 -5.869681E-001  6.785288E-001  4.416640E-001
  1.320000E+000  5.294888E-001 -1.060873E-002  1.543917E-002  5.362045E-001  0.000000E+000  8.440881E-001  4.780258E-001  8.241839E-001 -3.036645E-001 -6.956838E-001  5.663222E-001  4.419312E-001
  1.340000E+000  5.306067E-001 -6.812983E-003  1.541857E-002  4.824250E-001  0.000000E+000  8.759373E-001  3.540277E-001  9.146838E-001 -1.949818E-001 -8.012056E-001  4.041701E-001  4.412664E-001
  1.360000E+000  5.312462E-001 -2.938065E-003  1.536580E-002  4.476955E-001  0.000000E+000  8.941861E-001  1.679333E-001  9.822062E-001 -8.407979E-002 -8.782751E-001  1.878057E-001  4.397293E-001
  1.380000E+000  5.313952E-001  9.408027E-004  1.529629E-002  4.386655E-001  0.000000E+000  8.986504E-001 -5.516751E-002  9.981139E-001  2.692936E-002 -8.969555E-001 -6.138929E-002  4.378381E-001
  1.400000E+000  5.310484E-001  4.765930E-003  1.523872E-002  4.573227E-001  0.000000E+000  8.893008E-001 -2.654505E-001  9.544117E-001  1.365079E-001 -8.487591E-001 -2.984935E-001  4.364742E-001
  1.420000E+000  5.302083E-001  8.503580E-003  1.521595E-002  4.997881E-001  0.000000E+000  8.661477E-001 -4.225462E-001  8.729300E-001  2.438193E-001 -7.560863E-001 -4.878454E-001  4.362801E-001
  1.440000E+000  5.288859E-001  1.212660E-002  1.523004E-002  5.588843E-001  0.000000E+000  8.292457E-001 -5.165327E-001  7.823057E-001  3.481260E-001 -6.487236E-001 -6.228946E-001  4.372184E-001
  1.460000E+000  5.271011E-001  1.559630E-002  1.526689E-002  6.272136E-001  0.000000E+000  7.788473E-001 -5.565745E-001  6.995199E-001  4.482150E-001 -5.448192E-001 -7.146131E-001  4.387484E-001
  1.480000E+000  5.248825E-001  1.885986E-002  1.530827E-002  6.985461E-001  0.000000E+000  7.155651E-001 -5.555815E-001  6.302115E-001  5.423676E-001 -4.509573E-001 -7.764235E-001  4.402318E-001
  1.500000E+000  5.222665E-001  2.185717E-002  1.533966E-002  7.680213E-001  0.000000E+000  6.404243E-001 -5.242090E-001  5.744582E-001  6.286515E-001 -3.678970E-001 -8.185339E-001  4.411962E-001
  1.520000E+000  5.192966E-001  2.452847E-002  1.535292E-002  8.319816E-001  0.000000E+000  5.548032E-001 -4.702771E-001  5.305612E-001  7.052264E-001 -2.943571E-001 -8.476466E-001  4.414172E-001
  1.540000E+000  5.160220E-001  2.681970E-002  1.534604E-002  8.877554E-001  0.000000E+000  4.603155E-001 -3.995342E-001  4.966388E-001  7.705338E-001 -2.286105E-001 -8.679573E-001  4.408938E-001
  1.560000E+000  5.124966E-001  2.868548E-002  1.532167E-002  9.334560E-001  0.000000E+000  3.586918E-001 -3.163885E-001  4.711327E-001  8.233664E-001 -1.689914E-001 -8.820623E-001  4.397817E-001
  1.580000E+000  5.087773E-001  3.009032E-002  1.528553E-002  9.678066E-001  0.000000E+000  2.516949E-001 -2.244011E-001  4.529022E-001  8.628579E-001 -1.139932E-001 -8.915602E-001  4.383217E-001
  1.600000E+000  5.049239E-001  3.100882E-002  1.524481E-002  9.899989E-001  0.000000E+000  1.410748E-001 -1.266022E-001  4.411931E-001  8.884371E-001 -6.224122E-002 -8.974122E-001  4.367807E-001
  1.620000E+000  5.009973E-001  3.142539E-002  1.520692E-002  9.995922E-001  0.000000E+000  2.855596E-002 -2.570456E-002  4.355861E-001  8.997800E-001 -1.243858E-002 -9.001471E-001  4.354085E-001
  1.640000E+000  4.970594E-001  3.133377E-002  1.517854E-002  9.964523E-001  0.000000E+000 -8.415957E-002  7.574086E-002  4.359575E-001  8.967744E-001  3.669000E-002 -8.999672E-001  4.344109E-001
  1.660000E+000  4.931717E-001  3.073652E-002  1.516490E-002  9.807263E-001  0.000000E+000 -1.953865E-001  1.752203E-001  4.424605E-001  8.795036E-001  8.645081E-002 -8.967880E-001  4.339326E-001
  1.680000E+000  4.893947E-001  2.964453E-002  1.516916E-002  9.528450E-001  0.000000E+000 -3.034573E-001  2.701442E-001  4.555279E-001  8.482431E-001  1.382333E-001 -8.902215E-001  4.340475E-001
  1.700000E+000  4.857870E-001  2.807656E-002  1.519208E-002  9.135468E-001  0.000000E+000 -4.067337E-001  3.577233E-001  4.758942E-001  8.034667E-001  1.935622E-001 -8.795025E-001  4.347516E-001
  1.720000E+000  4.824041E-001  2.605881E-002  1.523168E-002  8.639207E-001  0.000000E+000 -5.036279E-001  4.348000E-001  5.046299E-001  7.458537E-001  2.541457E-001 -8.633358E-001  4.359602E-001
  1.740000E+000  4.792981E-001  2.362449E-002  1.528320E-002  8.054740E-001  0.000000E+000 -5.926311E-001  4.975865E-001  5.431703E-001  6.762941E-001  3.218996E-001 -8.396226E-001  4.375095E-001
  1.760000E+000  4.765162E-001  2.081335E-002  1.533931E-002  7.402373E-001  0.000000E+000 -6.723457E-001  5.412366E-001  5.932782E-001  5.958892E-001  3.988880E-001 -8.049975E-001  4.391667E-001
  1.780000E+000  4.741008E-001  1.767130E-002  1.539075E-002  6.709348E-001  0.000000E+000 -7.415164E-001  5.591699E-001  6.567713E-001  5.059451E-001  4.870067E-001 -7.540898E-001  4.406507E-001
  1.800000E+000  4.720889E-001  1.425026E-002  1.542730E-002  6.012520E-001  0.000000E+000 -7.990594E-001  5.421848E-001  7.345738E-001  4.079668E-001  5.869681E-001 -6.785288E-001  4.416640E-001
  1.820000E+000  4.705114E-001  1.060865E-002  1.543905E-002  5.362045E-001  0.000000E+000 -8.440881E-001  4.780258E-001  8.241839E-001  3.036646E-001  6.956838E-001 -5.663222E-001  4.419312E-001
  1.840000E+000  4.693935E-001  6.812942E-003  1.541848E-002  4.824251E-001  0.000000E+000 -8.759373E-001  3.540277E-001  9.146838E-001  1.949818E-001  8.012056E-001 -4.041701E-001  4.412664E-001
  1.860000E+000  4.687539E-001  2.938052E-003  1.536574E-002  4.476955E-001  0.000000E+000 -8.941861E-001  1.679333E-001  9.822062E-001  8.407979E-002  8.782751E-001 -1.878057E-001  4.397293E-001
  1.880000E+000  4.686049E-001 -9.407997E-004  1.529624E-002  4.386655E-001  0.000000E+000 -8.986504E-001 -5.516751E-002  9.981139E-001 -2.692936E-002  8.969555E-001  6.138928E-002  4.378381E-001
  1.900000E+000  4.689517E-001 -4.765919E-003  1.523869E-002  4.573227E-001  0.000000E+000 -8.893008E-001 -2.654505E-001  9.544117E-001 -1.365079E-001  8.487591E-001  2.984935E-001  4.364742E-001
  1.920000E+000  4.697918E-001 -8.503568E-003  1.521593E-002  4.997881E-001  0.000000E+000 -8.661477E-001 -4.225462E-001  8.729300E-001 -2.438193E-001  7.560863E-001  4.878454E-001  4.362801E-001
  1.940000E+000  4.711141E-001 -1.212659E-002  1.523002E-002  5.588843E-001  0.000000E+000 -8.292457E-001 -5.165327E-001  7.823057E-001 -3.481260E-001  6.487236E-001  6.228946E-001  4.372184E-001
  1.960000E+000  4.728989E-001 -1.559629E-002  1.526689E-002  6.272136E-001  0.000000E+000 -7.788473E-001 -5.565745E-001  6.995199E-001 -4.482150E-001  5.448192E-001  7.146131E-001  4.387484E-001
  1.980000E+000  4.751175E-001 -1.885986E-002  1.530827E-002  6.985461E-001  0.000000E+000 -7.155651E-001 -5.555815E-001  6.302115E-001 -5.423676E-001  4.509573E-001  7.764235E-001  4.402318E-001
  2.000000E+000  4.777335E-001 -2.185718E-002  1.533966E-002  7.680213E-001  0.000000E+000 -6.404243E-001 -5.242090E-001  5.744582E-001 -6.286515E-001  3.678970E-001  8.185339E-001  4.411962E-001
  2.020000E+000  4.807034E-001 -2.452847E-002  1.535293E-002  8.319816E-001  0.000000E+000 -5.548032E-001 -4.702771E-001  5.305612E-001 -7.052264E-001  2.943571E-001  8.476466E-001  4.414172E-001
  2.040000E+000  4.839780E-001 -2.681971E-002  1.534604E-002  8.877554E-001  0.000000E+000 -4.603155E-001 -3.995342E-001  4.966388E-001 -7.705338E-001  2.286105E-001  8.679573E-001  4.408938E-001
  2.060000E+000  4.875034E-001 -2.868549E-002  1.532168E-002  9.334560E-001  0.000000E+000 -3.586918E-001 -3.163885E-001  4.711327E-001 -8.233664E-001  1.689914E-001  8.820623E-001  4.397817E-001
  2.080000E+000  4.912227E-001 -3.009033E-002  1.528554E-002  9.678066E-001  0.000000E+000 -2.516949E-001 -2.244011E-001  4.529022E-001 -8.628579E-001  1.139932E-001  8.915602E-001  4.383217E-001
  2.100000E+000  4.950761E-001 -3.100883E-002  1.524481E-002  9.899989E-001  0.000000E+000 -1.410748E-001 -1.266022E-001  4.411931E-001 -8.884371E-001  6.224122E-002  8.974122E-001  4.367807E-001
  2.120000E+000  4.990027E-001 -3.142540E-002  1.520692E-002  9.995922E-001  0.000000E+000 -2.855596E-002 -2.570456E-002  4.355861E-001 -8.997800E-001  1.243858E-002  9.001471E-001  4.354085E-001
  2.140000E+000  5.029406E-001 -3.133378E-002  1.517855E-002  9.964523E-001  0.000000E+000  8.415957E-002  7.574086E-002  4.359575E-001 -8.967744E-001 -3.669000E-002  8.999672E-001  4.344109E-001
  2.160000E+000  5.068283E-001 -3.073653E-002  1.516490E-002  9.807263E-001  0.000000E+000  1.953865E-001  1.752203E-001  4.424605E-001 -8.795036E-001 -8.645081E-002  8.967880E-001  4.339326E-001
  2.180000E+000  5.106053E-001 -2.964454E-002  1.516916E-002  9.528450E-001  0.000000E+000  3.034573E-001  2.701442E-001  4.555279E-001 -8.482431E-001 -1.382333E-001  8.902215E-001  4.340475E-001
  2.200000E+000  5.142130E-001 -2.807657E-002  1.519208E-002  9.135468E-001  0.000000E+000  4.067337E-001  3.577233E-001  4.758942E-001 -8.034667E-001 -1.935622E-001  8.795025E-001  4.347516E-001
  2.220000E+000  5.175959E-001 -2.605882E-002  1.523168E-002  8.639207E-001  0.000000E+000  5.036279E-001  4.348000E-001  5.046299E-001 -7.458537E-001 -2.541457E-001  8.633358E-001  4.359602E-001
  2.240000E+000  5.207020E-001 -2.362449E-002  1.528320E-002  8.054740E-001  0.000000E+000  5.926311E-001  4.975865E-001  5.431703E-001 -6.762941E-001 -3.218996E-001  8.396226E-001  4.375095E-001
  2.260000E+000  5.234838E-001 -2.081335E-002  1.533931E-002  7.402373E-001  0.000000E+000  6.723457E-001  5.412366E-001  5.932782E-001 -5.958892E-001 -3.988880E-001  8.049975E-001  4.391667E-001
  2.280000E+000  5.258992E-001 -1.767131E-002  1.539075E-002  6.709348E-001  0.000000E+000  7.415164E-001  5.591699E-001  6.567713E-001 -5.059451E-001 -4.870067E-001  7.540898E-001  4.406507E-001
  2.300000E+000  5.279111E-001 -1.425026E-002  1.542730E-002  6.012520E-001  0.000000E+000  7.990594E-001  5.421848E-001  7.345738E-001 -4.079668E-001 -5.869681E-001  6.785288E-001  4.416640E-001
  2.320000E+000  5.294886E-001 -1.060865E-002  1.543905E-002  5.362045E-001  0.000000E+000  8.440881E-001  4.780258E-001  8.241839E-001 -3.036646E-001 -6.956838E-001  5.663222E-001  4.419312E-001
  2.340000E+000  5.306065E-001 -6.812942E-003  1.541848E-002  4.824251E-001  0.000000E+000  8.759373E-001  3.540277E-001  9.146838E-001 -1.949818E-001 -8.012056E-001  4.041701E-001  4.412664E-001
  2.360000E+000  5.312461E-001 -2.938053E-003  1.536574E-002  4.476955E-001  0.000000E+000  8.941861E-001  1.679333E-001  9.822062E-001 -8.407979E-002 -8.782751E-001  1.878057E-001  4.397293E-001
  2.380000E+000  5.313951E-001  9.407998E-004  1.529624E-002  4.386655E-001  0.000000E+000  8.986504E-001 -5.516751E-002  9.981139E-001  2.692936E-002 -8.969555E-001 -6.138928E-002  4.378381E-001
  2.400000E+000  5.310483E-001  4.765920E-003  1.523869E-002  4.573227E-001  0.000000E+000  8.893008E-001 -2.654505E-001  9.544117E-001  1.365079E-001 -8.487591E-001 -2.984935E-001  4.364742E-001
  2.420000E+000  5.302082E-001  8.503568E-003  1.521593E-002  4.997881E-001  0.000000E+000  8.661477E-001 -4.225462E-001  8.729300E-001  2.438193E-001 -7.560863E-001 -4.878454E-001  4.362801E-001
  2.440000E+000  5.288859E-001  1.212659E-002  1.523003E-002  5.588843E-001  0.000000E+000  8.292457E-001 -5.165327E-001  7.823057E-001  3.481260E-001 -6.487236E-001 -6.228946E-001  4.372184E-001
  2.460000E+000  5.271011E-001  1.559629E-002  1.526689E-002  6.272136E-001  0.000000E+000  7.788473E-001 -5.565745E-001  6.995199E-001  4.482150E-001 -5.448192E-001 -7.146131E-001  4.387484E-001
  2.480000E+000  5.248825E-001  1.885986E-002  1.530827E-002  6.985461E-001  0.000000E+000  7.155651E-001 -5.555815E-001  6.302115E-001  5.423676E-001 -4.509573E-001 -7.764235E-001  4.402318E-001
  2.500000E+000  5.222665E-001  2.185718E-002  1.533966E-002  7.680213E-001  0.000000E+000  6.404243E-001 -5.242090E-001  5.744582E-001  6.286515E-001 -3.678970E-001 -8.185339E-001  4.411962E-001
  2.520000E+000  5.192966E-001  2.452848E-002  1.535293E-002  8.319816E-001  0.000000E+000  5.548032E-001 -4.702771E-001  5.305612E-001  7.052264E-001 -2.943571E-001 -8.476466E-001  4.414172E-001
  2.540000E+000  5.160220E-001  2.681971E-002  1.534604E-002  8.877554E-001  0.000000E+000  4.603155E-001 -3.995342E-001  4.966388E-001  7.705338E-001 -2.286105E-001 -8.679573E-001  4.408938E-001
  2.560000E+000  5.124966E-001  2.868549E-002  1.532168E-002  9.334560E-001  0.000000E+000  3.586918E-001 -3.163885E-001  4.711327E-001  8.233664E-001 -1.689914E-001 -8.820623E-001  4.397817E-001
  2.580000E+000  5.087773E-001  3.009033E-002  1.528554E-002  9.678066E-001  0.000000E+000  2.516949E-001 -2.244011E-001  4.529022E-001  8.628579E-001 -1.139932E-001 -8.915602E-001  4.383217E-001
  2.600000E+000  5.049239E-001  3.100883E-002  1.524481E-002  9.899989E-001  0.000000E+000  1.410748E-001 -1.266022E-001  4.411931E-001  8.884371E-001 -6.224122E-002 -8.974122E-001  4.367807E-001
  2.620000E+000  5.009973E-001  3.142540E-002  1.520692E-002  9.995922E-001  0.000000E+000  2.855596E-002 -2.570456E-002  4.355861E-001  8.997800E-001 -1.243858E-002 -9.001471E-001  4.354085E-001
  2.640000E+000  4.970594E-001  3.133378E-002  1.517855E-002  9.964523E-001  0.000000E+000 -8.415957E-002  7.574086E-002  4.359575E-001  8.967744E-001  3.669000E-002 -8.999672E-001  4.344109E-001
  2.660000E+000  4.931717E-001  3.073653E-002  1.516490E-002  9.807263E-001  0.000000E+000 -1.953865E-001  1.752203E-001  4.424605E-001  8.795036E-001  8.645081E-002 -8.967880E-001  4.339326E-001
  2.680000E+000  4.893947E-001  2.964454E-002  1.516916E-002  9.528450E-001  0.000000E+000 -3.034573E-001  2.701442E-001  4.555279E-001  8.482431E-001  1.382333E-001 -8.902215E-001  4.340475E-001
  2.700000E+000  4.857870E-001  2.807657E-002  1.519208E-002  9.135468E-001  0.000000E+000 -4.067337E-001  3.577233E-001  4.758942E-001  8.034667E-001  1.935622E-001 -8.795025E-001  4.347516E-001
  2.720000E+000  4.824041E-001  2.605882E-002  1.523168E-002  8.639207E-001  0.000000E+000 -5.036279E-001  4.348000E-001  5.046299E-001  7.458537E-001  2.541457E-001 -8.633358E-001  4.359602E-001
  2.740000E+000  4.792980E-001  2.362449E-002  1.528320E-002  8.054740E-001  0.000000E+000 -5.926311E-001  4.975865E-001  5.431703E-001  6.762941E-001  3.218996E-001 -8.396226E-001  4.375095E-001
  2.760000E+000  4.765162E-001  2.081335E-002  1.533931E-002  7.402373E-001  0.000000E+000 -6.723457E-001  5.412366E-001  5.932782E-001  5.958892E-001  3.988880E-001 -8.049975E-001  4.391667E-001
  2.780000E+000  4.741008E-001  1.767131E-002  1.539075E-002  6.709348E-001  0.000000E+000 -7.415164E-001  5.591699E-001  6.567713E-001  5.059451E-001  4.870067E-001 -7.540898E-001  4.406507E-001
  2.800000E+000  4.720889E-001  1.425026E-002  1.542730E-002  6.012520E-001  0.000000E+000 -7.990594E-001  5.421848E-001  7.345738E-001  4.079668E-001  5.869681E-001 -6.785288E-001  4.416640E-001
  2.820000E+000  4.705114E-001  1.060865E-002  1.543905E-002  5.362045E-001  0.000000E+000 -8.440881E-001  4.780258E-001  8.241839E-001  3.036646E-001  6.956838E-001 -5.663222E-001  4.419312E-001
  2.840000E+000  4.693935E-001  6.812942E-003  1.541848E-002  4.824251E-001  0.000000E+000 -8.759373E-001  3.540277E-001  9.146838E-001  1.949818E-001  8.012056E-001 -4.041701E-001  4.412664E-001
  2.860000E+000  4.687539E-001  2.938053E-003  1.536574E-002  4.476955E-001  0.000000E+000 -8.941861E-001  1.679333E-001  9.822062E-001  8.407979E-002  8.782751E-001 -1.878057E-001  4.397293E-001
  2.880000E+000  4.686049E-001 -9.407998E-004  1.529624E-002  4.386655E-001  0.000000E+000 -8.986504E-001 -5.516751E-002  9.981139E-001 -2.692936E-002  8.969555E-001  6.138928E-002  4.378381E-001
  2.900000E+000  4.689517E-001 -4.765920E-003  1.523869E-002  4.573227E-001  0.000000E+000 -8.893008E-001 -2.654505E-001  9.544117E-001 -1.365079E-001  8.487591E-001  2.984935E-001  4.364742E-001
  2.920000E+000  4.697918E-001 -8.503568E-003  1.521593E-002  4.997881E-001  0.000000E+000 -8.661477E-001 -4.225462E-001  8.729300E-001 -2.438193E-001  7.560863E-001  4.878454E-001  4.362801E-001
  2.940000E+000  4.711141E-001 -1.212659E-002  1.523003E-002  5.588843E-001  0.000000E+000 -8.292457E-001 -5.165327E-001  7.823057E-001 -3.481260E-001  6.487236E-001  6.228946E-001  4.372184E-001
  2.960000E+000  4.728989E-001 -1.559629E-002  1.526689E-002  6.272136E-001  0.000000E+000 -7.788473E-001 -5.565745E-001  6.995199E-001 -4.482150E-001  5.448192E-001  7.146131E-001  4.387484E-001
  2.980000E+000  4.751175E-001 -1.885986E-002  1.530827E-002  6.985461E-001  0.000000E+000 -7.155651E-001 -5.555815E-001  6.302115E-001 -5.423676E-001  4.509573E-001  7.764235E-001  4.402318E-001
  3.000000E+000  4.777335E-001 -2.185718E-002  1.533966E-002  7.680213E-001  0.000000E+000 -6.404243E-001 -5.242090E-001  5.744582E-001 -6.286515E-001  3.678970E-001  8.185339E-001  4.411962E-001
  3.020000E+000  4.807034E-001 -2.452848E-002  1.535293E-002  8.319816E-001  0.000000E+000 -5.548032E-001 -4.702771E-001  5.305612E-001 -7.052264E-001  2.943571E-001  8.476466E-001  4.414172E-001
  3.040000E+000  4.839780E-001 -2.681971E-002  1.534604E-002  8.877554E-001  0.000000E+000 -4.603155E-001 -3.995342E-001  4.966388E-001 -7.705338E-001  2.286105E-001  8.679573E-001  4.408938E-001
  3.060000E+000  4.875034E-001 -2.868549E-002  1.532168E-002  9.334560E-001  0.000000E+000 -3.586918E-001 -3.163885E-001  4.711327E-001 -8.233664E-001  1.689914E-001  8.820623E-001  4.397817E-001
  3.080000E+000  4.912227E-001 -3.009033E-002  1.528554E-002  9.678066E-001  0.000000E+000 -2.516949E-001 -2.244011E-001  4.529022E-001 -8.628579E-001  1.139932E-001  8.915602E-001  4.383217E-001
  3.100000E+000  4.950761E-001 -3.100883E-002  1.524481E-002  9.899989E-001  0.000000E+000 -1.410748E-001 -1.266022E-001  4.411931E-001 -8.884371E-001  6.224122E-002  8.974122E-001  4.367807E-001
  3.120000E+000  4.990027E-001 -3.142540E-002  1.520692E-002  9.995922E-001  0.000000E+000 -2.855596E-002 -2.570456E-002  4.355861E-001 -8.997800E-001  1.243858E-002  9.001471E-001  4.354085E-001
  3.140000E+000  5.029406E-001 -3.133378E-002  1.517855E-002  9.964523E-001  0.000000E+000  8.415957E-002  7.574086E-002  4.359575E-001 -8.967744E-001 -3.669000E-002  8.999672E-001  4.344109E-001
  3.160000E+000  5.068283E-001 -3.073653E-002  1.516490E-002  9.807263E-001  0.000000E+000  1.953865E-001  1.752203E-001  4.424605E-001 -8.795036E-001 -8.645081E-002  8.967880E-001  4.339326E-001
  3.180000E+000  5.106053E-001 -2.964454E-002  1.516916E-002  9.528450E-001  0.000000E+000  3.034573E-001  2.701442E-001  4.555279E-001 -8.482431E-001 -1.382333E-001  8.902215E-001  4.340475E-001
  3.200000E+000  5.142130E-001 -2.807657E-002  1.519208E-002  9.135468E-001  0.000000E+000  4.067337E-001  3.577233E-001  4.758942E-001 -8.034667E-001 -1.935622E-001  8.795025E-001  4.347516E-001
  3.220000E+000  5.175959E-001 -2.605882E-002  1.523168E-002  8.639207E-001  0.000000E+000  5.036279E-001  4.348000E-001  5.046299E-001 -7.458537E-001 -2.541457E-001  8.633358E-001  4.359602E-001
  3.240000E+000  5.207020E-001 -2.362449E-002  1.528320E-002  8.054740E-001  0.000000E+000  5.926311E-001  4.975865E-001  5.431703E-001 -6.762941E-001 -3.218996E-001  8.396226E-001  4.375095E-001
  3.260000E+000  5.234838E-001 -2.081335E-002  1.533931E-002  7.402373E-001  0.000000E+000  6.723457E-001  5.412366E-001  5.932782E-001 -5.958892E-001 -3.988880E-001  8.049975E-001  4.391667E-001
  3.280000E+000  5.258992E-001 -1.767131E-002  1.539075E-002  6.709348E-001  0.000000E+000  7.415164E-001  5.591699E-001  6.567713E-001 -5.059451E-001 -4.870067E-001  7.540898E-001  4.406507E-001
  3.300000E+000  5.279111E-001 -1.425026E-002  1.542730E-002  6.012520E-001  0.000000E+000  7.990594E-001  5.421848E-001  7.345738E-001 -4.079668E-001 -5.869681E-001  6.785288E-001  4.416640E-001
  3.320000E+000  5.294886E-001 -1.060865E-002  1.543905E-002  5.362045E-001  0.000000E+000  8.440881E-001  4.780258E-001  8.241839E-001 -3.036646E-001 -6.956838E-001  5.663222E-001  4.419312E-001
  3.340000E+000  5.306065E-001 -6.812942E-003  1.541848E-002  4.824251E-001  0.000000E+000  8.759373E-001  3.540277E-001  9.146838E-001 -1.949818E-001 -8.012056E-001  4.041701E-001  4.412664E-001
  3.360000E+000  5.312461E-001 -2.938053E-003  1.536574E-002  4.476955E-001  0.000000E+000  8.941861E-001  1.679333E-001  9.822062E-001 -8.407979E-002 -8.782751E-001  1.878057E-001  4.397293E-001
  3.380000E+000  5.313951E-001  9.407998E-004  1.529624E-002  4.386655E-001  0.000000E+000  8.986504E-001 -5.516751E-002  9.981139E-001  2.692936E-002 -8.969555E-001 -6.138928E-002  4.378381E-001
  3.400000E+000  5.310483E-001  4.765920E-003  1.523869E-002  4.573227E-001  0.000000E+000  8.893008E-001 -2.654505E-001  9.544117E-001  1.365079E-001 -8.487591E-001 -2.984935E-001  4.364742E-001
  3.420000E+000  5.302082E-001  8.503568E-003  1.521593E-002  4.997881E-001  0.000000E+000  8.661477E-001 -4.225462E-001  8.729300E-001  2.438193E-001 -7.560863E-001 -4.878454E-001  4.362801E-001
  3.440000E+000  5.288859E-001  1.212659E-002  1.523003E-002  5.588843E-001  0.000000E+000  8.292457E-001 -5.165327E-001  7.823057E-001  3.481260E-001 -6.487236E-001 -6.228946E-001  4.372184E-001
  3.460000E+000  5.271011E-001  1.559629E-002  1.526689E-002  6.272136E-001  0.000000E+000  7.788473E-001 -5.565745E-001  6.995199E-001  4.482150E-001 -5.448192E-001 -7.146131E-001  4.387484E-001
  3.480000E+000  5.248825E-001  1.885986E-002  1.530827E-002  6.985461E-001  0.000000E+000  7.155651E-001 -5.555815E-001  6.302115E-001  5.423676E-001 -4.509573E-001 -7.764235E-001  4.402318E-001
  3.500000E+000  5.222665E-001  2.185718E-002  1.533966E-002  7.680213E-001  0.000000E+000  6.404243E-001 -5.242090E-001  5.744582E-001  6.286515E-001 -3.678970E-001 -8.185339E-001  4.411962E-001
  3.520000E+000  5.192966E-001  2.452848E-002  1.535293E-002  8.319816E-001  0.000000E+000  5.548032E-001 -4.702771E-001  5.305612E-001  7.052264E-001 -2.943571E-001 -8.476466E-001  4.414172E-001
  3.540000E+000  5.160220E-001  2.681971E-002  1.534604E-002  8.877554E-001  0.000000E+000  4.603155E-001 -3.995342E-001  4.966388E-001  7.705338E-001 -2.286105E-001 -8.679573E-001  4.408938E-001
  3.560000E+000  5.124966E-001  2.868549E-002  1.532168E-002  9.334560E-001  0.000000E+000  3.586918E-001 -3.163885E-001  4.711327E-001  8.233664E-001 -1.689914E-001 -8.820623E-001  4.397817E-001
  3.580000E+000  5.087773E-001  3.009033E-002  1.528554E-002  9.678066E-001  0.000000E+000  2.516949E-001 -2.244011E-001  4.529022E-001  8.628579E-001 -1.139932E-001 -8.915602E-001  4.383217E-001
  3.600000E+000  5.049239E-001  3.100883E-002  1.524481E-002  9.899989E-001  0.000000E+000  1.410748E-001 -1.266022E-001  4.411931E-001  8.884371E-001 -6.224122E-002 -8.974122E-001  4.367807E-001
  3.620000E+000  5.009973E-001  3.142540E-002  1.520692E-002  9.995922E-001  0.000000E+000  2.855596E-002 -2.570456E-002  4.355861E-001  8.997800E-001 -1.243858E-002 -9.001471E-001  4.354085E-001
  3.640000E+000  4.970594E-001  3.133378E-002  1.517855E-002  9.964523E-001  0.000000E+000 -8.415957E-002  7.574086E-002  4.359575E-001  8.967744E-001  3.669000E-002 -8.999672E-001  4.344109E-001
  3.660000E+000  4.931717E-001  3.073653E-002  1.516490E-002  9.807263E-001  0.000000E+000 -1.953865E-001  1.752203E-001  4.424605E-001  8.795036E-001  8.645081E-002 -8.967880E-001  4.339326E-001
  3.680000E+000  4.893947E-001  2.964454E-002  1.516916E-002  9.528450E-001  0.000000E+000 -3.034573E-001  2.701442E-001  4.555279E-001  8.482431E-001  1.382333E-001 -8.902215E-001  4.340475E-001
  3.700000E+000  4.857870E-001  2.807657E-002  1.519208E-002  9.135468E-001  0.000000E+000 -4.067337E-001  3.577233E-001  4.758942E-001  8.034667E-001  1.935622E-001 -8.795025E-001  4.347516E-001
  3.720000E+000  4.824041E-001  2.605882E-002  1.523168E-002  8.639207E-001  0.000000E+000 -5.036279E-001  4.348000E-001  5.046299E-001  7.458537E-001  2.541457E-001 -8.633358E-001  4.359602E-001
  3.740000E+000  4.792980E-001  2.362449E-002  1.528320E-002  8.054740E-001  0.000000E+000 -5.926311E-001  4.975865E-001  5.431703E-001  6.762941E-001  3.218996E-001 -8.396226E-001  4.375095E-001
  3.760000E+000  4.765162E-001  2.081335E-002  1.533931E-002  7.402373E-001  0.000000E+000 -6.723457E-001  5.412366E-001  5.932782E-001  5.958892E-001  3.988880E-001 -8.049975E-001  4.391667E-001
  3.780000E+000  4.741008E-001  1.767131E-002  1.539075E-002  6.709348E-001  0.000000E+000 -7.415164E-001  5.591699E-001  6.567713E-001  5.059451E-001  4.870067E-001 -7.540898E-001  4.406507E-001
  3.800000E+000  4.720889E-001  1.425026E-002  1.542730E-002  6.012520E-001  0.000000E+000 -7.990594E-001  5.421848E-001  7.345738E-001  4.079668E-001  5.869681E-001 -6.785288E-001  4.416640E-001
  3.820000E+000  4.705114E-001  1.060865E-002  1.543905E-002  5.362045E-001  0.000000E+000 -8.440881E-001  4.780258E-001  8.241839E-001  3.036646E-001  6.956838E-001 -5.663222E-001  4.419312E-001
  3.840000E+000  4.693935E-001  6.812942E-003  1.541848E-002  4.824251E-001  0.000000E+000 -8.759373E-001  3.540277E-001  9.146838E-001  1.949818E-001  8.012056E-001 -4.041701E-001  4.412664E-001
  3.860000E+000  4.687539E-001  2.938053E-003  1.536574E-002  4.476955E-001  0.000000E+000 -8.941861E-001  1.679333E-001  9.822062E-001  8.407979E-002  8.782751E-001 -1.878057E-001  4.397293E-001
  3.880000E+000  4.686049E-001 -9.407998E-004  1.529624E-002  4.386655E-001  0.000000E+000 -8.986504E-001 -5.516751E-002  9.981139E-001 -2.692936E-002  8.969555E-001  6.138928E-002  4.378381E-001
  3.900000E+000  4.689517E-001 -4.765920E-003  1.523869E-002  4.573227E-001  0.000000E+000 -8.893008E-001 -2.654505E-001  9.544117E-001 -1.365079E-001  8.487591E-001  2.984935E-001  4.364742E-001
  3.920000E+000  4.697918E-001 -8.503568E-003  1.521593E-002  4.997881E-001  0.000000E+000 -8.661477E-001 -4.225462E-001  8.729300E-001 -2.438193E-001  7.560863E-001  4.878454E-001  4.362801E-001
  3.940000E+000  4.711141E-001 -1.212659E-002  1.523003E-002  5.588843E-001  0.000000E+000 -8.292457E-001 -5.165327E-001  7.823057E-001 -3.481260E-001  6.487236E-001  6.228946E-001  4.372184E-001
  3.960000E+000  4.728989E-001 -1.559629E-002  1.526689E-002  6.272136E-001  0.000000E+000 -7.788473E-001 -5.565745E-001  6.995199E-001 -4.482150E-001  5.448192E-001  7.146131E-001  4.387484E-001
  3.980000E+000  4.751175E-001 -1.885986E-002  1.530827E-002  6.985461E-001  0.000000E+000 -7.155651E-001 -5.555815E-001  6.302115E-001 -5.423676E-001  4.509573E-001  7.764235E-001  4.402318E-001
