% FILE: me331bmipsi.7
%
%       t         P_Ao_Bo[1]     P_Ao_Bo[2]     P_Ao_Bo[3]      A_B[1,1]       A_B[1,2]       A_B[1,3]       A_B[2,1]       A_B[2,2]       A_B[2,3]       A_B[3,1]       A_B[3,2]       A_B[3,3]
%   (second)        (meter)        (meter)        (meter)       (NoUnits)      (NoUnits)      (NoUnits)      (NoUnits)      (NoUnits)      (NoUnits)      (NoUnits)      (NoUnits)      (NoUnits)

  0.000000E+00   0.000000E+00  -1.143000E-01   0.000000E+00   1.000000E+00   0.000000E+00   0.000000E+00   0.000000E+00   1.000000E+00   0.000000E+00   0.000000E+00   0.000000E+00   1.000000E+00 
  1.000000E-02  -1.582401E-02  -1.131993E-01  -3.501963E-04   3.153660E-01  -9.489239E-01  -9.443710E-03   9.487534E-01   3.150651E-01   2.454083E-02  -2.031199E-02  -1.669907E-02   9.996553E-01 
  2.000000E-02  -3.134326E-02  -1.099186E-01  -1.398856E-03  -7.994990E-01  -5.977118E-01  -5.951720E-02   5.940919E-01  -8.014766E-01   6.848719E-02  -8.863722E-02   1.939680E-02   9.958772E-01 
  3.000000E-02  -4.625887E-02  -1.045208E-01  -3.140202E-03  -8.109429E-01   5.694947E-01  -1.343429E-01  -5.819013E-01  -8.090005E-01   8.312472E-02  -6.134445E-02   1.455836E-01   9.874454E-01 
  4.000000E-02  -6.028358E-02  -9.711014E-02  -5.564641E-03   2.983679E-01   9.369113E-01  -1.821512E-01  -9.467742E-01   3.146881E-01   6.778881E-02   1.208323E-01   1.522299E-01   9.809351E-01 
  5.000000E-02  -7.314727E-02  -8.782919E-02  -8.658817E-03   9.825077E-01  -1.228166E-02  -1.858441E-01   2.612825E-02   9.970500E-01   7.224195E-02   1.844077E-01  -7.583367E-02   9.799251E-01 
  6.000000E-02  -8.460221E-02  -7.685672E-02  -1.240569E-02   2.719289E-01  -9.440209E-01  -1.867807E-01   9.595044E-01   2.511365E-01   1.276302E-01  -7.357848E-02  -2.139222E-01   9.740820E-01 
  7.000000E-02  -9.442779E-02  -6.440406E-02  -1.678460E-02  -8.236988E-01  -5.198902E-01  -2.263533E-01   4.831137E-01  -8.524442E-01   1.998530E-01  -2.968549E-01   5.526480E-02   9.533295E-01 
  8.000000E-02  -1.024348E-01  -5.071103E-02  -2.177145E-02  -7.005307E-01   6.545215E-01  -2.843605E-01  -7.128521E-01  -6.603470E-01   2.361919E-01  -3.318504E-02   3.681661E-01   9.291763E-01 
  9.000000E-02  -1.084689E-01  -3.604135E-02  -2.733875E-02   4.805679E-01   8.225334E-01  -3.041504E-01  -7.950717E-01   5.549926E-01   2.446615E-01   3.700402E-01   1.242455E-01   9.206800E-01 
  1.000000E-01  -1.124141E-01  -2.067754E-02  -3.345584E-02   9.108995E-01  -3.072325E-01  -2.754822E-01   3.826221E-01   8.788546E-01   2.850173E-01   1.545400E-01  -3.650242E-01   9.180931E-01 
  1.100000E-01  -1.141943E-01  -4.915504E-03  -4.008901E-02  -1.346830E-01  -9.578718E-01  -2.536756E-01   8.999787E-01  -2.253698E-01   3.731688E-01  -4.146179E-01  -1.780403E-01   8.924201E-01 
  1.200000E-01  -1.137751E-01   1.094120E-02  -4.720173E-02  -9.618464E-01  -6.275796E-03  -2.735187E-01  -1.217860E-01  -8.854038E-01   4.485861E-01  -2.449899E-01   4.647816E-01   8.508688E-01 
  1.300000E-01  -1.111648E-01   2.658719E-02  -5.475481E-02  -9.013664E-02   9.545609E-01  -2.840750E-01  -8.790799E-01   5.780503E-02   4.731685E-01   4.680851E-01   2.923754E-01   8.339260E-01 
  1.400000E-01  -1.064135E-01   4.172113E-02  -6.270664E-02   9.648933E-01   1.298651E-01  -2.283351E-01   1.884828E-03   8.658099E-01   5.003894E-01   2.626753E-01  -4.832476E-01   8.351605E-01 
  1.500000E-01  -9.961281E-02   5.605156E-02  -7.101341E-02   1.329252E-01  -9.791108E-01  -1.538997E-01   8.167399E-01   2.024120E-02   5.766603E-01  -5.614970E-01  -2.023446E-01   8.023697E-01 
  1.600000E-01  -9.089365E-02   6.930248E-02  -7.962937E-02  -9.880862E-01  -7.610645E-02  -1.337673E-01  -2.871239E-02  -7.627514E-01   6.460561E-01  -1.512001E-01   6.421999E-01   7.514896E-01 
  1.700000E-01  -8.042396E-02   8.121870E-02  -8.850706E-02   5.190656E-02   9.925655E-01  -1.101401E-01  -7.458781E-01   1.118703E-01   6.566299E-01   6.640654E-01   4.807097E-02   7.461402E-01 
  1.800000E-01  -6.840537E-02   9.157072E-02  -9.759755E-02   9.708985E-01  -2.394608E-01  -6.001208E-03   1.821224E-01   7.216828E-01   6.678504E-01  -1.555922E-01  -6.495008E-01   7.442841E-01 
  1.900000E-01  -5.506935E-02   1.001592E-01  -1.068508E-01  -4.770231E-01  -8.747041E-01   8.571691E-02   6.356944E-01  -2.760313E-01   7.209073E-01  -6.069162E-01   3.983810E-01   6.877237E-01 
  2.000000E-01  -4.067274E-02   1.068186E-01  -1.162158E-01  -6.732074E-01   7.309637E-01   1.117470E-01  -4.347269E-01  -5.134786E-01   7.398362E-01   5.981705E-01   4.494854E-01   6.634557E-01 
  2.100000E-01  -2.549281E-02   1.114209E-01  -1.256409E-01   9.169326E-01   3.426594E-01   2.045506E-01  -3.807908E-01   5.979086E-01   7.053522E-01   1.193935E-01  -7.246433E-01   6.787167E-01 
  2.200000E-01  -9.821912E-03   1.138772E-01  -1.350743E-01  -1.093477E-01  -9.385348E-01   3.274230E-01   6.857345E-01   1.672397E-01   7.083873E-01  -7.195982E-01   3.019881E-01   6.253003E-01 
  2.300000E-01   6.038148E-03   1.141404E-01  -1.444640E-01  -7.359304E-01   5.720085E-01   3.622373E-01  -1.766504E-01  -6.787013E-01   7.128555E-01   6.536086E-01   4.606241E-01   6.005333E-01 
  2.400000E-01   2.178192E-02   1.122053E-01  -1.537582E-01   8.434121E-01   2.897850E-01   4.524416E-01  -5.333689E-01   5.531057E-01   6.400086E-01  -6.477992E-02  -7.811005E-01   6.210520E-01 
  2.500000E-01   3.710619E-02   1.081093E-01  -1.629058E-01  -2.930975E-01  -7.720661E-01   5.639299E-01   7.802945E-01   1.476808E-01   6.077382E-01  -5.524885E-01   6.181579E-01   5.591578E-01 
  2.600000E-01   5.171582E-02   1.019312E-01  -1.718563E-01  -3.660633E-01   7.197969E-01   5.898294E-01  -4.308498E-01  -6.928869E-01   5.781699E-01   8.248483E-01  -4.247684E-02   5.637750E-01 
  2.700000E-01   6.532946E-02   9.378993E-02  -1.805605E-01   6.988005E-01  -2.031720E-01   6.858744E-01  -2.032582E-01   8.629147E-01   4.626999E-01  -6.858488E-01  -4.627378E-01   5.617007E-01 
  2.800000E-01   7.768490E-02   8.384239E-02  -1.889704E-01  -6.177725E-01  -2.484605E-01   7.460767E-01   7.326492E-01  -5.264881E-01   4.313266E-01   2.856365E-01   8.130713E-01   5.072970E-01 
  2.900000E-01   8.854421E-02   7.228010E-02  -1.970396E-01   2.816553E-01   5.726319E-01   7.699250E-01  -9.436842E-01   2.010632E-02   3.302620E-01   1.736432E-01  -8.195765E-01   5.460480E-01 
  3.000000E-01   9.769822E-02   5.932577E-02  -2.047238E-01   9.504075E-02  -5.273940E-01   8.443002E-01   8.308807E-01   5.091687E-01   2.245265E-01  -5.482924E-01   6.801694E-01   4.865925E-01 
  3.100000E-01   1.049707E-01   4.522888E-02  -2.119805E-01  -3.664910E-01   3.927957E-01   8.434504E-01  -5.093346E-01  -8.433242E-01   1.714225E-01   7.786368E-01  -3.667682E-01   5.091523E-01 
  3.200000E-01   1.102214E-01   3.026091E-02  -2.187699E-01   4.800770E-01  -6.757133E-02   8.746388E-01   1.152111E-01   9.932716E-01   1.349930E-02  -8.696467E-01   9.428651E-02   4.846212E-01 
  3.300000E-01   1.133495E-01   1.471015E-02  -2.250544E-01  -4.518134E-01  -1.405824E-01   8.809737E-01   2.499597E-01  -9.679005E-01  -2.625879E-02   8.563868E-01   2.083409E-01   4.724743E-01 
  3.400000E-01   1.142945E-01  -1.123921E-03  -2.307995E-01   3.256396E-01   4.031620E-01   8.552517E-01  -5.333773E-01   8.252219E-01  -1.859232E-01  -7.807072E-01  -3.956250E-01   4.837537E-01 
  3.500000E-01   1.130383E-01  -1.693634E-02  -2.359736E-01  -1.487506E-01  -4.842931E-01   8.621817E-01   7.211796E-01  -6.496702E-01  -2.404964E-01   6.766071E-01   5.860023E-01   4.459202E-01 
  3.600000E-01   1.096050E-01  -3.242259E-02  -2.405481E-01  -4.372929E-02   6.067143E-01   7.937333E-01  -8.219316E-01   4.298009E-01  -3.738181E-01  -5.679288E-01  -6.687371E-01   4.798846E-01 
  3.700000E-01   1.040609E-01  -4.728440E-02  -2.444978E-01   2.290539E-01  -5.748862E-01   7.855412E-01   8.536519E-01  -2.691889E-01  -4.459109E-01   4.678115E-01   7.726990E-01   4.291026E-01 
  3.800000E-01   9.651268E-02  -6.123556E-02  -2.478010E-01  -3.963001E-01   6.050487E-01   6.905646E-01  -8.346402E-01   7.598007E-02  -5.455578E-01  -3.825429E-01  -7.925741E-01   4.748991E-01 
  3.900000E-01   8.710568E-02  -7.400737E-02  -2.504395E-01   5.412525E-01  -5.227972E-01   6.586143E-01   7.804393E-01   2.072599E-02  -6.249113E-01   3.130564E-01   8.522222E-01   4.192298E-01 
  4.000000E-01   7.602110E-02  -8.535386E-02  -2.523987E-01  -6.639388E-01   5.087415E-01   5.480667E-01  -7.020125E-01  -1.715279E-01  -6.912166E-01  -2.576303E-01  -8.436730E-01   4.710465E-01 
  4.100000E-01   6.347243E-02  -9.505652E-02  -2.536679E-01   7.660879E-01  -4.142376E-01   4.914952E-01   6.065458E-01   2.127941E-01  -7.660651E-01   2.127497E-01   8.849638E-01   4.142674E-01 
  4.200000E-01   4.970132E-02  -1.029285E-01  -2.542400E-01  -8.493684E-01   3.731500E-01   3.732785E-01  -4.983323E-01  -3.339295E-01  -8.001096E-01  -1.739042E-01  -8.656035E-01   4.696067E-01 
  4.300000E-01   3.497302E-02  -1.088181E-01  -2.541119E-01   9.153516E-01  -2.740983E-01   2.950547E-01   3.789126E-01   3.379712E-01  -8.615333E-01   1.364272E-01   9.003802E-01   4.132121E-01 
  4.400000E-01   1.957116E-02  -1.126120E-01  -2.532843E-01  -9.637226E-01   1.995021E-01   1.773095E-01  -2.494800E-01  -4.371873E-01  -8.640853E-01  -9.486542E-02  -8.769736E-01   4.711273E-01 
  4.500000E-01   3.792384E-03  -1.142371E-01  -2.517618E-01   9.930703E-01  -8.566164E-02   8.082133E-02   1.090298E-01   4.092542E-01  -9.059056E-01   4.452542E-02   9.084132E-01   4.157459E-01 
  4.600000E-01  -1.205943E-02  -1.136620E-01  -2.495527E-01  -9.989578E-01  -3.727004E-02  -2.634933E-02   4.089903E-02  -4.746086E-01  -8.792551E-01   2.026356E-02  -8.794164E-01   4.756678E-01 
  4.700000E-01  -2.767900E-02  -1.108980E-01  -2.466693E-01   9.744199E-01   1.768806E-01  -1.388447E-01  -1.997204E-01   3.970500E-01  -8.958262E-01  -1.033265E-01   9.006143E-01   4.222083E-01 
  4.800000E-01  -4.276549E-02  -1.059981E-01  -2.431273E-01  -9.093821E-01  -3.505209E-01  -2.239686E-01   3.596440E-01  -3.920043E-01  -8.467627E-01   2.090049E-01  -8.505797E-01   4.825716E-01 
  4.900000E-01  -5.702835E-02  -9.905684E-02  -2.389464E-01   7.913010E-01   5.012723E-01  -3.501752E-01  -5.101173E-01   2.254011E-01  -8.300672E-01  -3.371600E-01   8.354384E-01   4.340610E-01 
  5.000000E-01  -7.019290E-02  -9.020780E-02  -2.341495E-01  -6.095588E-01  -6.817975E-01  -4.044776E-01   6.269466E-01  -1.023324E-01  -7.723296E-01   4.851678E-01  -7.243669E-01   4.898467E-01 
  5.100000E-01  -8.200559E-02  -7.962144E-02  -2.287632E-01   3.588576E-01   7.637447E-01  -5.366157E-01  -6.796874E-01  -1.802179E-01  -7.110354E-01  -6.397557E-01   6.198713E-01   4.544407E-01 
  5.200000E-01  -9.223892E-02  -6.750164E-02  -2.228169E-01  -5.275848E-02  -8.249351E-01  -5.627855E-01   6.252897E-01   4.121345E-01  -6.627223E-01   7.786258E-01  -3.868724E-01   4.940820E-01 
  5.300000E-01  -1.006958E-01  -5.408181E-02  -2.163436E-01  -2.708530E-01   6.829764E-01  -6.783835E-01  -4.289185E-01  -7.165193E-01  -5.501252E-01  -8.617946E-01   1.419576E-01   4.870355E-01 
  5.400000E-01  -1.072134E-01  -3.962042E-02  -2.093789E-01   5.360462E-01  -4.734822E-01  -6.989394E-01   7.802594E-02   8.521850E-01  -5.174452E-01   8.406031E-01   2.228278E-01   4.937409E-01 
  5.500000E-01  -1.116661E-01  -2.439597E-02  -2.019610E-01  -6.470306E-01   4.995542E-02  -7.608329E-01   3.756244E-01  -8.474764E-01  -3.750930E-01  -6.635273E-01  -5.284817E-01   5.296089E-01 
  5.600000E-01  -1.139683E-01  -8.701673E-03  -1.941310E-01   5.169296E-01   2.959029E-01  -8.032883E-01  -7.970785E-01   5.086518E-01  -3.255546E-01   3.122443E-01   8.085551E-01   4.987869E-01 
  5.700000E-01  -1.140755E-01   7.160208E-03  -1.859320E-01  -1.487511E-01  -5.856373E-01  -7.968240E-01   9.748365E-01   4.852076E-02  -2.176511E-01   1.661122E-01  -8.091398E-01   5.636913E-01 
  5.800000E-01  -1.119857E-01   2.288419E-02  -1.774090E-01  -3.097073E-01   4.468420E-01  -8.393063E-01  -7.213224E-01  -6.855243E-01  -9.879350E-02  -6.195134E-01   5.748029E-01   5.346517E-01 
  5.900000E-01  -1.077392E-01   3.816744E-02  -1.686091E-01   5.662444E-01  -7.283106E-02  -8.210430E-01   4.229176E-02   9.973747E-01  -5.930495E-02   8.231812E-01  -1.143160E-03   5.678204E-01 
  6.000000E-01  -1.014177E-01   5.271562E-02  -1.595807E-01  -3.714308E-01  -4.817258E-01  -7.937247E-01   7.171426E-01  -6.918187E-01   8.427917E-02  -5.897163E-01  -5.379002E-01   6.024516E-01 
  6.100000E-01  -9.314301E-02   6.624854E-02  -1.503736E-01  -2.079093E-01   5.599637E-01  -8.020218E-01  -9.777410E-01  -1.429802E-01   1.536420E-01  -2.865134E-02   8.161029E-01   5.772385E-01 
  6.200000E-01  -8.307445E-02   7.850558E-02  -1.410385E-01   6.539494E-01  -1.269860E-01  -7.458403E-01   4.015275E-01   8.938048E-01   1.998733E-01   6.412323E-01  -4.301723E-01   6.354725E-01 
  6.300000E-01  -7.140595E-02   8.925066E-02  -1.316268E-01  -4.026813E-01  -6.057846E-01  -6.862160E-01   5.761913E-01  -7.502660E-01   3.242108E-01  -7.112460E-01  -2.648284E-01   6.511906E-01 
  6.400000E-01  -5.836223E-02   9.827685E-02  -1.221904E-01  -4.110317E-01   6.147897E-01  -6.731317E-01  -9.067746E-01  -1.995882E-01   3.714180E-01   9.398192E-02   7.630368E-01   6.395290E-01 
  6.500000E-01  -4.419450E-02   1.054103E-01  -1.127812E-01   7.808917E-01   1.682392E-01  -6.016349E-01   1.033252E-01   9.150426E-01   3.899827E-01   6.161111E-01  -3.666854E-01   6.971420E-01 
  6.600000E-01  -2.917563E-02   1.105137E-01  -1.034512E-01  -3.934960E-02  -8.616847E-01  -5.059489E-01   8.231392E-01  -3.150095E-01   4.724772E-01  -5.665040E-01  -3.978595E-01   7.216929E-01 
  6.700000E-01  -1.359486E-02   1.134886E-01  -9.425158E-02  -8.524612E-01   2.208335E-01  -4.738647E-01  -4.729057E-01  -7.121419E-01   5.188683E-01  -2.228798E-01   6.664058E-01   7.115392E-01 
  6.800000E-01   2.247734E-03   1.142779E-01  -8.523316E-02   3.867206E-01   8.179257E-01  -4.260210E-01  -6.521621E-01   5.691805E-01   5.007732E-01   6.520590E-01   8.418278E-02   7.535214E-01 
  6.900000E-01   1.804704E-02   1.128663E-01  -7.644559E-02   8.061116E-01  -4.993140E-01  -3.177014E-01   5.892243E-01   6.269291E-01   5.097379E-01  -5.534770E-02  -5.980833E-01   7.995607E-01 
  7.000000E-01   3.349878E-02   1.092809E-01  -6.793728E-02  -5.442320E-01  -8.031331E-01  -2.424976E-01   6.059322E-01  -5.762089E-01   5.484932E-01  -5.802363E-01   1.515777E-01   8.002593E-01 
  7.100000E-01   4.830535E-02   1.035909E-01  -5.975510E-02  -8.059791E-01   5.481750E-01  -2.234028E-01  -5.702899E-01  -6.179054E-01   5.412727E-01   1.586634E-01   5.636585E-01   8.106668E-01 
  7.200000E-01   6.218161E-02   9.590588E-02  -5.194412E-02   5.226472E-01   8.341797E-01  -1.761805E-01  -6.901867E-01   5.352875E-01   4.869964E-01   5.005374E-01  -1.329186E-01   8.554896E-01 
  7.300000E-01   7.486031E-02   8.637375E-02  -4.454738E-02   8.891605E-01  -4.497068E-01  -8.500797E-02   4.364665E-01   7.773280E-01   4.531259E-01  -1.376938E-01  -4.399885E-01   8.874230E-01 
  7.400000E-01   8.609726E-02   7.517814E-02  -3.760563E-02  -3.263729E-01  -9.449270E-01  -2.486550E-02   8.381242E-01  -3.014456E-01   4.546471E-01  -4.370964E-01   1.275501E-01   8.903634E-01 
  7.500000E-01   9.567605E-02   6.253466E-02  -3.115710E-02  -9.865500E-01   1.618631E-01  -2.280385E-02  -1.555113E-01  -8.864099E-01   4.360021E-01   5.035773E-02   4.336842E-01   8.996955E-01 
  7.600000E-01   1.034122E-01   4.868682E-02  -2.523732E-02  -3.907605E-02   9.990430E-01  -2.053113E-02  -9.293613E-01  -2.878460E-02   3.680962E-01   3.671458E-01   3.347075E-02   9.295992E-01 
  7.700000E-01   1.091567E-01   3.390131E-02  -1.987890E-02   9.634155E-01   2.671218E-01   2.343070E-02  -2.619913E-01   9.190807E-01   2.944861E-01   5.712835E-02  -2.898404E-01   9.554062E-01 
  7.800000E-01   1.127990E-01   1.846289E-02  -1.511136E-02   4.998337E-01  -8.630806E-01   7.289499E-02   8.251908E-01   5.000824E-01   2.627415E-01  -2.632144E-01  -7.116861E-02   9.621464E-01 
  7.900000E-01   1.142688E-01   2.668898E-03  -1.096097E-02  -6.972330E-01  -7.129141E-01   7.503899E-02   7.045885E-01  -6.622591E-01   2.549126E-01  -1.320317E-01   2.306055E-01   9.640858E-01 
  8.000000E-01   1.135380E-01  -1.317650E-02  -7.450586E-03  -8.842678E-01   4.654632E-01   3.766736E-02  -4.472627E-01  -8.673562E-01   2.182985E-01   1.342791E-01   1.761879E-01   9.751924E-01 
  8.100000E-01   1.106205E-01  -2.876813E-02  -4.599551E-03   1.803484E-01   9.835191E-01   1.443669E-02  -9.737533E-01   1.764451E-01   1.439278E-01   1.390061E-01  -4.001151E-02   9.895202E-01 
  8.200000E-01   1.055725E-01  -4.380571E-02  -2.423570E-03   9.911723E-01   1.296979E-01   2.880822E-02  -1.316008E-01   9.881989E-01   7.885415E-02  -1.824016E-02  -8.194625E-02   9.965071E-01 
  8.300000E-01   9.849129E-02  -5.799963E-02  -9.346299E-04   4.311133E-01  -9.012541E-01   4.399485E-02   8.993784E-01   4.331321E-01   5.973580E-02  -7.289055E-02   1.381598E-02   9.972815E-01 
  8.400000E-01   8.951323E-02  -7.107652E-02  -1.409337E-04  -7.209280E-01  -6.928433E-01   1.553881E-02   6.922499E-01  -7.188933E-01   6.319085E-02  -3.260971E-02   5.631292E-02   9.979178E-01 
  8.500000E-01   7.881122E-02  -8.278455E-02  -4.685363E-05  -8.844413E-01   4.642295E-01  -4.752689E-02  -4.660569E-01  -8.838720E-01   3.956689E-02  -2.364001E-02   5.714450E-02   9.981233E-01 
  8.600000E-01   6.659138E-02  -9.289821E-02  -6.529079E-04   1.642255E-01   9.818721E-01  -9.487177E-02  -9.864415E-01   1.632133E-01  -1.838530E-02  -2.569404E-03   9.660264E-02   9.953571E-01 
  8.700000E-01   5.308905E-02  -1.012227E-01  -1.955758E-03   9.839912E-01   1.455780E-01  -1.031625E-01  -1.527372E-01   9.861487E-01  -6.524063E-02   9.223233E-02   7.995024E-02   9.925601E-01 
  8.800000E-01   3.856426E-02  -1.075978E-01  -3.948226E-03   4.391820E-01  -8.919154E-01  -1.079812E-01   8.921958E-01   4.471065E-01  -6.431592E-02   1.056395E-01  -6.809391E-02   9.921078E-01 
  8.900000E-01   2.329677E-02  -1.119006E-01  -6.619337E-03  -7.134456E-01  -6.834204E-01  -1.547341E-01   6.955226E-01  -7.175150E-01  -3.782830E-02  -8.517272E-02  -1.346077E-01   9.872693E-01 
  9.000000E-01   7.580593E-03  -1.140483E-01  -9.954374E-03  -8.464248E-01   4.782613E-01  -2.341730E-01  -4.838758E-01  -8.743665E-01  -3.677234E-02  -2.223400E-01   8.218340E-02   9.715372E-01 
  9.100000E-01  -8.281576E-03  -1.139996E-01  -1.393497E-02   2.330693E-01   9.272410E-01  -2.931707E-01  -9.724829E-01   2.226584E-01  -6.889152E-02   1.392368E-03   3.011530E-01   9.536132E-01 
  9.200000E-01  -2.398425E-02  -1.117553E-01  -1.853918E-02   9.508852E-01   5.915449E-03  -3.096055E-01  -3.361535E-02   9.959182E-01  -8.421206E-02   3.078320E-01   9.048022E-02   9.471672E-01 
  9.300000E-01  -3.922500E-02  -1.073587E-01  -2.374166E-02   2.387548E-01  -9.150272E-01  -3.252197E-01   9.626596E-01   2.670820E-01  -4.473464E-02   1.277852E-01  -3.023904E-01   9.446184E-01 
  9.400000E-01  -5.371032E-02  -1.008945E-01  -2.951374E-02  -8.149767E-01  -4.346682E-01  -3.832539E-01   4.645240E-01  -8.854112E-01   1.639448E-02  -3.464641E-01  -1.646661E-01   9.235366E-01 
  9.500000E-01  -6.716122E-02  -9.248708E-02  -3.582363E-02  -5.609329E-01   6.889461E-01  -4.590468E-01  -7.879895E-01  -6.143424E-01   4.087225E-02  -2.538570E-01   3.846442E-01   8.875113E-01 
  9.600000E-01  -7.931866E-02  -8.229848E-02  -4.263655E-02   5.878074E-01   6.407649E-01  -4.939256E-01  -7.207628E-01   6.920693E-01   4.005759E-02   3.674820E-01   3.324516E-01   8.686214E-01 
  9.700000E-01  -8.994849E-02  -7.052489E-02  -4.991499E-02   7.147096E-01  -5.008278E-01  -4.882891E-01   6.097824E-01   7.881297E-01   8.416738E-02   3.426661E-01  -3.578970E-01   8.686541E-01 
  9.800000E-01  -9.884598E-02  -5.739304E-02  -5.761884E-02  -4.067398E-01  -7.627845E-01  -5.027374E-01   8.136071E-01  -5.527366E-01   1.803954E-01  -4.154858E-01  -3.356470E-01   8.454478E-01 
  9.900000E-01  -1.058398E-01  -4.315586E-02  -6.570567E-02  -7.599224E-01   3.431804E-01  -5.520455E-01  -5.427804E-01  -8.022979E-01   2.484248E-01  -3.576540E-01   4.884185E-01   7.959890E-01 
  1.000000E+00  -1.107952E-01  -2.808753E-02  -7.413092E-02   3.526216E-01   7.420107E-01  -5.702010E-01  -7.730674E-01   5.743541E-01   2.693388E-01   5.273289E-01   3.458277E-01   7.761407E-01 
  1.010000E+00  -1.136168E-01  -1.247826E-02  -8.284818E-02   7.451873E-01  -4.056585E-01  -5.293420E-01   6.218112E-01   7.095493E-01   3.315948E-01   2.410655E-01  -5.762339E-01   7.809668E-01 
  1.020000E+00  -1.142503E-01   3.371330E-03  -9.180942E-02  -4.715184E-01  -7.241952E-01  -5.032213E-01   5.782435E-01  -6.847342E-01   4.436051E-01  -6.658264E-01  -8.180654E-02   7.416527E-01 
  1.030000E+00  -1.126834E-01   1.915599E-02  -1.009653E-01  -6.282269E-01   5.811378E-01  -5.173239E-01  -7.726479E-01  -3.878412E-01   5.026109E-01   9.143511E-02   7.154588E-01   6.926922E-01 
  1.040000E+00  -1.089463E-01   3.457172E-02  -1.102653E-01   7.483476E-01   4.617858E-01  -4.762313E-01  -1.746791E-01   8.297824E-01   5.301113E-01   6.399450E-01  -3.135038E-01   7.016057E-01 
  1.050000E+00  -1.031109E-01   4.932164E-02  -1.196583E-01   2.237945E-01  -8.953205E-01  -3.851803E-01   7.812593E-01  -7.150163E-02   6.201265E-01  -5.827493E-01  -4.396864E-01   6.834789E-01 
  1.060000E+00  -9.528980E-02   6.312166E-02  -1.290925E-01  -9.250426E-01   1.259551E-01  -3.583775E-01  -3.543078E-01  -6.262921E-01   6.944340E-01  -1.369857E-01   7.693555E-01   6.240107E-01 
  1.070000E+00  -8.563346E-02   7.570601E-02  -1.385160E-01   5.571842E-01   7.699279E-01  -3.111545E-01  -4.063062E-01   5.795536E-01   7.064658E-01   7.242384E-01  -2.671888E-01   6.357296E-01 
  1.080000E+00  -7.432790E-02   8.683233E-02  -1.478767E-01   3.790142E-01  -9.071868E-01  -1.827952E-01   6.373481E-01   1.126786E-01   7.623217E-01  -6.709616E-01  -4.054121E-01   6.208984E-01 
  1.090000E+00  -6.159084E-02   9.628633E-02  -1.571232E-01  -9.653778E-01   2.231401E-01  -1.351131E-01  -2.364486E-01  -5.297427E-01   8.145449E-01   1.101776E-01   8.182908E-01   5.642011E-01 
  1.100000E+00  -4.766760E-02   1.038859E-01  -1.662045E-01   8.050295E-01   5.904010E-01  -5.853702E-02  -3.128343E-01   5.062517E-01   8.036817E-01   5.041177E-01  -6.286464E-01   5.922272E-01 
  1.110000E+00  -3.282633E-02   1.094848E-01  -1.750706E-01  -1.449920E-01  -9.859529E-01   8.312178E-02   5.576020E-01  -1.201292E-02   8.300458E-01  -8.173691E-01   1.667124E-01   5.515234E-01 
  1.120000E+00  -1.735284E-02   1.129751E-01  -1.836726E-01  -5.368030E-01   8.350159E-01   1.208736E-01  -3.931076E-01  -3.742826E-01   8.398840E-01   7.465443E-01   4.033450E-01   5.291959E-01 
  1.130000E+00  -1.545154E-03   1.142896E-01  -1.919632E-01   9.126920E-01  -3.215735E-01   2.523213E-01  -6.454514E-03   6.059212E-01   7.955418E-01  -4.086978E-01  -7.276805E-01   5.509209E-01 
  1.140000E+00   1.429229E-02   1.134029E-01  -1.998967E-01  -9.147630E-01  -2.130697E-01   3.432400E-01   4.035003E-01  -4.397955E-01   8.023667E-01  -1.999655E-02   8.724713E-01   4.883237E-01 
  1.150000E+00   2.985448E-02   1.103322E-01  -2.074293E-01   6.515936E-01   6.393995E-01   4.082525E-01  -6.425825E-01   1.791500E-01   7.450149E-01   4.032239E-01  -7.477485E-01   5.275917E-01 
  1.160000E+00   4.484169E-02   1.051366E-01  -2.145197E-01  -2.813758E-01  -7.930467E-01   5.403138E-01   6.821232E-01   2.307575E-01   6.939149E-01  -6.749593E-01   5.638146E-01   4.760397E-01 
  1.170000E+00   5.896530E-02   9.791621E-02  -2.211286E-01  -7.012696E-02   8.178357E-01   5.712036E-01  -5.595055E-01  -5.063008E-01   6.562300E-01   8.258828E-01  -2.735489E-01   4.931161E-01 
  1.180000E+00   7.195328E-02   8.881000E-02  -2.272197E-01   3.345429E-01  -6.408222E-01   6.910125E-01   3.402437E-01   7.659455E-01   5.455775E-01  -8.788547E-01   5.260655E-02   4.742622E-01 
  1.190000E+00   8.355550E-02   7.799338E-02  -2.327595E-01  -4.935321E-01   4.869531E-01   7.206452E-01  -8.684031E-02  -8.520184E-01   5.162666E-01   8.653968E-01   1.922217E-01   4.628352E-01 
  1.200000E+00   9.354852E-02   6.567468E-02  -2.377175E-01   5.564708E-01  -2.290089E-01   7.987349E-01  -1.583914E-01   9.144603E-01   3.725260E-01  -8.156805E-01  -3.337939E-01   4.725725E-01 
  1.210000E+00   1.017399E-01   5.209115E-02  -2.420662E-01  -5.466516E-01   8.698799E-02   8.328440E-01   3.710312E-01  -8.664616E-01   3.340466E-01   7.506876E-01   4.916141E-01   4.414296E-01 
  1.220000E+00   1.079718E-01   3.750438E-02  -2.457819E-01   4.855982E-01   1.312353E-01   8.643209E-01  -5.428771E-01   8.202564E-01   1.804453E-01  -6.852428E-01  -5.568243E-01   4.695391E-01 
  1.230000E+00   1.121243E-01   2.219531E-02  -2.488439E-01  -3.939847E-01  -2.091380E-01   8.950249E-01   6.733280E-01  -7.285069E-01   1.261806E-01   6.256498E-01   6.523446E-01   4.278841E-01 
  1.240000E+00   1.141174E-01   6.458780E-03  -2.512354E-01   2.834723E-01   3.714205E-01   8.841712E-01  -7.670215E-01   6.412599E-01  -2.347771E-02  -5.756648E-01  -6.715058E-01   4.666565E-01 
  1.250000E+00   1.139126E-01  -9.402143E-03  -2.529433E-01  -1.646799E-01  -3.971823E-01   9.028684E-01   8.294549E-01  -5.511103E-01  -9.113745E-02   5.337881E-01   7.338581E-01   4.202362E-01 
  1.260000E+00   1.115141E-01  -2.508199E-02  -2.539582E-01   4.045785E-02   5.167749E-01   8.551974E-01  -8.658071E-01   4.454010E-01  -2.281961E-01  -4.987955E-01  -7.311902E-01   4.654487E-01 
  1.270000E+00   1.069678E-01  -4.027878E-02  -2.542744E-01   8.523002E-02  -5.087527E-01   8.567175E-01   8.806137E-01  -3.638085E-01  -3.036396E-01   4.661691E-01   7.802872E-01   4.170304E-01 
  1.280000E+00   1.003614E-01  -5.469983E-02  -2.538902E-01  -2.137086E-01   5.909196E-01   7.779364E-01  -8.758575E-01   2.368476E-01  -4.205278E-01  -4.327178E-01  -7.712224E-01   4.669587E-01 
  1.290000E+00   9.182221E-02  -6.806741E-02  -2.528077E-01   3.439847E-01  -5.518420E-01   7.597484E-01   8.528649E-01  -1.549255E-01  -4.986634E-01   3.928977E-01   8.194597E-01   4.173653E-01 
  1.300000E+00   8.151456E-02  -8.012407E-02  -2.510330E-01  -4.773377E-01   5.829747E-01   6.575086E-01  -8.092769E-01  -6.119336E-05  -5.874735E-01  -3.424148E-01  -8.125237E-01   4.718445E-01 
  1.310000E+00   6.963701E-02  -9.063762E-02  -2.485757E-01   6.114658E-01  -4.951929E-01   6.172367E-01   7.419199E-01   8.746179E-02  -6.648041E-01   2.752310E-01   8.644036E-01   4.208701E-01 
  1.320000E+00   5.641831E-02  -9.940556E-02  -2.454494E-01  -7.417610E-01   4.431170E-01   5.034402E-01  -6.443170E-01  -2.624355E-01  -7.183477E-01  -1.861727E-01  -8.572136E-01   4.802138E-01 
  1.330000E+00   4.211304E-02  -1.062590E-01  -2.416713E-01   8.572730E-01  -2.736042E-01   4.362629E-01   5.102180E-01   3.365807E-01  -7.914948E-01   6.972869E-02   9.010701E-01   4.281223E-01 
  1.340000E+00   2.699671E-02  -1.110660E-01  -2.372623E-01  -9.390160E-01   1.017819E-01   3.284702E-01  -3.349952E-01  -4.864447E-01  -8.069560E-01   7.765599E-02  -8.677789E-01   4.909288E-01 
  1.350000E+00   1.136045E-02  -1.137340E-01  -2.322466E-01   9.594149E-01   1.683027E-01   2.265060E-01   1.205310E-01   4.814174E-01  -8.682114E-01  -2.551530E-01   8.602284E-01   4.415691E-01 
  1.360000E+00  -4.494599E-03  -1.142116E-01  -2.266519E-01  -8.832120E-01  -4.460034E-01   1.449965E-01   1.164128E-01  -5.079784E-01  -8.534829E-01   4.543028E-01  -7.369301E-01   5.006252E-01 
  1.370000E+00  -2.026309E-02  -1.124895E-01  -2.205089E-01   6.777632E-01   7.353319E-01   4.079754E-03  -3.402774E-01   3.185609E-01  -8.847616E-01  -6.518750E-01   5.982296E-01   4.661130E-01 
  1.380000E+00  -3.564133E-02  -1.086010E-01  -2.138516E-01  -3.292337E-01  -9.433209E-01  -4.228375E-02   4.885929E-01  -1.318513E-01  -8.625197E-01   8.080342E-01  -3.046455E-01   5.043362E-01 
  1.390000E+00  -5.033315E-02  -1.026210E-01  -2.067166E-01  -1.296344E-01   9.706722E-01  -2.025798E-01  -4.890992E-01  -2.403011E-01  -8.384983E-01  -8.625689E-01  -9.639621E-03   5.059303E-01 
  1.400000E+00  -6.405560E-02  -9.466451E-02  -1.991432E-01   5.948916E-01  -7.670490E-01  -2.404754E-01   2.831176E-01   4.799333E-01  -8.304159E-01   7.523543E-01   4.258897E-01   5.026573E-01 
  1.410000E+00  -7.654439E-02  -8.488490E-02  -1.911731E-01  -8.931676E-01   2.680708E-01  -3.611033E-01   1.082287E-01  -6.512045E-01  -7.511582E-01  -4.365136E-01  -7.099930E-01   5.526772E-01 
  1.420000E+00  -8.755900E-02  -7.347048E-02  -1.828502E-01   8.391644E-01   3.140026E-01  -4.441936E-01  -5.419194E-01   4.117098E-01  -7.327326E-01  -4.721216E-02   8.555560E-01   5.156349E-01 
  1.430000E+00  -9.688731E-02  -6.064108E-02  -1.742204E-01  -3.711715E-01  -7.950560E-01  -4.797424E-01   7.490409E-01   4.901484E-02  -6.607524E-01   5.488210E-01  -6.046007E-01   5.773574E-01 
  1.440000E+00  -1.043496E-01  -4.664378E-02  -1.653313E-01  -3.138298E-01   7.424053E-01  -5.919320E-01  -4.901588E-01  -6.605950E-01  -5.686629E-01  -8.131995E-01   1.116583E-01   5.712501E-01 
  1.450000E+00  -1.098023E-01  -3.174816E-02  -1.562317E-01   7.575236E-01  -2.227156E-01  -6.137229E-01  -1.993415E-01   8.162883E-01  -5.422544E-01   6.217081E-01   5.330803E-01   5.739285E-01 
  1.460000E+00  -1.131403E-01  -1.624111E-02  -1.469719E-01  -5.535530E-01  -5.280364E-01  -6.440361E-01   8.328282E-01  -3.523246E-01  -4.269686E-01  -1.473422E-03  -7.727111E-01   6.348308E-01 
  1.470000E+00  -1.142992E-01  -4.212610E-04  -1.376028E-01  -1.855978E-01   6.765196E-01  -7.126870E-01  -7.541906E-01  -5.629978E-01  -3.380174E-01  -6.299190E-01   4.747426E-01   6.147493E-01 
  1.480000E+00  -1.132569E-01   1.540670E-02  -1.281760E-01   6.976793E-01  -1.235567E-01  -7.057470E-01  -1.417454E-01   9.418070E-01  -3.049982E-01   7.023199E-01   3.128088E-01   6.395274E-01 
  1.490000E+00  -1.100333E-01   3.093794E-02  -1.187435E-01  -3.173527E-01  -6.454445E-01  -6.947876E-01   9.461867E-01  -2.647189E-01  -1.862766E-01  -6.371126E-02  -7.164982E-01   6.947471E-01 
  1.500000E+00  -1.046906E-01   4.587334E-02  -1.093573E-01  -5.249104E-01   4.459016E-01  -7.250309E-01  -5.705064E-01  -8.164542E-01  -8.908536E-02  -6.316806E-01   3.668591E-01   6.830056E-01 
  1.510000E+00  -9.733166E-02   5.992526E-02  -1.000690E-01   5.743760E-01   4.080763E-01  -7.096920E-01  -6.306993E-01   7.733047E-01  -6.578117E-02   5.219266E-01   4.853684E-01   7.015088E-01 
  1.520000E+00  -8.809818E-02   7.282308E-02  -9.092985E-02   3.540427E-01  -6.721154E-01  -6.503833E-01   8.892818E-01   4.573140E-01   1.148432E-02   2.896815E-01  -5.824216E-01   7.595910E-01 
  1.530000E+00  -7.716801E-02   8.431838E-02  -8.199015E-02  -7.083943E-01  -3.231183E-01  -6.275270E-01   3.237591E-01  -9.387673E-01   1.178974E-01  -6.271967E-01  -1.196423E-01   7.696883E-01 
  1.540000E+00  -6.475164E-02   9.418978E-02  -7.329917E-02  -2.802498E-01   7.318897E-01  -6.211622E-01  -9.591449E-01  -2.399880E-01   1.499810E-01  -3.932011E-02   6.378015E-01   7.692683E-01 
  1.550000E+00  -5.108821E-02   1.022472E-01  -6.490478E-02   7.823354E-01   2.703577E-01  -5.612216E-01  -2.211820E-01   9.628206E-01   1.554927E-01   5.823586E-01   2.489469E-03   8.129981E-01 
  1.560000E+00  -3.644087E-02   1.083354E-01  -5.685322E-02   3.291037E-01  -8.155872E-01  -4.760166E-01   9.429772E-01   2.567766E-01   2.119876E-01  -5.067777E-02  -5.186158E-01   8.535724E-01 
  1.570000E+00  -2.109171E-02   1.123371E-01  -4.918886E-02  -7.978745E-01  -4.174582E-01  -4.348997E-01   3.239566E-01  -9.053213E-01   2.746842E-01  -5.083908E-01   7.828110E-02   8.576292E-01 
  1.580000E+00  -5.336342E-03   1.141754E-01  -4.195391E-02  -5.062467E-01   7.540936E-01  -4.184356E-01  -8.618818E-01  -4.254638E-01   2.760011E-01   3.008731E-02   5.003596E-01   8.653628E-01 
  1.590000E+00   1.052180E-02   1.138147E-01  -3.518823E-02   6.987097E-01   6.173951E-01  -3.615737E-01  -5.683532E-01   7.859359E-01   2.437054E-01   4.346111E-01   3.522888E-02   8.999957E-01 
  1.600000E+00   2.617730E-02   1.112620E-01  -2.892910E-02   7.573269E-01  -5.939879E-01  -2.715616E-01   6.511147E-01   7.192141E-01   2.426720E-01   5.115642E-02  -3.605807E-01   9.313898E-01 
  1.610000E+00   4.132865E-02   1.065666E-01  -2.321099E-02  -4.211821E-01  -8.816407E-01  -2.129600E-01   8.417898E-01  -4.673919E-01   2.701269E-01  -3.376867E-01  -6.548429E-02   9.390434E-01 
  1.620000E+00   5.568405E-02   9.981872E-02  -1.806540E-02  -9.580992E-01   2.027730E-01  -2.023160E-01  -2.534085E-01  -9.293071E-01   2.686576E-01  -1.335393E-01   3.086680E-01   9.418145E-01 
  1.630000E+00   6.896702E-02   9.114845E-02  -1.352069E-02  -4.009652E-02   9.814388E-01  -1.876995E-01  -9.762267E-01   1.597189E-03   2.168928E-01   2.131541E-01   1.919347E-01   9.580453E-01 
  1.640000E+00   8.092174E-02   8.072275E-02  -9.601880E-03   9.439489E-01   3.027125E-01  -1.320955E-01  -2.812845E-01   9.464507E-01   1.588519E-01   1.730987E-01  -1.127831E-01   9.784900E-01 
  1.650000E+00   9.131798E-02   6.874239E-02  -6.330570E-03   5.645494E-01  -8.227473E-01  -6.686164E-02   8.218126E-01   5.526026E-01   1.391164E-01  -7.750940E-02  -1.334771E-01   9.880803E-01 
  1.660000E+00   9.995552E-02   5.543812E-02  -3.724778E-03  -6.174676E-01  -7.854031E-01  -4.358915E-02   7.743682E-01  -6.166614E-01   1.417992E-01  -1.382462E-01   5.380515E-02   9.889993E-01 
  1.670000E+00   1.066680E-01   4.106615E-02  -1.798859E-03  -9.354935E-01   3.479771E-01  -6.138331E-02  -3.529559E-01  -9.284416E-01   1.158569E-01  -1.667669E-02   1.300485E-01   9.914314E-01 
  1.680000E+00   1.113261E-01   2.590329E-02  -5.634224E-04   4.202069E-02   9.966637E-01  -7.044258E-02  -9.978813E-01   4.541494E-02   4.729813E-02   5.033563E-02   6.830517E-02   9.964578E-01 
  1.690000E+00   1.138402E-01   1.024155E-02  -2.527458E-05   9.613916E-01   2.722420E-01  -4.166058E-02  -2.732728E-01   9.617648E-01  -2.134702E-02   3.425370E-02   3.190585E-02   9.989676E-01 
  1.700000E+00   1.141619E-01  -5.617434E-03  -1.873800E-04   5.619295E-01  -8.272251E-01  -5.795591E-03   8.260872E-01   5.614996E-01  -4.896728E-02   4.375961E-02   2.272621E-02   9.988475E-01 
  1.710000E+00   1.122849E-01  -2.136823E-02  -1.048846E-03  -6.093253E-01  -7.928588E-01  -1.107186E-02   7.922077E-01  -6.081079E-01  -5.134908E-02   3.397824E-02  -4.005987E-02   9.986833E-01 
  1.720000E+00   1.082453E-01  -3.670749E-02  -2.604926E-03  -9.409885E-01   3.335496E-01  -5.735039E-02  -3.287854E-01  -9.411078E-01  -7.886680E-02  -8.027816E-02  -5.535753E-02   9.952982E-01 
  1.730000E+00   1.021211E-01  -5.133980E-02  -4.847048E-03   3.596959E-02   9.947932E-01  -9.570193E-02  -9.890005E-01   2.166273E-02  -1.465403E-01  -1.437026E-01   9.991237E-02   9.846289E-01 
  1.740000E+00   9.403007E-02  -6.498335E-02  -7.762861E-03   9.628039E-01   2.530052E-01  -9.551212E-02  -2.680039E-01   9.399024E-01  -2.118525E-01   3.616808E-02   2.295559E-01   9.726881E-01 
  1.750000E+00   8.412813E-02  -7.737537E-02  -1.133630E-02   5.125540E-01  -8.541194E-01  -8.868621E-02   8.232301E-01   5.181315E-01  -2.322264E-01   2.442895E-01   4.601051E-02   9.686752E-01 
  1.760000E+00   7.260595E-02  -8.827721E-02  -1.554768E-02  -6.832729E-01  -7.191448E-01  -1.264481E-01   7.258752E-01  -6.502134E-01  -2.243882E-01   7.914274E-02  -2.451033E-01   9.663264E-01 
  1.770000E+00   5.968544E-02  -9.747891E-02  -2.037381E-02  -8.536536E-01   4.791802E-01  -2.041354E-01  -4.305802E-01  -8.697673E-01  -2.410682E-01  -2.930625E-01  -1.178960E-01   9.488623E-01 
  1.780000E+00   4.561545E-02  -1.048032E-01  -2.578808E-02   2.823860E-01   9.223316E-01  -2.639028E-01  -9.344431E-01   2.021765E-01  -2.932878E-01  -2.171552E-01   3.294026E-01   9.189453E-01 
  1.790000E+00   3.066693E-02  -1.101092E-01  -3.176069E-02   9.540538E-01  -1.043762E-01  -2.810911E-01   6.295343E-03   9.442848E-01  -3.292586E-01   2.997782E-01   3.123403E-01   9.014979E-01 
  1.800000E+00   1.512781E-02  -1.132945E-01  -3.825872E-02   6.103017E-02  -9.500674E-01  -3.061295E-01   9.375743E-01   1.597998E-01  -3.090192E-01   3.424877E-01  -2.681610E-01   9.005075E-01 
  1.810000E+00  -7.026731E-04  -1.142978E-01  -4.524638E-02  -9.032294E-01  -1.916631E-01  -3.839897E-01   3.082333E-01  -9.122861E-01  -2.696884E-01  -2.986219E-01  -3.619460E-01   8.831426E-01 
  1.820000E+00  -1.651962E-02  -1.130999E-01  -5.268517E-02  -2.567234E-01   8.430504E-01  -4.726593E-01  -8.684225E-01  -4.158648E-01  -2.700673E-01  -4.242442E-01   3.411158E-01   8.389129E-01 
  1.830000E+00  -3.201841E-02  -1.097238E-01  -6.053411E-02   8.141276E-01   2.771436E-01  -5.103961E-01  -4.645542E-01   8.382116E-01  -2.858474E-01   3.485716E-01   4.697987E-01   8.111124E-01 
  1.840000E+00  -4.690056E-02  -1.042345E-01  -6.874997E-02   2.919709E-01  -7.972314E-01  -5.284487E-01   8.486870E-01   4.707506E-01  -2.412854E-01   4.410967E-01  -3.780349E-01   8.140269E-01 
  1.850000E+00  -6.087944E-02  -9.673771E-02  -7.728749E-02  -7.567909E-01  -2.762201E-01  -5.924404E-01   4.432047E-01  -8.830161E-01  -1.544659E-01  -4.804714E-01  -3.794635E-01   7.907400E-01 
  1.860000E+00  -7.368583E-02  -8.737785E-02  -8.609962E-02  -1.912613E-01   7.198818E-01  -6.672641E-01  -9.276080E-01  -3.548418E-01  -1.169281E-01  -3.209588E-01   5.965727E-01   7.356617E-01 
  1.870000E+00  -8.507310E-02  -7.633516E-02  -9.513783E-02   7.262431E-01   7.264487E-02  -6.836702E-01  -1.900846E-01   9.769183E-01  -9.811123E-02   6.607193E-01   2.011981E-01   7.232429E-01 
  1.880000E+00  -9.482194E-02  -6.382233E-02  -1.043523E-01  -3.196310E-02  -7.274145E-01  -6.854990E-01   9.989949E-01  -4.547520E-02   1.662433E-03  -3.240355E-02  -6.847348E-01   7.281482E-01 
  1.890000E+00  -1.027446E-01  -5.008034E-02  -1.136923E-01  -6.630055E-01   1.614235E-01  -7.310185E-01  -3.434855E-01  -9.332201E-01   1.054624E-01  -6.651791E-01   3.210095E-01   6.742387E-01 
  1.900000E+00  -1.086885E-01  -3.537384E-02  -1.231064E-01   3.588471E-01   5.530090E-01  -7.519959E-01  -7.371867E-01   6.621180E-01   1.351415E-01   5.726016E-01   5.058542E-01   6.452485E-01 
  1.910000E+00  -1.125391E-01  -1.998607E-02  -1.325427E-01   4.178589E-01  -5.620046E-01  -7.138886E-01   8.967972E-01   3.811820E-01   2.248218E-01   1.457427E-01  -7.341260E-01   6.632694E-01 
  1.920000E+00  -1.142223E-01  -4.213388E-03  -1.419492E-01  -6.800520E-01  -1.827553E-01  -7.100357E-01  -1.159489E-01  -9.294380E-01   3.502933E-01  -7.239517E-01   3.205465E-01   6.109412E-01 
  1.930000E+00  -1.137057E-01   1.164044E-02  -1.512742E-01   1.973379E-01   6.748684E-01  -7.111183E-01  -6.927252E-01   6.092945E-01   3.860023E-01   6.937350E-01   4.164357E-01   5.877222E-01 
  1.940000E+00  -1.109992E-01   2.727009E-02  -1.604661E-01   4.885729E-01  -5.999004E-01  -6.336518E-01   8.567143E-01   1.919463E-01   4.788279E-01  -1.656375E-01  -7.767593E-01   6.077135E-01 
  1.950000E+00  -1.061550E-01   4.237453E-02  -1.694745E-01  -7.984902E-01  -3.590045E-02  -6.009476E-01  -4.086504E-01  -7.006839E-01   5.848648E-01  -4.420765E-01   7.125821E-01   5.448839E-01 
  1.960000E+00  -9.926635E-02   5.666288E-02  -1.782496E-01   5.672290E-01   6.022013E-01  -5.618816E-01  -2.061800E-01   7.643563E-01   6.110391E-01   7.974003E-01  -2.307218E-01   5.576968E-01 
  1.970000E+00  -9.046589E-02   6.985995E-02  -1.867431E-01  -1.432621E-02  -8.953342E-01  -4.452406E-01   6.031782E-01  -3.628715E-01   7.103127E-01  -7.975203E-01  -2.583500E-01   5.452732E-01 
  1.980000E+00  -7.992314E-02   8.171158E-02  -1.949083E-01  -5.433623E-01   7.288867E-01  -4.165496E-01  -6.502464E-01  -5.153729E-02   7.580171E-01   5.310076E-01   6.827404E-01   5.019976E-01 
  1.990000E+00  -6.784113E-02   9.198952E-02  -2.027001E-01   8.891004E-01  -3.478727E-01  -2.976910E-01   4.341862E-01   4.342369E-01   7.893181E-01  -1.453192E-01  -8.309785E-01   5.370910E-01 
  2.000000E+00  -5.445257E-02   1.004958E-01  -2.100757E-01  -9.668164E-01  -1.451429E-01  -2.102427E-01  -1.098484E-01  -5.067950E-01   8.550604E-01  -2.306551E-01   8.497814E-01   4.741071E-01 
