% FILE: stable/babyboot.1
%
%       t         P_No_Ao[1]     P_No_Ao[2]     P_No_Ao[3]      N_A[1,1]       N_A[1,2]       N_A[1,3]       N_A[2,1]       N_A[2,2]       N_A[2,3]       N_A[3,1]       N_A[3,2]       N_A[3,3]
%   (second)        (meter)        (meter)        (meter)       (NoUnits)      (NoUnits)      (NoUnits)      (NoUnits)      (NoUnits)      (NoUnits)      (NoUnits)      (NoUnits)      (NoUnits)

  0.000000E+000  0.000000E+000  5.303301E-002 -5.303301E-002  1.000000E+000  0.000000E+000  0.000000E+000  0.000000E+000  7.071068E-001 -7.071068E-001  0.000000E+000  7.071068E-001  7.071068E-001
  5.000000E-002  0.000000E+000  5.079035E-002 -5.518460E-002  1.000000E+000  0.000000E+000  0.000000E+000  0.000000E+000  7.357947E-001 -6.772047E-001  0.000000E+000  6.772047E-001  7.357947E-001
  1.000000E-001  0.000000E+000  4.377298E-002 -6.090095E-002  1.000000E+000  0.000000E+000  0.000000E+000  0.000000E+000  8.120127E-001 -5.836398E-001  0.000000E+000  5.836398E-001  8.120127E-001
  1.500000E-001  0.000000E+000  3.155457E-002 -6.803903E-002  1.000000E+000  0.000000E+000  0.000000E+000  0.000000E+000  9.071870E-001 -4.207276E-001  0.000000E+000  4.207276E-001  9.071870E-001
  2.000000E-001  0.000000E+000  1.462510E-002 -7.356022E-002  1.000000E+000  0.000000E+000  0.000000E+000  0.000000E+000  9.808030E-001 -1.950014E-001  0.000000E+000  1.950014E-001  9.808030E-001
  2.500000E-001  0.000000E+000 -4.827191E-003 -7.484449E-002  1.000000E+000  0.000000E+000  0.000000E+000  0.000000E+000  9.979266E-001  6.436255E-002  0.000000E+000 -6.436255E-002  9.979266E-001
  3.000000E-001  0.000000E+000 -2.342095E-002 -7.124928E-002  1.000000E+000  0.000000E+000  0.000000E+000  0.000000E+000  9.499903E-001  3.122793E-001  0.000000E+000 -3.122793E-001  9.499903E-001
  3.500000E-001  0.000000E+000 -3.820110E-002 -6.454205E-002  1.000000E+000  0.000000E+000  0.000000E+000  0.000000E+000  8.605606E-001  5.093480E-001  0.000000E+000 -5.093480E-001  8.605606E-001
  4.000000E-001  0.000000E+000 -4.784570E-002 -5.775629E-002  1.000000E+000  0.000000E+000  0.000000E+000  0.000000E+000  7.700839E-001  6.379426E-001  0.000000E+000 -6.379426E-001  7.700839E-001
  4.500000E-001  0.000000E+000 -5.245625E-002 -5.360357E-002  1.000000E+000  0.000000E+000  0.000000E+000  0.000000E+000  7.147142E-001  6.994166E-001  0.000000E+000 -6.994166E-001  7.147142E-001
  5.000000E-001  0.000000E+000 -5.249882E-002 -5.356187E-002  1.000000E+000  0.000000E+000  0.000000E+000  0.000000E+000  7.141583E-001  6.999842E-001  0.000000E+000 -6.999842E-001  7.141583E-001
  5.500000E-001  0.000000E+000 -4.797931E-002 -5.764535E-002  1.000000E+000  0.000000E+000  0.000000E+000  0.000000E+000  7.686046E-001  6.397241E-001  0.000000E+000 -6.397241E-001  7.686046E-001
  6.000000E-001  0.000000E+000 -3.843481E-002 -6.440315E-002  1.000000E+000  0.000000E+000  0.000000E+000  0.000000E+000  8.587086E-001  5.124641E-001  0.000000E+000 -5.124641E-001  8.587086E-001
  6.500000E-001  0.000000E+000 -2.374611E-002 -7.114157E-002  1.000000E+000  0.000000E+000  0.000000E+000  0.000000E+000  9.485542E-001  3.166148E-001  0.000000E+000 -3.166148E-001  9.485542E-001
  7.000000E-001  0.000000E+000 -5.201583E-003 -7.481941E-002  1.000000E+000  0.000000E+000  0.000000E+000  0.000000E+000  9.975921E-001  6.935444E-002  0.000000E+000 -6.935444E-002  9.975921E-001
  7.500000E-001  0.000000E+000  1.426752E-002 -7.363041E-002  1.000000E+000  0.000000E+000  0.000000E+000  0.000000E+000  9.817388E-001 -1.902336E-001  0.000000E+000  1.902336E-001  9.817388E-001
  8.000000E-001  0.000000E+000  3.127129E-002 -6.816969E-002  1.000000E+000  0.000000E+000  0.000000E+000  0.000000E+000  9.089292E-001 -4.169505E-001  0.000000E+000  4.169505E-001  9.089292E-001
  8.500000E-001  0.000000E+000  4.358899E-002 -6.103278E-002  1.000000E+000  0.000000E+000  0.000000E+000  0.000000E+000  8.137703E-001 -5.811866E-001  0.000000E+000  5.811866E-001  8.137703E-001
  9.000000E-001  0.000000E+000  5.070275E-002 -5.526510E-002  1.000000E+000  0.000000E+000  0.000000E+000  0.000000E+000  7.368680E-001 -6.760366E-001  0.000000E+000  6.760366E-001  7.368680E-001
  9.500000E-001  0.000000E+000  5.303218E-002 -5.303383E-002  1.000000E+000  0.000000E+000  0.000000E+000  0.000000E+000  7.071178E-001 -7.070958E-001  0.000000E+000  7.070958E-001  7.071178E-001
  1.000000E+000  0.000000E+000  5.087619E-002 -5.510547E-002  1.000000E+000  0.000000E+000  0.000000E+000  0.000000E+000  7.347396E-001 -6.783492E-001  0.000000E+000  6.783492E-001  7.347396E-001
  1.050000E+000  0.000000E+000  4.395503E-002 -6.076969E-002  1.000000E+000  0.000000E+000  0.000000E+000  0.000000E+000  8.102625E-001 -5.860671E-001  0.000000E+000  5.860671E-001  8.102625E-001
  1.100000E+000  0.000000E+000  3.183607E-002 -6.790776E-002  1.000000E+000  0.000000E+000  0.000000E+000  0.000000E+000  9.054369E-001 -4.244810E-001  0.000000E+000  4.244810E-001  9.054369E-001
  1.150000E+000  0.000000E+000  1.498173E-002 -7.348842E-002  1.000000E+000  0.000000E+000  0.000000E+000  0.000000E+000  9.798456E-001 -1.997564E-001  0.000000E+000  1.997564E-001  9.798456E-001
  1.200000E+000  0.000000E+000 -4.452459E-003 -7.486772E-002  1.000000E+000  0.000000E+000  0.000000E+000  0.000000E+000  9.982363E-001  5.936612E-002  0.000000E+000 -5.936612E-002  9.982363E-001
  1.250000E+000  0.000000E+000 -2.309434E-002 -7.135581E-002  1.000000E+000  0.000000E+000  0.000000E+000  0.000000E+000  9.514108E-001  3.079245E-001  0.000000E+000 -3.079245E-001  9.514108E-001
  1.300000E+000  0.000000E+000 -3.796549E-002 -6.468092E-002  1.000000E+000  0.000000E+000  0.000000E+000  0.000000E+000  8.624123E-001  5.062066E-001  0.000000E+000 -5.062066E-001  8.624123E-001
  1.350000E+000  0.000000E+000 -4.771026E-002 -5.786822E-002  1.000000E+000  0.000000E+000  0.000000E+000  0.000000E+000  7.715763E-001  6.361368E-001  0.000000E+000 -6.361368E-001  7.715763E-001
  1.400000E+000  0.000000E+000 -5.241205E-002 -5.364678E-002  1.000000E+000  0.000000E+000  0.000000E+000  0.000000E+000  7.152904E-001  6.988273E-001  0.000000E+000 -6.988273E-001  7.152904E-001
  1.450000E+000  0.000000E+000 -5.253975E-002 -5.352172E-002  1.000000E+000  0.000000E+000  0.000000E+000  0.000000E+000  7.136229E-001  7.005301E-001  0.000000E+000 -7.005301E-001  7.136229E-001
  1.500000E+000  0.000000E+000 -4.811108E-002 -5.753542E-002  1.000000E+000  0.000000E+000  0.000000E+000  0.000000E+000  7.671389E-001  6.414810E-001  0.000000E+000 -6.414810E-001  7.671389E-001
  1.550000E+000  0.000000E+000 -3.866658E-002 -6.426427E-002  1.000000E+000  0.000000E+000  0.000000E+000  0.000000E+000  8.568569E-001  5.155543E-001  0.000000E+000 -5.155543E-001  8.568569E-001
  1.600000E+000  0.000000E+000 -2.406978E-002 -7.103271E-002  1.000000E+000  0.000000E+000  0.000000E+000  0.000000E+000  9.471028E-001  3.209304E-001  0.000000E+000 -3.209304E-001  9.471028E-001
  1.650000E+000  0.000000E+000 -5.575609E-003 -7.479246E-002  1.000000E+000  0.000000E+000  0.000000E+000  0.000000E+000  9.972328E-001  7.434145E-002  0.000000E+000 -7.434145E-002  9.972328E-001
  1.700000E+000  0.000000E+000  1.390899E-002 -7.369898E-002  1.000000E+000  0.000000E+000  0.000000E+000  0.000000E+000  9.826531E-001 -1.854532E-001  0.000000E+000  1.854532E-001  9.826531E-001
  1.750000E+000  0.000000E+000  3.098622E-002 -6.829974E-002  1.000000E+000  0.000000E+000  0.000000E+000  0.000000E+000  9.106632E-001 -4.131496E-001  0.000000E+000  4.131496E-001  9.106632E-001
  1.800000E+000  0.000000E+000  4.340304E-002 -6.116515E-002  1.000000E+000  0.000000E+000  0.000000E+000  0.000000E+000  8.155354E-001 -5.787072E-001  0.000000E+000  5.787072E-001  8.155354E-001
  1.850000E+000  0.000000E+000  5.061338E-002 -5.534696E-002  1.000000E+000  0.000000E+000  0.000000E+000  0.000000E+000  7.379595E-001 -6.748450E-001  0.000000E+000  6.748450E-001  7.379595E-001
  1.900000E+000  0.000000E+000  5.302973E-002 -5.303629E-002  1.000000E+000  0.000000E+000  0.000000E+000  0.000000E+000  7.071505E-001 -7.070631E-001  0.000000E+000  7.070631E-001  7.071505E-001
  1.950000E+000  0.000000E+000  5.096030E-002 -5.502770E-002  1.000000E+000  0.000000E+000  0.000000E+000  0.000000E+000  7.337027E-001 -6.794707E-001  0.000000E+000  6.794707E-001  7.337027E-001
  2.000000E+000  0.000000E+000  4.413517E-002 -6.063899E-002  1.000000E+000  0.000000E+000  0.000000E+000  0.000000E+000  8.085199E-001 -5.884689E-001  0.000000E+000  5.884689E-001  8.085199E-001
  2.050000E+000  0.000000E+000  3.211581E-002 -6.777591E-002  1.000000E+000  0.000000E+000  0.000000E+000  0.000000E+000  9.036788E-001 -4.282109E-001  0.000000E+000  4.282109E-001  9.036788E-001
  2.100000E+000  0.000000E+000  1.533740E-002 -7.341501E-002  1.000000E+000  0.000000E+000  0.000000E+000  0.000000E+000  9.788669E-001 -2.044986E-001  0.000000E+000  2.044986E-001  9.788669E-001
  2.150000E+000  0.000000E+000 -4.077429E-003 -7.488908E-002  1.000000E+000  0.000000E+000  0.000000E+000  0.000000E+000  9.985211E-001  5.436572E-002  0.000000E+000 -5.436572E-002  9.985211E-001
  2.200000E+000  0.000000E+000 -2.276633E-002 -7.146114E-002  1.000000E+000  0.000000E+000  0.000000E+000  0.000000E+000  9.528152E-001  3.035511E-001  0.000000E+000 -3.035511E-001  9.528152E-001
  2.250000E+000  0.000000E+000 -3.772800E-002 -6.481973E-002  1.000000E+000  0.000000E+000  0.000000E+000  0.000000E+000  8.642631E-001  5.030400E-001  0.000000E+000 -5.030400E-001  8.642631E-001
  2.300000E+000  0.000000E+000 -4.757301E-002 -5.798111E-002  1.000000E+000  0.000000E+000  0.000000E+000  0.000000E+000  7.730814E-001  6.343068E-001  0.000000E+000 -6.343068E-001  7.730814E-001
  2.350000E+000  0.000000E+000 -5.236621E-002 -5.369153E-002  1.000000E+000  0.000000E+000  0.000000E+000  0.000000E+000  7.158870E-001  6.982161E-001  0.000000E+000 -6.982161E-001  7.158870E-001
  2.400000E+000  0.000000E+000 -5.257904E-002 -5.348312E-002  1.000000E+000  0.000000E+000  0.000000E+000  0.000000E+000  7.131083E-001  7.010539E-001  0.000000E+000 -7.010539E-001  7.131083E-001
  2.450000E+000  0.000000E+000 -4.824098E-002 -5.742654E-002  1.000000E+000  0.000000E+000  0.000000E+000  0.000000E+000  7.656872E-001  6.432131E-001  0.000000E+000 -6.432131E-001  7.656872E-001
  2.500000E+000  0.000000E+000 -3.889638E-002 -6.412543E-002  1.000000E+000  0.000000E+000  0.000000E+000  0.000000E+000  8.550058E-001  5.186184E-001  0.000000E+000 -5.186184E-001  8.550058E-001
  2.550000E+000  0.000000E+000 -2.439195E-002 -7.092273E-002  1.000000E+000  0.000000E+000  0.000000E+000  0.000000E+000  9.456363E-001  3.252259E-001  0.000000E+000 -3.252259E-001  9.456363E-001
  2.600000E+000  0.000000E+000 -5.949245E-003 -7.476367E-002  1.000000E+000  0.000000E+000  0.000000E+000  0.000000E+000  9.968489E-001  7.932326E-002  0.000000E+000 -7.932326E-002  9.968489E-001
  2.650000E+000  0.000000E+000  1.354953E-002 -7.376592E-002  1.000000E+000  0.000000E+000  0.000000E+000  0.000000E+000  9.835455E-001 -1.806604E-001  0.000000E+000  1.806604E-001  9.835455E-001
  2.700000E+000  0.000000E+000  3.069935E-002 -6.842916E-002  1.000000E+000  0.000000E+000  0.000000E+000  0.000000E+000  9.123888E-001 -4.093247E-001  0.000000E+000  4.093247E-001  9.123888E-001
  2.750000E+000  0.000000E+000  4.321513E-002 -6.129806E-002  1.000000E+000  0.000000E+000  0.000000E+000  0.000000E+000  8.173075E-001 -5.762018E-001  0.000000E+000  5.762018E-001  8.173075E-001
  2.800000E+000  0.000000E+000  5.052225E-002 -5.543015E-002  1.000000E+000  0.000000E+000  0.000000E+000  0.000000E+000  7.390687E-001 -6.736301E-001  0.000000E+000  6.736301E-001  7.390687E-001
  2.850000E+000  0.000000E+000  5.302567E-002 -5.304035E-002  1.000000E+000  0.000000E+000  0.000000E+000  0.000000E+000  7.072047E-001 -7.070089E-001  0.000000E+000  7.070089E-001  7.072047E-001
  2.900000E+000  0.000000E+000  5.104270E-002 -5.495127E-002  1.000000E+000  0.000000E+000  0.000000E+000  0.000000E+000  7.326836E-001 -6.805694E-001  0.000000E+000  6.805694E-001  7.326836E-001
  2.950000E+000  0.000000E+000  4.431342E-002 -6.050885E-002  1.000000E+000  0.000000E+000  0.000000E+000  0.000000E+000  8.067847E-001 -5.908455E-001  0.000000E+000  5.908455E-001  8.067847E-001
  3.000000E+000  0.000000E+000  3.239379E-002 -6.764349E-002  1.000000E+000  0.000000E+000  0.000000E+000  0.000000E+000  9.019132E-001 -4.319172E-001  0.000000E+000  4.319172E-001  9.019132E-001
  3.050000E+000  0.000000E+000  1.569207E-002 -7.334002E-002  1.000000E+000  0.000000E+000  0.000000E+000  0.000000E+000  9.778670E-001 -2.092276E-001  0.000000E+000  2.092276E-001  9.778670E-001
  3.100000E+000  0.000000E+000 -3.702135E-003 -7.490857E-002  1.000000E+000  0.000000E+000  0.000000E+000  0.000000E+000  9.987810E-001  4.936180E-002  0.000000E+000 -4.936180E-002  9.987810E-001
  3.150000E+000  0.000000E+000 -2.243693E-002 -7.156524E-002  1.000000E+000  0.000000E+000  0.000000E+000  0.000000E+000  9.542032E-001  2.991591E-001  0.000000E+000 -2.991591E-001  9.542032E-001
  3.200000E+000  0.000000E+000 -3.748862E-002 -6.495847E-002  1.000000E+000  0.000000E+000  0.000000E+000  0.000000E+000  8.661130E-001  4.998483E-001  0.000000E+000 -4.998483E-001  8.661130E-001
  3.250000E+000  0.000000E+000 -4.743391E-002 -5.809496E-002  1.000000E+000  0.000000E+000  0.000000E+000  0.000000E+000  7.745994E-001  6.324521E-001  0.000000E+000 -6.324521E-001  7.745994E-001
  3.300000E+000  0.000000E+000 -5.231871E-002 -5.373781E-002  1.000000E+000  0.000000E+000  0.000000E+000  0.000000E+000  7.165041E-001  6.975828E-001  0.000000E+000 -6.975828E-001  7.165041E-001
  3.350000E+000  0.000000E+000 -5.261667E-002 -5.344611E-002  1.000000E+000  0.000000E+000  0.000000E+000  0.000000E+000  7.126148E-001  7.015556E-001  0.000000E+000 -7.015556E-001  7.126148E-001
  3.400000E+000  0.000000E+000 -4.836902E-002 -5.731874E-002  1.000000E+000  0.000000E+000  0.000000E+000  0.000000E+000  7.642498E-001  6.449203E-001  0.000000E+000 -6.449203E-001  7.642498E-001
  3.450000E+000  0.000000E+000 -3.912423E-002 -6.398668E-002  1.000000E+000  0.000000E+000  0.000000E+000  0.000000E+000  8.531557E-001  5.216564E-001  0.000000E+000 -5.216564E-001  8.531557E-001
  3.500000E+000  0.000000E+000 -2.471260E-002 -7.081163E-002  1.000000E+000  0.000000E+000  0.000000E+000  0.000000E+000  9.441551E-001  3.295013E-001  0.000000E+000 -3.295013E-001  9.441551E-001
  3.550000E+000  0.000000E+000 -6.322477E-003 -7.473303E-002  1.000000E+000  0.000000E+000  0.000000E+000  0.000000E+000  9.964404E-001  8.429970E-002  0.000000E+000 -8.429970E-002  9.964404E-001
  3.600000E+000  0.000000E+000  1.318915E-002 -7.383120E-002  1.000000E+000  0.000000E+000  0.000000E+000  0.000000E+000  9.844160E-001 -1.758554E-001  0.000000E+000  1.758554E-001  9.844160E-001
  3.650000E+000  0.000000E+000  3.041073E-002 -6.855791E-002  1.000000E+000  0.000000E+000  0.000000E+000  0.000000E+000  9.141055E-001 -4.054764E-001  0.000000E+000  4.054764E-001  9.141055E-001
  3.700000E+000  0.000000E+000  4.302530E-002 -6.143146E-002  1.000000E+000  0.000000E+000  0.000000E+000  0.000000E+000  8.190861E-001 -5.736706E-001  0.000000E+000  5.736706E-001  8.190861E-001
  3.750000E+000  0.000000E+000  5.042940E-002 -5.551465E-002  1.000000E+000  0.000000E+000  0.000000E+000  0.000000E+000  7.401953E-001 -6.723920E-001  0.000000E+000  6.723920E-001  7.401953E-001
  3.800000E+000  0.000000E+000  5.302001E-002 -5.304600E-002  1.000000E+000  0.000000E+000  0.000000E+000  0.000000E+000  7.072800E-001 -7.069335E-001  0.000000E+000  7.069335E-001  7.072800E-001
  3.850000E+000  0.000000E+000  5.112341E-002 -5.487620E-002  1.000000E+000  0.000000E+000  0.000000E+000  0.000000E+000  7.316826E-001 -6.816455E-001  0.000000E+000  6.816455E-001  7.316826E-001
  3.900000E+000  0.000000E+000  4.448977E-002 -6.037931E-002  1.000000E+000  0.000000E+000  0.000000E+000  0.000000E+000  8.050574E-001 -5.931969E-001  0.000000E+000  5.931969E-001  8.050574E-001
  3.950000E+000  0.000000E+000  3.266998E-002 -6.751054E-002  1.000000E+000  0.000000E+000  0.000000E+000  0.000000E+000  9.001405E-001 -4.355997E-001  0.000000E+000  4.355997E-001  9.001405E-001
  4.000000E+000  0.000000E+000  1.604570E-002 -7.326347E-002  1.000000E+000  0.000000E+000  0.000000E+000  0.000000E+000  9.768462E-001 -2.139427E-001  0.000000E+000  2.139427E-001  9.768462E-001
  4.050000E+000  0.000000E+000 -3.326604E-003 -7.492619E-002  1.000000E+000  0.000000E+000  0.000000E+000  0.000000E+000  9.990158E-001  4.435472E-002  0.000000E+000 -4.435472E-002  9.990158E-001
  4.100000E+000  0.000000E+000 -2.210615E-002 -7.166811E-002  1.000000E+000  0.000000E+000  0.000000E+000  0.000000E+000  9.555748E-001  2.947486E-001  0.000000E+000 -2.947486E-001  9.555748E-001
  4.150000E+000  0.000000E+000 -3.724733E-002 -6.509713E-002  1.000000E+000  0.000000E+000  0.000000E+000  0.000000E+000  8.679618E-001  4.966310E-001  0.000000E+000 -4.966310E-001  8.679618E-001
  4.200000E+000  0.000000E+000 -4.729294E-002 -5.820978E-002  1.000000E+000  0.000000E+000  0.000000E+000  0.000000E+000  7.761304E-001  6.305725E-001  0.000000E+000 -6.305725E-001  7.761304E-001
  4.250000E+000  0.000000E+000 -5.226954E-002 -5.378565E-002  1.000000E+000  0.000000E+000  0.000000E+000  0.000000E+000  7.171419E-001  6.969271E-001  0.000000E+000 -6.969271E-001  7.171419E-001
  4.300000E+000  0.000000E+000 -5.265263E-002 -5.341068E-002  1.000000E+000  0.000000E+000  0.000000E+000  0.000000E+000  7.121424E-001  7.020350E-001  0.000000E+000 -7.020350E-001  7.121424E-001
  4.350000E+000  0.000000E+000 -4.849522E-002 -5.721201E-002  1.000000E+000  0.000000E+000  0.000000E+000  0.000000E+000  7.628268E-001  6.466029E-001  0.000000E+000 -6.466029E-001  7.628268E-001
  4.400000E+000  0.000000E+000 -3.935014E-002 -6.384799E-002  1.000000E+000  0.000000E+000  0.000000E+000  0.000000E+000  8.513066E-001  5.246686E-001  0.000000E+000 -5.246686E-001  8.513066E-001
  4.450000E+000  0.000000E+000 -2.503174E-002 -7.069945E-002  1.000000E+000  0.000000E+000  0.000000E+000  0.000000E+000  9.426593E-001  3.337566E-001  0.000000E+000 -3.337566E-001  9.426593E-001
  4.500000E+000  0.000000E+000 -6.695291E-003 -7.470056E-002  1.000000E+000  0.000000E+000  0.000000E+000  0.000000E+000  9.960074E-001  8.927054E-002  0.000000E+000 -8.927054E-002  9.960074E-001
  4.550000E+000  0.000000E+000  1.282791E-002 -7.389482E-002  1.000000E+000  0.000000E+000  0.000000E+000  0.000000E+000  9.852643E-001 -1.710388E-001  0.000000E+000  1.710388E-001  9.852643E-001
  4.600000E+000  0.000000E+000  3.012039E-002 -6.868597E-002  1.000000E+000  0.000000E+000  0.000000E+000  0.000000E+000  9.158129E-001 -4.016051E-001  0.000000E+000  4.016051E-001  9.158129E-001
  4.650000E+000  0.000000E+000  4.283356E-002 -6.156530E-002  1.000000E+000  0.000000E+000  0.000000E+000  0.000000E+000  8.208707E-001 -5.711141E-001  0.000000E+000  5.711141E-001  8.208707E-001
  4.700000E+000  0.000000E+000  5.033482E-002 -5.560042E-002  1.000000E+000  0.000000E+000  0.000000E+000  0.000000E+000  7.413389E-001 -6.711309E-001  0.000000E+000  6.711309E-001  7.413389E-001
  4.750000E+000  0.000000E+000  5.301276E-002 -5.305325E-002  1.000000E+000  0.000000E+000  0.000000E+000  0.000000E+000  7.073766E-001 -7.068368E-001  0.000000E+000  7.068368E-001  7.073766E-001
  4.800000E+000  0.000000E+000  5.120241E-002 -5.480249E-002  1.000000E+000  0.000000E+000  0.000000E+000  0.000000E+000  7.306999E-001 -6.826988E-001  0.000000E+000  6.826988E-001  7.306999E-001
  4.850000E+000  0.000000E+000  4.466419E-002 -6.025039E-002  1.000000E+000  0.000000E+000  0.000000E+000  0.000000E+000  8.033386E-001 -5.955226E-001  0.000000E+000  5.955226E-001  8.033386E-001
  4.900000E+000  0.000000E+000  3.294434E-002 -6.737708E-002  1.000000E+000  0.000000E+000  0.000000E+000  0.000000E+000  8.983611E-001 -4.392578E-001  0.000000E+000  4.392578E-001  8.983611E-001
  4.950000E+000  0.000000E+000  1.639827E-002 -7.318536E-002  1.000000E+000  0.000000E+000  0.000000E+000  0.000000E+000  9.758048E-001 -2.186436E-001  0.000000E+000  2.186436E-001  9.758048E-001
  5.000000E+000  0.000000E+000 -2.950854E-003 -7.494193E-002  1.000000E+000  0.000000E+000  0.000000E+000  0.000000E+000  9.992257E-001  3.934471E-002  0.000000E+000 -3.934471E-002  9.992257E-001
  5.050000E+000  0.000000E+000 -2.177396E-002 -7.176973E-002  1.000000E+000  0.000000E+000  0.000000E+000  0.000000E+000  9.569298E-001  2.903195E-001  0.000000E+000 -2.903195E-001  9.569298E-001
  5.100000E+000  0.000000E+000 -3.700409E-002 -6.523570E-002  1.000000E+000  0.000000E+000  0.000000E+000  0.000000E+000  8.698094E-001  4.933879E-001  0.000000E+000 -4.933879E-001  8.698094E-001
  5.150000E+000  0.000000E+000 -4.715007E-002 -5.832556E-002  1.000000E+000  0.000000E+000  0.000000E+000  0.000000E+000  7.776741E-001  6.286676E-001  0.000000E+000 -6.286676E-001  7.776741E-001
  5.200000E+000  0.000000E+000 -5.221868E-002 -5.383502E-002  1.000000E+000  0.000000E+000  0.000000E+000  0.000000E+000  7.178003E-001  6.962490E-001  0.000000E+000 -6.962490E-001  7.178003E-001
  5.250000E+000  0.000000E+000 -5.268695E-002 -5.337683E-002  1.000000E+000  0.000000E+000  0.000000E+000  0.000000E+000  7.116910E-001  7.024926E-001  0.000000E+000 -7.024926E-001  7.116910E-001
  5.300000E+000  0.000000E+000 -4.861960E-002 -5.710634E-002  1.000000E+000  0.000000E+000  0.000000E+000  0.000000E+000  7.614179E-001  6.482613E-001  0.000000E+000 -6.482613E-001  7.614179E-001
  5.350000E+000  0.000000E+000 -3.957415E-002 -6.370939E-002  1.000000E+000  0.000000E+000  0.000000E+000  0.000000E+000  8.494586E-001  5.276553E-001  0.000000E+000 -5.276553E-001  8.494586E-001
  5.400000E+000  0.000000E+000 -2.534939E-002 -7.058618E-002  1.000000E+000  0.000000E+000  0.000000E+000  0.000000E+000  9.411490E-001  3.379919E-001  0.000000E+000 -3.379919E-001  9.411490E-001
  5.450000E+000  0.000000E+000 -7.067659E-003 -7.466625E-002  1.000000E+000  0.000000E+000  0.000000E+000  0.000000E+000  9.955499E-001  9.423546E-002  0.000000E+000 -9.423546E-002  9.955499E-001
  5.500000E+000  0.000000E+000  1.246583E-002 -7.395677E-002  1.000000E+000  0.000000E+000  0.000000E+000  0.000000E+000  9.860902E-001 -1.662110E-001  0.000000E+000  1.662110E-001  9.860902E-001
  5.550000E+000  0.000000E+000  2.982835E-002 -6.881330E-002  1.000000E+000  0.000000E+000  0.000000E+000  0.000000E+000  9.175106E-001 -3.977113E-001  0.000000E+000  3.977113E-001  9.175106E-001
  5.600000E+000  0.000000E+000  4.263992E-002 -6.169957E-002  1.000000E+000  0.000000E+000  0.000000E+000  0.000000E+000  8.226610E-001 -5.685322E-001  0.000000E+000  5.685322E-001  8.226610E-001
  5.650000E+000  0.000000E+000  5.023851E-002 -5.568745E-002  1.000000E+000  0.000000E+000  0.000000E+000  0.000000E+000  7.424994E-001 -6.698467E-001  0.000000E+000  6.698467E-001  7.424994E-001
  5.700000E+000  0.000000E+000  5.300390E-002 -5.306210E-002  1.000000E+000  0.000000E+000  0.000000E+000  0.000000E+000  7.074947E-001 -7.067187E-001  0.000000E+000  7.067187E-001  7.074947E-001
  5.750000E+000  0.000000E+000  5.127968E-002 -5.473020E-002  1.000000E+000  0.000000E+000  0.000000E+000  0.000000E+000  7.297360E-001 -6.837290E-001  0.000000E+000  6.837290E-001  7.297360E-001
  5.800000E+000  0.000000E+000  4.483667E-002 -6.012215E-002  1.000000E+000  0.000000E+000  0.000000E+000  0.000000E+000  8.016287E-001 -5.978223E-001  0.000000E+000  5.978223E-001  8.016287E-001
  5.850000E+000  0.000000E+000  3.321684E-002 -6.724315E-002  1.000000E+000  0.000000E+000  0.000000E+000  0.000000E+000  8.965754E-001 -4.428912E-001  0.000000E+000  4.428912E-001  8.965754E-001
  5.900000E+000  0.000000E+000  1.674974E-002 -7.310572E-002  1.000000E+000  0.000000E+000  0.000000E+000  0.000000E+000  9.747429E-001 -2.233299E-001  0.000000E+000  2.233299E-001  9.747429E-001
  5.950000E+000  0.000000E+000 -2.574900E-003 -7.495579E-002  1.000000E+000  0.000000E+000  0.000000E+000  0.000000E+000  9.994105E-001  3.433200E-002  0.000000E+000 -3.433200E-002  9.994105E-001
  6.000000E+000  0.000000E+000 -2.144039E-002 -7.187009E-002  1.000000E+000  0.000000E+000  0.000000E+000  0.000000E+000  9.582679E-001  2.858718E-001  0.000000E+000 -2.858718E-001  9.582679E-001
  6.050000E+000  0.000000E+000 -3.675892E-002 -6.537417E-002  1.000000E+000  0.000000E+000  0.000000E+000  0.000000E+000  8.716555E-001  4.901190E-001  0.000000E+000 -4.901190E-001  8.716555E-001
  6.100000E+000  0.000000E+000 -4.700532E-002 -5.844228E-002  1.000000E+000  0.000000E+000  0.000000E+000  0.000000E+000  7.792304E-001  6.267376E-001  0.000000E+000 -6.267376E-001  7.792304E-001
  6.150000E+000  0.000000E+000 -5.216616E-002 -5.388592E-002  1.000000E+000  0.000000E+000  0.000000E+000  0.000000E+000  7.184789E-001  6.955487E-001  0.000000E+000 -6.955487E-001  7.184789E-001
  6.200000E+000  0.000000E+000 -5.271964E-002 -5.334453E-002  1.000000E+000  0.000000E+000  0.000000E+000  0.000000E+000  7.112604E-001  7.029286E-001  0.000000E+000 -7.029286E-001  7.112604E-001
  6.250000E+000  0.000000E+000 -4.874219E-002 -5.700175E-002  1.000000E+000  0.000000E+000  0.000000E+000  0.000000E+000  7.600233E-001  6.498958E-001  0.000000E+000 -6.498958E-001  7.600233E-001
  6.300000E+000  0.000000E+000 -3.979626E-002 -6.357089E-002  1.000000E+000  0.000000E+000  0.000000E+000  0.000000E+000  8.476118E-001  5.306168E-001  0.000000E+000 -5.306168E-001  8.476118E-001
  6.350000E+000  0.000000E+000 -2.566553E-002 -7.047184E-002  1.000000E+000  0.000000E+000  0.000000E+000  0.000000E+000  9.396246E-001  3.422070E-001  0.000000E+000 -3.422070E-001  9.396246E-001
  6.400000E+000  0.000000E+000 -7.439548E-003 -7.463011E-002  1.000000E+000  0.000000E+000  0.000000E+000  0.000000E+000  9.950681E-001  9.919398E-002  0.000000E+000 -9.919398E-002  9.950681E-001
  6.450000E+000  0.000000E+000  1.210294E-002 -7.401702E-002  1.000000E+000  0.000000E+000  0.000000E+000  0.000000E+000  9.868936E-001 -1.613726E-001  0.000000E+000  1.613726E-001  9.868936E-001
  6.500000E+000  0.000000E+000  2.953462E-002 -6.893987E-002  1.000000E+000  0.000000E+000  0.000000E+000  0.000000E+000  9.191983E-001 -3.937949E-001  0.000000E+000  3.937949E-001  9.191983E-001
  6.550000E+000  0.000000E+000  4.244436E-002 -6.183427E-002  1.000000E+000  0.000000E+000  0.000000E+000  0.000000E+000  8.244569E-001 -5.659248E-001  0.000000E+000  5.659248E-001  8.244569E-001
  6.600000E+000  0.000000E+000  5.014043E-002 -5.577577E-002  1.000000E+000  0.000000E+000  0.000000E+000  0.000000E+000  7.436770E-001 -6.685391E-001  0.000000E+000  6.685391E-001  7.436770E-001
  6.650000E+000  0.000000E+000  5.299341E-002 -5.307258E-002  1.000000E+000  0.000000E+000  0.000000E+000  0.000000E+000  7.076344E-001 -7.065788E-001  0.000000E+000  7.065788E-001  7.076344E-001
  6.700000E+000  0.000000E+000  5.135520E-002 -5.465934E-002  1.000000E+000  0.000000E+000  0.000000E+000  0.000000E+000  7.287912E-001 -6.847360E-001  0.000000E+000  6.847360E-001  7.287912E-001
  6.750000E+000  0.000000E+000  4.500720E-002 -5.999460E-002  1.000000E+000  0.000000E+000  0.000000E+000  0.000000E+000  7.999279E-001 -6.000961E-001  0.000000E+000  6.000961E-001  7.999279E-001
  6.800000E+000  0.000000E+000  3.348749E-002 -6.710878E-002  1.000000E+000  0.000000E+000  0.000000E+000  0.000000E+000  8.947837E-001 -4.464999E-001  0.000000E+000  4.464999E-001  8.947837E-001
  6.850000E+000  0.000000E+000  1.710012E-002 -7.302456E-002  1.000000E+000  0.000000E+000  0.000000E+000  0.000000E+000  9.736608E-001 -2.280016E-001  0.000000E+000  2.280016E-001  9.736608E-001
  6.900000E+000  0.000000E+000 -2.198763E-003 -7.496776E-002  1.000000E+000  0.000000E+000  0.000000E+000  0.000000E+000  9.995702E-001  2.931684E-002  0.000000E+000 -2.931684E-002  9.995702E-001
  6.950000E+000  0.000000E+000 -2.110545E-002 -7.196916E-002  1.000000E+000  0.000000E+000  0.000000E+000  0.000000E+000  9.595888E-001  2.814060E-001  0.000000E+000 -2.814060E-001  9.595888E-001
  7.000000E+000  0.000000E+000 -3.651185E-002 -6.551248E-002  1.000000E+000  0.000000E+000  0.000000E+000  0.000000E+000  8.734997E-001  4.868247E-001  0.000000E+000 -4.868247E-001  8.734997E-001
  7.050000E+000  0.000000E+000 -4.685871E-002 -5.855989E-002  1.000000E+000  0.000000E+000  0.000000E+000  0.000000E+000  7.807986E-001  6.247828E-001  0.000000E+000 -6.247828E-001  7.807986E-001
  7.100000E+000  0.000000E+000 -5.211199E-002 -5.393830E-002  1.000000E+000  0.000000E+000  0.000000E+000  0.000000E+000  7.191774E-001  6.948265E-001  0.000000E+000 -6.948265E-001  7.191774E-001
  7.150000E+000  0.000000E+000 -5.275073E-002 -5.331379E-002  1.000000E+000  0.000000E+000  0.000000E+000  0.000000E+000  7.108505E-001  7.033431E-001  0.000000E+000 -7.033431E-001  7.108505E-001
  7.200000E+000  0.000000E+000 -4.886298E-002 -5.689823E-002  1.000000E+000  0.000000E+000  0.000000E+000  0.000000E+000  7.586431E-001  6.515064E-001  0.000000E+000 -6.515064E-001  7.586431E-001
  7.250000E+000  0.000000E+000 -4.001645E-002 -6.343252E-002  1.000000E+000  0.000000E+000  0.000000E+000  0.000000E+000  8.457669E-001  5.335526E-001  0.000000E+000 -5.335526E-001  8.457669E-001
  7.300000E+000  0.000000E+000 -2.598011E-002 -7.035648E-002  1.000000E+000  0.000000E+000  0.000000E+000  0.000000E+000  9.380864E-001  3.464014E-001  0.000000E+000 -3.464014E-001  9.380864E-001
  7.350000E+000  0.000000E+000 -7.810921E-003 -7.459215E-002  1.000000E+000  0.000000E+000  0.000000E+000  0.000000E+000  9.945621E-001  1.041456E-001  0.000000E+000 -1.041456E-001  9.945621E-001
  7.400000E+000  0.000000E+000  1.173926E-002 -7.407557E-002  1.000000E+000  0.000000E+000  0.000000E+000  0.000000E+000  9.876742E-001 -1.565235E-001  0.000000E+000  1.565235E-001  9.876742E-001
  7.450000E+000  0.000000E+000  2.923918E-002 -6.906569E-002  1.000000E+000  0.000000E+000  0.000000E+000  0.000000E+000  9.208759E-001 -3.898558E-001  0.000000E+000  3.898558E-001  9.208759E-001
  7.500000E+000  0.000000E+000  4.224685E-002 -6.196938E-002  1.000000E+000  0.000000E+000  0.000000E+000  0.000000E+000  8.262583E-001 -5.632914E-001  0.000000E+000  5.632914E-001  8.262583E-001
  7.550000E+000  0.000000E+000  5.004058E-002 -5.586538E-002  1.000000E+000  0.000000E+000  0.000000E+000  0.000000E+000  7.448717E-001 -6.672077E-001  0.000000E+000  6.672077E-001  7.448717E-001
  7.600000E+000  0.000000E+000  5.298127E-002 -5.308470E-002  1.000000E+000  0.000000E+000  0.000000E+000  0.000000E+000  7.077959E-001 -7.064169E-001  0.000000E+000  7.064169E-001  7.077959E-001
  7.650000E+000  0.000000E+000  5.142900E-002 -5.458990E-002  1.000000E+000  0.000000E+000  0.000000E+000  0.000000E+000  7.278654E-001 -6.857201E-001  0.000000E+000  6.857201E-001  7.278654E-001
  7.700000E+000  0.000000E+000  4.517582E-002 -5.986773E-002  1.000000E+000  0.000000E+000  0.000000E+000  0.000000E+000  7.982364E-001 -6.023443E-001  0.000000E+000  6.023443E-001  7.982364E-001
  7.750000E+000  0.000000E+000  3.375631E-002 -6.697396E-002  1.000000E+000  0.000000E+000  0.000000E+000  0.000000E+000  8.929861E-001 -4.500842E-001  0.000000E+000  4.500842E-001  8.929861E-001
  7.800000E+000  0.000000E+000  1.744940E-002 -7.294188E-002  1.000000E+000  0.000000E+000  0.000000E+000  0.000000E+000  9.725585E-001 -2.326586E-001  0.000000E+000  2.326586E-001  9.725585E-001
  7.850000E+000  0.000000E+000 -1.822470E-003 -7.497785E-002  1.000000E+000  0.000000E+000  0.000000E+000  0.000000E+000  9.997047E-001  2.429960E-002  0.000000E+000 -2.429960E-002  9.997047E-001
  7.900000E+000  0.000000E+000 -2.076920E-002 -7.206692E-002  1.000000E+000  0.000000E+000  0.000000E+000  0.000000E+000  9.608922E-001  2.769226E-001  0.000000E+000 -2.769226E-001  9.608922E-001
  7.950000E+000  0.000000E+000 -3.626291E-002 -6.565060E-002  1.000000E+000  0.000000E+000  0.000000E+000  0.000000E+000  8.753413E-001  4.835055E-001  0.000000E+000 -4.835055E-001  8.753413E-001
  8.000000E+000  0.000000E+000 -4.671026E-002 -5.867837E-002  1.000000E+000  0.000000E+000  0.000000E+000  0.000000E+000  7.823783E-001  6.228035E-001  0.000000E+000 -6.228035E-001  7.823783E-001
  8.050000E+000  0.000000E+000 -5.205618E-002 -5.399217E-002  1.000000E+000  0.000000E+000  0.000000E+000  0.000000E+000  7.198956E-001  6.940824E-001  0.000000E+000 -6.940824E-001  7.198956E-001
  8.100000E+000  0.000000E+000 -5.278021E-002 -5.328461E-002  1.000000E+000  0.000000E+000  0.000000E+000  0.000000E+000  7.104615E-001  7.037361E-001  0.000000E+000 -7.037361E-001  7.104615E-001
  8.150000E+000  0.000000E+000 -4.898196E-002 -5.679584E-002  1.000000E+000  0.000000E+000  0.000000E+000  0.000000E+000  7.572779E-001  6.530928E-001  0.000000E+000 -6.530928E-001  7.572779E-001
  8.200000E+000  0.000000E+000 -4.023468E-002 -6.329432E-002  1.000000E+000  0.000000E+000  0.000000E+000  0.000000E+000  8.439242E-001  5.364624E-001  0.000000E+000 -5.364624E-001  8.439242E-001
  8.250000E+000  0.000000E+000 -2.629310E-002 -7.024011E-002  1.000000E+000  0.000000E+000  0.000000E+000  0.000000E+000  9.365348E-001  3.505746E-001  0.000000E+000 -3.505746E-001  9.365348E-001
  8.300000E+000  0.000000E+000 -8.181747E-003 -7.455239E-002  1.000000E+000  0.000000E+000  0.000000E+000  0.000000E+000  9.940319E-001  1.090900E-001  0.000000E+000 -1.090900E-001  9.940319E-001
  8.350000E+000  0.000000E+000  1.137480E-002 -7.413241E-002  1.000000E+000  0.000000E+000  0.000000E+000  0.000000E+000  9.884321E-001 -1.516639E-001  0.000000E+000  1.516639E-001  9.884321E-001
  8.400000E+000  0.000000E+000  2.894202E-002 -6.919075E-002  1.000000E+000  0.000000E+000  0.000000E+000  0.000000E+000  9.225433E-001 -3.858936E-001  0.000000E+000  3.858936E-001  9.225433E-001
  8.450000E+000  0.000000E+000  4.204738E-002 -6.210490E-002  1.000000E+000  0.000000E+000  0.000000E+000  0.000000E+000  8.280653E-001 -5.606317E-001  0.000000E+000  5.606317E-001  8.280653E-001
  8.500000E+000  0.000000E+000  4.993892E-002 -5.595627E-002  1.000000E+000  0.000000E+000  0.000000E+000  0.000000E+000  7.460836E-001 -6.658523E-001  0.000000E+000  6.658523E-001  7.460836E-001
  8.550000E+000  0.000000E+000  5.296750E-002 -5.309843E-002  1.000000E+000  0.000000E+000  0.000000E+000  0.000000E+000  7.079791E-001 -7.062334E-001  0.000000E+000  7.062334E-001  7.079791E-001
  8.600000E+000  0.000000E+000  5.150111E-002 -5.452189E-002  1.000000E+000  0.000000E+000  0.000000E+000  0.000000E+000  7.269585E-001 -6.866814E-001  0.000000E+000  6.866814E-001  7.269585E-001
  8.650000E+000  0.000000E+000  4.534255E-002 -5.974155E-002  1.000000E+000  0.000000E+000  0.000000E+000  0.000000E+000  7.965541E-001 -6.045673E-001  0.000000E+000  6.045673E-001  7.965541E-001
  8.700000E+000  0.000000E+000  3.402333E-002 -6.683871E-002  1.000000E+000  0.000000E+000  0.000000E+000  0.000000E+000  8.911828E-001 -4.536444E-001  0.000000E+000  4.536444E-001  8.911828E-001
  8.750000E+000  0.000000E+000  1.779757E-002 -7.285771E-002  1.000000E+000  0.000000E+000  0.000000E+000  0.000000E+000  9.714362E-001 -2.373009E-001  0.000000E+000  2.373009E-001  9.714362E-001
  8.800000E+000  0.000000E+000 -1.446057E-003 -7.498606E-002  1.000000E+000  0.000000E+000  0.000000E+000  0.000000E+000  9.998141E-001  1.928076E-002  0.000000E+000 -1.928076E-002  9.998141E-001
  8.850000E+000  0.000000E+000 -2.043166E-002 -7.216334E-002  1.000000E+000  0.000000E+000  0.000000E+000  0.000000E+000  9.621778E-001  2.724221E-001  0.000000E+000 -2.724221E-001  9.621778E-001
  8.900000E+000  0.000000E+000 -3.601212E-002 -6.578851E-002  1.000000E+000  0.000000E+000  0.000000E+000  0.000000E+000  8.771801E-001  4.801615E-001  0.000000E+000 -4.801615E-001  8.771801E-001
  8.950000E+000  0.000000E+000 -4.655996E-002 -5.879770E-002  1.000000E+000  0.000000E+000  0.000000E+000  0.000000E+000  7.839694E-001  6.207995E-001  0.000000E+000 -6.207995E-001  7.839694E-001
  9.000000E+000  0.000000E+000 -5.199871E-002 -5.404751E-002  1.000000E+000  0.000000E+000  0.000000E+000  0.000000E+000  7.206335E-001  6.933162E-001  0.000000E+000 -6.933162E-001  7.206335E-001
  9.050000E+000  0.000000E+000 -5.280804E-002 -5.325702E-002  1.000000E+000  0.000000E+000  0.000000E+000  0.000000E+000  7.100936E-001  7.041072E-001  0.000000E+000 -7.041072E-001  7.100936E-001
  9.100000E+000  0.000000E+000 -4.909911E-002 -5.669460E-002  1.000000E+000  0.000000E+000  0.000000E+000  0.000000E+000  7.559280E-001  6.546548E-001  0.000000E+000 -6.546548E-001  7.559280E-001
  9.150000E+000  0.000000E+000 -4.045094E-002 -6.315632E-002  1.000000E+000  0.000000E+000  0.000000E+000  0.000000E+000  8.420843E-001  5.393459E-001  0.000000E+000 -5.393459E-001  8.420843E-001
  9.200000E+000  0.000000E+000 -2.660447E-002 -7.012276E-002  1.000000E+000  0.000000E+000  0.000000E+000  0.000000E+000  9.349702E-001  3.547263E-001  0.000000E+000 -3.547263E-001  9.349702E-001
  9.250000E+000  0.000000E+000 -8.552009E-003 -7.451083E-002  1.000000E+000  0.000000E+000  0.000000E+000  0.000000E+000  9.934777E-001  1.140268E-001  0.000000E+000 -1.140268E-001  9.934777E-001
  9.300000E+000  0.000000E+000  1.100955E-002 -7.418753E-002  1.000000E+000  0.000000E+000  0.000000E+000  0.000000E+000  9.891671E-001 -1.467941E-001  0.000000E+000  1.467941E-001  9.891671E-001
  9.350000E+000  0.000000E+000  2.864315E-002 -6.931501E-002  1.000000E+000  0.000000E+000  0.000000E+000  0.000000E+000  9.242001E-001 -3.819086E-001  0.000000E+000  3.819086E-001  9.242001E-001
  9.400000E+000  0.000000E+000  4.184594E-002 -6.224080E-002  1.000000E+000  0.000000E+000  0.000000E+000  0.000000E+000  8.298774E-001 -5.579458E-001  0.000000E+000  5.579458E-001  8.298774E-001
  9.450000E+000  0.000000E+000  4.983549E-002 -5.604841E-002  1.000000E+000  0.000000E+000  0.000000E+000  0.000000E+000  7.473121E-001 -6.644732E-001  0.000000E+000  6.644732E-001  7.473121E-001
  9.500000E+000  0.000000E+000  5.295213E-002 -5.311377E-002  1.000000E+000  0.000000E+000  0.000000E+000  0.000000E+000  7.081835E-001 -7.060284E-001  0.000000E+000  7.060284E-001  7.081835E-001
  9.550000E+000  0.000000E+000  5.157153E-002 -5.445528E-002  1.000000E+000  0.000000E+000  0.000000E+000  0.000000E+000  7.260704E-001 -6.876204E-001  0.000000E+000  6.876204E-001  7.260704E-001
  9.600000E+000  0.000000E+000  4.550740E-002 -5.961607E-002  1.000000E+000  0.000000E+000  0.000000E+000  0.000000E+000  7.948810E-001 -6.067654E-001  0.000000E+000  6.067654E-001  7.948810E-001
  9.650000E+000  0.000000E+000  3.428853E-002 -6.670305E-002  1.000000E+000  0.000000E+000  0.000000E+000  0.000000E+000  8.893740E-001 -4.571804E-001  0.000000E+000  4.571804E-001  8.893740E-001
  9.700000E+000  0.000000E+000  1.814460E-002 -7.277207E-002  1.000000E+000  0.000000E+000  0.000000E+000  0.000000E+000  9.702942E-001 -2.419280E-001  0.000000E+000  2.419280E-001  9.702942E-001
  9.750000E+000  0.000000E+000 -1.069558E-003 -7.499237E-002  1.000000E+000  0.000000E+000  0.000000E+000  0.000000E+000  9.998983E-001  1.426077E-002  0.000000E+000 -1.426077E-002  9.998983E-001
  9.800000E+000  0.000000E+000 -2.009285E-002 -7.225841E-002  1.000000E+000  0.000000E+000  0.000000E+000  0.000000E+000  9.634454E-001  2.679046E-001  0.000000E+000 -2.679046E-001  9.634454E-001
  9.850000E+000  0.000000E+000 -3.575945E-002 -6.592618E-002  1.000000E+000  0.000000E+000  0.000000E+000  0.000000E+000  8.790158E-001  4.767927E-001  0.000000E+000 -4.767927E-001  8.790158E-001
  9.900000E+000  0.000000E+000 -4.640779E-002 -5.891788E-002  1.000000E+000  0.000000E+000  0.000000E+000  0.000000E+000  7.855718E-001  6.187706E-001  0.000000E+000 -6.187706E-001  7.855718E-001
  9.950000E+000  0.000000E+000 -5.193956E-002 -5.410436E-002  1.000000E+000  0.000000E+000  0.000000E+000  0.000000E+000  7.213915E-001  6.925275E-001  0.000000E+000 -6.925275E-001  7.213915E-001
