% FILE: stable/babyboot.2
%
%       t         P_No_Bo[1]     P_No_Bo[2]     P_No_Bo[3]      N_B[1,1]       N_B[1,2]       N_B[1,3]       N_B[2,1]       N_B[2,2]       N_B[2,3]       N_B[3,1]       N_B[3,2]       N_B[3,3]
%   (second)        (meter)        (meter)        (meter)       (NoUnits)      (NoUnits)      (NoUnits)      (NoUnits)      (NoUnits)      (NoUnits)      (NoUnits)      (NoUnits)      (NoUnits)

  0.000000E+000  0.000000E+000  1.414214E-001 -1.414214E-001  9.999619E-001 -8.726535E-003  0.000000E+000  6.170592E-003  7.070799E-001 -7.071068E-001  6.170592E-003  7.070799E-001  7.071068E-001
  5.000000E-002  0.000000E+000  1.354409E-001 -1.471589E-001  9.999620E-001 -8.721525E-003  0.000000E+000  6.417252E-003  7.357667E-001 -6.772047E-001  5.906258E-003  6.771789E-001  7.357947E-001
  1.000000E-001  0.000000E+000  1.167280E-001 -1.624025E-001  9.999626E-001 -8.649234E-003  0.000000E+000  7.023288E-003  8.119823E-001 -5.836398E-001  5.048037E-003  5.836180E-001  8.120127E-001
  1.500000E-001  0.000000E+000  8.414552E-002 -1.814374E-001  9.999651E-001 -8.360441E-003  0.000000E+000  7.584484E-003  9.071553E-001 -4.207276E-001  3.517469E-003  4.207129E-001  9.071870E-001
  2.000000E-001  0.000000E+000  3.900027E-002 -1.961606E-001  9.999705E-001 -7.683501E-003  0.000000E+000  7.536001E-003  9.807740E-001 -1.950014E-001  1.498293E-003  1.949956E-001  9.808030E-001
  2.500000E-001  0.000000E+000 -1.287251E-002 -1.995853E-001  9.999787E-001 -6.523147E-003  0.000000E+000  6.509622E-003  9.979053E-001  6.436255E-002 -4.198464E-004 -6.436118E-002  9.979266E-001
  3.000000E-001  0.000000E+000 -6.245586E-002 -1.899981E-001  9.999879E-001 -4.925065E-003  0.000000E+000  4.678764E-003  9.499788E-001  3.122793E-001 -1.537996E-003 -3.122755E-001  9.499903E-001
  3.500000E-001  0.000000E+000 -1.018696E-001 -1.721121E-001  9.999954E-001 -3.044983E-003  0.000000E+000  2.620393E-003  8.605566E-001  5.093480E-001 -1.550956E-003 -5.093457E-001  8.605606E-001
  4.000000E-001  0.000000E+000 -1.275885E-001 -1.540168E-001  9.999995E-001 -1.047732E-003  0.000000E+000  8.068415E-004  7.700835E-001  6.379426E-001 -6.683928E-004 -6.379423E-001  7.700839E-001
  4.500000E-001  0.000000E+000 -1.398833E-001 -1.429428E-001  9.999995E-001  9.718296E-004  0.000000E+000 -6.945804E-004  7.147139E-001  6.994166E-001  6.797138E-004 -6.994163E-001  7.147142E-001
  5.000000E-001  0.000000E+000 -1.399968E-001 -1.428317E-001  9.999955E-001  2.990878E-003  0.000000E+000 -2.135961E-003  7.141551E-001  6.999842E-001  2.093568E-003 -6.999811E-001  7.141583E-001
  5.500000E-001  0.000000E+000 -1.279448E-001 -1.537209E-001  9.999875E-001  4.999428E-003  0.000000E+000 -3.842584E-003  7.685950E-001  6.397241E-001  3.198255E-003 -6.397161E-001  7.686046E-001
  6.000000E-001  0.000000E+000 -1.024928E-001 -1.717417E-001  9.999760E-001  6.926028E-003  0.000000E+000 -5.947440E-003  8.586881E-001  5.124641E-001  3.549341E-003 -5.124518E-001  8.587086E-001
  6.500000E-001  0.000000E+000 -6.332295E-002 -1.897108E-001  9.999630E-001  8.598726E-003  0.000000E+000 -8.156358E-003  9.485191E-001  3.166148E-001  2.722484E-003 -3.166031E-001  9.485542E-001
  7.000000E-001  0.000000E+000 -1.387089E-002 -1.995184E-001  9.999521E-001  9.786422E-003  0.000000E+000 -9.762857E-003  9.975443E-001  6.935444E-002  6.787318E-004 -6.935111E-002  9.975921E-001
  7.500000E-001  0.000000E+000  3.804673E-002 -1.963478E-001  9.999468E-001  1.031892E-002  0.000000E+000 -1.013048E-002  9.816866E-001 -1.902336E-001 -1.963005E-003  1.902235E-001  9.817388E-001
  8.000000E-001  0.000000E+000  8.339011E-002 -1.817858E-001  9.999480E-001  1.019812E-002  0.000000E+000 -9.269365E-003  9.088819E-001 -4.169505E-001 -4.252110E-003  4.169289E-001  9.089292E-001
  8.500000E-001  0.000000E+000  1.162373E-001 -1.627541E-001  9.999540E-001  9.596549E-003  0.000000E+000 -7.809387E-003  8.137329E-001 -5.811866E-001 -5.577386E-003  5.811598E-001  8.137703E-001
  9.000000E-001  0.000000E+000  1.352073E-001 -1.473736E-001  9.999617E-001  8.747664E-003  0.000000E+000 -6.445874E-003  7.368398E-001 -6.760366E-001 -5.913742E-003  6.760108E-001  7.368680E-001
  9.500000E-001  0.000000E+000  1.414192E-001 -1.414236E-001  9.999694E-001  7.827130E-003  0.000000E+000 -5.534703E-003  7.070961E-001 -7.070958E-001 -5.534531E-003  7.070741E-001  7.071178E-001
  1.000000E+000  0.000000E+000  1.356698E-001 -1.469479E-001  9.999762E-001  6.897542E-003  0.000000E+000 -5.067898E-003  7.347222E-001 -6.783492E-001 -4.678942E-003  6.783331E-001  7.347396E-001
  1.050000E+000  0.000000E+000  1.172134E-001 -1.620525E-001  9.999825E-001  5.918349E-003  0.000000E+000 -4.795416E-003  8.102484E-001 -5.860671E-001 -3.468549E-003  5.860568E-001  8.102625E-001
  1.100000E+000  0.000000E+000  8.489619E-002 -1.810874E-001  9.999885E-001  4.796604E-003  0.000000E+000 -4.343022E-003  9.054264E-001 -4.244810E-001 -2.036067E-003  4.244761E-001  9.054369E-001
  1.150000E+000  0.000000E+000  3.995129E-002 -1.959691E-001  9.999940E-001  3.457400E-003  0.000000E+000 -3.387718E-003  9.798397E-001 -1.997564E-001 -6.906380E-004  1.997552E-001  9.798456E-001
  1.200000E+000  0.000000E+000 -1.187322E-002 -1.996473E-001  9.999982E-001  1.903416E-003  0.000000E+000 -1.900058E-003  9.982345E-001  5.936612E-002  1.129984E-004 -5.936601E-002  9.982363E-001
  1.250000E+000  0.000000E+000 -6.158491E-002 -1.902822E-001  1.000000E+000  2.208646E-004  0.000000E+000 -2.101329E-004  9.514108E-001  3.079245E-001  6.800962E-005 -3.079245E-001  9.514108E-001
  1.300000E+000  0.000000E+000 -1.012413E-001 -1.724825E-001  9.999989E-001 -1.478960E-003  0.000000E+000  1.275473E-003  8.624113E-001  5.062066E-001 -7.486592E-004 -5.062060E-001  8.624123E-001
  1.350000E+000  0.000000E+000 -1.272274E-001 -1.543153E-001  9.999951E-001 -3.130979E-003  0.000000E+000  2.415789E-003  7.715725E-001  6.361368E-001 -1.991731E-003 -6.361337E-001  7.715763E-001
  1.400000E+000  0.000000E+000 -1.397655E-001 -1.430581E-001  9.999888E-001 -4.738120E-003  0.000000E+000  3.389132E-003  7.152824E-001  6.988273E-001 -3.311128E-003 -6.988194E-001  7.152904E-001
  1.450000E+000  0.000000E+000 -1.401060E-001 -1.427246E-001  9.999799E-001 -6.332804E-003  0.000000E+000  4.519234E-003  7.136086E-001  7.005301E-001 -4.436319E-003 -7.005160E-001  7.136229E-001
  1.500000E+000  0.000000E+000 -1.282962E-001 -1.534278E-001  9.999687E-001 -7.909055E-003  0.000000E+000  6.067344E-003  7.671149E-001  6.414810E-001 -5.073509E-003 -6.414610E-001  7.671389E-001
  1.550000E+000  0.000000E+000 -1.031109E-001 -1.713714E-001  9.999562E-001 -9.363097E-003  0.000000E+000  8.022834E-003  8.568193E-001  5.155543E-001 -4.827186E-003 -5.155317E-001  8.568569E-001
  1.600000E+000  0.000000E+000 -6.418609E-002 -1.894206E-001  9.999451E-001 -1.048210E-002  0.000000E+000  9.927630E-003  9.470507E-001  3.209304E-001 -3.364026E-003 -3.209128E-001  9.471028E-001
  1.650000E+000  0.000000E+000 -1.486829E-002 -1.994466E-001  9.999393E-001 -1.101595E-002  0.000000E+000  1.098546E-002  9.971723E-001  7.434145E-002 -8.189414E-004 -7.433694E-002  9.972328E-001
  1.700000E+000  0.000000E+000  3.709065E-002 -1.965306E-001  9.999415E-001 -1.081373E-002  0.000000E+000  1.062614E-002  9.825956E-001 -1.854532E-001  2.005441E-003  1.854424E-001  9.826531E-001
  1.750000E+000  0.000000E+000  8.262991E-002 -1.821326E-001  9.999508E-001 -9.923296E-003  0.000000E+000  9.036780E-003  9.106184E-001 -4.131496E-001  4.099805E-003  4.131292E-001  9.106632E-001
  1.800000E+000  0.000000E+000  1.157414E-001 -1.631071E-001  9.999634E-001 -8.558486E-003  0.000000E+000  6.979748E-003  8.155055E-001 -5.787072E-001  4.952858E-003  5.786860E-001  8.155354E-001
  1.850000E+000  0.000000E+000  1.349690E-001 -1.475919E-001  9.999757E-001 -6.966699E-003  0.000000E+000  5.141141E-003  7.379416E-001 -6.748450E-001  4.701442E-003  6.748287E-001  7.379595E-001
  1.900000E+000  0.000000E+000  1.414126E-001 -1.414301E-001  9.999859E-001 -5.314038E-003  0.000000E+000  3.757825E-003  7.071405E-001 -7.070631E-001  3.757360E-003  7.070531E-001  7.071505E-001
  1.950000E+000  0.000000E+000  1.358941E-001 -1.467405E-001  9.999933E-001 -3.655065E-003  0.000000E+000  2.681731E-003  7.336978E-001 -6.794707E-001  2.483509E-003  6.794661E-001  7.337027E-001
  2.000000E+000  0.000000E+000  1.176938E-001 -1.617040E-001  9.999981E-001 -1.973059E-003  0.000000E+000  1.595258E-003  8.085183E-001 -5.884689E-001  1.161084E-003  5.884678E-001  8.085199E-001
  2.050000E+000  0.000000E+000  8.564217E-002 -1.807358E-001  1.000000E+000 -2.490293E-004  0.000000E+000  2.250425E-004  9.036788E-001 -4.282109E-001  1.066370E-004  4.282108E-001  9.036788E-001
  2.100000E+000  0.000000E+000  4.089973E-002 -1.957734E-001  9.999989E-001  1.480321E-003  0.000000E+000 -1.449037E-003  9.788658E-001 -2.044986E-001 -3.027236E-004  2.044984E-001  9.788669E-001
  2.150000E+000  0.000000E+000 -1.087314E-002 -1.997042E-001  9.999952E-001  3.113508E-003  0.000000E+000 -3.108904E-003  9.985163E-001  5.436572E-002  1.692681E-004 -5.436545E-002  9.985211E-001
  2.200000E+000  0.000000E+000 -6.071022E-002 -1.905630E-001  9.999897E-001  4.538602E-003  0.000000E+000 -4.324449E-003  9.528054E-001  3.035511E-001  1.377698E-003 -3.035480E-001  9.528152E-001
  2.250000E+000  0.000000E+000 -1.006080E-001 -1.728526E-001  9.999837E-001  5.709162E-003  0.000000E+000 -4.934218E-003  8.642490E-001  5.030400E-001  2.871937E-003 -5.030318E-001  8.642631E-001
  2.300000E+000  0.000000E+000 -1.268614E-001 -1.546163E-001  9.999777E-001  6.672740E-003  0.000000E+000 -5.158571E-003  7.730642E-001  6.343068E-001  4.232564E-003 -6.342926E-001  7.730814E-001
  2.350000E+000  0.000000E+000 -1.396432E-001 -1.431774E-001  9.999716E-001  7.530694E-003  0.000000E+000 -5.391126E-003  7.158667E-001  6.982161E-001  5.258052E-003 -6.981963E-001  7.158870E-001
  2.400000E+000  0.000000E+000 -1.402108E-001 -1.426217E-001  9.999650E-001  8.365861E-003  0.000000E+000 -5.965765E-003  7.130833E-001  7.010539E-001  5.864919E-003 -7.010294E-001  7.131083E-001
  2.450000E+000  0.000000E+000 -1.286426E-001 -1.531374E-001  9.999579E-001  9.179058E-003  0.000000E+000 -7.028288E-003  7.656549E-001  6.432131E-001  5.904091E-003 -6.431860E-001  7.656872E-001
  2.500000E+000  0.000000E+000 -1.037237E-001 -1.710012E-001  9.999514E-001  9.856476E-003  0.000000E+000 -8.427344E-003  8.549643E-001  5.186184E-001  5.111750E-003 -5.185932E-001  8.550058E-001
  2.550000E+000  0.000000E+000 -6.504519E-002 -1.891273E-001  9.999481E-001  1.018850E-002  0.000000E+000 -9.634619E-003  9.455873E-001  3.252259E-001  3.313565E-003 -3.252091E-001  9.456363E-001
  2.600000E+000  0.000000E+000 -1.586465E-002 -1.993698E-001  9.999504E-001  9.957306E-003  0.000000E+000 -9.925930E-003  9.967995E-001  7.932326E-002  7.898460E-004 -7.931933E-002  9.968489E-001
  2.650000E+000  0.000000E+000  3.613208E-002 -1.967091E-001  9.999589E-001  9.062179E-003  0.000000E+000 -8.913066E-003  9.835052E-001 -1.806604E-001 -1.637177E-003  1.806530E-001  9.835455E-001
  2.700000E+000  0.000000E+000  8.186494E-002 -1.824778E-001  9.999712E-001  7.587215E-003  0.000000E+000 -6.922490E-003  9.123625E-001 -4.093247E-001 -3.105635E-003  4.093129E-001  9.123888E-001
  2.750000E+000  0.000000E+000  1.152404E-001 -1.634615E-001  9.999835E-001  5.743845E-003  0.000000E+000 -4.694488E-003  8.172940E-001 -5.762018E-001 -3.309614E-003  5.761923E-001  8.173075E-001
  2.800000E+000  0.000000E+000  1.347260E-001 -1.478137E-001  9.999930E-001  3.742489E-003  0.000000E+000 -2.765957E-003  7.390635E-001 -6.736301E-001 -2.521053E-003  6.736253E-001  7.390687E-001
  2.850000E+000  0.000000E+000  1.414018E-001 -1.414409E-001  9.999985E-001  1.704862E-003  0.000000E+000 -1.205686E-003  7.072036E-001 -7.070089E-001 -1.205353E-003  7.070079E-001  7.072047E-001
  2.900000E+000  0.000000E+000  1.361139E-001 -1.465367E-001  9.999999E-001 -3.350336E-004  0.000000E+000  2.454736E-004  7.326836E-001 -6.805694E-001  2.280136E-004  6.805693E-001  7.326836E-001
  2.950000E+000  0.000000E+000  1.181691E-001 -1.613569E-001  9.999972E-001 -2.368435E-003  0.000000E+000  1.910817E-003  8.067824E-001 -5.908455E-001  1.399380E-003  5.908439E-001  8.067847E-001
  3.000000E+000  0.000000E+000  8.638345E-002 -1.803826E-001  9.999906E-001 -4.338216E-003  0.000000E+000  3.912695E-003  9.019048E-001 -4.319172E-001  1.873750E-003  4.319132E-001  9.019132E-001
  3.050000E+000  0.000000E+000  4.184551E-002 -1.955734E-001  9.999814E-001 -6.104219E-003  0.000000E+000  5.969114E-003  9.778488E-001 -2.092276E-001  1.277171E-003  2.092237E-001  9.778670E-001
  3.100000E+000  0.000000E+000 -9.872360E-003 -1.997562E-001  9.999720E-001 -7.485599E-003  0.000000E+000  7.476474E-003  9.987530E-001  4.936180E-002 -3.695026E-004 -4.936042E-002  9.987810E-001
  3.150000E+000  0.000000E+000 -5.983183E-002 -1.908406E-001  9.999650E-001 -8.364827E-003  0.000000E+000  7.981745E-003  9.541699E-001  2.991591E-001 -2.502414E-003 -2.991487E-001  9.542032E-001
  3.200000E+000  0.000000E+000 -9.996966E-002 -1.732226E-001  9.999616E-001 -8.767455E-003  0.000000E+000  7.593607E-003  8.660797E-001  4.998483E-001 -4.382398E-003 -4.998291E-001  8.661130E-001
  3.250000E+000  0.000000E+000 -1.264904E-001 -1.549199E-001  9.999609E-001 -8.843385E-003  0.000000E+000  6.850081E-003  7.745692E-001  6.324521E-001 -5.593018E-003 -6.324274E-001  7.745994E-001
  3.300000E+000  0.000000E+000 -1.395166E-001 -1.433008E-001  9.999615E-001 -8.772620E-003  0.000000E+000  6.285619E-003  7.164766E-001  6.975828E-001 -6.119629E-003 -6.975560E-001  7.165041E-001
  3.350000E+000  0.000000E+000 -1.403111E-001 -1.425230E-001  9.999624E-001 -8.672761E-003  0.000000E+000  6.180337E-003  7.125880E-001  7.015556E-001 -6.084424E-003 -7.015292E-001  7.126148E-001
  3.400000E+000  0.000000E+000 -1.289841E-001 -1.528500E-001  9.999634E-001 -8.552089E-003  0.000000E+000  6.535932E-003  7.642219E-001  6.449203E-001 -5.515416E-003 -6.448967E-001  7.642498E-001
  3.450000E+000  0.000000E+000 -1.043313E-001 -1.706311E-001  9.999655E-001 -8.310259E-003  0.000000E+000  7.089945E-003  8.531262E-001  5.216564E-001 -4.335100E-003 -5.216384E-001  8.531557E-001
  3.500000E+000  0.000000E+000 -6.590025E-002 -1.888310E-001  9.999697E-001 -7.783700E-003  0.000000E+000  7.349021E-003  9.441265E-001  3.295013E-001 -2.564739E-003 -3.294913E-001  9.441551E-001
  3.550000E+000  0.000000E+000 -1.685994E-002 -1.992881E-001  9.999767E-001 -6.831738E-003  0.000000E+000  6.807420E-003  9.964172E-001  8.429970E-002 -5.759134E-004 -8.429773E-002  9.964404E-001
  3.600000E+000  0.000000E+000  3.517108E-002 -1.968832E-001  9.999853E-001 -5.425530E-003  0.000000E+000  5.340978E-003  9.844015E-001 -1.758554E-001  9.541086E-004  1.758528E-001  9.844160E-001
  3.650000E+000  0.000000E+000  8.109528E-002 -1.828211E-001  9.999933E-001 -3.669629E-003  0.000000E+000  3.354429E-003  9.140994E-001 -4.054764E-001  1.487948E-003  4.054737E-001  9.141055E-001
  3.700000E+000  0.000000E+000  1.147341E-001 -1.638172E-001  9.999985E-001 -1.730551E-003  0.000000E+000  1.417470E-003  8.190849E-001 -5.736706E-001  9.927661E-004  5.736698E-001  8.190861E-001
  3.750000E+000  0.000000E+000  1.344784E-001 -1.480391E-001  1.000000E+000  2.617977E-004  0.000000E+000 -1.937814E-004  7.401953E-001 -6.723920E-001 -1.760307E-004  6.723919E-001  7.401953E-001
  3.800000E+000  0.000000E+000  1.413867E-001 -1.414560E-001  9.999975E-001  2.256415E-003  0.000000E+000 -1.595917E-003  7.072782E-001 -7.069335E-001 -1.595136E-003  7.069317E-001  7.072800E-001
  3.850000E+000  0.000000E+000  1.363291E-001 -1.463365E-001  9.999910E-001  4.248689E-003  0.000000E+000 -3.108692E-003  7.316760E-001 -6.816455E-001 -2.896100E-003  6.816393E-001  7.316826E-001
  3.900000E+000  0.000000E+000  1.186394E-001 -1.610115E-001  9.999807E-001  6.208184E-003  0.000000E+000 -4.997944E-003  8.050419E-001 -5.931969E-001 -3.682675E-003  5.931855E-001  8.050574E-001
  3.950000E+000  0.000000E+000  8.711995E-002 -1.800281E-001  9.999679E-001  8.015091E-003  0.000000E+000 -7.214708E-003  9.001116E-001 -4.355997E-001 -3.491371E-003  4.355857E-001  9.001405E-001
  4.000000E+000  0.000000E+000  4.278855E-002 -1.953692E-001  9.999553E-001  9.455185E-003  0.000000E+000 -9.236262E-003  9.768025E-001 -2.139427E-001 -2.022868E-003  2.139332E-001  9.768462E-001
  4.050000E+000  0.000000E+000 -8.870943E-003 -1.998032E-001  9.999469E-001  1.030428E-002  0.000000E+000 -1.029414E-002  9.989628E-001  4.435472E-002  4.570433E-004 -4.435236E-002  9.990158E-001
  4.100000E+000  0.000000E+000 -5.894973E-002 -1.911150E-001  9.999453E-001  1.046109E-002  0.000000E+000 -9.996352E-003  9.555225E-001  2.947486E-001  3.083391E-003 -2.947325E-001  9.555748E-001
  4.150000E+000  0.000000E+000 -9.932620E-002 -1.735924E-001  9.999498E-001  1.001607E-002  0.000000E+000 -8.693563E-003  8.679182E-001  4.966310E-001  4.974289E-003 -4.966061E-001  8.679618E-001
  4.200000E+000  0.000000E+000 -1.261145E-001 -1.552261E-001  9.999578E-001  9.190272E-003  0.000000E+000 -7.132849E-003  7.760976E-001  6.305725E-001  5.795132E-003 -6.305458E-001  7.761304E-001
  4.250000E+000  0.000000E+000 -1.393854E-001 -1.434284E-001  9.999663E-001  8.206007E-003  0.000000E+000 -5.884872E-003  7.171178E-001  6.969271E-001  5.718989E-003 -6.969037E-001  7.171419E-001
  4.300000E+000  0.000000E+000 -1.404070E-001 -1.424285E-001  9.999741E-001  7.192116E-003  0.000000E+000 -5.121810E-003  7.121240E-001  7.020350E-001  5.049117E-003 -7.020169E-001  7.121424E-001
  4.350000E+000  0.000000E+000 -1.293206E-001 -1.525654E-001  9.999810E-001  6.162600E-003  0.000000E+000 -4.700996E-003  7.628123E-001  6.466029E-001  3.984755E-003 -6.465906E-001  7.628268E-001
  4.400000E+000  0.000000E+000 -1.049337E-001 -1.702613E-001  9.999872E-001  5.050447E-003  0.000000E+000 -4.299479E-003  8.512957E-001  5.246686E-001  2.649811E-003 -5.246619E-001  8.513066E-001
  4.450000E+000  0.000000E+000 -6.675131E-002 -1.885319E-001  9.999929E-001  3.770925E-003  0.000000E+000 -3.554697E-003  9.426526E-001  3.337566E-001  1.258571E-003 -3.337542E-001  9.426593E-001
  4.500000E+000  0.000000E+000 -1.785411E-002 -1.992015E-001  9.999974E-001  2.289647E-003  0.000000E+000 -2.280506E-003  9.960048E-001  8.927054E-002  2.043981E-004 -8.927031E-002  9.960074E-001
  4.550000E+000  0.000000E+000  3.420775E-002 -1.970529E-001  9.999998E-001  6.573970E-004  0.000000E+000 -6.477098E-004  9.852641E-001 -1.710388E-001 -1.124404E-004  1.710387E-001  9.852643E-001
  4.600000E+000  0.000000E+000  8.032103E-002 -1.831626E-001  9.999995E-001 -1.019790E-003  0.000000E+000  9.339372E-004  9.158124E-001 -4.016051E-001  4.095530E-004  4.016049E-001  9.158129E-001
  4.650000E+000  0.000000E+000  1.142228E-001 -1.641741E-001  9.999965E-001 -2.653087E-003  0.000000E+000  2.177841E-003  8.208678E-001 -5.711141E-001  1.515215E-003  5.711121E-001  8.208707E-001
  4.700000E+000  0.000000E+000  1.342262E-001 -1.482678E-001  9.999911E-001 -4.220176E-003  0.000000E+000  3.128581E-003  7.413323E-001 -6.711309E-001  2.832291E-003  6.711249E-001  7.413389E-001
  4.750000E+000  0.000000E+000  1.413674E-001 -1.414753E-001  9.999835E-001 -5.752900E-003  0.000000E+000  4.069467E-003  7.073649E-001 -7.068368E-001  4.066362E-003  7.068251E-001  7.073766E-001
  4.800000E+000  0.000000E+000  1.365398E-001 -1.461400E-001  9.999735E-001 -7.278981E-003  0.000000E+000  5.318751E-003  7.306806E-001 -6.826988E-001  4.969352E-003  6.826807E-001  7.306999E-001
  4.850000E+000  0.000000E+000  1.191045E-001 -1.606677E-001  9.999617E-001 -8.754374E-003  0.000000E+000  7.032726E-003  8.033078E-001 -5.955226E-001  5.213427E-003  5.954997E-001  8.033386E-001
  4.900000E+000  0.000000E+000  8.785156E-002 -1.796722E-001  9.999498E-001 -1.002251E-002  0.000000E+000  9.003831E-003  8.983159E-001 -4.392578E-001  4.402465E-003  4.392357E-001  8.983611E-001
  4.950000E+000  0.000000E+000  4.372872E-002 -1.951610E-001  9.999413E-001 -1.083951E-002  0.000000E+000  1.057724E-002  9.757475E-001 -2.186436E-001  2.369989E-003  2.186308E-001  9.758048E-001
  5.000000E+000  0.000000E+000 -7.868943E-003 -1.998451E-001  9.999397E-001 -1.098322E-002  0.000000E+000  1.097472E-002  9.991654E-001  3.934471E-002 -4.321318E-004 -3.934234E-002  9.992257E-001
  5.050000E+000  0.000000E+000 -5.806390E-002 -1.913860E-001  9.999460E-001 -1.038822E-002  0.000000E+000  9.940794E-003  9.568781E-001  2.903195E-001 -3.015902E-003 -2.903038E-001  9.569298E-001
  5.100000E+000  0.000000E+000 -9.867758E-002 -1.739619E-001  9.999578E-001 -9.190384E-003  0.000000E+000  7.993882E-003  8.697727E-001  4.933879E-001 -4.534424E-003 -4.933671E-001  8.698094E-001
  5.150000E+000  0.000000E+000 -1.257335E-001 -1.555348E-001  9.999708E-001 -7.636377E-003  0.000000E+000  5.938613E-003  7.776515E-001  6.286676E-001 -4.800743E-003 -6.286493E-001  7.776741E-001
  5.200000E+000  0.000000E+000 -1.392498E-001 -1.435601E-001  9.999823E-001 -5.945259E-003  0.000000E+000  4.267509E-003  7.177876E-001  6.962490E-001 -4.139381E-003 -6.962367E-001  7.178003E-001
  5.250000E+000  0.000000E+000 -1.404985E-001 -1.423382E-001  9.999911E-001 -4.230420E-003  0.000000E+000  3.010752E-003  7.116847E-001  7.024926E-001 -2.971839E-003 -7.024863E-001  7.116910E-001
  5.300000E+000  0.000000E+000 -1.296523E-001 -1.522836E-001  9.999969E-001 -2.507789E-003  0.000000E+000  1.909476E-003  7.614155E-001  6.482613E-001 -1.625703E-003 -6.482593E-001  7.614179E-001
  5.350000E+000  0.000000E+000 -1.055311E-001 -1.698917E-001  9.999997E-001 -7.559909E-004  0.000000E+000  6.421829E-004  8.494583E-001  5.276553E-001 -3.989026E-004 -5.276552E-001  8.494586E-001
  5.400000E+000  0.000000E+000 -6.759838E-002 -1.882298E-001  9.999995E-001  1.014679E-003  0.000000E+000 -9.549646E-004  9.411485E-001  3.379919E-001  3.429534E-004 -3.379917E-001  9.411490E-001
  5.450000E+000  0.000000E+000 -1.884709E-002 -1.991100E-001  9.999963E-001  2.725000E-003  0.000000E+000 -2.712873E-003  9.955462E-001  9.423546E-002  2.567916E-004 -9.423511E-002  9.955499E-001
  5.500000E+000  0.000000E+000  3.324221E-002 -1.972180E-001  9.999910E-001  4.252750E-003  0.000000E+000 -4.193595E-003  9.860813E-001 -1.662110E-001 -7.068540E-004  1.662095E-001  9.860902E-001
  5.550000E+000  0.000000E+000  7.954226E-002 -1.835021E-001  9.999848E-001  5.509202E-003  0.000000E+000 -5.054751E-003  9.174967E-001 -3.977113E-001 -2.191072E-003  3.977053E-001  9.175106E-001
  5.600000E+000  0.000000E+000  1.137064E-001 -1.645322E-001  9.999789E-001  6.499766E-003  0.000000E+000 -5.347104E-003  8.226436E-001 -5.685322E-001 -3.695326E-003  5.685202E-001  8.226610E-001
  5.650000E+000  0.000000E+000  1.339693E-001 -1.484999E-001  9.999732E-001  7.314680E-003  0.000000E+000 -5.431145E-003  7.424795E-001 -6.698467E-001 -4.899714E-003  6.698288E-001  7.424994E-001
  5.700000E+000  0.000000E+000  1.413437E-001 -1.414989E-001  9.999675E-001  8.063710E-003  0.000000E+000 -5.705032E-003  7.074717E-001 -7.067187E-001 -5.698775E-003  7.066957E-001  7.074947E-001
  5.750000E+000  0.000000E+000  1.367458E-001 -1.459472E-001  9.999613E-001  8.802954E-003  0.000000E+000 -6.423832E-003  7.297077E-001 -6.837290E-001 -6.018835E-003  6.837025E-001  7.297360E-001
  5.800000E+000  0.000000E+000  1.195645E-001 -1.603257E-001  9.999550E-001  9.485046E-003  0.000000E+000 -7.603485E-003  8.015926E-001 -5.978223E-001 -5.670372E-003  5.977954E-001  8.016287E-001
  5.850000E+000  0.000000E+000  8.857823E-002 -1.793151E-001  9.999505E-001  9.949443E-003  0.000000E+000 -8.920426E-003  8.965310E-001 -4.428912E-001 -4.406520E-003  4.428692E-001  8.965754E-001
  5.900000E+000  0.000000E+000  4.466598E-002 -1.949486E-001  9.999503E-001  9.972828E-003  0.000000E+000 -9.720944E-003  9.746944E-001 -2.233299E-001 -2.227231E-003  2.233188E-001  9.747429E-001
  5.950000E+000  0.000000E+000 -6.866400E-003 -1.998821E-001  9.999560E-001  9.380661E-003  0.000000E+000 -9.375131E-003  9.993665E-001  3.433200E-002  3.220568E-004 -3.433049E-002  9.994105E-001
  6.000000E+000  0.000000E+000 -5.717437E-002 -1.916536E-001  9.999667E-001  8.156908E-003  0.000000E+000 -7.816503E-003  9.582360E-001  2.858718E-001  2.331830E-003 -2.858623E-001  9.582679E-001
  6.050000E+000  0.000000E+000 -9.802380E-002 -1.743311E-001  9.999792E-001  6.455346E-003  0.000000E+000 -5.626838E-003  8.716374E-001  4.901190E-001  3.163888E-003 -4.901088E-001  8.716555E-001
  6.100000E+000  0.000000E+000 -1.253475E-001 -1.558461E-001  9.999899E-001  4.497705E-003  0.000000E+000 -3.504748E-003  7.792225E-001  6.267376E-001  2.818881E-003 -6.267313E-001  7.792304E-001
  6.150000E+000  0.000000E+000 -1.391097E-001 -1.436958E-001  9.999970E-001  2.454398E-003  0.000000E+000 -1.763433E-003  7.184768E-001  6.955487E-001  1.707153E-003 -6.955466E-001  7.184789E-001
  6.200000E+000  0.000000E+000 -1.405857E-001 -1.422521E-001  9.999999E-001  3.990169E-004  0.000000E+000 -2.838049E-004  7.112604E-001  7.029286E-001  2.804804E-004 -7.029285E-001  7.112604E-001
  6.250000E+000  0.000000E+000 -1.299792E-001 -1.520047E-001  9.999986E-001 -1.655463E-003  0.000000E+000  1.258191E-003  7.600223E-001  6.498958E-001 -1.075879E-003 -6.498949E-001  7.600233E-001
  6.300000E+000  0.000000E+000 -1.061234E-001 -1.695224E-001  9.999932E-001 -3.682282E-003  0.000000E+000  3.121146E-003  8.476061E-001  5.306168E-001 -1.953881E-003 -5.306132E-001  8.476118E-001
  6.350000E+000  0.000000E+000 -6.844140E-002 -1.879249E-001  9.999844E-001 -5.579638E-003  0.000000E+000  5.242765E-003  9.396100E-001  3.422070E-001 -1.909391E-003 -3.422017E-001  9.396246E-001
  6.400000E+000  0.000000E+000 -1.983880E-002 -1.990136E-001  9.999743E-001 -7.170774E-003  0.000000E+000  7.135408E-003  9.950425E-001  9.919398E-002 -7.112975E-004 -9.919143E-002  9.950681E-001
  6.450000E+000  0.000000E+000  3.227451E-002 -1.973787E-001  9.999657E-001 -8.284941E-003  0.000000E+000  8.176355E-003  9.868597E-001 -1.613726E-001  1.336962E-003  1.613670E-001  9.868936E-001
  6.500000E+000  0.000000E+000  7.875899E-002 -1.838397E-001  9.999607E-001 -8.866055E-003  0.000000E+000  8.149663E-003  9.191622E-001 -3.937949E-001  3.491408E-003  3.937795E-001  9.191983E-001
  6.550000E+000  0.000000E+000  1.131850E-001 -1.648914E-001  9.999594E-001 -9.011028E-003  0.000000E+000  7.429204E-003  8.244234E-001 -5.659248E-001  5.099564E-003  5.659018E-001  8.244569E-001
  6.600000E+000  0.000000E+000  1.337078E-001 -1.487354E-001  9.999604E-001 -8.904391E-003  0.000000E+000  6.621991E-003  7.436475E-001 -6.685391E-001  5.952934E-003  6.685126E-001  7.436770E-001
  6.650000E+000  0.000000E+000  1.413158E-001 -1.415269E-001  9.999620E-001 -8.712563E-003  0.000000E+000  6.165310E-003  7.076076E-001 -7.065788E-001  6.156112E-003  7.065519E-001  7.076344E-001
  6.700000E+000  0.000000E+000  1.369472E-001 -1.457582E-001  9.999638E-001 -8.509617E-003  0.000000E+000  6.201734E-003  7.287648E-001 -6.847360E-001  5.826841E-003  6.847112E-001  7.287912E-001
  6.750000E+000  0.000000E+000  1.200192E-001 -1.599856E-001  9.999659E-001 -8.255021E-003  0.000000E+000  6.603422E-003  7.999007E-001 -6.000961E-001  4.953805E-003  6.000756E-001  7.999279E-001
  6.800000E+000  0.000000E+000  8.929997E-002 -1.789567E-001  9.999694E-001 -7.817041E-003  0.000000E+000  6.994561E-003  8.947564E-001 -4.464999E-001  3.490308E-003  4.464862E-001  8.947837E-001
  6.850000E+000  0.000000E+000  4.560032E-002 -1.947322E-001  9.999752E-001 -7.038587E-003  0.000000E+000  6.853196E-003  9.736366E-001 -2.280016E-001  1.604809E-003  2.279960E-001  9.736608E-001
  6.900000E+000  0.000000E+000 -5.863367E-003 -1.999140E-001  9.999830E-001 -5.829108E-003  0.000000E+000  5.826603E-003  9.995532E-001  2.931684E-002 -1.708910E-004 -2.931634E-002  9.995702E-001
  6.950000E+000  0.000000E+000 -5.628120E-002 -1.919178E-001  9.999911E-001 -4.226713E-003  0.000000E+000  4.055906E-003  9.595802E-001  2.814060E-001 -1.189422E-003 -2.814035E-001  9.595888E-001
  7.000000E+000  0.000000E+000 -9.736494E-002 -1.746999E-001  9.999972E-001 -2.372943E-003  0.000000E+000  2.072765E-003  8.734972E-001  4.868247E-001 -1.155207E-003 -4.868233E-001  8.734997E-001
  7.050000E+000  0.000000E+000 -1.249566E-001 -1.561597E-001  9.999999E-001 -4.195002E-004  0.000000E+000  3.275451E-004  7.807985E-001  6.247828E-001 -2.620965E-004 -6.247828E-001  7.807986E-001
  7.100000E+000  0.000000E+000 -1.389653E-001 -1.438355E-001  9.999988E-001  1.547702E-003  0.000000E+000 -1.113072E-003  7.191765E-001  6.948265E-001  1.075384E-003 -6.948257E-001  7.191774E-001
  7.150000E+000  0.000000E+000 -1.406686E-001 -1.421701E-001  9.999938E-001  3.511640E-003  0.000000E+000 -2.496251E-003  7.108461E-001  7.033431E-001  2.469888E-003 -7.033388E-001  7.108505E-001
  7.200000E+000  0.000000E+000 -1.303013E-001 -1.517286E-001  9.999851E-001  5.466940E-003  0.000000E+000 -4.147456E-003  7.586318E-001  6.515064E-001  3.561746E-003 -6.514967E-001  7.586431E-001
  7.250000E+000  0.000000E+000 -1.067105E-001 -1.691534E-001  9.999730E-001  7.346137E-003  0.000000E+000 -6.213119E-003  8.457441E-001  5.335526E-001  3.919551E-003 -5.335382E-001  8.457669E-001
  7.300000E+000  0.000000E+000 -6.928029E-002 -1.876173E-001  9.999597E-001  8.978145E-003  0.000000E+000 -8.422276E-003  9.380486E-001  3.464014E-001  3.110042E-003 -3.463875E-001  9.380864E-001
  7.350000E+000  0.000000E+000 -2.082912E-002 -1.989124E-001  9.999487E-001  1.012485E-002  0.000000E+000 -1.006980E-002  9.945111E-001  1.041456E-001  1.054459E-003 -1.041403E-001  9.945621E-001
  7.400000E+000  0.000000E+000  3.130470E-002 -1.975348E-001  9.999438E-001  1.060034E-002  0.000000E+000 -1.046968E-002  9.876187E-001 -1.565235E-001 -1.659201E-003  1.565147E-001  9.876742E-001
  7.450000E+000  0.000000E+000  7.797115E-002 -1.841752E-001  9.999460E-001  1.039046E-002  0.000000E+000 -9.568328E-003  9.208262E-001 -3.898558E-001 -4.050782E-003  3.898347E-001  9.208759E-001
  7.500000E+000  0.000000E+000  1.126583E-001 -1.652517E-001  9.999533E-001  9.662551E-003  0.000000E+000 -7.983763E-003  8.262198E-001 -5.632914E-001 -5.442832E-003  5.632651E-001  8.262583E-001
  7.550000E+000  0.000000E+000  1.334415E-001 -1.489743E-001  9.999625E-001  8.657670E-003  0.000000E+000 -6.448854E-003  7.448438E-001 -6.672077E-001 -5.776464E-003  6.671827E-001  7.448717E-001
  7.600000E+000  0.000000E+000  1.412834E-001 -1.415592E-001  9.999714E-001  7.565391E-003  0.000000E+000 -5.354753E-003  7.077757E-001 -7.064169E-001 -5.344321E-003  7.063967E-001  7.077959E-001
  7.650000E+000  0.000000E+000  1.371440E-001 -1.455731E-001  9.999791E-001  6.462840E-003  0.000000E+000 -4.704078E-003  7.278502E-001 -6.857201E-001 -4.431699E-003  6.857057E-001  7.278654E-001
  7.700000E+000  0.000000E+000  1.204689E-001 -1.596473E-001  9.999858E-001  5.324166E-003  0.000000E+000 -4.249943E-003  7.982251E-001 -6.023443E-001 -3.206981E-003  6.023357E-001  7.982364E-001
  7.750000E+000  0.000000E+000  9.001684E-002 -1.785972E-001  9.999917E-001  4.072548E-003  0.000000E+000 -3.636728E-003  8.929787E-001 -4.500842E-001 -1.832989E-003  4.500804E-001  8.929861E-001
  7.800000E+000  0.000000E+000  4.653173E-002 -1.945117E-001  9.999965E-001  2.648873E-003  0.000000E+000 -2.576184E-003  9.725550E-001 -2.326586E-001 -6.162831E-004  2.326578E-001  9.725585E-001
  7.850000E+000  0.000000E+000 -4.859921E-003 -1.999409E-001  9.999994E-001  1.066159E-003  0.000000E+000 -1.065844E-003  9.997042E-001  2.429960E-002  2.590723E-005 -2.429959E-002  9.997047E-001
  7.900000E+000  0.000000E+000 -5.538452E-002 -1.921784E-001  9.999998E-001 -5.887744E-004  0.000000E+000  5.657487E-004  9.608921E-001  2.769226E-001 -1.630449E-004 -2.769226E-001  9.608922E-001
  7.950000E+000  0.000000E+000 -9.670110E-002 -1.750683E-001  9.999976E-001 -2.213398E-003  0.000000E+000  1.937478E-003  8.753392E-001  4.835055E-001 -1.070190E-003 -4.835043E-001  8.753413E-001
  8.000000E+000  0.000000E+000 -1.245607E-001 -1.564757E-001  9.999929E-001 -3.756541E-003  0.000000E+000  2.939036E-003  7.823728E-001  6.228035E-001 -2.339587E-003 -6.227991E-001  7.823783E-001
  8.050000E+000  0.000000E+000 -1.388165E-001 -1.439791E-001  9.999863E-001 -5.235512E-003  0.000000E+000  3.769022E-003  7.198857E-001  6.940824E-001 -3.633877E-003 -6.940729E-001  7.198956E-001
  8.100000E+000  0.000000E+000 -1.407472E-001 -1.420923E-001  9.999776E-001 -6.695259E-003  0.000000E+000  4.756723E-003  7.104456E-001  7.037361E-001 -4.711695E-003 -7.037203E-001  7.104615E-001
  8.150000E+000  0.000000E+000 -1.306186E-001 -1.514556E-001  9.999669E-001 -8.141042E-003  0.000000E+000  6.165031E-003  7.572528E-001  6.530928E-001 -5.316856E-003 -6.530712E-001  7.572779E-001
  8.200000E+000  0.000000E+000 -1.072925E-001 -1.687848E-001  9.999551E-001 -9.480136E-003  0.000000E+000  8.000517E-003  8.438863E-001  5.364624E-001 -5.085737E-003 -5.364383E-001  8.439242E-001
  8.250000E+000  0.000000E+000 -7.011492E-002 -1.873070E-001  9.999448E-001 -1.050823E-002  0.000000E+000  9.841319E-003  9.364831E-001  3.505746E-001 -3.683917E-003 -3.505553E-001  9.365348E-001
  8.300000E+000  0.000000E+000 -2.181799E-002 -1.988064E-001  9.999398E-001 -1.097470E-002  0.000000E+000  1.090920E-002  9.939720E-001  1.090900E-001 -1.197229E-003 -1.090834E-001  9.940319E-001
  8.350000E+000  0.000000E+000  3.033279E-002 -1.976864E-001  9.999426E-001 -1.071571E-002  0.000000E+000  1.059176E-002  9.883754E-001 -1.516639E-001  1.625187E-003  1.516552E-001  9.884321E-001
  8.400000E+000  0.000000E+000  7.717873E-002 -1.845087E-001  9.999524E-001 -9.760992E-003  0.000000E+000  9.004937E-003  9.224993E-001 -3.858936E-001  3.766705E-003  3.858753E-001  9.225433E-001
  8.450000E+000  0.000000E+000  1.121263E-001 -1.656131E-001  9.999654E-001 -8.313415E-003  0.000000E+000  6.884051E-003  8.280367E-001 -5.606317E-001  4.660764E-003  5.606123E-001  8.280653E-001
  8.500000E+000  0.000000E+000  1.331705E-001 -1.492167E-001  9.999781E-001 -6.621113E-003  0.000000E+000  4.939903E-003  7.460672E-001 -6.658523E-001  4.408683E-003  6.658377E-001  7.460836E-001
  8.550000E+000  0.000000E+000  1.412467E-001 -1.415958E-001  9.999882E-001 -4.857821E-003  0.000000E+000  3.439236E-003  7.079707E-001 -7.062334E-001  3.430756E-003  7.062251E-001  7.079791E-001
  8.600000E+000  0.000000E+000  1.373363E-001 -1.453917E-001  9.999952E-001 -3.087276E-003  0.000000E+000  2.244322E-003  7.269550E-001 -6.866814E-001  2.119975E-003  6.866781E-001  7.269585E-001
  8.650000E+000  0.000000E+000  1.209135E-001 -1.593108E-001  9.999992E-001 -1.302338E-003  0.000000E+000  1.037382E-003  7.965534E-001 -6.045673E-001  7.873507E-004  6.045668E-001  7.965541E-001
  8.700000E+000  0.000000E+000  9.072888E-002 -1.782366E-001  9.999999E-001  5.046666E-004  0.000000E+000 -4.497502E-004  8.911827E-001 -4.536444E-001 -2.289392E-004  4.536443E-001  8.911828E-001
  8.750000E+000  0.000000E+000  4.746018E-002 -1.942872E-001  9.999974E-001  2.283464E-003  0.000000E+000 -2.218239E-003  9.714337E-001 -2.373009E-001 -5.418680E-004  2.373003E-001  9.714362E-001
  8.800000E+000  0.000000E+000 -3.856153E-003 -1.999628E-001  9.999923E-001  3.918985E-003  0.000000E+000 -3.918256E-003  9.998064E-001  1.928076E-002  7.556102E-005 -1.928062E-002  9.998141E-001
  8.850000E+000  0.000000E+000 -5.448442E-002 -1.924356E-001  9.999860E-001  5.290692E-003  0.000000E+000 -5.090587E-003  9.621644E-001  2.724221E-001  1.441301E-003 -2.724183E-001  9.621778E-001
  8.900000E+000  0.000000E+000 -9.603231E-002 -1.754360E-001  9.999798E-001  6.353476E-003  0.000000E+000 -5.573142E-003  8.771624E-001  4.801615E-001  3.050695E-003 -4.801518E-001  8.771801E-001
  8.950000E+000  0.000000E+000 -1.241599E-001 -1.567939E-001  9.999743E-001  7.166430E-003  0.000000E+000 -5.618262E-003  7.839492E-001  6.207995E-001  4.448916E-003 -6.207836E-001  7.839694E-001
  9.000000E+000  0.000000E+000 -1.386632E-001 -1.441267E-001  9.999692E-001  7.847588E-003  0.000000E+000 -5.655235E-003  7.206113E-001  6.933162E-001  5.440860E-003 -6.932948E-001  7.206335E-001
  9.050000E+000  0.000000E+000 -1.408214E-001 -1.420187E-001  9.999639E-001  8.496385E-003  0.000000E+000 -6.033229E-003  7.100680E-001  7.041072E-001  5.982366E-003 -7.040818E-001  7.100936E-001
  9.100000E+000  0.000000E+000 -1.309310E-001 -1.511856E-001  9.999583E-001  9.129139E-003  0.000000E+000 -6.900972E-003  7.558965E-001  6.546548E-001  5.976434E-003 -6.546275E-001  7.559280E-001
  9.150000E+000  0.000000E+000 -1.078692E-001 -1.684169E-001  9.999535E-001  9.647796E-003  0.000000E+000 -8.124257E-003  8.420451E-001  5.393459E-001  5.203499E-003 -5.393208E-001  8.420843E-001
  9.200000E+000  0.000000E+000 -7.094526E-002 -1.869940E-001  9.999514E-001  9.857089E-003  0.000000E+000 -9.216084E-003  9.349248E-001  3.547263E-001  3.496568E-003 -3.547091E-001  9.349702E-001
  9.250000E+000  0.000000E+000 -2.280536E-002 -1.986955E-001  9.999544E-001  9.545372E-003  0.000000E+000 -9.483114E-003  9.934324E-001  1.140268E-001  1.088428E-003 -1.140216E-001  9.934777E-001
  9.300000E+000  0.000000E+000  2.935881E-002 -1.978334E-001  9.999630E-001  8.604650E-003  0.000000E+000 -8.511437E-003  9.891305E-001 -1.467941E-001 -1.263112E-003  1.467886E-001  9.891671E-001
  9.350000E+000  0.000000E+000  7.638173E-002 -1.848400E-001  9.999748E-001  7.102773E-003  0.000000E+000 -6.564384E-003  9.241768E-001 -3.819086E-001 -2.712611E-003  3.818990E-001  9.242001E-001
  9.400000E+000  0.000000E+000  1.115892E-001 -1.659755E-001  9.999863E-001  5.236934E-003  0.000000E+000 -4.346013E-003  8.298660E-001 -5.579458E-001 -2.921926E-003  5.579382E-001  8.298774E-001
  9.450000E+000  0.000000E+000  1.328946E-001 -1.494624E-001  9.999948E-001  3.211272E-003  0.000000E+000 -2.399822E-003  7.473082E-001 -6.644732E-001 -2.133804E-003  6.644698E-001  7.473121E-001
  9.500000E+000  0.000000E+000  1.412057E-001 -1.416367E-001  9.999993E-001  1.147242E-003  0.000000E+000 -8.124577E-004  7.081831E-001 -7.060284E-001 -8.099852E-004  7.060279E-001  7.081835E-001
  9.550000E+000  0.000000E+000  1.375241E-001 -1.452141E-001  9.999996E-001 -9.192884E-004  0.000000E+000  6.674681E-004  7.260701E-001 -6.876204E-001  6.321215E-004  6.876201E-001  7.260704E-001
  9.600000E+000  0.000000E+000  1.213531E-001 -1.589762E-001  9.999956E-001 -2.977111E-003  0.000000E+000  2.366449E-003  7.948774E-001 -6.067654E-001  1.806408E-003  6.067627E-001  7.948810E-001
  9.650000E+000  0.000000E+000  9.143608E-002 -1.778748E-001  9.999877E-001 -4.964992E-003  0.000000E+000  4.415735E-003  8.893630E-001 -4.571804E-001  2.269897E-003  4.571748E-001  8.893740E-001
  9.700000E+000  0.000000E+000  4.838560E-002 -1.940588E-001  9.999773E-001 -6.734443E-003  0.000000E+000  6.534391E-003  9.702722E-001 -2.419280E-001  1.629250E-003  2.419225E-001  9.702942E-001
  9.750000E+000  0.000000E+000 -2.852154E-003 -1.999797E-001  9.999673E-001 -8.090879E-003  0.000000E+000  8.090056E-003  9.998656E-001  1.426077E-002 -1.153822E-004 -1.426030E-002  9.998983E-001
  9.800000E+000  0.000000E+000 -5.358093E-002 -1.926891E-001  9.999604E-001 -8.902099E-003  0.000000E+000  8.576687E-003  9.634073E-001  2.679046E-001 -2.384914E-003 -2.678940E-001  9.634454E-001
  9.850000E+000  0.000000E+000 -9.535854E-002 -1.758032E-001  9.999578E-001 -9.187183E-003  0.000000E+000  8.075679E-003  8.789787E-001  4.767927E-001 -4.380382E-003 -4.767726E-001  8.790158E-001
  9.900000E+000  0.000000E+000 -1.237541E-001 -1.571144E-001  9.999586E-001 -9.102598E-003  0.000000E+000  7.150744E-003  7.855392E-001  6.187706E-001 -5.632420E-003 -6.187449E-001  7.855718E-001
  9.950000E+000  0.000000E+000 -1.385055E-001 -1.442783E-001  9.999609E-001 -8.843693E-003  0.000000E+000  6.379765E-003  7.213632E-001  6.925275E-001 -6.124501E-003 -6.925004E-001  7.213915E-001
