% FILE: stable/Data.2
%
%       t         P_No_Ao[1]     P_No_Ao[2]     P_No_Ao[3]      N_A[1,1]       N_A[1,2]       N_A[1,3]       N_A[2,1]       N_A[2,2]       N_A[2,3]       N_A[3,1]       N_A[3,2]       N_A[3,3]
%   (second)        (meter)        (meter)        (meter)       (NoUnits)      (NoUnits)      (NoUnits)      (NoUnits)      (NoUnits)      (NoUnits)      (NoUnits)      (NoUnits)      (NoUnits)

  0.000000E+000  0.000000E+000  5.303301E-002 -5.303301E-002  1.000000E+000  0.000000E+000  0.000000E+000  0.000000E+000  7.071068E-001 -7.071068E-001  0.000000E+000  7.071068E-001  7.071068E-001
  2.000000E-002  0.000000E+000  5.267811E-002 -5.338555E-002  1.000000E+000  0.000000E+000  0.000000E+000  0.000000E+000  7.118073E-001 -7.023748E-001  0.000000E+000  7.023748E-001  7.118073E-001
  4.000000E-002  0.000000E+000  5.160429E-002 -5.442424E-002  1.000000E+000  0.000000E+000  0.000000E+000  0.000000E+000  7.256565E-001 -6.880572E-001  0.000000E+000  6.880572E-001  7.256565E-001
  6.000000E-002  0.000000E+000  4.978617E-002 -5.609222E-002  1.000000E+000  0.000000E+000  0.000000E+000  0.000000E+000  7.478963E-001 -6.638156E-001  0.000000E+000  6.638156E-001  7.478963E-001
  8.000000E-002  0.000000E+000  4.718801E-002 -5.829487E-002  1.000000E+000  0.000000E+000  0.000000E+000  0.000000E+000  7.772650E-001 -6.291734E-001  0.000000E+000  6.291734E-001  7.772650E-001
  1.000000E-001  0.000000E+000  4.377298E-002 -6.090095E-002  1.000000E+000  0.000000E+000  0.000000E+000  0.000000E+000  8.120127E-001 -5.836398E-001  0.000000E+000  5.836398E-001  8.120127E-001
  1.200000E-001  0.000000E+000  3.951523E-002 -6.374595E-002  1.000000E+000  0.000000E+000  0.000000E+000  0.000000E+000  8.499460E-001 -5.268698E-001  0.000000E+000  5.268698E-001  8.499460E-001
  1.400000E-001  0.000000E+000  3.441307E-002 -6.663888E-002  1.000000E+000  0.000000E+000  0.000000E+000  0.000000E+000  8.885184E-001 -4.588410E-001  0.000000E+000  4.588410E-001  8.885184E-001
  1.600000E-001  0.000000E+000  2.850153E-002 -6.937336E-002  1.000000E+000  0.000000E+000  0.000000E+000  0.000000E+000  9.249781E-001 -3.800204E-001  0.000000E+000  3.800204E-001  9.249781E-001
  1.800000E-001  0.000000E+000  2.186179E-002 -7.174303E-002  1.000000E+000  0.000000E+000  0.000000E+000  0.000000E+000  9.565737E-001 -2.914905E-001  0.000000E+000  2.914905E-001  9.565737E-001
  2.000000E-001  0.000000E+000  1.462507E-002 -7.356023E-002  1.000000E+000  0.000000E+000  0.000000E+000  0.000000E+000  9.808031E-001 -1.950010E-001  0.000000E+000  1.950010E-001  9.808031E-001
  2.200000E-001  0.000000E+000  6.969298E-003 -7.467549E-002  1.000000E+000  0.000000E+000  0.000000E+000  0.000000E+000  9.956732E-001 -9.292397E-002  0.000000E+000  9.292397E-002  9.956732E-001
  2.400000E-001  0.000000E+000 -8.919237E-004 -7.499470E-002  1.000000E+000  0.000000E+000  0.000000E+000  0.000000E+000  9.999293E-001  1.189232E-002  0.000000E+000 -1.189232E-002  9.999293E-001
  2.600000E-001  0.000000E+000 -8.726639E-003 -7.449058E-002  1.000000E+000  0.000000E+000  0.000000E+000  0.000000E+000  9.932077E-001  1.163552E-001  0.000000E+000 -1.163552E-001  9.932077E-001
  2.800000E-001  0.000000E+000 -1.630529E-002 -7.320613E-002  1.000000E+000  0.000000E+000  0.000000E+000  0.000000E+000  9.760817E-001  2.174039E-001  0.000000E+000 -2.174039E-001  9.760817E-001
  3.000000E-001  0.000000E+000 -2.342102E-002 -7.124925E-002  1.000000E+000  0.000000E+000  0.000000E+000  0.000000E+000  9.499900E-001  3.122802E-001  0.000000E+000 -3.122802E-001  9.499900E-001
  3.200000E-001  0.000000E+000 -2.990576E-002 -6.877969E-002  1.000000E+000  0.000000E+000  0.000000E+000  0.000000E+000  9.170625E-001  3.987435E-001  0.000000E+000 -3.987435E-001  9.170625E-001
  3.400000E-001  0.000000E+000 -3.563960E-002 -6.599105E-002  1.000000E+000  0.000000E+000  0.000000E+000  0.000000E+000  8.798807E-001  4.751946E-001  0.000000E+000 -4.751946E-001  8.798807E-001
  3.600000E-001  0.000000E+000 -4.055236E-002 -6.309125E-002  1.000000E+000  0.000000E+000  0.000000E+000  0.000000E+000  8.412167E-001  5.406982E-001  0.000000E+000 -5.406982E-001  8.412167E-001
  3.800000E-001  0.000000E+000 -4.461830E-002 -6.028438E-002  1.000000E+000  0.000000E+000  0.000000E+000  0.000000E+000  8.037918E-001  5.949107E-001  0.000000E+000 -5.949107E-001  8.037918E-001
  4.000000E-001  0.000000E+000 -4.784573E-002 -5.775626E-002  1.000000E+000  0.000000E+000  0.000000E+000  0.000000E+000  7.700835E-001  6.379431E-001  0.000000E+000 -6.379431E-001  7.700835E-001
  4.200000E-001  0.000000E+000 -5.026414E-002 -5.566432E-002  1.000000E+000  0.000000E+000  0.000000E+000  0.000000E+000  7.421909E-001  6.701885E-001  0.000000E+000 -6.701885E-001  7.421909E-001
  4.400000E-001  0.000000E+000 -5.191106E-002 -5.413171E-002  1.000000E+000  0.000000E+000  0.000000E+000  0.000000E+000  7.217562E-001  6.921474E-001  0.000000E+000 -6.921474E-001  7.217562E-001
  4.600000E-001  0.000000E+000 -5.282060E-002 -5.324457E-002  1.000000E+000  0.000000E+000  0.000000E+000  0.000000E+000  7.099276E-001  7.042746E-001  0.000000E+000 -7.042746E-001  7.099276E-001
  4.800000E-001  0.000000E+000 -5.301484E-002 -5.305117E-002  1.000000E+000  0.000000E+000  0.000000E+000  0.000000E+000  7.073490E-001  7.068645E-001  0.000000E+000 -7.068645E-001  7.073490E-001
  5.000000E-001  0.000000E+000 -5.249881E-002 -5.356188E-002  1.000000E+000  0.000000E+000  0.000000E+000  0.000000E+000  7.141584E-001  6.999841E-001  0.000000E+000 -6.999841E-001  7.141584E-001
  5.200000E-001  0.000000E+000 -5.125939E-002 -5.474920E-002  1.000000E+000  0.000000E+000  0.000000E+000  0.000000E+000  7.299893E-001  6.834586E-001  0.000000E+000 -6.834586E-001  7.299893E-001
  5.400000E-001  0.000000E+000 -4.926822E-002 -5.654770E-002  1.000000E+000  0.000000E+000  0.000000E+000  0.000000E+000  7.539693E-001  6.569096E-001  0.000000E+000 -6.569096E-001  7.539693E-001
  5.600000E-001  0.000000E+000 -4.648838E-002 -5.885432E-002  1.000000E+000  0.000000E+000  0.000000E+000  0.000000E+000  7.847242E-001  6.198451E-001  0.000000E+000 -6.198451E-001  7.847242E-001
  5.800000E-001  0.000000E+000 -4.288441E-002 -6.152989E-002  1.000000E+000  0.000000E+000  0.000000E+000  0.000000E+000  8.203985E-001  5.717921E-001  0.000000E+000 -5.717921E-001  8.203985E-001
  6.000000E-001  0.000000E+000 -3.843474E-002 -6.440319E-002  1.000000E+000  0.000000E+000  0.000000E+000  0.000000E+000  8.587092E-001  5.124632E-001  0.000000E+000 -5.124632E-001  8.587092E-001
  6.200000E-001  0.000000E+000 -3.314496E-002 -6.727861E-002  1.000000E+000  0.000000E+000  0.000000E+000  0.000000E+000  8.970481E-001  4.419328E-001  0.000000E+000 -4.419328E-001  8.970481E-001
  6.400000E-001  0.000000E+000 -2.705988E-002 -6.994829E-002  1.000000E+000  0.000000E+000  0.000000E+000  0.000000E+000  9.326438E-001  3.607984E-001  0.000000E+000 -3.607984E-001  9.326438E-001
  6.600000E-001  0.000000E+000 -2.027189E-002 -7.220838E-002  1.000000E+000  0.000000E+000  0.000000E+000  0.000000E+000  9.627784E-001  2.702918E-001  0.000000E+000 -2.702918E-001  9.627784E-001
  6.800000E-001  0.000000E+000 -1.292333E-002 -7.387819E-002  1.000000E+000  0.000000E+000  0.000000E+000  0.000000E+000  9.850426E-001  1.723111E-001  0.000000E+000 -1.723111E-001  9.850426E-001
  7.000000E-001  0.000000E+000 -5.201436E-003 -7.481942E-002  1.000000E+000  0.000000E+000  0.000000E+000  0.000000E+000  9.975922E-001  6.935248E-002  0.000000E+000 -6.935248E-002  9.975922E-001
  7.200000E-001  0.000000E+000  2.674352E-003 -7.495230E-002  1.000000E+000  0.000000E+000  0.000000E+000  0.000000E+000  9.993641E-001 -3.565803E-002  0.000000E+000  3.565803E-002  9.993641E-001
  7.400000E-001  0.000000E+000  1.047076E-002 -7.426549E-002  1.000000E+000  0.000000E+000  0.000000E+000  0.000000E+000  9.902066E-001 -1.396101E-001  0.000000E+000  1.396101E-001  9.902066E-001
  7.600000E-001  0.000000E+000  1.796167E-002 -7.281743E-002  1.000000E+000  0.000000E+000  0.000000E+000  0.000000E+000  9.708991E-001 -2.394889E-001  0.000000E+000  2.394889E-001  9.708991E-001
  7.800000E-001  0.000000E+000  2.494780E-002 -7.072911E-002  1.000000E+000  0.000000E+000  0.000000E+000  0.000000E+000  9.430548E-001 -3.326373E-001  0.000000E+000  3.326373E-001  9.430548E-001
  8.000000E-001  0.000000E+000  3.127144E-002 -6.816962E-002  1.000000E+000  0.000000E+000  0.000000E+000  0.000000E+000  9.089283E-001 -4.169525E-001  0.000000E+000  4.169525E-001  9.089283E-001
  8.200000E-001  0.000000E+000  3.682404E-002 -6.533751E-002  1.000000E+000  0.000000E+000  0.000000E+000  0.000000E+000  8.711668E-001 -4.909872E-001  0.000000E+000  4.909872E-001  8.711668E-001
  8.400000E-001  0.000000E+000  4.154616E-002 -6.244131E-002  1.000000E+000  0.000000E+000  0.000000E+000  0.000000E+000  8.325508E-001 -5.539487E-001  0.000000E+000  5.539487E-001  8.325508E-001
  8.600000E-001  0.000000E+000  4.542078E-002 -5.968210E-002  1.000000E+000  0.000000E+000  0.000000E+000  0.000000E+000  7.957613E-001 -6.056104E-001  0.000000E+000  6.056104E-001  7.957613E-001
  8.800000E-001  0.000000E+000  4.846219E-002 -5.723999E-002  1.000000E+000  0.000000E+000  0.000000E+000  0.000000E+000  7.631998E-001 -6.461625E-001  0.000000E+000  6.461625E-001  7.631998E-001
  9.000000E-001  0.000000E+000  5.070280E-002 -5.526505E-002  1.000000E+000  0.000000E+000  0.000000E+000  0.000000E+000  7.368674E-001 -6.760373E-001  0.000000E+000  6.760373E-001  7.368674E-001
  9.200000E-001  0.000000E+000  5.218029E-002 -5.387223E-002  1.000000E+000  0.000000E+000  0.000000E+000  0.000000E+000  7.182964E-001 -6.957372E-001  0.000000E+000  6.957372E-001  7.182964E-001
  9.400000E-001  0.000000E+000  5.292669E-002 -5.313911E-002  1.000000E+000  0.000000E+000  0.000000E+000  0.000000E+000  7.085215E-001 -7.056892E-001  0.000000E+000  7.056892E-001  7.085215E-001
  9.600000E-001  0.000000E+000  5.296052E-002 -5.310540E-002  1.000000E+000  0.000000E+000  0.000000E+000  0.000000E+000  7.080720E-001 -7.061403E-001  0.000000E+000  7.061403E-001  7.080720E-001
  9.800000E-001  0.000000E+000  5.228266E-002 -5.377289E-002  1.000000E+000  0.000000E+000  0.000000E+000  0.000000E+000  7.169719E-001 -6.971021E-001  0.000000E+000  6.971021E-001  7.169719E-001
  1.000000E+000  0.000000E+000  5.087615E-002 -5.510551E-002  1.000000E+000  0.000000E+000  0.000000E+000  0.000000E+000  7.347402E-001 -6.783486E-001  0.000000E+000  6.783486E-001  7.347402E-001
  1.020000E+000  0.000000E+000  4.870997E-002 -5.702928E-002  1.000000E+000  0.000000E+000  0.000000E+000  0.000000E+000  7.603904E-001 -6.494663E-001  0.000000E+000  6.494663E-001  7.603904E-001
  1.040000E+000  0.000000E+000  4.574656E-002 -5.943276E-002  1.000000E+000  0.000000E+000  0.000000E+000  0.000000E+000  7.924367E-001 -6.099541E-001  0.000000E+000  6.099541E-001  7.924367E-001
  1.060000E+000  0.000000E+000  4.195245E-002 -6.216906E-002  1.000000E+000  0.000000E+000  0.000000E+000  0.000000E+000  8.289208E-001 -5.593660E-001  0.000000E+000  5.593660E-001  8.289208E-001
  1.080000E+000  0.000000E+000  3.731107E-002 -6.506062E-002  1.000000E+000  0.000000E+000  0.000000E+000  0.000000E+000  8.674749E-001 -4.974810E-001  0.000000E+000  4.974810E-001  8.674749E-001
  1.100000E+000  0.000000E+000  3.183591E-002 -6.790784E-002  1.000000E+000  0.000000E+000  0.000000E+000  0.000000E+000  9.054379E-001 -4.244788E-001  0.000000E+000  4.244788E-001  9.054379E-001
  1.120000E+000  0.000000E+000  2.558199E-002 -7.050221E-002  1.000000E+000  0.000000E+000  0.000000E+000  0.000000E+000  9.400295E-001 -3.410932E-001  0.000000E+000  3.410932E-001  9.400295E-001
  1.140000E+000  0.000000E+000  1.865303E-002 -7.264341E-002  1.000000E+000  0.000000E+000  0.000000E+000  0.000000E+000  9.685787E-001 -2.487071E-001  0.000000E+000  2.487071E-001  9.685787E-001
  1.160000E+000  0.000000E+000  1.120228E-002 -7.415867E-002  1.000000E+000  0.000000E+000  0.000000E+000  0.000000E+000  9.887823E-001 -1.493638E-001  0.000000E+000  1.493638E-001  9.887823E-001
  1.180000E+000  0.000000E+000  3.425584E-003 -7.492173E-002  1.000000E+000  0.000000E+000  0.000000E+000  0.000000E+000  9.989564E-001 -4.567445E-002  0.000000E+000  4.567445E-002  9.989564E-001
  1.200000E+000  0.000000E+000 -4.452721E-003 -7.486771E-002  1.000000E+000  0.000000E+000  0.000000E+000  0.000000E+000  9.982361E-001  5.936962E-002  0.000000E+000 -5.936962E-002  9.982361E-001
  1.220000E+000  0.000000E+000 -1.219913E-002 -7.400122E-002  1.000000E+000  0.000000E+000  0.000000E+000  0.000000E+000  9.866830E-001  1.626551E-001  0.000000E+000 -1.626551E-001  9.866830E-001
  1.240000E+000  0.000000E+000 -1.959201E-002 -7.239581E-002  1.000000E+000  0.000000E+000  0.000000E+000  0.000000E+000  9.652775E-001  2.612268E-001  0.000000E+000 -2.612268E-001  9.652775E-001
  1.260000E+000  0.000000E+000 -2.644041E-002 -7.018479E-002  1.000000E+000  0.000000E+000  0.000000E+000  0.000000E+000  9.357972E-001  3.525388E-001  0.000000E+000 -3.525388E-001  9.357972E-001
  1.280000E+000  0.000000E+000 -3.259736E-002 -6.754563E-002  1.000000E+000  0.000000E+000  0.000000E+000  0.000000E+000  9.006084E-001  4.346315E-001  0.000000E+000 -4.346315E-001  9.006084E-001
  1.300000E+000  0.000000E+000 -3.796568E-002 -6.468081E-002  1.000000E+000  0.000000E+000  0.000000E+000  0.000000E+000  8.624108E-001  5.062091E-001  0.000000E+000 -5.062091E-001  8.624108E-001
  1.320000E+000  0.000000E+000 -4.249632E-002 -6.179856E-002  1.000000E+000  0.000000E+000  0.000000E+000  0.000000E+000  8.239809E-001  5.666176E-001  0.000000E+000 -5.666176E-001  8.239809E-001
  1.340000E+000  0.000000E+000 -4.618042E-002 -5.909627E-002  1.000000E+000  0.000000E+000  0.000000E+000  0.000000E+000  7.879502E-001  6.157389E-001  0.000000E+000 -6.157389E-001  7.879502E-001
  1.360000E+000  0.000000E+000 -4.903752E-002 -5.674787E-002  1.000000E+000  0.000000E+000  0.000000E+000  0.000000E+000  7.566383E-001  6.538337E-001  0.000000E+000 -6.538337E-001  7.566383E-001
  1.380000E+000  0.000000E+000 -5.110233E-002 -5.489583E-002  1.000000E+000  0.000000E+000  0.000000E+000  0.000000E+000  7.319444E-001  6.813644E-001  0.000000E+000 -6.813644E-001  7.319444E-001
  1.400000E+000  0.000000E+000 -5.241209E-002 -5.364674E-002  1.000000E+000  0.000000E+000  0.000000E+000  0.000000E+000  7.152899E-001  6.988278E-001  0.000000E+000 -6.988278E-001  7.152899E-001
  1.420000E+000  0.000000E+000 -5.299634E-002 -5.306966E-002  1.000000E+000  0.000000E+000  0.000000E+000  0.000000E+000  7.075954E-001  7.066178E-001  0.000000E+000 -7.066178E-001  7.075954E-001
  1.440000E+000  0.000000E+000 -5.286983E-002 -5.319569E-002  1.000000E+000  0.000000E+000  0.000000E+000  0.000000E+000  7.092759E-001  7.049310E-001  0.000000E+000 -7.049310E-001  7.092759E-001
  1.460000E+000  0.000000E+000 -5.202928E-002 -5.401809E-002  1.000000E+000  0.000000E+000  0.000000E+000  0.000000E+000  7.202412E-001  6.937237E-001  0.000000E+000 -6.937237E-001  7.202412E-001
  1.480000E+000  0.000000E+000 -5.045409E-002 -5.549221E-002  1.000000E+000  0.000000E+000  0.000000E+000  0.000000E+000  7.398961E-001  6.727212E-001  0.000000E+000 -6.727212E-001  7.398961E-001
  1.500000E+000  0.000000E+000 -4.811097E-002 -5.753550E-002  1.000000E+000  0.000000E+000  0.000000E+000  0.000000E+000  7.671401E-001  6.414796E-001  0.000000E+000 -6.414796E-001  7.671401E-001
  1.520000E+000  0.000000E+000 -4.496226E-002 -6.002829E-002  1.000000E+000  0.000000E+000  0.000000E+000  0.000000E+000  8.003771E-001  5.994968E-001  0.000000E+000 -5.994968E-001  8.003771E-001
  1.540000E+000  0.000000E+000 -4.097715E-002 -6.281619E-002  1.000000E+000  0.000000E+000  0.000000E+000  0.000000E+000  8.375492E-001  5.463620E-001  0.000000E+000 -5.463620E-001  8.375492E-001
  1.560000E+000  0.000000E+000 -3.614472E-002 -6.571575E-002  1.000000E+000  0.000000E+000  0.000000E+000  0.000000E+000  8.762100E-001  4.819296E-001  0.000000E+000 -4.819296E-001  8.762100E-001
  1.580000E+000  0.000000E+000 -3.048697E-002 -6.852405E-002  1.000000E+000  0.000000E+000  0.000000E+000  0.000000E+000  9.136539E-001  4.064929E-001  0.000000E+000 -4.064929E-001  9.136539E-001
  1.600000E+000  0.000000E+000 -2.406950E-002 -7.103280E-002  1.000000E+000  0.000000E+000  0.000000E+000  0.000000E+000  9.471040E-001  3.209267E-001  0.000000E+000 -3.209267E-001  9.471040E-001
  1.620000E+000  0.000000E+000 -1.700744E-002 -7.304620E-002  1.000000E+000  0.000000E+000  0.000000E+000  0.000000E+000  9.739493E-001  2.267659E-001  0.000000E+000 -2.267659E-001  9.739493E-001
  1.640000E+000  0.000000E+000 -9.464531E-003 -7.440042E-002  1.000000E+000  0.000000E+000  0.000000E+000  0.000000E+000  9.920056E-001  1.261937E-001  0.000000E+000 -1.261937E-001  9.920056E-001
  1.660000E+000  0.000000E+000 -1.644540E-003 -7.498197E-002  1.000000E+000  0.000000E+000  0.000000E+000  0.000000E+000  9.997596E-001  2.192721E-002  0.000000E+000 -2.192721E-002  9.997596E-001
  1.680000E+000  0.000000E+000  6.224303E-003 -7.474127E-002  1.000000E+000  0.000000E+000  0.000000E+000  0.000000E+000  9.965503E-001 -8.299071E-002  0.000000E+000  8.299071E-002  9.965503E-001
  1.700000E+000  0.000000E+000  1.390935E-002 -7.369891E-002  1.000000E+000  0.000000E+000  0.000000E+000  0.000000E+000  9.826522E-001 -1.854581E-001  0.000000E+000  1.854581E-001  9.826522E-001
  1.720000E+000  0.000000E+000  2.119442E-002 -7.194301E-002  1.000000E+000  0.000000E+000  0.000000E+000  0.000000E+000  9.592401E-001 -2.825923E-001  0.000000E+000  2.825923E-001  9.592401E-001
  1.740000E+000  0.000000E+000  2.789759E-002 -6.961842E-002  1.000000E+000  0.000000E+000  0.000000E+000  0.000000E+000  9.282456E-001 -3.719679E-001  0.000000E+000  3.719679E-001  9.282456E-001
  1.760000E+000  0.000000E+000  3.388292E-002 -6.691000E-002  1.000000E+000  0.000000E+000  0.000000E+000  0.000000E+000  8.921333E-001 -4.517722E-001  0.000000E+000  4.517722E-001  8.921333E-001
  1.780000E+000  0.000000E+000  3.906450E-002 -6.402316E-002  1.000000E+000  0.000000E+000  0.000000E+000  0.000000E+000  8.536421E-001 -5.208600E-001  0.000000E+000  5.208600E-001  8.536421E-001
  1.800000E+000  0.000000E+000  4.340325E-002 -6.116500E-002  1.000000E+000  0.000000E+000  0.000000E+000  0.000000E+000  8.155334E-001 -5.787100E-001  0.000000E+000  5.787100E-001  8.155334E-001
  1.820000E+000  0.000000E+000  4.689786E-002 -5.852855E-002  1.000000E+000  0.000000E+000  0.000000E+000  0.000000E+000  7.803806E-001 -6.253048E-001  0.000000E+000  6.253048E-001  7.803806E-001
  1.840000E+000  0.000000E+000  4.957246E-002 -5.628118E-002  1.000000E+000  0.000000E+000  0.000000E+000  0.000000E+000  7.504157E-001 -6.609662E-001  0.000000E+000  6.609662E-001  7.504157E-001
  1.860000E+000  0.000000E+000  5.146338E-002 -5.455750E-002  1.000000E+000  0.000000E+000  0.000000E+000  0.000000E+000  7.274333E-001 -6.861784E-001  0.000000E+000  6.861784E-001  7.274333E-001
  1.880000E+000  0.000000E+000  5.260691E-002 -5.345571E-002  1.000000E+000  0.000000E+000  0.000000E+000  0.000000E+000  7.127428E-001 -7.014255E-001  0.000000E+000  7.014255E-001  7.127428E-001
  1.900000E+000  0.000000E+000  5.302974E-002 -5.303628E-002  1.000000E+000  0.000000E+000  0.000000E+000  0.000000E+000  7.071504E-001 -7.070632E-001  0.000000E+000  7.070632E-001  7.071504E-001
  1.920000E+000  0.000000E+000  5.274269E-002 -5.332175E-002  1.000000E+000  0.000000E+000  0.000000E+000  0.000000E+000  7.109567E-001 -7.032358E-001  0.000000E+000  7.032358E-001  7.109567E-001
  1.940000E+000  0.000000E+000  5.173835E-002 -5.429681E-002  1.000000E+000  0.000000E+000  0.000000E+000  0.000000E+000  7.239574E-001 -6.898446E-001  0.000000E+000  6.898446E-001  7.239574E-001
  1.960000E+000  0.000000E+000  4.999271E-002 -5.590822E-002  1.000000E+000  0.000000E+000  0.000000E+000  0.000000E+000  7.454430E-001 -6.665694E-001  0.000000E+000  6.665694E-001  7.454430E-001
  1.980000E+000  0.000000E+000  4.747065E-002 -5.806495E-002  1.000000E+000  0.000000E+000  0.000000E+000  0.000000E+000  7.741993E-001 -6.329419E-001  0.000000E+000  6.329419E-001  7.741993E-001
  2.000000E+000  0.000000E+000  4.413498E-002 -6.063913E-002  1.000000E+000  0.000000E+000  0.000000E+000  0.000000E+000  8.085217E-001 -5.884663E-001  0.000000E+000  5.884663E-001  8.085217E-001
  2.020000E+000  0.000000E+000  3.995822E-002 -6.346921E-002  1.000000E+000  0.000000E+000  0.000000E+000  0.000000E+000  8.462561E-001 -5.327763E-001  0.000000E+000  5.327763E-001  8.462561E-001
  2.040000E+000  0.000000E+000  3.493581E-002 -6.636632E-002  1.000000E+000  0.000000E+000  0.000000E+000  0.000000E+000  8.848843E-001 -4.658108E-001  0.000000E+000  4.658108E-001  8.848843E-001
  2.060000E+000  0.000000E+000  2.909881E-002 -6.912495E-002  1.000000E+000  0.000000E+000  0.000000E+000  0.000000E+000  9.216661E-001 -3.879841E-001  0.000000E+000  3.879841E-001  9.216661E-001
  2.080000E+000  0.000000E+000  2.252371E-002 -7.153798E-002  1.000000E+000  0.000000E+000  0.000000E+000  0.000000E+000  9.538397E-001 -3.003161E-001  0.000000E+000  3.003161E-001  9.538397E-001
  2.100000E+000  0.000000E+000  1.533698E-002 -7.341510E-002  1.000000E+000  0.000000E+000  0.000000E+000  0.000000E+000  9.788680E-001 -2.044931E-001  0.000000E+000  2.044931E-001  9.788680E-001
  2.120000E+000  0.000000E+000  7.712447E-003 -7.460240E-002  1.000000E+000  0.000000E+000  0.000000E+000  0.000000E+000  9.946987E-001 -1.028326E-001  0.000000E+000  1.028326E-001  9.946987E-001
  2.140000E+000  0.000000E+000 -1.390283E-004 -7.499987E-002  1.000000E+000  0.000000E+000  0.000000E+000  0.000000E+000  9.999983E-001  1.853711E-003  0.000000E+000 -1.853711E-003  9.999983E-001
  2.160000E+000  0.000000E+000 -7.986373E-003 -7.457357E-002  1.000000E+000  0.000000E+000  0.000000E+000  0.000000E+000  9.943143E-001  1.064850E-001  0.000000E+000 -1.064850E-001  9.943143E-001
  2.180000E+000  0.000000E+000 -1.559889E-002 -7.335990E-002  1.000000E+000  0.000000E+000  0.000000E+000  0.000000E+000  9.781320E-001  2.079852E-001  0.000000E+000 -2.079852E-001  9.781320E-001
  2.200000E+000  0.000000E+000 -2.276676E-002 -7.146100E-002  1.000000E+000  0.000000E+000  0.000000E+000  0.000000E+000  9.528133E-001  3.035568E-001  0.000000E+000 -3.035568E-001  9.528133E-001
  2.220000E+000  0.000000E+000 -2.931771E-002 -6.903240E-002  1.000000E+000  0.000000E+000  0.000000E+000  0.000000E+000  9.204320E-001  3.909028E-001  0.000000E+000 -3.909028E-001  9.204320E-001
  2.240000E+000  0.000000E+000 -3.512702E-002 -6.626532E-002  1.000000E+000  0.000000E+000  0.000000E+000  0.000000E+000  8.835376E-001  4.683602E-001  0.000000E+000 -4.683602E-001  8.835376E-001
  2.260000E+000  0.000000E+000 -4.011991E-002 -6.336713E-002  1.000000E+000  0.000000E+000  0.000000E+000  0.000000E+000  8.448950E-001  5.349321E-001  0.000000E+000 -5.349321E-001  8.448950E-001
  2.280000E+000  0.000000E+000 -4.426677E-002 -6.054298E-002  1.000000E+000  0.000000E+000  0.000000E+000  0.000000E+000  8.072398E-001  5.902236E-001  0.000000E+000 -5.902236E-001  8.072398E-001
  2.300000E+000  0.000000E+000 -4.757320E-002 -5.798095E-002  1.000000E+000  0.000000E+000  0.000000E+000  0.000000E+000  7.730793E-001  6.343094E-001  0.000000E+000 -6.343094E-001  7.730793E-001
  2.320000E+000  0.000000E+000 -5.006725E-002 -5.584148E-002  1.000000E+000  0.000000E+000  0.000000E+000  0.000000E+000  7.445531E-001  6.675633E-001  0.000000E+000 -6.675633E-001  7.445531E-001
  2.340000E+000  0.000000E+000 -5.178620E-002 -5.425117E-002  1.000000E+000  0.000000E+000  0.000000E+000  0.000000E+000  7.233489E-001  6.904827E-001  0.000000E+000 -6.904827E-001  7.233489E-001
  2.360000E+000  0.000000E+000 -5.276494E-002 -5.329973E-002  1.000000E+000  0.000000E+000  0.000000E+000  0.000000E+000  7.106631E-001  7.035325E-001  0.000000E+000 -7.035325E-001  7.106631E-001
  2.380000E+000  0.000000E+000 -5.302695E-002 -5.303907E-002  1.000000E+000  0.000000E+000  0.000000E+000  0.000000E+000  7.071876E-001  7.070260E-001  0.000000E+000 -7.070260E-001  7.071876E-001
  2.400000E+000  0.000000E+000 -5.257900E-002 -5.348316E-002  1.000000E+000  0.000000E+000  0.000000E+000  0.000000E+000  7.131089E-001  7.010533E-001  0.000000E+000 -7.010533E-001  7.131089E-001
  2.420000E+000  0.000000E+000 -5.140965E-002 -5.460813E-002  1.000000E+000  0.000000E+000  0.000000E+000  0.000000E+000  7.281084E-001  6.854620E-001  0.000000E+000 -6.854620E-001  7.281084E-001
  2.440000E+000  0.000000E+000 -4.949175E-002 -5.635216E-002  1.000000E+000  0.000000E+000  0.000000E+000  0.000000E+000  7.513622E-001  6.598900E-001  0.000000E+000 -6.598900E-001  7.513622E-001
  2.460000E+000  0.000000E+000 -4.678882E-002 -5.861575E-002  1.000000E+000  0.000000E+000  0.000000E+000  0.000000E+000  7.815434E-001  6.238509E-001  0.000000E+000 -6.238509E-001  7.815434E-001
  2.480000E+000  0.000000E+000 -4.326475E-002 -6.126305E-002  1.000000E+000  0.000000E+000  0.000000E+000  0.000000E+000  8.168407E-001  5.768633E-001  0.000000E+000 -5.768633E-001  8.168407E-001
  2.500000E+000  0.000000E+000 -3.889607E-002 -6.412562E-002  1.000000E+000  0.000000E+000  0.000000E+000  0.000000E+000  8.550083E-001  5.186143E-001  0.000000E+000 -5.186143E-001  8.550083E-001
  2.520000E+000  0.000000E+000 -3.368523E-002 -6.700974E-002  1.000000E+000  0.000000E+000  0.000000E+000  0.000000E+000  8.934632E-001  4.491364E-001  0.000000E+000 -4.491364E-001  8.934632E-001
  2.540000E+000  0.000000E+000 -2.767285E-002 -6.970806E-002  1.000000E+000  0.000000E+000  0.000000E+000  0.000000E+000  9.294408E-001  3.689713E-001  0.000000E+000 -3.689713E-001  9.294408E-001
  2.560000E+000  0.000000E+000 -2.094656E-002 -7.201557E-002  1.000000E+000  0.000000E+000  0.000000E+000  0.000000E+000  9.602075E-001  2.792874E-001  0.000000E+000 -2.792874E-001  9.602075E-001
  2.580000E+000  0.000000E+000 -1.364405E-002 -7.374849E-002  1.000000E+000  0.000000E+000  0.000000E+000  0.000000E+000  9.833132E-001  1.819207E-001  0.000000E+000 -1.819207E-001  9.833132E-001
  2.600000E+000  0.000000E+000 -5.948695E-003 -7.476371E-002  1.000000E+000  0.000000E+000  0.000000E+000  0.000000E+000  9.968495E-001  7.931593E-002  0.000000E+000 -7.931593E-002  9.968495E-001
  2.620000E+000  0.000000E+000  1.922412E-003 -7.497536E-002  1.000000E+000  0.000000E+000  0.000000E+000  0.000000E+000  9.996714E-001 -2.563216E-002  0.000000E+000  2.563216E-002  9.996714E-001
  2.640000E+000  0.000000E+000  9.736419E-003 -7.436533E-002  1.000000E+000  0.000000E+000  0.000000E+000  0.000000E+000  9.915377E-001 -1.298189E-001  0.000000E+000  1.298189E-001  9.915377E-001
  2.660000E+000  0.000000E+000  1.726564E-002 -7.298560E-002  1.000000E+000  0.000000E+000  0.000000E+000  0.000000E+000  9.731413E-001 -2.302085E-001  0.000000E+000  2.302085E-001  9.731413E-001
  2.680000E+000  0.000000E+000  2.430748E-002 -7.095172E-002  1.000000E+000  0.000000E+000  0.000000E+000  0.000000E+000  9.460229E-001 -3.240997E-001  0.000000E+000  3.240997E-001  9.460229E-001
  2.700000E+000  0.000000E+000  3.069982E-002 -6.842895E-002  1.000000E+000  0.000000E+000  0.000000E+000  0.000000E+000  9.123860E-001 -4.093309E-001  0.000000E+000  4.093309E-001  9.123860E-001
  2.720000E+000  0.000000E+000  3.632930E-002 -6.561388E-002  1.000000E+000  0.000000E+000  0.000000E+000  0.000000E+000  8.748518E-001 -4.843907E-001  0.000000E+000  4.843907E-001  8.748518E-001
  2.740000E+000  0.000000E+000  4.113201E-002 -6.271489E-002  1.000000E+000  0.000000E+000  0.000000E+000  0.000000E+000  8.361986E-001 -5.484268E-001  0.000000E+000  5.484268E-001  8.361986E-001
  2.760000E+000  0.000000E+000  4.508729E-002 -5.993443E-002  1.000000E+000  0.000000E+000  0.000000E+000  0.000000E+000  7.991257E-001 -6.011639E-001  0.000000E+000  6.011639E-001  7.991257E-001
  2.780000E+000  0.000000E+000  4.820701E-002 -5.745506E-002  1.000000E+000  0.000000E+000  0.000000E+000  0.000000E+000  7.660675E-001 -6.427601E-001  0.000000E+000  6.427601E-001  7.660675E-001
  2.800000E+000  0.000000E+000  5.052241E-002 -5.543001E-002  1.000000E+000  0.000000E+000  0.000000E+000  0.000000E+000  7.390668E-001 -6.736322E-001  0.000000E+000  6.736322E-001  7.390668E-001
  2.820000E+000  0.000000E+000  5.207120E-002 -5.397768E-002  1.000000E+000  0.000000E+000  0.000000E+000  0.000000E+000  7.197024E-001 -6.942827E-001  0.000000E+000  6.942827E-001  7.197024E-001
  2.840000E+000  0.000000E+000  5.288633E-002 -5.317929E-002  1.000000E+000  0.000000E+000  0.000000E+000  0.000000E+000  7.090572E-001 -7.051510E-001  0.000000E+000  7.051510E-001  7.090572E-001
  2.860000E+000  0.000000E+000  5.298784E-002 -5.307814E-002  1.000000E+000  0.000000E+000  0.000000E+000  0.000000E+000  7.077085E-001 -7.065045E-001  0.000000E+000  7.065045E-001  7.077085E-001
  2.880000E+000  0.000000E+000  5.237838E-002 -5.367966E-002  1.000000E+000  0.000000E+000  0.000000E+000  0.000000E+000  7.157288E-001 -6.983783E-001  0.000000E+000  6.983783E-001  7.157288E-001
  2.900000E+000  0.000000E+000  5.104258E-002 -5.495139E-002  1.000000E+000  0.000000E+000  0.000000E+000  0.000000E+000  7.326852E-001 -6.805677E-001  0.000000E+000  6.805677E-001  7.326852E-001
  2.920000E+000  0.000000E+000  4.895051E-002 -5.682295E-002  1.000000E+000  0.000000E+000  0.000000E+000  0.000000E+000  7.576393E-001 -6.526734E-001  0.000000E+000  6.526734E-001  7.576393E-001
  2.940000E+000  0.000000E+000  4.606480E-002 -5.918644E-002  1.000000E+000  0.000000E+000  0.000000E+000  0.000000E+000  7.891525E-001 -6.141973E-001  0.000000E+000  6.141973E-001  7.891525E-001
  2.960000E+000  0.000000E+000  4.235107E-002 -6.189820E-002  1.000000E+000  0.000000E+000  0.000000E+000  0.000000E+000  8.253093E-001 -5.646810E-001  0.000000E+000  5.646810E-001  8.253093E-001
  2.980000E+000  0.000000E+000  3.779056E-002 -6.478328E-002  1.000000E+000  0.000000E+000  0.000000E+000  0.000000E+000  8.637771E-001 -5.038741E-001  0.000000E+000  5.038741E-001  8.637771E-001
  3.000000E+000  0.000000E+000  3.239334E-002 -6.764371E-002  1.000000E+000  0.000000E+000  0.000000E+000  0.000000E+000  9.019161E-001 -4.319112E-001  0.000000E+000  4.319112E-001  9.019161E-001
  3.020000E+000  0.000000E+000  2.621007E-002 -7.027113E-002  1.000000E+000  0.000000E+000  0.000000E+000  0.000000E+000  9.369484E-001 -3.494676E-001  0.000000E+000  3.494676E-001  9.369484E-001
  3.040000E+000  0.000000E+000  1.933969E-002 -7.246362E-002  1.000000E+000  0.000000E+000  0.000000E+000  0.000000E+000  9.661816E-001 -2.578625E-001  0.000000E+000  2.578625E-001  9.661816E-001
  3.060000E+000  0.000000E+000  1.193087E-002 -7.404495E-002  1.000000E+000  0.000000E+000  0.000000E+000  0.000000E+000  9.872660E-001 -1.590783E-001  0.000000E+000  1.590783E-001  9.872660E-001
  3.080000E+000  0.000000E+000  4.175909E-003 -7.488365E-002  1.000000E+000  0.000000E+000  0.000000E+000  0.000000E+000  9.984487E-001 -5.567879E-002  0.000000E+000  5.567879E-002  9.984487E-001
  3.100000E+000  0.000000E+000 -3.702802E-003 -7.490854E-002  1.000000E+000  0.000000E+000  0.000000E+000  0.000000E+000  9.987805E-001  4.937070E-002  0.000000E+000 -4.937070E-002  9.987805E-001
  3.120000E+000  0.000000E+000 -1.147172E-002 -7.411747E-002  1.000000E+000  0.000000E+000  0.000000E+000  0.000000E+000  9.882330E-001  1.529563E-001  0.000000E+000 -1.529563E-001  9.882330E-001
  3.140000E+000  0.000000E+000 -1.890721E-002 -7.257767E-002  1.000000E+000  0.000000E+000  0.000000E+000  0.000000E+000  9.677022E-001  2.520961E-001  0.000000E+000 -2.520961E-001  9.677022E-001
  3.160000E+000  0.000000E+000 -2.581470E-002 -7.041734E-002  1.000000E+000  0.000000E+000  0.000000E+000  0.000000E+000  9.388978E-001  3.441960E-001  0.000000E+000 -3.441960E-001  9.388978E-001
  3.180000E+000  0.000000E+000 -3.204264E-002 -6.781054E-002  1.000000E+000  0.000000E+000  0.000000E+000  0.000000E+000  9.041405E-001  4.272353E-001  0.000000E+000 -4.272353E-001  9.041405E-001
  3.200000E+000  0.000000E+000 -3.748908E-002 -6.495821E-002  1.000000E+000  0.000000E+000  0.000000E+000  0.000000E+000  8.661094E-001  4.998544E-001  0.000000E+000 -4.998544E-001  8.661094E-001
  3.220000E+000  0.000000E+000 -4.210062E-002 -6.206882E-002  1.000000E+000  0.000000E+000  0.000000E+000  0.000000E+000  8.275842E-001  5.613415E-001  0.000000E+000 -5.613415E-001  8.275842E-001
  3.240000E+000  0.000000E+000 -4.586502E-002 -5.934139E-002  1.000000E+000  0.000000E+000  0.000000E+000  0.000000E+000  7.912185E-001  6.115336E-001  0.000000E+000 -6.115336E-001  7.912185E-001
  3.260000E+000  0.000000E+000 -4.879969E-002 -5.695252E-002  1.000000E+000  0.000000E+000  0.000000E+000  0.000000E+000  7.593670E-001  6.506626E-001  0.000000E+000 -6.506626E-001  7.593670E-001
  3.280000E+000  0.000000E+000 -5.093846E-002 -5.504792E-002  1.000000E+000  0.000000E+000  0.000000E+000  0.000000E+000  7.339723E-001  6.791795E-001  0.000000E+000 -6.791795E-001  7.339723E-001
  3.300000E+000  0.000000E+000 -5.231882E-002 -5.373771E-002  1.000000E+000  0.000000E+000  0.000000E+000  0.000000E+000  7.165028E-001  6.975842E-001  0.000000E+000 -6.975842E-001  7.165028E-001
  3.320000E+000  0.000000E+000 -5.297139E-002 -5.309455E-002  1.000000E+000  0.000000E+000  0.000000E+000  0.000000E+000  7.079274E-001  7.062853E-001  0.000000E+000 -7.062853E-001  7.079274E-001
  3.340000E+000  0.000000E+000 -5.291256E-002 -5.315318E-002  1.000000E+000  0.000000E+000  0.000000E+000  0.000000E+000  7.087091E-001  7.055008E-001  0.000000E+000 -7.055008E-001  7.087091E-001
  3.360000E+000  0.000000E+000 -5.214079E-002 -5.391046E-002  1.000000E+000  0.000000E+000  0.000000E+000  0.000000E+000  7.188061E-001  6.952106E-001  0.000000E+000 -6.952106E-001  7.188061E-001
  3.380000E+000  0.000000E+000 -5.063700E-002 -5.532535E-002  1.000000E+000  0.000000E+000  0.000000E+000  0.000000E+000  7.376714E-001  6.751600E-001  0.000000E+000 -6.751600E-001  7.376714E-001
  3.400000E+000  0.000000E+000 -4.836879E-002 -5.731893E-002  1.000000E+000  0.000000E+000  0.000000E+000  0.000000E+000  7.642524E-001  6.449173E-001  0.000000E+000 -6.449173E-001  7.642524E-001
  3.420000E+000  0.000000E+000 -4.529849E-002 -5.977497E-002  1.000000E+000  0.000000E+000  0.000000E+000  0.000000E+000  7.969996E-001  6.039799E-001  0.000000E+000 -6.039799E-001  7.969996E-001
  3.440000E+000  0.000000E+000 -4.139408E-002 -6.254223E-002  1.000000E+000  0.000000E+000  0.000000E+000  0.000000E+000  8.338964E-001  5.519211E-001  0.000000E+000 -5.519211E-001  8.338964E-001
  3.460000E+000  0.000000E+000 -3.664217E-002 -6.543968E-002  1.000000E+000  0.000000E+000  0.000000E+000  0.000000E+000  8.725290E-001  4.885623E-001  0.000000E+000 -4.885623E-001  8.725290E-001
  3.480000E+000  0.000000E+000 -3.106111E-002 -6.826571E-002  1.000000E+000  0.000000E+000  0.000000E+000  0.000000E+000  9.102095E-001  4.141481E-001  0.000000E+000 -4.141481E-001  9.102095E-001
  3.500000E+000  0.000000E+000 -2.471198E-002 -7.081185E-002  1.000000E+000  0.000000E+000  0.000000E+000  0.000000E+000  9.441580E-001  3.294930E-001  0.000000E+000 -3.294930E-001  9.441580E-001
  3.520000E+000  0.000000E+000 -1.770510E-002 -7.288024E-002  1.000000E+000  0.000000E+000  0.000000E+000  0.000000E+000  9.717365E-001  2.360680E-001  0.000000E+000 -2.360680E-001  9.717365E-001
  3.540000E+000  0.000000E+000 -1.019984E-002 -7.430319E-002  1.000000E+000  0.000000E+000  0.000000E+000  0.000000E+000  9.907091E-001  1.359978E-001  0.000000E+000 -1.359978E-001  9.907091E-001
  3.560000E+000  0.000000E+000 -2.396700E-003 -7.496170E-002  1.000000E+000  0.000000E+000  0.000000E+000  0.000000E+000  9.994893E-001  3.195600E-002  0.000000E+000 -3.195600E-002  9.994893E-001
  3.580000E+000  0.000000E+000  5.477594E-003 -7.479971E-002  1.000000E+000  0.000000E+000  0.000000E+000  0.000000E+000  9.973294E-001 -7.303458E-002  0.000000E+000  7.303458E-002  9.973294E-001
  3.600000E+000  0.000000E+000  1.318991E-002 -7.383107E-002  1.000000E+000  0.000000E+000  0.000000E+000  0.000000E+000  9.844142E-001 -1.758654E-001  0.000000E+000  1.758654E-001  9.844142E-001
  3.620000E+000  0.000000E+000  2.052164E-002 -7.213780E-002  1.000000E+000  0.000000E+000  0.000000E+000  0.000000E+000  9.618374E-001 -2.736218E-001  0.000000E+000  2.736218E-001  9.618374E-001
  3.640000E+000  0.000000E+000  2.728698E-002 -6.986001E-002  1.000000E+000  0.000000E+000  0.000000E+000  0.000000E+000  9.314668E-001 -3.638264E-001  0.000000E+000  3.638264E-001  9.314668E-001
  3.660000E+000  0.000000E+000  3.334530E-002 -6.717954E-002  1.000000E+000  0.000000E+000  0.000000E+000  0.000000E+000  8.957273E-001 -4.446040E-001  0.000000E+000  4.446040E-001  8.957273E-001
  3.680000E+000  0.000000E+000  3.860596E-002 -6.430070E-002  1.000000E+000  0.000000E+000  0.000000E+000  0.000000E+000  8.573426E-001 -5.147462E-001  0.000000E+000  5.147462E-001  8.573426E-001
  3.700000E+000  0.000000E+000  4.302572E-002 -6.143116E-002  1.000000E+000  0.000000E+000  0.000000E+000  0.000000E+000  8.190821E-001 -5.736763E-001  0.000000E+000  5.736763E-001  8.190821E-001
  3.720000E+000  0.000000E+000  4.660016E-002 -5.876585E-002  1.000000E+000  0.000000E+000  0.000000E+000  0.000000E+000  7.835447E-001 -6.213354E-001  0.000000E+000  6.213354E-001  7.835447E-001
  3.740000E+000  0.000000E+000  4.935156E-002 -5.647498E-002  1.000000E+000  0.000000E+000  0.000000E+000  0.000000E+000  7.529997E-001 -6.580208E-001  0.000000E+000  6.580208E-001  7.529997E-001
  3.760000E+000  0.000000E+000  5.131564E-002 -5.469648E-002  1.000000E+000  0.000000E+000  0.000000E+000  0.000000E+000  7.292864E-001 -6.842085E-001  0.000000E+000  6.842085E-001  7.292864E-001
  3.780000E+000  0.000000E+000  5.252916E-002 -5.353212E-002  1.000000E+000  0.000000E+000  0.000000E+000  0.000000E+000  7.137616E-001 -7.003887E-001  0.000000E+000  7.003887E-001  7.137616E-001
  3.800000E+000  0.000000E+000  5.302004E-002 -5.304598E-002  1.000000E+000  0.000000E+000  0.000000E+000  0.000000E+000  7.072797E-001 -7.069338E-001  0.000000E+000  7.069338E-001  7.072797E-001
  3.820000E+000  0.000000E+000  5.280079E-002 -5.326422E-002  1.000000E+000  0.000000E+000  0.000000E+000  0.000000E+000  7.101896E-001 -7.040105E-001  0.000000E+000  7.040105E-001  7.101896E-001
  3.840000E+000  0.000000E+000  5.186573E-002 -5.417515E-002  1.000000E+000  0.000000E+000  0.000000E+000  0.000000E+000  7.223353E-001 -6.915430E-001  0.000000E+000  6.915430E-001  7.223353E-001
  3.860000E+000  0.000000E+000  5.019225E-002 -5.572915E-002  1.000000E+000  0.000000E+000  0.000000E+000  0.000000E+000  7.430553E-001 -6.692300E-001  0.000000E+000  6.692300E-001  7.430553E-001
  3.880000E+000  0.000000E+000  4.774596E-002 -5.783877E-002  1.000000E+000  0.000000E+000  0.000000E+000  0.000000E+000  7.711836E-001 -6.366129E-001  0.000000E+000  6.366129E-001  7.711836E-001
  3.900000E+000  0.000000E+000  4.448940E-002 -6.037958E-002  1.000000E+000  0.000000E+000  0.000000E+000  0.000000E+000  8.050610E-001 -5.931920E-001  0.000000E+000  5.931920E-001  8.050610E-001
  3.920000E+000  0.000000E+000  4.039359E-002 -6.319302E-002  1.000000E+000  0.000000E+000  0.000000E+000  0.000000E+000  8.425736E-001 -5.385812E-001  0.000000E+000  5.385812E-001  8.425736E-001
  3.940000E+000  0.000000E+000  3.545121E-002 -6.609245E-002  1.000000E+000  0.000000E+000  0.000000E+000  0.000000E+000  8.812327E-001 -4.726828E-001  0.000000E+000  4.726828E-001  8.812327E-001
  3.960000E+000  0.000000E+000  2.968942E-002 -6.887335E-002  1.000000E+000  0.000000E+000  0.000000E+000  0.000000E+000  9.183113E-001 -3.958589E-001  0.000000E+000  3.958589E-001  9.183113E-001
  3.980000E+000  0.000000E+000  2.318009E-002 -7.132800E-002  1.000000E+000  0.000000E+000  0.000000E+000  0.000000E+000  9.510400E-001 -3.090679E-001  0.000000E+000  3.090679E-001  9.510400E-001
