% FILE: stable/Data.3
%
%       t         P_No_Bo[1]     P_No_Bo[2]     P_No_Bo[3]      N_B[1,1]       N_B[1,2]       N_B[1,3]       N_B[2,1]       N_B[2,2]       N_B[2,3]       N_B[3,1]       N_B[3,2]       N_B[3,3]
%   (second)        (meter)        (meter)        (meter)       (NoUnits)      (NoUnits)      (NoUnits)      (NoUnits)      (NoUnits)      (NoUnits)      (NoUnits)      (NoUnits)      (NoUnits)

  0.000000E+000  0.000000E+000  1.414214E-001 -1.414214E-001  9.999619E-001 -8.726535E-003  0.000000E+000  6.170592E-003  7.070799E-001 -7.071068E-001  6.170592E-003  7.070799E-001  7.071068E-001
  2.000000E-002  0.000000E+000  1.404750E-001 -1.423615E-001  9.999619E-001 -8.726406E-003  0.000000E+000  6.211520E-003  7.117802E-001 -7.023748E-001  6.129208E-003  7.023480E-001  7.118073E-001
  4.000000E-002  0.000000E+000  1.376114E-001 -1.451313E-001  9.999619E-001 -8.724475E-003  0.000000E+000  6.330972E-003  7.256289E-001 -6.880572E-001  6.002938E-003  6.880310E-001  7.256565E-001
  6.000000E-002  0.000000E+000  1.327631E-001 -1.495793E-001  9.999620E-001 -8.716201E-003  0.000000E+000  6.518814E-003  7.478678E-001 -6.638156E-001  5.785951E-003  6.637904E-001  7.478963E-001
  8.000000E-002  0.000000E+000  1.258347E-001 -1.554530E-001  9.999622E-001 -8.694307E-003  0.000000E+000  6.757780E-003  7.772356E-001 -6.291734E-001  5.470227E-003  6.291496E-001  7.772650E-001
  1.000000E-001  0.000000E+000  1.167280E-001 -1.624025E-001  9.999626E-001 -8.649238E-003  0.000000E+000  7.023291E-003  8.119823E-001 -5.836398E-001  5.048039E-003  5.836179E-001  8.120127E-001
  1.200000E-001  0.000000E+000  1.053740E-001 -1.699892E-001  9.999633E-001 -8.569836E-003  0.000000E+000  7.283898E-003  8.499148E-001 -5.268698E-001  4.515188E-003  5.268505E-001  8.499460E-001
  1.400000E-001  0.000000E+000  9.176819E-002 -1.777037E-001  9.999643E-001 -8.444228E-003  0.000000E+000  7.502852E-003  8.884867E-001 -4.588410E-001  3.874558E-003  4.588246E-001  8.885184E-001
  1.600000E-001  0.000000E+000  7.600409E-002 -1.849956E-001  9.999659E-001 -8.260886E-003  0.000000E+000  7.641139E-003  9.249465E-001 -3.800204E-001  3.139306E-003  3.800075E-001  9.249781E-001
  1.800000E-001  0.000000E+000  5.829811E-002 -1.913147E-001  9.999679E-001 -8.009786E-003  0.000000E+000  7.661950E-003  9.565430E-001 -2.914905E-001  2.334777E-003  2.914812E-001  9.565737E-001
  2.000000E-001  0.000000E+000  3.900019E-002 -1.961606E-001  9.999705E-001 -7.683510E-003  0.000000E+000  7.536010E-003  9.807741E-001 -1.950010E-001  1.498292E-003  1.949952E-001  9.808031E-001
  2.200000E-001  0.000000E+000  1.858479E-002 -1.991346E-001  9.999735E-001 -7.278146E-003  0.000000E+000  7.246655E-003  9.956468E-001 -9.292397E-002  6.763142E-004  9.292151E-002  9.956732E-001
  2.400000E-001  0.000000E+000 -2.378463E-003 -1.999859E-001  9.999769E-001 -6.793798E-003  0.000000E+000  6.793317E-003  9.999062E-001  1.189232E-002 -8.079398E-005 -1.189204E-002  9.999293E-001
  2.600000E-001  0.000000E+000 -2.327104E-002 -1.986415E-001  9.999806E-001 -6.234608E-003  0.000000E+000  6.192261E-003  9.931884E-001  1.163552E-001 -7.254290E-004 -1.163529E-001  9.932077E-001
  2.800000E-001  0.000000E+000 -4.348078E-002 -1.952163E-001  9.999843E-001 -5.608264E-003  0.000000E+000  5.474124E-003  9.760664E-001  2.174039E-001 -1.219258E-003 -2.174005E-001  9.760817E-001
  3.000000E-001  0.000000E+000 -6.245605E-002 -1.899980E-001  9.999879E-001 -4.925058E-003  0.000000E+000  4.678756E-003  9.499785E-001  3.122802E-001 -1.537998E-003 -3.122764E-001  9.499900E-001
  3.200000E-001  0.000000E+000 -7.974869E-002 -1.834125E-001  9.999912E-001 -4.196675E-003  0.000000E+000  3.848613E-003  9.170544E-001  3.987435E-001 -1.673397E-003 -3.987400E-001  9.170625E-001
  3.400000E-001  0.000000E+000 -9.503893E-002 -1.759761E-001  9.999941E-001 -3.434920E-003  0.000000E+000  3.022320E-003  8.798755E-001  4.751946E-001 -1.632256E-003 -4.751918E-001  8.798807E-001
  3.600000E-001  0.000000E+000 -1.081396E-001 -1.682433E-001  9.999965E-001 -2.650589E-003  0.000000E+000  2.229720E-003  8.412137E-001  5.406982E-001 -1.433169E-003 -5.406963E-001  8.412167E-001
  3.800000E-001  0.000000E+000 -1.189821E-001 -1.607584E-001  9.999983E-001 -1.852633E-003  0.000000E+000  1.489131E-003  8.037904E-001  5.949107E-001 -1.102151E-003 -5.949097E-001  8.037918E-001
  4.000000E-001  0.000000E+000 -1.275886E-001 -1.540167E-001  9.999995E-001 -1.047710E-003  0.000000E+000  8.068241E-004  7.700831E-001  6.379431E-001 -6.683793E-004 -6.379428E-001  7.700835E-001
  4.200000E-001  0.000000E+000 -1.340377E-001 -1.484382E-001  1.000000E+000 -2.401170E-004  0.000000E+000  1.782127E-004  7.421909E-001  6.701885E-001 -1.609237E-004 -6.701885E-001  7.421909E-001
  4.400000E-001  0.000000E+000 -1.384295E-001 -1.443512E-001  9.999998E-001  5.679236E-004  0.000000E+000 -4.099023E-004  7.217560E-001  6.921474E-001  3.930868E-004 -6.921473E-001  7.217562E-001
  4.600000E-001  0.000000E+000 -1.408549E-001 -1.419855E-001  9.999991E-001  1.375717E-003  0.000000E+000 -9.766593E-004  7.099270E-001  7.042746E-001  9.688824E-004 -7.042740E-001  7.099276E-001
  4.800000E-001  0.000000E+000 -1.413729E-001 -1.414698E-001  9.999976E-001  2.183359E-003  0.000000E+000 -1.544397E-003  7.073473E-001  7.068645E-001  1.543339E-003 -7.068628E-001  7.073490E-001
  5.000000E-001  0.000000E+000 -1.399968E-001 -1.428317E-001  9.999955E-001  2.990905E-003  0.000000E+000 -2.135980E-003  7.141552E-001  6.999841E-001  2.093586E-003 -6.999810E-001  7.141584E-001
  5.200000E-001  0.000000E+000 -1.366917E-001 -1.459979E-001  9.999928E-001  3.797509E-003  0.000000E+000 -2.772141E-003  7.299841E-001  6.834586E-001  2.595440E-003 -6.834536E-001  7.299893E-001
  5.400000E-001  0.000000E+000 -1.313819E-001 -1.507939E-001  9.999894E-001  4.600629E-003  0.000000E+000 -3.468733E-003  7.539613E-001  6.569096E-001  3.022197E-003 -6.569027E-001  7.539693E-001
  5.600000E-001  0.000000E+000 -1.239690E-001 -1.569448E-001  9.999854E-001  5.395367E-003  0.000000E+000 -4.233875E-003  7.847128E-001  6.198451E-001  3.344291E-003 -6.198360E-001  7.847242E-001
  5.800000E-001  0.000000E+000 -1.143584E-001 -1.640797E-001  9.999809E-001  6.174037E-003  0.000000E+000 -5.065171E-003  8.203829E-001  5.717921E-001  3.530266E-003 -5.717812E-001  8.203985E-001
  6.000000E-001  0.000000E+000 -1.024926E-001 -1.717418E-001  9.999760E-001  6.926063E-003  0.000000E+000 -5.947474E-003  8.586886E-001  5.124632E-001  3.549353E-003 -5.124509E-001  8.587092E-001
  6.200000E-001  0.000000E+000 -8.838657E-002 -1.794096E-001  9.999708E-001  7.638265E-003  0.000000E+000 -6.851892E-003  8.970220E-001  4.419328E-001  3.375600E-003 -4.419199E-001  8.970481E-001
  6.400000E-001  0.000000E+000 -7.215968E-002 -1.865288E-001  9.999656E-001  8.295603E-003  0.000000E+000 -7.736843E-003  9.326117E-001  3.607984E-001  2.993041E-003 -3.607860E-001  9.326438E-001
  6.600000E-001  0.000000E+000 -5.405836E-002 -1.925557E-001  9.999606E-001  8.882335E-003  0.000000E+000 -8.551721E-003  9.627405E-001  2.702918E-001  2.400823E-003 -2.702812E-001  9.627784E-001
  6.800000E-001  0.000000E+000 -3.446222E-002 -1.970085E-001  9.999560E-001  9.383491E-003  0.000000E+000 -9.243138E-003  9.849992E-001  1.723111E-001  1.616880E-003 -1.723035E-001  9.850426E-001
  7.000000E-001  0.000000E+000 -1.387050E-002 -1.995184E-001  9.999521E-001  9.786466E-003  0.000000E+000 -9.762902E-003  9.975444E-001  6.935248E-002  6.787157E-004 -6.934916E-002  9.975922E-001
  7.200000E-001  0.000000E+000  7.131605E-003 -1.998728E-001  9.999492E-001  1.008249E-002  0.000000E+000 -1.007607E-002  9.993133E-001 -3.565803E-002 -3.595215E-004  3.565621E-002  9.993641E-001
  7.400000E-001  0.000000E+000  2.792202E-002 -1.980413E-001  9.999473E-001  1.026767E-002  0.000000E+000 -1.016711E-002  9.901544E-001 -1.396101E-001 -1.433470E-003  1.396027E-001  9.902066E-001
  7.600000E-001  0.000000E+000  4.789778E-002 -1.941798E-001  9.999465E-001  1.034351E-002  0.000000E+000 -1.004250E-002  9.708472E-001 -2.394889E-001 -2.477155E-003  2.394761E-001  9.708991E-001
  7.800000E-001  0.000000E+000  6.652747E-002 -1.886110E-001  9.999468E-001  1.031666E-002  0.000000E+000 -9.729175E-003  9.430046E-001 -3.326373E-001 -3.431706E-003  3.326196E-001  9.430548E-001
  8.000000E-001  0.000000E+000  8.339050E-002 -1.817857E-001  9.999480E-001  1.019813E-002  0.000000E+000 -9.269373E-003  9.088810E-001 -4.169525E-001 -4.252138E-003  4.169308E-001  9.089283E-001
  8.200000E-001  0.000000E+000  9.819743E-002 -1.742334E-001  9.999500E-001  1.000200E-002  0.000000E+000 -8.713414E-003  8.711232E-001 -4.909872E-001 -4.910855E-003  4.909626E-001  8.711668E-001
  8.400000E-001  0.000000E+000  1.107897E-001 -1.665102E-001  9.999525E-001  9.743900E-003  0.000000E+000 -8.112292E-003  8.325113E-001 -5.539487E-001 -5.397621E-003  5.539224E-001  8.325508E-001
  8.600000E-001  0.000000E+000  1.211221E-001 -1.591523E-001  9.999554E-001  9.439524E-003  0.000000E+000 -7.511608E-003  7.957258E-001 -6.056104E-001 -5.716674E-003  6.055834E-001  7.957613E-001
  8.800000E-001  0.000000E+000  1.292325E-001 -1.526400E-001  9.999586E-001  9.103352E-003  0.000000E+000 -6.947677E-003  7.631682E-001 -6.461625E-001 -5.882245E-003  6.461358E-001  7.631998E-001
  9.000000E-001  0.000000E+000  1.352075E-001 -1.473735E-001  9.999617E-001  8.747651E-003  0.000000E+000 -6.445859E-003  7.368392E-001 -6.760373E-001 -5.913739E-003  6.760115E-001  7.368674E-001
  9.200000E-001  0.000000E+000  1.391474E-001 -1.436593E-001  9.999649E-001  8.381852E-003  0.000000E+000 -6.020654E-003  7.182711E-001 -6.957372E-001 -5.831566E-003  6.957128E-001  7.182964E-001
  9.400000E-001  0.000000E+000  1.411378E-001 -1.417043E-001  9.999679E-001  8.012243E-003  0.000000E+000 -5.676846E-003  7.084987E-001 -7.056892E-001 -5.654154E-003  7.056666E-001  7.085215E-001
  9.600000E-001  0.000000E+000  1.412281E-001 -1.416144E-001  9.999708E-001  7.641957E-003  0.000000E+000 -5.411056E-003  7.080513E-001 -7.061403E-001 -5.396294E-003  7.061197E-001  7.080720E-001
  9.800000E-001  0.000000E+000  1.394204E-001 -1.433944E-001  9.999736E-001  7.271176E-003  0.000000E+000 -5.213228E-003  7.169529E-001 -6.971021E-001 -5.068752E-003  6.970837E-001  7.169719E-001
  1.000000E+000  0.000000E+000  1.356697E-001 -1.469480E-001  9.999762E-001  6.897512E-003  0.000000E+000 -5.067879E-003  7.347227E-001 -6.783486E-001 -4.678918E-003  6.783325E-001  7.347402E-001
  1.020000E+000  0.000000E+000  1.298933E-001 -1.520781E-001  9.999788E-001  6.516529E-003  0.000000E+000 -4.955106E-003  7.603743E-001 -6.494663E-001 -4.232266E-003  6.494525E-001  7.603904E-001
  1.040000E+000  0.000000E+000  1.219908E-001 -1.584873E-001  9.999813E-001  6.122372E-003  0.000000E+000 -4.851592E-003  7.924219E-001 -6.099541E-001 -3.734366E-003  6.099427E-001  7.924367E-001
  1.060000E+000  0.000000E+000  1.118732E-001 -1.657842E-001  9.999837E-001  5.708488E-003  0.000000E+000 -4.731884E-003  8.289073E-001 -5.593660E-001 -3.193134E-003  5.593569E-001  8.289208E-001
  1.080000E+000  0.000000E+000  9.949619E-002 -1.734950E-001  9.999861E-001  5.268412E-003  0.000000E+000 -4.570215E-003  8.674629E-001 -4.974810E-001 -2.620934E-003  4.974740E-001  8.674749E-001
  1.100000E+000  0.000000E+000  8.489576E-002 -1.810876E-001  9.999885E-001  4.796558E-003  0.000000E+000 -4.342986E-003  9.054275E-001 -4.244788E-001 -2.036037E-003  4.244739E-001  9.054379E-001
  1.120000E+000  0.000000E+000  6.821863E-002 -1.880059E-001  9.999908E-001  4.288958E-003  0.000000E+000 -4.031747E-003  9.400209E-001 -3.410932E-001 -1.462934E-003  3.410900E-001  9.400295E-001
  1.140000E+000  0.000000E+000  4.974143E-002 -1.937157E-001  9.999930E-001  3.743838E-003  0.000000E+000 -3.626202E-003  9.685719E-001 -2.487071E-001 -9.311193E-004  2.487054E-001  9.685787E-001
  1.160000E+000  0.000000E+000  2.987275E-002 -1.977565E-001  9.999950E-001  3.161959E-003  0.000000E+000 -3.126489E-003  9.887774E-001 -1.493638E-001 -4.722820E-004  1.493630E-001  9.887823E-001
  1.180000E+000  0.000000E+000  9.134890E-003 -1.997913E-001  9.999968E-001  2.546625E-003  0.000000E+000 -2.543967E-003  9.989531E-001 -4.567445E-002 -1.163157E-004  4.567430E-002  9.989564E-001
  1.200000E+000  0.000000E+000 -1.187392E-002 -1.996472E-001  9.999982E-001  1.903349E-003  0.000000E+000 -1.899991E-003  9.982343E-001  5.936962E-002  1.130011E-004 -5.936951E-002  9.982361E-001
  1.220000E+000  0.000000E+000 -3.253101E-002 -1.973366E-001  9.999992E-001  1.239200E-003  0.000000E+000 -1.222698E-003  9.866822E-001  1.626551E-001  2.015622E-004 -1.626549E-001  9.866830E-001
  1.240000E+000  0.000000E+000 -5.224535E-002 -1.930555E-001  9.999998E-001  5.619448E-004  0.000000E+000 -5.424327E-004  9.652773E-001  2.612268E-001  1.467950E-004 -2.612267E-001  9.652775E-001
  1.260000E+000  0.000000E+000 -7.050776E-002 -1.871594E-001  1.000000E+000 -1.208821E-004  0.000000E+000  1.131212E-004  9.357972E-001  3.525388E-001 -4.261565E-005 -3.525388E-001  9.357972E-001
  1.280000E+000  0.000000E+000 -8.692629E-002 -1.801217E-001  9.999997E-001 -8.028082E-004  0.000000E+000  7.230158E-004  9.006081E-001  4.346315E-001 -3.489257E-004 -4.346313E-001  9.006084E-001
  1.300000E+000  0.000000E+000 -1.012418E-001 -1.724822E-001  9.999989E-001 -1.479036E-003  0.000000E+000  1.275536E-003  8.624098E-001  5.062091E-001 -7.487014E-004 -5.062086E-001  8.624108E-001
  1.320000E+000  0.000000E+000 -1.133235E-001 -1.647962E-001  9.999977E-001 -2.146755E-003  0.000000E+000  1.768885E-003  8.239790E-001  5.666176E-001 -1.216389E-003 -5.666163E-001  8.239809E-001
  1.340000E+000  0.000000E+000 -1.231478E-001 -1.575900E-001  9.999961E-001 -2.805141E-003  0.000000E+000  2.210311E-003  7.879471E-001  6.157389E-001 -1.727234E-003 -6.157365E-001  7.879502E-001
  1.360000E+000  0.000000E+000 -1.307667E-001 -1.513277E-001  9.999940E-001 -3.455059E-003  0.000000E+000  2.614230E-003  7.566338E-001  6.538337E-001 -2.259034E-003 -6.538298E-001  7.566383E-001
  1.380000E+000  0.000000E+000 -1.362729E-001 -1.463889E-001  9.999916E-001 -4.098556E-003  0.000000E+000  2.999915E-003  7.319382E-001  6.813644E-001 -2.792610E-003 -6.813587E-001  7.319444E-001
  1.400000E+000  0.000000E+000 -1.397656E-001 -1.430580E-001  9.999888E-001 -4.738186E-003  0.000000E+000  3.389177E-003  7.152819E-001  6.988278E-001 -3.311176E-003 -6.988200E-001  7.152899E-001
  1.420000E+000  0.000000E+000 -1.413236E-001 -1.415191E-001  9.999855E-001 -5.376265E-003  0.000000E+000  3.804221E-003  7.075852E-001  7.066178E-001 -3.798965E-003 -7.066076E-001  7.075954E-001
  1.440000E+000  0.000000E+000 -1.409862E-001 -1.418552E-001  9.999819E-001 -6.014096E-003  0.000000E+000  4.265653E-003  7.092630E-001  7.049310E-001 -4.239523E-003 -7.049183E-001  7.092759E-001
  1.460000E+000  0.000000E+000 -1.387447E-001 -1.440482E-001  9.999779E-001 -6.651230E-003  0.000000E+000  4.790490E-003  7.202253E-001  6.937237E-001 -4.614116E-003 -6.937084E-001  7.202412E-001
  1.480000E+000  0.000000E+000 -1.345442E-001 -1.479792E-001  9.999735E-001 -7.284817E-003  0.000000E+000  5.390007E-003  7.398764E-001  6.727212E-001 -4.900651E-003 -6.727033E-001  7.398961E-001
  1.500000E+000  0.000000E+000 -1.282959E-001 -1.534280E-001  9.999687E-001 -7.909112E-003  0.000000E+000  6.067397E-003  7.671161E-001  6.414796E-001 -5.073534E-003 -6.414596E-001  7.671401E-001
  1.520000E+000  0.000000E+000 -1.198994E-001 -1.600754E-001  9.999637E-001 -8.515206E-003  0.000000E+000  6.815377E-003  8.003481E-001  5.994968E-001 -5.104839E-003 -5.994751E-001  8.003771E-001
  1.540000E+000  0.000000E+000 -1.092724E-001 -1.675098E-001  9.999587E-001 -9.091071E-003  0.000000E+000  7.614219E-003  8.375146E-001  5.463620E-001 -4.967015E-003 -5.463394E-001  8.375492E-001
  1.560000E+000  0.000000E+000 -9.638591E-002 -1.752420E-001  9.999537E-001 -9.621985E-003  0.000000E+000  8.430879E-003  8.761694E-001  4.819296E-001 -4.637119E-003 -4.819073E-001  8.762100E-001
  1.580000E+000  0.000000E+000 -8.129858E-002 -1.827308E-001  9.999491E-001 -1.009139E-002  0.000000E+000  9.220038E-003  9.136074E-001  4.064929E-001 -4.102079E-003 -4.064722E-001  9.136539E-001
  1.600000E+000  0.000000E+000 -6.418534E-002 -1.894208E-001  9.999451E-001 -1.048215E-002  0.000000E+000  9.927688E-003  9.470520E-001  3.209267E-001 -3.364002E-003 -3.209091E-001  9.471040E-001
  1.620000E+000  0.000000E+000 -4.535317E-002 -1.947899E-001  9.999419E-001 -1.077812E-002  0.000000E+000  1.049735E-002  9.738927E-001  2.267659E-001 -2.444110E-003 -2.267527E-001  9.739493E-001
  1.640000E+000  0.000000E+000 -2.523875E-002 -1.984011E-001  9.999399E-001 -1.096583E-002  0.000000E+000  1.087816E-002  9.919460E-001  1.261937E-001 -1.383819E-003 -1.261862E-001  9.920056E-001
  1.660000E+000  0.000000E+000 -4.385441E-003 -1.999519E-001  9.999391E-001 -1.103599E-002  0.000000E+000  1.103333E-002  9.996987E-001  2.192721E-002 -2.419884E-004 -2.192587E-002  9.997596E-001
  1.680000E+000  0.000000E+000  1.659814E-002 -1.993101E-001  9.999397E-001 -1.098467E-002  0.000000E+000  1.094677E-002  9.964902E-001 -8.299071E-002  9.116252E-004  8.298570E-002  9.965503E-001
  1.700000E+000  0.000000E+000  3.709161E-002 -1.965304E-001  9.999415E-001 -1.081374E-002  0.000000E+000  1.062614E-002  9.825947E-001 -1.854581E-001  2.005494E-003  1.854472E-001  9.826522E-001
  1.720000E+000  0.000000E+000  5.651846E-002 -1.918480E-001  9.999446E-001 -1.053067E-002  0.000000E+000  1.010144E-002  9.591869E-001 -2.825923E-001  2.975885E-003  2.825767E-001  9.592401E-001
  1.740000E+000  0.000000E+000  7.439358E-002 -1.856491E-001  9.999485E-001 -1.014759E-002  0.000000E+000  9.419453E-003  9.281978E-001 -3.719679E-001  3.774577E-003  3.719488E-001  9.282456E-001
  1.760000E+000  0.000000E+000  9.035444E-002 -1.784267E-001  9.999531E-001 -9.679885E-003  0.000000E+000  8.635748E-003  8.920915E-001 -4.517722E-001  4.373103E-003  4.517511E-001  8.921333E-001
  1.780000E+000  0.000000E+000  1.041720E-001 -1.707284E-001  9.999582E-001 -9.144528E-003  0.000000E+000  7.806154E-003  8.536064E-001 -5.208600E-001  4.763019E-003  5.208383E-001  8.536421E-001
  1.800000E+000  0.000000E+000  1.157420E-001 -1.631067E-001  9.999634E-001 -8.558433E-003  0.000000E+000  6.979688E-003  8.155035E-001 -5.787100E-001  4.952851E-003  5.786888E-001  8.155334E-001
  1.820000E+000  0.000000E+000  1.250610E-001 -1.560761E-001  9.999685E-001 -7.937077E-003  0.000000E+000  6.193941E-003  7.803561E-001 -6.253048E-001  4.963092E-003  6.252851E-001  7.803806E-001
  1.840000E+000  0.000000E+000  1.321932E-001 -1.500831E-001  9.999734E-001 -7.293495E-003  0.000000E+000  5.473153E-003  7.503957E-001 -6.609662E-001  4.820754E-003  6.609486E-001  7.504157E-001
  1.860000E+000  0.000000E+000  1.372357E-001 -1.454867E-001  9.999780E-001 -6.637712E-003  0.000000E+000  4.828493E-003  7.274173E-001 -6.861784E-001  4.554654E-003  6.861632E-001  7.274333E-001
  1.880000E+000  0.000000E+000  1.402851E-001 -1.425486E-001  9.999821E-001 -5.976577E-003  0.000000E+000  4.259762E-003  7.127301E-001 -7.014255E-001  4.192123E-003  7.014129E-001  7.127428E-001
  1.900000E+000  0.000000E+000  1.414126E-001 -1.414301E-001  9.999859E-001 -5.313953E-003  0.000000E+000  3.757764E-003  7.071404E-001 -7.070632E-001  3.757301E-003  7.070532E-001  7.071504E-001
  1.920000E+000  0.000000E+000  1.406472E-001 -1.421913E-001  9.999892E-001 -4.651157E-003  0.000000E+000  3.306771E-003  7.109490E-001 -7.032358E-001  3.270860E-003  7.032282E-001  7.109567E-001
  1.940000E+000  0.000000E+000  1.379689E-001 -1.447915E-001  9.999920E-001 -3.987582E-003  0.000000E+000  2.886840E-003  7.239517E-001 -6.898446E-001  2.750812E-003  6.898392E-001  7.239574E-001
  1.960000E+000  0.000000E+000  1.333139E-001 -1.490886E-001  9.999945E-001 -3.321434E-003  0.000000E+000  2.475940E-003  7.454389E-001 -6.665694E-001  2.213966E-003  6.665657E-001  7.454430E-001
  1.980000E+000  0.000000E+000  1.265884E-001 -1.548399E-001  9.999965E-001 -2.650506E-003  0.000000E+000  2.052020E-003  7.741965E-001 -6.329419E-001  1.677616E-003  6.329397E-001  7.741993E-001
  2.000000E+000  0.000000E+000  1.176933E-001 -1.617043E-001  9.999981E-001 -1.972949E-003  0.000000E+000  1.595172E-003  8.085201E-001 -5.884663E-001  1.161014E-003  5.884652E-001  8.085217E-001
  2.020000E+000  0.000000E+000  1.065553E-001 -1.692512E-001  9.999992E-001 -1.287970E-003  0.000000E+000  1.089953E-003  8.462554E-001 -5.327763E-001  6.861999E-004  5.327758E-001  8.462561E-001
  2.040000E+000  0.000000E+000  9.316217E-002 -1.769769E-001  9.999998E-001 -5.963876E-004  0.000000E+000  5.277341E-004  8.848842E-001 -4.658108E-001  2.778038E-004  4.658108E-001  8.848843E-001
  2.060000E+000  0.000000E+000  7.759683E-002 -1.843332E-001  1.000000E+000  9.902798E-005  0.000000E+000 -9.127073E-005  9.216660E-001 -3.879841E-001 -3.842128E-005  3.879841E-001  9.216661E-001
  2.080000E+000  0.000000E+000  6.006323E-002 -1.907679E-001  9.999997E-001  7.934905E-004  0.000000E+000 -7.568628E-004  9.538394E-001 -3.003161E-001 -2.382980E-004  3.003160E-001  9.538397E-001
  2.100000E+000  0.000000E+000  4.089862E-002 -1.957736E-001  9.999989E-001  1.480455E-003  0.000000E+000 -1.449170E-003  9.788669E-001 -2.044931E-001 -3.027429E-004  2.044929E-001  9.788680E-001
  2.120000E+000  0.000000E+000  2.056652E-002 -1.989397E-001  9.999977E-001  2.152190E-003  0.000000E+000 -2.140781E-003  9.946964E-001 -1.028326E-001 -2.213154E-004  1.028324E-001  9.946987E-001
  2.140000E+000  0.000000E+000 -3.707422E-004 -1.999997E-001  9.999961E-001  2.800594E-003  0.000000E+000 -2.800589E-003  9.999944E-001  1.853711E-003  5.191491E-006 -1.853704E-003  9.999983E-001
  2.160000E+000  0.000000E+000 -2.129699E-002 -1.988629E-001  9.999942E-001  3.418139E-003  0.000000E+000 -3.398705E-003  9.943085E-001  1.064850E-001  3.639804E-004 -1.064843E-001  9.943143E-001
  2.180000E+000  0.000000E+000 -4.159704E-002 -1.956264E-001  9.999920E-001  3.998791E-003  0.000000E+000 -3.911345E-003  9.781242E-001  2.079852E-001  8.316893E-004 -2.079835E-001  9.781320E-001
  2.200000E+000  0.000000E+000 -6.071137E-002 -1.905627E-001  9.999897E-001  4.538730E-003  0.000000E+000 -4.324562E-003  9.528035E-001  3.035568E-001  1.377763E-003 -3.035537E-001  9.528133E-001
  2.220000E+000  0.000000E+000 -7.818055E-002 -1.840864E-001  9.999873E-001  5.036774E-003  0.000000E+000 -4.636008E-003  9.204203E-001  3.909028E-001  1.968889E-003 -3.908978E-001  9.204320E-001
  2.240000E+000  0.000000E+000 -9.367205E-002 -1.767075E-001  9.999849E-001  5.494437E-003  0.000000E+000 -4.854542E-003  8.835243E-001  4.683602E-001  2.573376E-003 -4.683532E-001  8.835376E-001
  2.260000E+000  0.000000E+000 -1.069864E-001 -1.689790E-001  9.999825E-001  5.915640E-003  0.000000E+000 -4.998095E-003  8.448803E-001  5.349321E-001  3.164466E-003 -5.349228E-001  8.448950E-001
  2.280000E+000  0.000000E+000 -1.180447E-001 -1.614480E-001  9.999801E-001  6.306147E-003  0.000000E+000 -5.090573E-003  8.072237E-001  5.902236E-001  3.722037E-003 -5.902119E-001  8.072398E-001
  2.300000E+000  0.000000E+000 -1.268619E-001 -1.546159E-001  9.999777E-001  6.672827E-003  0.000000E+000 -5.158625E-003  7.730621E-001  6.343094E-001  4.232637E-003 -6.342953E-001  7.730793E-001
  2.320000E+000  0.000000E+000 -1.335127E-001 -1.489106E-001  9.999753E-001  7.022834E-003  0.000000E+000 -5.228873E-003  7.445347E-001  6.675633E-001  4.688186E-003 -6.675468E-001  7.445531E-001
  2.340000E+000  0.000000E+000 -1.380965E-001 -1.446698E-001  9.999729E-001  7.362801E-003  0.000000E+000 -5.325874E-003  7.233293E-001  6.904827E-001  5.083887E-003 -6.904640E-001  7.233489E-001
  2.360000E+000  0.000000E+000 -1.407065E-001 -1.421326E-001  9.999704E-001  7.698087E-003  0.000000E+000 -5.470747E-003  7.106420E-001  7.035325E-001  5.415855E-003 -7.035117E-001  7.106631E-001
  2.380000E+000  0.000000E+000 -1.414052E-001 -1.414375E-001  9.999677E-001  8.032133E-003  0.000000E+000 -5.680225E-003  7.071648E-001  7.070260E-001  5.678926E-003 -7.070031E-001  7.071876E-001
  2.400000E+000  0.000000E+000 -1.402107E-001 -1.426218E-001  9.999650E-001  8.365912E-003  0.000000E+000 -5.965806E-003  7.130839E-001  7.010533E-001  5.864950E-003 -7.010288E-001  7.131089E-001
  2.420000E+000  0.000000E+000 -1.370924E-001 -1.456217E-001  9.999622E-001  8.697532E-003  0.000000E+000 -6.332746E-003  7.280809E-001  6.854620E-001  5.961827E-003 -6.854360E-001  7.281084E-001
  2.440000E+000  0.000000E+000 -1.319780E-001 -1.502724E-001  9.999593E-001  9.021985E-003  0.000000E+000 -6.778779E-003  7.513316E-001  6.598900E-001  5.953518E-003 -6.598632E-001  7.513622E-001
  2.460000E+000  0.000000E+000 -1.247702E-001 -1.563087E-001  9.999565E-001  9.331108E-003  0.000000E+000 -7.292666E-003  7.815093E-001  6.238509E-001  5.821221E-003 -6.238238E-001  7.815434E-001
  2.480000E+000  0.000000E+000 -1.153727E-001 -1.633681E-001  9.999538E-001  9.613790E-003  0.000000E+000 -7.852935E-003  8.168029E-001  5.768633E-001  5.545843E-003 -5.768367E-001  8.168407E-001
  2.500000E+000  0.000000E+000 -1.037229E-001 -1.710017E-001  9.999514E-001  9.856492E-003  0.000000E+000 -8.427382E-003  8.549668E-001  5.186143E-001  5.111718E-003 -5.185891E-001  8.550083E-001
  2.520000E+000  0.000000E+000 -8.982728E-002 -1.786926E-001  9.999496E-001  1.004410E-002  0.000000E+000 -8.974031E-003  8.934181E-001  4.491364E-001  4.511170E-003 -4.491137E-001  8.934632E-001
  2.540000E+000  0.000000E+000 -7.379425E-002 -1.858882E-001  9.999484E-001  1.016109E-002  0.000000E+000 -9.444133E-003  9.293928E-001  3.689713E-001  3.749151E-003 -3.689522E-001  9.294408E-001
  2.560000E+000  0.000000E+000 -5.585749E-002 -1.920415E-001  9.999481E-001  1.019297E-002  0.000000E+000 -9.787367E-003  9.601577E-001  2.792874E-001  2.846769E-003 -2.792729E-001  9.602075E-001
  2.580000E+000  0.000000E+000 -3.638414E-002 -1.966626E-001  9.999487E-001  1.012774E-002  0.000000E+000 -9.958740E-003  9.832628E-001  1.819207E-001  1.842445E-003 -1.819114E-001  9.833132E-001
  2.600000E+000  0.000000E+000 -1.586319E-002 -1.993699E-001  9.999504E-001  9.957268E-003  0.000000E+000 -9.925898E-003  9.968001E-001  7.931593E-002  7.897700E-004 -7.931200E-002  9.968495E-001
  2.620000E+000  0.000000E+000  5.126433E-003 -1.999343E-001  9.999532E-001  9.678280E-003  0.000000E+000 -9.675101E-003  9.996246E-001 -2.563216E-002 -2.480753E-004  2.563096E-002  9.996714E-001
  2.640000E+000  0.000000E+000  2.596378E-002 -1.983075E-001  9.999568E-001  9.292776E-003  0.000000E+000 -9.214138E-003  9.914949E-001 -1.298189E-001 -1.206378E-003  1.298133E-001  9.915377E-001
  2.660000E+000  0.000000E+000  4.604170E-002 -1.946283E-001  9.999612E-001  8.807794E-003  0.000000E+000 -8.571228E-003  9.731036E-001 -2.302085E-001 -2.027629E-003  2.301995E-001  9.731413E-001
  2.680000E+000  0.000000E+000  6.481995E-002 -1.892046E-001  9.999661E-001  8.234549E-003  0.000000E+000 -7.790072E-003  9.459908E-001 -3.240997E-001 -2.668815E-003  3.240887E-001  9.460229E-001
  2.700000E+000  0.000000E+000  8.186618E-002 -1.824772E-001  9.999712E-001  7.587101E-003  0.000000E+000 -6.922365E-003  9.123597E-001 -4.093309E-001 -3.105635E-003  4.093191E-001  9.123860E-001
  2.720000E+000  0.000000E+000  9.687814E-002 -1.749704E-001  9.999763E-001  6.880801E-003  0.000000E+000 -6.019681E-003  8.748311E-001 -4.843907E-001 -3.332996E-003  4.843792E-001  8.748518E-001
  2.740000E+000  0.000000E+000  1.096854E-001 -1.672397E-001  9.999812E-001  6.130773E-003  0.000000E+000 -5.126544E-003  8.361829E-001 -5.484268E-001 -3.362280E-003  5.484164E-001  8.361986E-001
  2.760000E+000  0.000000E+000  1.202328E-001 -1.598251E-001  9.999857E-001  5.350646E-003  0.000000E+000 -4.275839E-003  7.991143E-001 -6.011639E-001 -3.216615E-003  6.011553E-001  7.991257E-001
  2.780000E+000  0.000000E+000  1.285520E-001 -1.532135E-001  9.999896E-001  4.551679E-003  0.000000E+000 -3.486894E-003  7.660596E-001 -6.427601E-001 -2.925638E-003  6.427535E-001  7.660675E-001
  2.800000E+000  0.000000E+000  1.347264E-001 -1.478134E-001  9.999930E-001  3.742335E-003  0.000000E+000 -2.765835E-003  7.390616E-001 -6.736322E-001 -2.520957E-003  6.736275E-001  7.390668E-001
  2.820000E+000  0.000000E+000  1.388565E-001 -1.439405E-001  9.999957E-001  2.928261E-003  0.000000E+000 -2.107476E-003  7.196993E-001 -6.942827E-001 -2.033041E-003  6.942797E-001  7.197024E-001
  2.840000E+000  0.000000E+000  1.410302E-001 -1.418114E-001  9.999978E-001  2.112633E-003  0.000000E+000 -1.497978E-003  7.090556E-001 -7.051510E-001 -1.489726E-003  7.051494E-001  7.090572E-001
  2.860000E+000  0.000000E+000  1.413009E-001 -1.415417E-001  9.999992E-001  1.296756E-003  0.000000E+000 -9.177256E-004  7.077079E-001 -7.065045E-001 -9.161642E-004  7.065039E-001  7.077085E-001
  2.880000E+000  0.000000E+000  1.396757E-001 -1.431458E-001  9.999999E-001  4.808279E-004  0.000000E+000 -3.441423E-004  7.157287E-001 -6.983783E-001 -3.357998E-004  6.983783E-001  7.157288E-001
  2.900000E+000  0.000000E+000  1.361135E-001 -1.465370E-001  9.999999E-001 -3.352065E-004  0.000000E+000  2.456008E-004  7.326851E-001 -6.805677E-001  2.281307E-004  6.805677E-001  7.326852E-001
  2.920000E+000  0.000000E+000  1.305347E-001 -1.515279E-001  9.999993E-001 -1.150800E-003  0.000000E+000  8.718913E-004  7.576388E-001 -6.526734E-001  7.510966E-004  6.526730E-001  7.576393E-001
  2.940000E+000  0.000000E+000  1.228395E-001 -1.578305E-001  9.999981E-001 -1.964027E-003  0.000000E+000  1.549917E-003  7.891510E-001 -6.141973E-001  1.206300E-003  6.141961E-001  7.891525E-001
  2.960000E+000  0.000000E+000  1.129362E-001 -1.650619E-001  9.999962E-001 -2.770964E-003  0.000000E+000  2.286903E-003  8.253061E-001 -5.646810E-001  1.564711E-003  5.646788E-001  8.253093E-001
  2.980000E+000  0.000000E+000  1.007748E-001 -1.727554E-001  9.999936E-001 -3.565323E-003  0.000000E+000  3.079644E-003  8.637716E-001 -5.038741E-001  1.796474E-003  5.038709E-001  8.637771E-001
  3.000000E+000  0.000000E+000  8.638224E-002 -1.803832E-001  9.999906E-001 -4.338404E-003  0.000000E+000  3.912877E-003  9.019077E-001 -4.319112E-001  1.873805E-003  4.319071E-001  9.019161E-001
  3.020000E+000  0.000000E+000  6.989352E-002 -1.873897E-001  9.999871E-001 -5.079445E-003  0.000000E+000  4.759178E-003  9.369364E-001 -3.494676E-001  1.775102E-003  3.494631E-001  9.369484E-001
  3.040000E+000  0.000000E+000  5.157251E-002 -1.932363E-001  9.999833E-001 -5.776365E-003  0.000000E+000  5.581017E-003  9.661655E-001 -2.578625E-001  1.489508E-003  2.578582E-001  9.661816E-001
  3.060000E+000  0.000000E+000  3.181566E-002 -1.974532E-001  9.999794E-001 -6.416844E-003  0.000000E+000  6.335132E-003  9.872456E-001 -1.590783E-001  1.020781E-003  1.590750E-001  9.872660E-001
  3.080000E+000  0.000000E+000  1.113576E-002 -1.996897E-001  9.999756E-001 -6.989618E-003  0.000000E+000  6.978775E-003  9.984243E-001 -5.567879E-002  3.891735E-004  5.567743E-002  9.984487E-001
  3.100000E+000  0.000000E+000 -9.874140E-003 -1.997561E-001  9.999720E-001 -7.485766E-003  0.000000E+000  7.476637E-003  9.987525E-001  4.937070E-002 -3.695775E-004 -4.936931E-002  9.987805E-001
  3.120000E+000  0.000000E+000 -3.059126E-002 -1.976466E-001  9.999688E-001 -7.899793E-003  0.000000E+000  7.806835E-003  9.882021E-001  1.529563E-001 -1.208323E-003 -1.529515E-001  9.882330E-001
  3.140000E+000  0.000000E+000 -5.041921E-002 -1.935404E-001  9.999661E-001 -8.230297E-003  0.000000E+000  7.964477E-003  9.676694E-001  2.520961E-001 -2.074826E-003 -2.520875E-001  9.677022E-001
  3.160000E+000  0.000000E+000 -6.883919E-002 -1.877796E-001  9.999640E-001 -8.480120E-003  0.000000E+000  7.961967E-003  9.388641E-001  3.441960E-001 -2.918823E-003 -3.441836E-001  9.388978E-001
  3.180000E+000  0.000000E+000 -8.544705E-002 -1.808281E-001  9.999625E-001 -8.655959E-003  0.000000E+000  7.826203E-003  9.041066E-001  4.272353E-001 -3.698131E-003 -4.272193E-001  9.041405E-001
  3.200000E+000  0.000000E+000 -9.997089E-002 -1.732219E-001  9.999616E-001 -8.767542E-003  0.000000E+000  7.593651E-003  8.660761E-001  4.998544E-001 -4.382495E-003 -4.998352E-001  8.661094E-001
  3.220000E+000  0.000000E+000 -1.122683E-001 -1.655168E-001  9.999610E-001 -8.826533E-003  0.000000E+000  7.304699E-003  8.275520E-001  5.613415E-001 -4.954700E-003 -5.613197E-001  8.275842E-001
  3.240000E+000  0.000000E+000 -1.223067E-001 -1.582437E-001  9.999609E-001 -8.845323E-003  0.000000E+000  6.998583E-003  7.911875E-001  6.115336E-001 -5.409212E-003 -6.115096E-001  7.912185E-001
  3.260000E+000  0.000000E+000 -1.301325E-001 -1.518734E-001  9.999610E-001 -8.835895E-003  0.000000E+000  6.709687E-003  7.593373E-001  6.506626E-001 -5.749186E-003 -6.506372E-001  7.593670E-001
  3.280000E+000  0.000000E+000 -1.358359E-001 -1.467945E-001  9.999612E-001 -8.808845E-003  0.000000E+000  6.465448E-003  7.339438E-001  6.791795E-001 -5.982786E-003 -6.791531E-001  7.339723E-001
  3.300000E+000  0.000000E+000 -1.395168E-001 -1.433006E-001  9.999615E-001 -8.772632E-003  0.000000E+000  6.285616E-003  7.164752E-001  6.975842E-001 -6.119650E-003 -6.975574E-001  7.165028E-001
  3.320000E+000  0.000000E+000 -1.412571E-001 -1.415855E-001  9.999619E-001 -8.733057E-003  0.000000E+000  6.182370E-003  7.079004E-001  7.062853E-001 -6.168029E-003 -7.062583E-001  7.079274E-001
  3.340000E+000  0.000000E+000 -1.411002E-001 -1.417418E-001  9.999622E-001 -8.692952E-003  0.000000E+000  6.160774E-003  7.086823E-001  7.055008E-001 -6.132885E-003 -7.054742E-001  7.087091E-001
  3.360000E+000  0.000000E+000 -1.390421E-001 -1.437612E-001  9.999626E-001 -8.652067E-003  0.000000E+000  6.219159E-003  7.187792E-001  6.952106E-001 -6.015008E-003 -6.951846E-001  7.188061E-001
  3.380000E+000  0.000000E+000 -1.350320E-001 -1.475343E-001  9.999630E-001 -8.607123E-003  0.000000E+000  6.349228E-003  7.376440E-001  6.751600E-001 -5.811184E-003 -6.751349E-001  7.376714E-001
  3.400000E+000  0.000000E+000 -1.289835E-001 -1.528505E-001  9.999634E-001 -8.552040E-003  0.000000E+000  6.535918E-003  7.642245E-001  6.449173E-001 -5.515358E-003 -6.448937E-001  7.642524E-001
  3.420000E+000  0.000000E+000 -1.207960E-001 -1.593999E-001  9.999641E-001 -8.478348E-003  0.000000E+000  6.757240E-003  7.969709E-001  6.039799E-001 -5.120752E-003 -6.039582E-001  7.969996E-001
  3.440000E+000  0.000000E+000 -1.103842E-001 -1.667793E-001  9.999649E-001 -8.375786E-003  0.000000E+000  6.984538E-003  8.338671E-001  5.519211E-001 -4.622773E-003 -5.519017E-001  8.338964E-001
  3.460000E+000  0.000000E+000 -9.771246E-002 -1.745058E-001  9.999661E-001 -8.233113E-003  0.000000E+000  7.183630E-003  8.724994E-001  4.885623E-001 -4.022388E-003 -4.885457E-001  8.725290E-001
  3.480000E+000  0.000000E+000 -8.282962E-002 -1.820419E-001  9.999677E-001 -8.039090E-003  0.000000E+000  7.317257E-003  9.101801E-001  4.141481E-001 -3.329374E-003 -4.141347E-001  9.102095E-001
  3.500000E+000  0.000000E+000 -6.589861E-002 -1.888316E-001  9.999697E-001 -7.783583E-003  0.000000E+000  7.348932E-003  9.441294E-001  3.294930E-001 -2.564636E-003 -3.294831E-001  9.441580E-001
  3.520000E+000  0.000000E+000 -4.721360E-002 -1.943473E-001  9.999722E-001 -7.458651E-003  0.000000E+000  7.247843E-003  9.717095E-001  2.360680E-001 -1.760749E-003 -2.360615E-001  9.717365E-001
  3.540000E+000  0.000000E+000 -2.719956E-002 -1.981418E-001  9.999751E-001 -7.059485E-003  0.000000E+000  6.993897E-003  9.906845E-001  1.359978E-001 -9.600745E-004 -1.359944E-001  9.907091E-001
  3.560000E+000  0.000000E+000 -6.391200E-003 -1.998979E-001  9.999783E-001 -6.585032E-003  0.000000E+000  6.581669E-003  9.994676E-001  3.195600E-002 -2.104313E-004 -3.195531E-002  9.994893E-001
  3.580000E+000  0.000000E+000  1.460692E-002 -1.994659E-001  9.999818E-001 -6.038162E-003  0.000000E+000  6.022036E-003  9.973112E-001 -7.303458E-002  4.409946E-004  7.303325E-002  9.973294E-001
  3.600000E+000  0.000000E+000  3.517308E-002 -1.968828E-001  9.999853E-001 -5.425336E-003  0.000000E+000  5.340778E-003  9.843997E-001 -1.758654E-001  9.541290E-004  1.758628E-001  9.844142E-001
  3.620000E+000  0.000000E+000  5.472436E-002 -1.923675E-001  9.999887E-001 -4.755825E-003  0.000000E+000  4.574331E-003  9.618265E-001 -2.736218E-001  1.301298E-003  2.736187E-001  9.618374E-001
  3.640000E+000  0.000000E+000  7.276527E-002 -1.862934E-001  9.999918E-001 -4.040591E-003  0.000000E+000  3.763676E-003  9.314592E-001 -3.638264E-001  1.470074E-003  3.638234E-001  9.314668E-001
  3.660000E+000  0.000000E+000  8.892079E-002 -1.791455E-001  9.999946E-001 -3.291051E-003  0.000000E+000  2.947884E-003  8.957224E-001 -4.446040E-001  1.463214E-003  4.446015E-001  8.957273E-001
  3.680000E+000  0.000000E+000  1.029492E-001 -1.714685E-001  9.999968E-001 -2.517924E-003  0.000000E+000  2.158724E-003  8.573399E-001 -5.147462E-001  1.296092E-003  5.147445E-001  8.573426E-001
  3.700000E+000  0.000000E+000  1.147353E-001 -1.638164E-001  9.999985E-001 -1.730322E-003  0.000000E+000  1.417276E-003  8.190809E-001 -5.736763E-001  9.926448E-004  5.736754E-001  8.190821E-001
  3.720000E+000  0.000000E+000  1.242671E-001 -1.567089E-001  9.999996E-001 -9.352031E-004  0.000000E+000  7.327734E-004  7.835443E-001 -6.213354E-001  5.810749E-004  6.213352E-001  7.835447E-001
  3.740000E+000  0.000000E+000  1.316042E-001 -1.505999E-001  1.000000E+000 -1.372021E-004  0.000000E+000  1.033132E-004  7.529997E-001 -6.580208E-001  9.028187E-005  6.580208E-001  7.529997E-001
  3.760000E+000  0.000000E+000  1.368417E-001 -1.458573E-001  9.999998E-001  6.611771E-004  0.000000E+000 -4.821875E-004  7.292863E-001 -6.842085E-001 -4.523830E-004  6.842084E-001  7.292864E-001
  3.780000E+000  0.000000E+000  1.400777E-001 -1.427523E-001  9.999989E-001  1.459084E-003  0.000000E+000 -1.041438E-003  7.137608E-001 -7.003887E-001 -1.021926E-003  7.003880E-001  7.137616E-001
  3.800000E+000  0.000000E+000  1.413868E-001 -1.414559E-001  9.999975E-001  2.256638E-003  0.000000E+000 -1.596074E-003  7.072779E-001 -7.069338E-001 -1.595293E-003  7.069320E-001  7.072797E-001
  3.820000E+000  0.000000E+000  1.408021E-001 -1.420379E-001  9.999953E-001  3.054117E-003  0.000000E+000 -2.169002E-003  7.101863E-001 -7.040105E-001 -2.150130E-003  7.040072E-001  7.101896E-001
  3.840000E+000  0.000000E+000  1.383086E-001 -1.444671E-001  9.999926E-001  3.851112E-003  0.000000E+000 -2.781794E-003  7.223299E-001 -6.915430E-001 -2.663209E-003  6.915379E-001  7.223353E-001
  3.860000E+000  0.000000E+000  1.338460E-001 -1.486111E-001  9.999892E-001  4.645702E-003  0.000000E+000 -3.452013E-003  7.430473E-001 -6.692300E-001 -3.109043E-003  6.692228E-001  7.430553E-001
  3.880000E+000  0.000000E+000  1.273226E-001 -1.542367E-001  9.999852E-001  5.433751E-003  0.000000E+000 -4.190419E-003  7.711722E-001 -6.366129E-001 -3.459195E-003  6.366035E-001  7.711836E-001
  3.900000E+000  0.000000E+000  1.186384E-001 -1.610122E-001  9.999807E-001  6.208395E-003  0.000000E+000 -4.998137E-003  8.050455E-001 -5.931920E-001 -3.682770E-003  5.931805E-001  8.050610E-001
  3.920000E+000  0.000000E+000  1.077162E-001 -1.685147E-001  9.999758E-001  6.959828E-003  0.000000E+000 -5.864168E-003  8.425532E-001 -5.385812E-001 -3.748433E-003  5.385681E-001  8.425736E-001
  3.940000E+000  0.000000E+000  9.453655E-002 -1.762465E-001  9.999705E-001  7.675459E-003  0.000000E+000 -6.763865E-003  8.812067E-001 -4.726828E-001 -3.628057E-003  4.726688E-001  8.812327E-001
  3.960000E+000  0.000000E+000  7.917179E-002 -1.836623E-001  9.999652E-001  8.340506E-003  0.000000E+000 -7.659181E-003  9.182794E-001 -3.958589E-001 -3.301664E-003  3.958452E-001  9.183113E-001
  3.980000E+000  0.000000E+000  6.181358E-002 -1.902080E-001  9.999600E-001  8.939034E-003  0.000000E+000 -8.501379E-003  9.510020E-001 -3.090679E-001 -2.762769E-003  3.090556E-001  9.510400E-001
