% FILE: stabilize/Data.4
%
%       t         P_No_Co[1]     P_No_Co[2]     P_No_Co[3]      N_C[1,1]       N_C[1,2]       N_C[1,3]       N_C[2,1]       N_C[2,2]       N_C[2,3]       N_C[3,1]       N_C[3,2]       N_C[3,3]
%   (second)        (meter)        (meter)        (meter)       (NoUnits)      (NoUnits)      (NoUnits)      (NoUnits)      (NoUnits)      (NoUnits)      (NoUnits)      (NoUnits)      (NoUnits)

  0.000000E+000 -3.464102E+000 -3.600000E+001  3.600000E+001  4.330127E-001 -8.993027E-001  6.127498E-002  7.500000E-001  3.217472E-001 -5.779089E-001  5.000000E-001  2.961981E-001  8.137977E-001
  5.000000E-002 -3.511902E+000 -3.592413E+001  3.595627E+001  4.402365E-001 -8.959932E-001  5.820586E-002  7.466571E-001  3.293152E-001 -5.779746E-001  4.986932E-001  2.979053E-001  8.139763E-001
  1.000000E-001 -3.595629E+000 -3.579141E+001  3.589668E+001  4.528415E-001 -8.900014E-001  5.321728E-002  7.407312E-001  3.423278E-001 -5.780390E-001  4.962377E-001  3.011797E-001  8.142720E-001
  1.500000E-001 -3.689678E+000 -3.564222E+001  3.585173E+001  4.669402E-001 -8.829793E-001  4.810818E-002  7.339480E-001  3.566350E-001 -5.780414E-001  4.932415E-001  3.052197E-001  8.145881E-001
  2.000000E-001 -3.790383E+000 -3.548193E+001  3.582550E+001  4.819792E-001 -8.751209E-001  4.312131E-002  7.265139E-001  3.716534E-001 -5.779717E-001  4.897690E-001  3.098986E-001  8.149167E-001
  2.500000E-001 -3.897032E+000 -3.531102E+001  3.581842E+001  4.978570E-001 -8.664136E-001  3.828671E-002  7.184223E-001  3.872845E-001 -5.778235E-001  4.858063E-001  3.151795E-001  8.152632E-001
  3.000000E-001 -4.009284E+000 -3.512928E+001  3.583043E+001  5.145302E-001 -8.568135E-001  3.360544E-002  7.096353E-001  4.034934E-001 -5.775906E-001  4.813278E-001  3.210354E-001  8.156346E-001
  3.500000E-001 -4.126816E+000 -3.493634E+001  3.586137E+001  5.319609E-001 -8.462696E-001  2.907478E-002  7.001082E-001  4.202517E-001 -5.772669E-001  4.763047E-001  3.274389E-001  8.160377E-001
  4.000000E-001 -4.249280E+000 -3.473175E+001  3.591106E+001  5.501089E-001 -8.347278E-001  2.469172E-002  6.897934E-001  4.375296E-001 -5.768474E-001  4.707072E-001  3.343610E-001  8.164787E-001
  4.500000E-001 -4.376295E+000 -3.451498E+001  3.597932E+001  5.689313E-001 -8.221307E-001  2.045342E-002  6.786407E-001  4.552950E-001 -5.763274E-001  4.645041E-001  3.417712E-001  8.169629E-001
  5.000000E-001 -4.507444E+000 -3.428545E+001  3.606597E+001  5.883818E-001 -8.084178E-001  1.635719E-002  6.665966E-001  4.735131E-001 -5.757033E-001  4.576634E-001  3.496370E-001  8.174951E-001
  5.500000E-001 -4.642276E+000 -3.404250E+001  3.617080E+001  6.084108E-001 -7.935254E-001  1.240044E-002  6.536048E-001  4.921459E-001 -5.749723E-001  4.501523E-001  3.579243E-001  8.180789E-001
  6.000000E-001 -4.780298E+000 -3.378543E+001  3.629356E+001  6.289643E-001 -7.773868E-001  8.580568E-003  6.396057E-001  5.111519E-001 -5.741327E-001  4.419373E-001  3.665972E-001  8.187173E-001
  6.500000E-001 -4.920966E+000 -3.351344E+001  3.643400E+001  6.499835E-001 -7.599325E-001  4.894918E-003  6.245366E-001  5.304850E-001 -5.731838E-001  4.329843E-001  3.756171E-001  8.194122E-001
  7.000000E-001 -5.063686E+000 -3.322570E+001  3.659180E+001  6.714040E-001 -7.410903E-001  1.340638E-003  6.083322E-001  5.500945E-001 -5.721259E-001  4.232595E-001  3.849432E-001  8.201647E-001
  7.500000E-001 -5.207800E+000 -3.292131E+001  3.676659E+001  6.931547E-001 -7.207858E-001 -2.085396E-003  5.909242E-001  5.699233E-001 -5.709607E-001  4.127288E-001  3.945318E-001  8.209748E-001
  8.000000E-001 -5.352575E+000 -3.259929E+001  3.695792E+001  7.151568E-001 -6.989433E-001 -5.386712E-003  5.722425E-001  5.899076E-001 -5.696907E-001  4.013592E-001  4.043357E-001  8.218415E-001
  8.500000E-001 -5.497200E+000 -3.225862E+001  3.716527E+001  7.373228E-001 -6.754863E-001 -8.567381E-003  5.522156E-001  6.099756E-001 -5.683201E-001  3.891183E-001  4.143043E-001  8.227629E-001
  9.000000E-001 -5.640767E+000 -3.189823E+001  3.738803E+001  7.595550E-001 -6.503390E-001 -1.163219E-002  5.307712E-001  6.300463E-001 -5.668541E-001  3.759761E-001  4.243828E-001  8.237361E-001
  9.500000E-001 -5.782265E+000 -3.151699E+001  3.762546E+001  7.817450E-001 -6.234276E-001 -1.458687E-002  5.078381E-001  6.500288E-001 -5.652991E-001  3.619049E-001  4.345120E-001  8.247570E-001
  1.000000E+000 -5.920568E+000 -3.111374E+001  3.787669E+001  8.037719E-001 -5.946820E-001 -1.743833E-002  4.833471E-001  6.698204E-001 -5.636632E-001  3.468809E-001  4.446278E-001  8.258206E-001
  1.050000E+000 -6.054422E+000 -3.068729E+001  3.814070E+001  8.255012E-001 -5.640390E-001 -2.019495E-002  4.572339E-001  6.893065E-001 -5.619553E-001  3.308852E-001  4.546609E-001  8.269211E-001
  1.100000E+000 -6.182438E+000 -3.023644E+001  3.841629E+001  8.467843E-001 -5.314446E-001 -2.286696E-002  4.294409E-001  7.083590E-001 -5.601857E-001  3.139057E-001  4.645365E-001  8.280514E-001
  1.150000E+000 -6.303084E+000 -2.976003E+001  3.870209E+001  8.674578E-001 -4.968586E-001 -2.546679E-002  3.999214E-001  7.268359E-001 -5.583659E-001  2.959391E-001  4.741741E-001  8.292038E-001
  1.200000E+000 -6.414682E+000 -2.925693E+001  3.899647E+001  8.873429E-001 -4.602586E-001 -2.800950E-002  3.686428E-001  7.445815E-001 -5.565078E-001  2.769929E-001  4.834878E-001  8.303701E-001
  1.250000E+000 -6.515414E+000 -2.872614E+001  3.929758E+001  9.062470E-001 -4.216460E-001 -3.051325E-002  3.355918E-001  7.614265E-001 -5.546240E-001  2.570886E-001  4.923864E-001  8.315414E-001
  1.300000E+000 -6.603338E+000 -2.816678E+001  3.960334E+001  9.239647E-001 -3.810516E-001 -3.299970E-002  3.007796E-001  7.771901E-001 -5.527270E-001  2.362646E-001  5.007746E-001  8.327088E-001
  1.350000E+000 -6.676410E+000 -2.757820E+001  3.991136E+001  9.402813E-001 -3.385428E-001 -3.549440E-002  2.642476E-001  7.916826E-001 -5.508283E-001  2.145792E-001  5.085543E-001  8.338635E-001
  1.400000E+000 -6.732532E+000 -2.696004E+001  4.021904E+001  9.549780E-001 -2.942294E-001 -3.802704E-002  2.260731E-001  8.047099E-001 -5.489380E-001  1.921144E-001  5.156268E-001  8.349976E-001
  1.450000E+000 -6.769611E+000 -2.631230E+001  4.052352E+001  9.678383E-001 -2.482703E-001 -4.063153E-002  1.863745E-001  8.160798E-001 -5.470634E-001  1.689782E-001  5.218962E-001  8.361045E-001
  1.500000E+000 -6.785641E+000 -2.563539E+001  4.082177E+001  9.786571E-001 -2.008767E-001 -4.334580E-002  1.453148E-001  8.256100E-001 -5.452080E-001  1.453063E-001  5.272728E-001  8.371794E-001
  1.550000E+000 -6.778797E+000 -2.493025E+001  4.111064E+001  9.872512E-001 -1.523139E-001 -4.621121E-002  1.031031E-001  8.331378E-001 -5.433702E-001  1.212631E-001  5.316784E-001  8.382203E-001
  1.600000E+000 -6.747541E+000 -2.419828E+001  4.138698E+001  9.934708E-001 -1.028983E-001 -4.927165E-002  5.999233E-002  8.385300E-001 -5.415425E-001  9.703957E-002  5.350508E-001  8.392282E-001
  1.650000E+000 -6.690729E+000 -2.344147E+001  4.164772E+001  9.972102E-001 -5.299050E-002 -5.257210E-002  1.627345E-002  8.416935E-001 -5.397103E-001  7.284912E-002  5.373491E-001  8.402077E-001
  1.700000E+000 -6.607700E+000 -2.266222E+001  4.189004E+001  9.984175E-001 -2.982884E-003 -5.615699E-002 -2.773469E-002  8.425832E-001 -5.378515E-001  4.892129E-002  5.385579E-001  8.411671E-001
  1.750000E+000 -6.498337E+000 -2.186337E+001  4.211146E+001  9.971005E-001  4.671587E-002 -6.006821E-002 -7.169843E-002  8.412080E-001 -5.359370E-001  2.549310E-002  5.386898E-001  8.421184E-001
  1.800000E+000 -6.363089E+000 -2.104802E+001  4.230998E+001  9.933286E-001  9.569887E-002 -6.434321E-002 -1.152844E-001  8.376321E-001 -5.339307E-001  2.799371E-003  5.377864E-001  8.430765E-001
  1.850000E+000 -6.202956E+000 -2.021939E+001  4.248411E+001  9.872296E-001  1.435789E-001 -6.901323E-002 -1.581744E-001  8.319727E-001 -5.317916E-001 -1.893696E-002  5.359166E-001  8.440585E-001
  1.900000E+000 -6.019423E+000 -1.938072E+001  4.263292E+001  9.789828E-001  1.900044E-001 -7.410191E-002 -2.000786E-001  8.243936E-001 -5.294750E-001 -3.951340E-002  5.331731E-001  8.450829E-001
  1.950000E+000 -5.814373E+000 -1.853511E+001  4.275605E+001  9.688084E-001  2.346707E-001 -7.962439E-002 -2.407453E-001  8.150963E-001 -5.269343E-001 -5.875446E-002  5.296675E-001  8.461680E-001
  2.000000E+000 -5.589979E+000 -1.768543E+001  4.285364E+001  9.569557E-001  2.773278E-001 -8.558692E-002 -2.799664E-001  8.043093E-001 -5.241235E-001 -7.651566E-002  5.255244E-001  8.473308E-001
  2.050000E+000 -5.348596E+000 -1.683425E+001  4.292628E+001  9.436910E-001  3.177825E-001 -9.198694E-002 -3.175795E-001  7.922773E-001 -5.209989E-001 -9.268515E-002  5.208752E-001  8.485862E-001
  2.100000E+000 -5.092659E+000 -1.598382E+001  4.297490E+001  9.292865E-001  3.558966E-001 -9.881358E-002 -3.534661E-001  7.792523E-001 -5.175207E-001 -1.071831E-001  5.158522E-001  8.499460E-001
  2.150000E+000 -4.824599E+000 -1.513605E+001  4.300074E+001  9.140113E-001  3.915828E-001 -1.060484E-001 -3.875474E-001  7.654844E-001 -5.136542E-001 -1.199597E-001  5.105845E-001  8.514183E-001
  2.200000E+000 -4.546774E+000 -1.429254E+001  4.300522E+001  8.981239E-001  4.247980E-001 -1.136664E-001 -4.197791E-001  7.512166E-001 -5.093713E-001 -1.309918E-001  5.051933E-001  8.530069E-001
  2.250000E+000 -4.261425E+000 -1.345460E+001  4.298991E+001  8.818679E-001  4.555366E-001 -1.216368E-001 -4.501452E-001  7.366796E-001 -5.046508E-001 -1.402795E-001  4.997896E-001  8.547117E-001
  2.300000E+000 -3.970643E+000 -1.262327E+001  4.295643E+001  8.654681E-001  4.838229E-001 -1.299244E-001 -4.786519E-001  7.220893E-001 -4.994792E-001 -1.478424E-001  4.944718E-001  8.565280E-001
  2.350000E+000 -3.676354E+000 -1.179941E+001  4.290648E+001  8.491297E-001  5.097050E-001 -1.384903E-001 -5.053218E-001  7.076451E-001 -4.938506E-001 -1.537161E-001  4.893253E-001  8.584475E-001
  2.400000E+000 -3.380312E+000 -1.098366E+001  4.284170E+001  8.330374E-001  5.332481E-001 -1.472926E-001 -5.301893E-001  6.935291E-001 -4.877671E-001 -1.579492E-001  4.844212E-001  8.604581E-001
  2.450000E+000 -3.084100E+000 -1.017656E+001  4.276376E+001  8.173561E-001  5.545298E-001 -1.562874E-001 -5.532961E-001  6.799065E-001 -4.812386E-001 -1.606003E-001  4.798165E-001  8.625449E-001
  2.500000E+000 -2.789141E+000 -9.378524E+000  4.267424E+001  8.022314E-001  5.736356E-001 -1.654296E-001 -5.746879E-001  6.669256E-001 -4.742826E-001 -1.617362E-001  4.755548E-001  8.646901E-001
  2.550000E+000 -2.496704E+000 -8.589887E+000  4.257470E+001  7.877917E-001  5.906553E-001 -1.746729E-001 -5.944113E-001  6.547192E-001 -4.669239E-001 -1.614293E-001  4.716663E-001  8.668745E-001
  2.600000E+000 -2.207919E+000 -7.810928E+000  4.246660E+001  7.741490E-001  6.056800E-001 -1.839706E-001 -6.125121E-001  6.434048E-001 -4.591940E-001 -1.597571E-001  4.681688E-001  8.690775E-001
  2.650000E+000 -1.923788E+000 -7.041881E+000  4.235138E+001  7.614007E-001  6.188000E-001 -1.932758E-001 -6.290332E-001  6.330859E-001 -4.511313E-001 -1.567999E-001  4.650686E-001  8.712778E-001
  2.700000E+000 -1.645201E+000 -6.282960E+000  4.223037E+001  7.496313E-001  6.301030E-001 -2.025417E-001 -6.440138E-001  6.238528E-001 -4.427798E-001 -1.526407E-001  4.623613E-001  8.734546E-001
  2.750000E+000 -1.372944E+000 -5.534365E+000  4.210485E+001  7.389136E-001  6.396723E-001 -2.117216E-001 -6.574880E-001  6.157835E-001 -4.341891E-001 -1.473640E-001  4.600326E-001  8.755877E-001
  2.800000E+000 -1.107711E+000 -4.796296E+000  4.197603E+001  7.293104E-001  6.475859E-001 -2.207688E-001 -6.694846E-001  6.089448E-001 -4.254135E-001 -1.410558E-001  4.580598E-001  8.776585E-001
  2.850000E+000 -8.501174E-001 -4.068957E+000  4.184504E+001  7.208752E-001  6.539157E-001 -2.296371E-001 -6.800264E-001  6.033922E-001 -4.165117E-001 -1.338023E-001  4.564123E-001  8.796504E-001
  2.900000E+000 -6.007056E-001 -3.352567E+000  4.171297E+001  7.136538E-001  6.587267E-001 -2.382802E-001 -6.891300E-001  5.991713E-001 -4.075458E-001 -1.256906E-001  4.550527E-001  8.815492E-001
  2.950000E+000 -3.599531E-001 -2.647366E+000  4.158081E+001  7.076848E-001  6.620763E-001 -2.466519E-001 -6.968057E-001  5.963180E-001 -3.985809E-001 -1.168080E-001  4.539381E-001  8.833437E-001
  3.000000E+000 -1.282791E-001 -1.953617E+000  4.144951E+001  7.030007E-001  6.640143E-001 -2.547056E-001 -7.030570E-001  5.948590E-001 -3.896840E-001 -1.072419E-001  4.530207E-001  8.850262E-001
  3.050000E+000  9.395080E-002 -1.271613E+000  4.131995E+001  6.996284E-001  6.645820E-001 -2.623945E-001 -7.078810E-001  5.948121E-001 -3.809239E-001 -9.707979E-002  4.522493E-001  8.865924E-001
  3.100000E+000  3.064206E-001 -6.016818E-001  4.119296E+001  6.975896E-001  6.638120E-001 -2.696709E-001 -7.112680E-001  5.961866E-001 -3.723700E-001 -8.640954E-002  4.515697E-001  8.880418E-001
  3.150000E+000  5.088614E-001  5.580835E-002  4.106930E+001  6.969012E-001  6.617281E-001 -2.764862E-001 -7.132011E-001  5.989836E-001 -3.640918E-001 -7.531907E-002  4.509263E-001  8.893776E-001
  3.200000E+000  7.010496E-001  7.004456E-001  4.094966E+001  6.975755E-001  6.583449E-001 -2.827906E-001 -7.136566E-001  6.031962E-001 -3.561582E-001 -6.389668E-002  4.502626E-001  8.906070E-001
  3.250000E+000  8.828066E-001  1.331767E+000  4.083469E+001  6.996203E-001  6.536671E-001 -2.885322E-001 -7.126032E-001  6.088095E-001 -3.486367E-001 -5.223117E-002  4.495223E-001  8.917408E-001
  3.300000E+000  1.054000E+000  1.949254E+000  4.072498E+001  7.030388E-001  6.476896E-001 -2.936573E-001 -7.100024E-001  6.158009E-001 -3.415933E-001 -4.041202E-002  4.486507E-001  8.927931E-001
  3.350000E+000  1.214545E+000  2.552323E+000  4.062104E+001  7.078292E-001  6.403973E-001 -2.981091E-001 -7.058072E-001  6.241395E-001 -3.350910E-001 -2.852969E-002  4.475948E-001  8.937813E-001
  3.400000E+000  1.364409E+000  3.140325E+000  4.052335E+001  7.139843E-001  6.317644E-001 -3.018281E-001 -6.999631E-001  6.337867E-001 -3.291901E-001 -1.667589E-002  4.463051E-001  8.947255E-001
  3.450000E+000  1.503618E+000  3.712533E+000  4.043230E+001  7.214905E-001  6.217542E-001 -3.047510E-001 -6.924067E-001  6.446949E-001 -3.239469E-001 -4.943938E-003  4.447362E-001  8.956480E-001
  3.500000E+000  1.632264E+000  4.268140E+000  4.034822E+001  7.303272E-001  6.103194E-001 -3.068100E-001 -6.830658E-001  6.568075E-001 -3.194134E-001  6.570925E-003  4.428478E-001  8.965727E-001
  3.550000E+000  1.750511E+000  4.806247E+000  4.027136E+001  7.404654E-001  5.974013E-001 -3.079330E-001 -6.718595E-001  6.700583E-001 -3.156370E-001  1.777113E-002  4.406060E-001  8.975247E-001
  3.600000E+000  1.858610E+000  5.325862E+000  4.020190E+001  7.518659E-001  5.829303E-001 -3.080421E-001 -6.586973E-001  6.843699E-001 -3.126589E-001  2.855641E-002  4.379841E-001  8.985290E-001
  3.650000E+000  1.956910E+000  5.825891E+000  4.013991E+001  7.644782E-001  5.668256E-001 -3.070535E-001 -6.434795E-001  6.996534E-001 -3.105145E-001  3.882346E-002  4.349642E-001  8.996104E-001
  3.700000E+000  2.045874E+000  6.305131E+000  4.008535E+001  7.782377E-001  5.489959E-001 -3.048765E-001 -6.260968E-001  7.158062E-001 -3.092317E-001  4.846555E-002  4.315379E-001  9.007919E-001
  3.750000E+000  2.126094E+000  6.762266E+000  4.003806E+001  7.930633E-001  5.293399E-001 -3.014131E-001 -6.064313E-001  7.327106E-001 -3.088304E-001  5.737232E-002  4.277084E-001  9.020942E-001
  3.800000E+000  2.198316E+000  7.195869E+000  3.999773E+001  8.088548E-001  5.077476E-001 -2.965574E-001 -5.843568E-001  7.502316E-001 -3.093212E-001  6.542962E-002  4.234912E-001  9.035343E-001
  3.850000E+000  2.263463E+000  7.604398E+000  3.996385E+001  8.254885E-001  4.841028E-001 -2.901951E-001 -5.597407E-001  7.682145E-001 -3.107038E-001  7.251954E-002  4.189165E-001  9.051243E-001
  3.900000E+000  2.322657E+000  7.986210E+000  3.993573E+001  8.428140E-001  4.582854E-001 -2.822039E-001 -5.324463E-001  7.864818E-001 -3.129655E-001  7.852073E-002  4.140301E-001  9.068702E-001
  3.950000E+000  2.377253E+000  8.339579E+000  3.991238E+001  8.606491E-001  4.301769E-001 -2.724535E-001 -5.023372E-001  8.048303E-001 -3.160783E-001  8.330922E-002  4.088961E-001  9.087704E-001
  4.000000E+000  2.428862E+000  8.662726E+000  3.989255E+001  8.787754E-001  3.996666E-001 -2.608074E-001 -4.692831E-001  8.230282E-001 -3.199969E-001  8.675975E-002  4.035979E-001  9.108136E-001
  4.050000E+000  2.479387E+000  8.953877E+000  3.987459E+001  8.969327E-001  3.666612E-001 -2.471259E-001 -4.331691E-001  8.408116E-001 -3.246544E-001  8.874815E-002  3.982404E-001  9.129777E-001
  4.100000E+000  2.531030E+000  9.211346E+000  3.985647E+001  9.148158E-001  3.310978E-001 -2.312709E-001 -3.939079E-001  8.578833E-001 -3.299589E-001  8.915480E-002  3.929510E-001  9.152272E-001
  4.150000E+000  2.586307E+000  9.433657E+000  3.983569E+001  9.320713E-001  2.929603E-001 -2.131136E-001 -3.514570E-001  8.739128E-001 -3.357891E-001  8.786978E-002  3.878797E-001  9.175120E-001
  4.200000E+000  2.648016E+000  9.619706E+000  3.980926E+001  9.482987E-001  2.523008E-001 -1.925455E-001 -3.058406E-001  8.885403E-001 -3.419907E-001  8.479989E-002  3.831976E-001  9.197655E-001
  4.250000E+000  2.719168E+000  9.768980E+000  3.977375E+001  9.630580E-001  2.092633E-001 -1.694938E-001 -2.571747E-001  9.013862E-001 -3.483734E-001  7.987767E-002  3.790933E-001  9.219045E-001
  4.300000E+000  2.802859E+000  9.881795E+000  3.972533E+001  9.758843E-001  1.641076E-001 -1.439395E-001 -2.056949E-001  9.120688E-001 -3.547113E-001  7.307193E-002  3.757648E-001  9.238297E-001
  4.350000E+000  2.902066E+000  9.959546E+000  3.965999E+001  9.863144E-001  1.172287E-001 -1.159369E-001 -1.517787E-001  9.202303E-001 -3.607484E-001  6.439855E-002  3.734081E-001  9.254292E-001
  4.400000E+000  3.019378E+000  1.000488E+001  3.957385E+001  9.939236E-001  6.916214E-002 -8.563023E-002 -9.595619E-002  9.255718E-001 -3.662093E-001  5.392911E-002  3.722008E-001  9.265842E-001
  4.450000E+000  3.156699E+000  1.002175E+001  3.946348E+001  9.983687E-001  2.056861E-002 -5.326201E-002 -3.889938E-002  9.278906E-001 -3.708178E-001  4.179412E-002  3.722847E-001  9.271771E-001
  4.500000E+000  3.314986E+000  1.001521E+001  3.932638E+001  9.994296E-001 -2.780624E-002 -1.916692E-002  1.861561E-002  9.271131E-001 -3.743192E-001  2.817831E-002  3.737488E-001  9.271018E-001
  4.550000E+000  3.494099E+000  9.991113E+000  3.916125E+001  9.970365E-001 -7.519360E-002  1.624966E-002  7.576971E-002  9.233116E-001 -3.765033E-001  1.330713E-002  3.766187E-001  9.262728E-001
  4.600000E+000  3.692820E+000  9.955496E+000  3.896817E+001  9.912766E-001 -1.208709E-001  5.254529E-002  1.317732E-001  9.167005E-001 -3.772214E-001 -2.573185E-003  3.808548E-001  9.246313E-001
  4.650000E+000  3.909029E+000  9.914119E+000  3.874852E+001  9.823749E-001 -1.642226E-001  8.927776E-002  1.859308E-001  9.076107E-001 -3.763941E-001 -1.921705E-002  3.863596E-001  9.221480E-001
  4.700000E+000  4.139993E+000  9.872011E+000  3.850478E+001  9.706599E-001 -2.047777E-001  1.260372E-001  2.376857E-001  8.964504E-001 -3.740084E-001 -3.639747E-002  3.929922E-001  9.188212E-001
  4.750000E+000  4.382676E+000  9.833246E+000  3.824014E+001  9.565212E-001 -2.422224E-001  1.624667E-001  2.866357E-001  8.836630E-001 -3.701076E-001 -5.391749E-002  4.005845E-001  9.146720E-001
  4.800000E+000  4.634006E+000  9.800877E+000  3.795818E+001  9.403707E-001 -2.763895E-001  1.982718E-001  3.325270E-001  8.696913E-001 -3.647777E-001 -7.161458E-002  4.089570E-001  9.097393E-001
  4.850000E+000  4.891073E+000  9.777019E+000  3.766258E+001  9.226133E-001 -3.072354E-001  2.332192E-001  3.752327E-001  8.549507E-001 -3.581335E-001 -8.935962E-002  4.179302E-001  9.040737E-001
  4.900000E+000  5.151242E+000  9.762990E+000  3.735691E+001  9.036272E-001 -3.348122E-001  2.671303E-001  4.147259E-001  8.398138E-001 -3.503073E-001 -1.070526E-001  4.273330E-001  8.977339E-001
  4.950000E+000  5.412199E+000  9.759483E+000  3.704449E+001  8.837545E-001 -3.592411E-001  2.998728E-001  4.510527E-001  8.246032E-001 -3.414396E-001 -1.246170E-001  4.370073E-001  8.907835E-001
  5.000000E+000  5.671956E+000  9.766723E+000  3.672834E+001  8.632973E-001 -3.806892E-001  3.313511E-001  4.843094E-001  8.095904E-001 -3.316741E-001 -1.419939E-001  4.468098E-001  8.832886E-001
  5.050000E+000  5.928829E+000  9.784599E+000  3.641110E+001  8.425184E-001 -3.993517E-001  3.614982E-001  5.146241E-001  7.949985E-001 -3.211533E-001 -1.591374E-001  4.566132E-001  8.753169E-001
  5.100000E+000  6.181400E+000  9.812775E+000  3.609509E+001  8.216453E-001 -4.154383E-001  3.902691E-001  5.421434E-001  7.810060E-001 -3.100163E-001 -1.760099E-001  4.663053E-001  8.669371E-001
  5.150000E+000  6.428476E+000  9.850765E+000  3.578231E+001  8.008739E-001 -4.291639E-001  4.176355E-001  5.670224E-001  7.677526E-001 -2.983983E-001 -1.925790E-001  4.757881E-001  8.582185E-001
  5.200000E+000  6.669047E+000  9.897993E+000  3.547445E+001  7.803731E-001 -4.407417E-001  4.435815E-001  5.894184E-001  7.553438E-001 -2.864293E-001 -2.088152E-001  4.849768E-001  8.492312E-001
  5.250000E+000  6.902255E+000  9.953835E+000  3.517294E+001  7.602893E-001 -4.503791E-001  4.681013E-001  6.094870E-001  7.438556E-001 -2.742343E-001 -2.246903E-001  4.937991E-001  8.400457E-001
  5.300000E+000  7.127355E+000  1.001764E+001  3.487896E+001  7.407503E-001 -4.582745E-001  4.911959E-001  6.273790E-001  7.333394E-001 -2.619331E-001 -2.401760E-001  5.021931E-001  8.307332E-001
  5.350000E+000  7.343695E+000  1.008877E+001  3.459346E+001  7.218684E-001 -4.646157E-001  5.128725E-001  6.432393E-001  7.238252E-001 -2.496402E-001 -2.552433E-001  5.101072E-001  8.213657E-001
  5.400000E+000  7.550692E+000  1.016658E+001  3.431725E+001  7.037432E-001 -4.695790E-001  5.331426E-001  6.572061E-001  7.153256E-001 -2.374646E-001 -2.698622E-001  5.174987E-001  8.120157E-001
  5.450000E+000  7.747815E+000  1.025044E+001  3.405093E+001  6.864637E-001 -4.733287E-001  5.520213E-001  6.694106E-001  7.078382E-001 -2.255095E-001 -2.840016E-001  5.243330E-001  8.027565E-001
  5.500000E+000  7.934577E+000  1.033975E+001  3.379497E+001  6.701104E-001 -4.760168E-001  5.695262E-001  6.799770E-001  7.013486E-001 -2.138725E-001 -2.976295E-001  5.305829E-001  7.936614E-001
  5.550000E+000  8.110522E+000  1.043392E+001  3.354974E+001  6.547559E-001 -4.777833E-001  5.856773E-001  6.890225E-001  6.958327E-001 -2.026446E-001 -3.107132E-001  5.362276E-001  7.848040E-001
  5.600000E+000  8.275223E+000  1.053242E+001  3.331549E+001  6.404664E-001 -4.787565E-001  6.004957E-001  6.966578E-001  6.912585E-001 -1.919104E-001 -3.232194E-001  5.412522E-001  7.762573E-001
  5.650000E+000  8.428276E+000  1.063469E+001  3.309238E+001  6.273020E-001 -4.790531E-001  6.140035E-001  7.029867E-001  6.875882E-001 -1.817476E-001 -3.351148E-001  5.456469E-001  7.680934E-001
  5.700000E+000  8.569303E+000  1.074024E+001  3.288050E+001  6.153173E-001 -4.787788E-001  6.262231E-001  7.081065E-001  6.847796E-001 -1.722265E-001 -3.463664E-001  5.494067E-001  7.603832E-001
  5.750000E+000  8.697953E+000  1.084860E+001  3.267987E+001  6.045614E-001 -4.780286E-001  6.371767E-001  7.121081E-001  6.827878E-001 -1.634099E-001 -3.569418E-001  5.525300E-001  7.531953E-001
  5.800000E+000  8.813899E+000  1.095932E+001  3.249049E+001  5.950780E-001 -4.768873E-001  6.468853E-001  7.150755E-001  6.815663E-001 -1.553528E-001 -3.668095E-001  5.550189E-001  7.465955E-001
  5.850000E+000  8.916850E+000  1.107197E+001  3.231229E+001  5.869054E-001 -4.754296E-001  6.553691E-001  7.170858E-001  6.810681E-001 -1.481022E-001 -3.759388E-001  5.568779E-001  7.406464E-001
  5.900000E+000  9.006546E+000  1.118618E+001  3.214518E+001  5.800763E-001 -4.737211E-001  6.626461E-001  7.182092E-001  6.812469E-001 -1.416972E-001 -3.843007E-001  5.581137E-001  7.354060E-001
  5.950000E+000  9.082767E+000  1.130160E+001  3.198903E+001  5.746175E-001 -4.718179E-001  6.687321E-001  7.185088E-001  6.820581E-001 -1.361688E-001 -3.918672E-001  5.587348E-001  7.309278E-001
  6.000000E+000  9.145338E+000  1.141790E+001  3.184371E+001  5.705499E-001 -4.697676E-001  6.736402E-001  7.180398E-001  6.834588E-001 -1.315401E-001 -3.986121E-001  5.587507E-001  7.272593E-001
  6.050000E+000  9.194131E+000  1.153481E+001  3.170907E+001  5.678880E-001 -4.676092E-001  6.773808E-001  7.168503E-001  6.854094E-001 -1.278260E-001 -4.045106E-001  5.581716E-001  7.244417E-001
  6.100000E+000  9.229070E+000  1.165206E+001  3.158493E+001  5.666394E-001 -4.653736E-001  6.799612E-001  7.149804E-001  6.878732E-001 -1.250337E-001 -4.095397E-001  5.570079E-001  7.225091E-001
  6.150000E+000  9.250141E+000  1.176945E+001  3.147112E+001  5.668045E-001 -4.630836E-001  6.813855E-001  7.124625E-001  6.908171E-001 -1.231621E-001 -4.136784E-001  5.552705E-001  7.214880E-001
  6.200000E+000  9.257384E+000  1.188679E+001  3.136744E+001  5.683762E-001 -4.607545E-001  6.816551E-001  7.093212E-001  6.942118E-001 -1.222026E-001 -4.169076E-001  5.529695E-001  7.213964E-001
  6.250000E+000  9.250901E+000  1.200394E+001  3.127369E+001  5.713409E-001 -4.583937E-001  6.807678E-001  7.055726E-001  6.980324E-001 -1.221398E-001 -4.192098E-001  5.501146E-001  7.222445E-001
  6.300000E+000  9.230849E+000  1.212082E+001  3.118968E+001  5.756787E-001 -4.560008E-001  6.787175E-001  7.012245E-001  7.022585E-001 -1.229519E-001 -4.205690E-001  5.467141E-001  7.240341E-001
  6.350000E+000  9.197446E+000  1.223735E+001  3.111519E+001  5.813632E-001 -4.535679E-001  6.754947E-001  6.962765E-001  7.068742E-001 -1.246110E-001 -4.209702E-001  5.427753E-001  7.267593E-001
  6.400000E+000  9.150980E+000  1.235352E+001  3.105003E+001  5.883611E-001 -4.510798E-001  6.710873E-001  6.907204E-001  7.118674E-001 -1.270832E-001 -4.204005E-001  5.383045E-001  7.304051E-001
  6.450000E+000  9.091815E+000  1.246933E+001  3.099395E+001  5.966312E-001 -4.485141E-001  6.654820E-001  6.845410E-001  7.172296E-001 -1.303280E-001 -4.188494E-001  5.333074E-001  7.349479E-001
  6.500000E+000  9.020401E+000  1.258482E+001  3.094672E+001  6.061235E-001 -4.458412E-001  6.586653E-001  6.777171E-001  7.229548E-001 -1.342976E-001 -4.163098E-001  5.277896E-001  7.403541E-001
  6.550000E+000  8.937286E+000  1.270005E+001  3.090803E+001  6.167784E-001 -4.430243E-001  6.506258E-001  6.702220E-001  7.290397E-001 -1.389372E-001 -4.127795E-001  5.217572E-001  7.465805E-001
  6.600000E+000  8.843108E+000  1.281520E+001  3.087755E+001  6.285273E-001 -4.400185E-001  6.413557E-001  6.620238E-001  7.354829E-001 -1.441853E-001 -4.082620E-001  5.152171E-001  7.535738E-001
  6.650000E+000  8.738558E+000  1.293055E+001  3.085491E+001  6.412965E-001 -4.367698E-001  6.308494E-001  6.530836E-001  7.422865E-001 -1.499753E-001 -4.027663E-001  5.081760E-001  7.612729E-001
  6.700000E+000  8.624307E+000  1.304655E+001  3.083971E+001  6.550123E-001 -4.332149E-001  6.190992E-001  6.433528E-001  7.494573E-001 -1.562398E-001 -3.963030E-001  5.006382E-001  7.696138E-001
  6.750000E+000  8.500968E+000  1.316373E+001  3.083157E+001  6.696041E-001 -4.292820E-001  6.060919E-001  6.327736E-001  7.570058E-001 -1.629106E-001 -3.888805E-001  4.926045E-001  7.785325E-001
  6.800000E+000  8.369108E+000  1.328263E+001  3.083014E+001  6.850021E-001 -4.248926E-001  5.918094E-001  6.212801E-001  7.649437E-001 -1.699183E-001 -3.805039E-001  4.840738E-001  7.879653E-001
  6.850000E+000  8.229284E+000  1.340376E+001  3.083505E+001  7.011347E-001 -4.199617E-001  5.762312E-001  6.088008E-001  7.732821E-001 -1.771902E-001 -3.711761E-001  4.750442E-001  7.978479E-001
  6.900000E+000  8.082062E+000  1.352756E+001  3.084591E+001  7.179260E-001 -4.143977E-001  5.593360E-001  5.952596E-001  7.820298E-001 -1.846492E-001 -3.608992E-001  4.655146E-001  8.081138E-001
  6.950000E+000  7.928029E+000  1.365448E+001  3.086231E+001  7.352952E-001 -4.081020E-001  5.411042E-001  5.805760E-001  7.911925E-001 -1.922134E-001 -3.496749E-001  4.554857E-001  8.186942E-001
  7.000000E+000  7.767797E+000  1.378492E+001  3.088376E+001  7.531553E-001 -4.009684E-001  5.215184E-001  5.646657E-001  8.007711E-001 -1.997957E-001 -3.375050E-001  4.449608E-001  8.295181E-001
  7.050000E+000  7.602011E+000  1.391924E+001  3.090971E+001  7.714128E-001 -3.928831E-001  5.005649E-001  5.474414E-001  8.107608E-001 -2.073038E-001 -3.243922E-001  4.339468E-001  8.405117E-001
  7.100000E+000  7.431354E+000  1.405776E+001  3.093954E+001  7.899662E-001 -3.837250E-001  4.782348E-001  5.288126E-001  8.211497E-001 -2.146402E-001 -3.103395E-001  4.224551E-001  8.515991E-001
  7.150000E+000  7.256549E+000  1.420077E+001  3.097251E+001  8.087059E-001 -3.733653E-001  4.545252E-001  5.086869E-001  8.319169E-001 -2.217022E-001 -2.953513E-001  4.105030E-001  8.627021E-001
  7.200000E+000  7.078373E+000  1.434849E+001  3.100780E+001  8.275122E-001 -3.616685E-001  4.294408E-001  4.869709E-001  8.430308E-001 -2.283822E-001 -2.794332E-001  3.981142E-001  8.737403E-001
  7.250000E+000  6.897660E+000  1.450106E+001  3.104442E+001  8.462547E-001 -3.484937E-001  4.029952E-001  4.635710E-001  8.544471E-001 -2.345679E-001 -2.625927E-001  3.853211E-001  8.846314E-001
  7.300000E+000  6.715313E+000  1.465852E+001  3.108128E+001  8.647901E-001 -3.336958E-001  3.752135E-001  4.383963E-001  8.661063E-001 -2.401427E-001 -2.448402E-001  3.721653E-001  8.952912E-001
  7.350000E+000  6.532321E+000  1.482077E+001  3.111711E+001  8.829612E-001 -3.171284E-001  3.461345E-001  4.113606E-001  8.779316E-001 -2.449868E-001 -2.261902E-001  3.587000E-001  9.056337E-001
  7.400000E+000  6.349764E+000  1.498756E+001  3.115048E+001  9.005948E-001 -2.986476E-001  3.158142E-001  3.823864E-001  8.898263E-001 -2.489777E-001 -2.066632E-001  3.449911E-001  9.155717E-001
  7.450000E+000  6.168834E+000  1.515839E+001  3.117980E+001  9.175006E-001 -2.781172E-001  2.843298E-001  3.514103E-001  9.016711E-001 -2.519923E-001 -1.862885E-001  3.311195E-001  9.250170E-001
  7.500000E+000  5.990835E+000  1.533251E+001  3.120330E+001  9.334706E-001 -2.554162E-001  2.517841E-001  3.183900E-001  9.133225E-001 -2.539090E-001 -1.651076E-001  3.171821E-001  9.338817E-001
  7.550000E+000  5.817195E+000  1.550879E+001  3.121913E+001  9.482792E-001 -2.304484E-001  2.183119E-001  2.833132E-001  9.246116E-001 -2.546116E-001 -1.431789E-001  3.032935E-001  9.420790E-001
  7.600000E+000  5.649449E+000  1.568570E+001  3.122531E+001  9.616865E-001 -2.031545E-001  1.840853E-001  2.462090E-001  9.353439E-001 -2.539939E-001 -1.205830E-001  2.895860E-001  9.495260E-001
  7.650000E+000  5.489213E+000  1.586118E+001  3.121991E+001  9.734434E-001 -1.735269E-001  1.493195E-001  2.071605E-001  9.453027E-001 -2.519668E-001 -9.742913E-002  2.762086E-001  9.561466E-001
  7.700000E+000  5.338126E+000  1.603265E+001  3.120112E+001  9.833020E-001 -1.416252E-001  1.142777E-001  1.663179E-001  9.542551E-001 -2.484665E-001 -7.386095E-002  2.633241E-001  9.618758E-001
  7.750000E+000  5.197765E+000  1.619693E+001  3.116743E+001  9.910298E-001 -1.075918E-001  7.927128E-002  1.239105E-001  9.619622E-001 -2.434644E-001 -5.006120E-002  2.511030E-001  9.666650E-001
  7.800000E+000  5.069522E+000  1.635031E+001  3.111782E+001  9.964288E-001 -7.166249E-002  4.465560E-002  8.025221E-002  9.681949E-001 -2.369773E-001 -2.625295E-002  2.397147E-001  9.704884E-001
  7.850000E+000  4.954462E+000  1.648871E+001  3.105191E+001  9.993575E-001 -3.416909E-002  1.081773E-002  3.573910E-002  9.727524E-001 -2.290754E-001 -2.695669E-003  2.293149E-001  9.733486E-001
  7.900000E+000  4.853183E+000  1.660789E+001  3.097017E+001  9.997514E-001  4.470281E-003 -2.184367E-002 -9.166094E-003  9.754823E-001 -2.198868E-001  2.032516E-002  2.200323E-001  9.752808E-001
  7.950000E+000  4.765706E+000  1.670376E+001  3.087391E+001  9.976375E-001  4.377452E-002 -5.294451E-002 -5.396134E-002  9.762983E-001 -2.095942E-001  4.251475E-002  2.119560E-001  9.763540E-001
  8.000000E+000  4.691432E+000  1.677270E+001  3.076523E+001  9.931388E-001  8.323369E-002 -8.214299E-002 -9.814133E-002  9.751899E-001 -1.984260E-001  6.358929E-002  2.051262E-001  9.766676E-001
  8.050000E+000  4.629181E+000  1.681186E+001  3.064690E+001  9.864657E-001  1.223476E-001 -1.091631E-001 -1.412348E-001  9.722235E-001 -1.866393E-001  8.329601E-002  1.995309E-001  9.763448E-001
  8.100000E+000  4.577296E+000  1.681927E+001  3.052206E+001  9.778975E-001  1.606606E-001 -1.338085E-001 -1.828355E-001  9.675331E-001 -1.745021E-001  1.014286E-001  1.951101E-001  9.755226E-001
  8.150000E+000  4.533797E+000  1.679391E+001  3.039402E+001  9.677577E-001  1.977866E-001 -1.559663E-001 -2.226204E-001  9.613049E-001 -1.622747E-001  1.178354E-001  1.917639E-001  9.743415E-001
  8.200000E+000  4.496544E+000  1.673562E+001  3.026599E+001  9.563887E-001  2.334211E-001 -1.755998E-001 -2.603563E-001  9.537588E-001 -1.501959E-001  1.324210E-001  1.893642E-001  9.729367E-001
  8.250000E+000  4.463379E+000  1.664497E+001  3.014093E+001  9.441298E-001  2.673421E-001 -1.927360E-001 -2.958938E-001  9.451305E-001 -1.384745E-001  1.451406E-001  1.877673E-001  9.714307E-001
  8.300000E+000  4.432239E+000  1.652304E+001  3.002147E+001  9.313017E-001  2.994022E-001 -2.074497E-001 -3.291555E-001  9.356577E-001 -1.272845E-001  1.559927E-001  1.868235E-001  9.699295E-001
  8.350000E+000  4.401222E+000  1.637126E+001  2.990984E+001  9.181964E-001  3.295173E-001 -2.198493E-001 -3.601212E-001  9.255693E-001 -1.167658E-001  1.650095E-001  1.863863E-001  9.685205E-001
  8.400000E+000  4.368635E+000  1.619126E+001  2.980790E+001  9.050720E-001  3.576529E-001 -2.300631E-001 -3.888127E-001  9.150793E-001 -1.070257E-001  1.722480E-001  1.863174E-001  9.672727E-001
  8.450000E+000  4.333001E+000  1.598478E+001  2.971716E+001  8.921521E-001  3.838116E-001 -2.382296E-001 -4.152807E-001  9.043837E-001 -9.814310E-002  1.777825E-001  1.864907E-001  9.662373E-001
  8.500000E+000  4.293063E+000  1.575354E+001  2.963877E+001  8.796265E-001  4.080219E-001 -2.444901E-001 -4.395941E-001  8.936588E-001 -9.017202E-002  1.816986E-001  1.867941E-001  9.654499E-001
  8.550000E+000  4.247765E+000  1.549920E+001  2.957365E+001  8.676539E-001  4.303299E-001 -2.489839E-001 -4.618315E-001  8.830620E-001 -8.314555E-002  1.840882E-001  1.871302E-001  9.649320E-001
  8.600000E+000  4.196241E+000  1.522335E+001  2.952245E+001  8.563652E-001  4.507913E-001 -2.518449E-001 -4.820751E-001  8.727327E-001 -7.707933E-002  1.850466E-001  1.874162E-001  9.646932E-001
  8.650000E+000  4.137793E+000  1.492742E+001  2.948564E+001  8.458667E-001  4.694668E-001 -2.532003E-001 -5.004063E-001  8.627939E-001 -7.197442E-002  1.846700E-001  1.875838E-001  9.647328E-001
  8.700000E+000  4.071870E+000  1.461274E+001  2.946349E+001  8.362435E-001  4.864178E-001 -2.531690E-001 -5.169024E-001  8.533536E-001 -6.781974E-002  1.830540E-001  1.875775E-001  9.650419E-001
  8.750000E+000  3.998051E+000  1.428050E+001  2.945616E+001  8.275620E-001  5.017036E-001 -2.518625E-001 -5.316350E-001  8.445068E-001 -6.459407E-002  1.802925E-001  1.873545E-001  9.656049E-001
  8.800000E+000  3.916031E+000  1.393175E+001  2.946366E+001  8.198731E-001  5.153791E-001 -2.493843E-001 -5.446685E-001  8.363366E-001 -6.226763E-002  1.764778E-001  1.868833E-001  9.664007E-001
  8.850000E+000  3.825600E+000  1.356743E+001  2.948591E+001  8.132141E-001  5.274940E-001 -2.458308E-001 -5.560593E-001  8.289155E-001 -6.080329E-002  1.716996E-001  1.861426E-001  9.674038E-001
  8.900000E+000  3.726634E+000  1.318833E+001  2.952272E+001  8.076112E-001  5.380913E-001 -2.412921E-001 -5.658559E-001  8.223066E-001 -6.015765E-002  1.660458E-001  1.851205E-001  9.685862E-001
  8.950000E+000  3.619083E+000  1.279514E+001  2.957382E+001  8.030806E-001  5.472067E-001 -2.358524E-001 -5.740982E-001  8.165643E-001 -6.028182E-002  1.596020E-001  1.838136E-001  9.699174E-001
  9.000000E+000  3.502961E+000  1.238845E+001  2.963886E+001  7.996302E-001  5.548689E-001 -2.295910E-001 -5.808182E-001  8.117354E-001 -6.112209E-002  1.524524E-001  1.822257E-001  9.713661E-001
  9.050000E+000  3.378335E+000  1.196873E+001  2.971742E+001  7.972611E-001  5.610984E-001 -2.225831E-001 -5.860397E-001  8.078590E-001 -6.262054E-002  1.446794E-001  1.803674E-001  9.729005E-001
  9.100000E+000  3.245321E+000  1.153636E+001  2.980900E+001  7.959683E-001  5.659085E-001 -2.149001E-001 -5.897789E-001  8.049675E-001 -6.471553E-002  1.363645E-001  1.782550E-001  9.744895E-001
  9.150000E+000  3.104074E+000  1.109164E+001  2.991302E+001  7.957415E-001  5.693043E-001 -2.066108E-001 -5.920445E-001  8.030867E-001 -6.734220E-002  1.275882E-001  1.759098E-001  9.761030E-001
  9.200000E+000  2.954789E+000  1.063479E+001  3.002886E+001  7.965662E-001  5.712834E-001 -1.977817E-001 -5.928377E-001  8.022360E-001 -7.043295E-002  1.184305E-001  1.733570E-001  9.777124E-001
  9.250000E+000  2.797690E+000  1.016593E+001  3.015581E+001  7.984238E-001  5.718353E-001 -1.884776E-001 -5.921526E-001  8.024285E-001 -7.391786E-002  1.089710E-001  1.706253E-001  9.792918E-001
  9.300000E+000  2.633029E+000  9.685147E+000  3.029308E+001  8.012924E-001  5.709419E-001 -1.787622E-001 -5.899764E-001  8.036707E-001 -7.772517E-002  9.928939E-002  1.677461E-001  9.808175E-001
  9.350000E+000  2.461090E+000  9.192425E+000  3.043982E+001  8.051464E-001  5.685773E-001 -1.686985E-001 -5.862894E-001  8.059631E-001 -8.178173E-002  8.946556E-002  1.647524E-001  9.822691E-001
  9.400000E+000  2.282183E+000  8.687709E+000  3.059510E+001  8.099570E-001  5.647080E-001 -1.583497E-001 -5.810652E-001  8.092990E-001 -8.601347E-002  7.957974E-002  1.616787E-001  9.836295E-001
  9.450000E+000  2.096647E+000  8.170881E+000  3.075790E+001  8.156917E-001  5.592928E-001 -1.477790E-001 -5.742711E-001  8.136648E-001 -9.034591E-002  6.971275E-002  1.585596E-001  9.848853E-001
  9.500000E+000  1.904858E+000  7.641773E+000  3.092711E+001  8.223139E-001  5.522833E-001 -1.370508E-001 -5.658677E-001  8.190389E-001 -9.470471E-002  5.994610E-002  1.554296E-001  9.860264E-001
  9.550000E+000  1.707229E+000  7.100172E+000  3.110152E+001  8.297826E-001  5.436237E-001 -1.262305E-001 -5.558098E-001  8.253916E-001 -9.901624E-002  5.036206E-002  1.523221E-001  9.870469E-001
  9.600000E+000  1.504217E+000  6.545824E+000  3.127980E+001  8.380510E-001  5.332510E-001 -1.153854E-001 -5.440458E-001  8.326837E-001 -1.032082E-001  4.104368E-002  1.492687E-001  9.879445E-001
  9.650000E+000  1.296335E+000  5.978441E+000  3.146052E+001  8.470662E-001  5.210958E-001 -1.045846E-001 -5.305186E-001  8.408662E-001 -1.072104E-001  3.207476E-002  1.462984E-001  9.887204E-001
  9.700000E+000  1.084162E+000  5.397711E+000  3.164211E+001  8.567674E-001  5.070823E-001 -9.389966E-002 -5.151655E-001  8.498784E-001 -1.109554E-001  2.353978E-002  1.434368E-001  9.893795E-001
  9.750000E+000  8.683535E-001  4.803305E+000  3.182282E+001  8.670845E-001  4.911295E-001 -8.340481E-002 -4.979192E-001  8.596475E-001 -1.143793E-001  1.552369E-002  1.407054E-001  9.899298E-001
  9.800000E+000  6.496585E-001  4.194894E+000  3.200079E+001  8.779364E-001  4.731519E-001 -7.317723E-002 -4.787085E-001  8.700862E-001 -1.174228E-001  8.111670E-003  1.381203E-001  9.903822E-001
  9.850000E+000  4.289388E-001  3.572168E+000  3.217394E+001  8.892291E-001  4.530618E-001 -6.329725E-002 -4.574600E-001  8.810917E-001 -1.200320E-001  1.388740E-003  1.356919E-001  9.907501E-001
  9.900000E+000  2.071871E-001  2.934861E+000  3.234000E+001  9.008530E-001  4.307716E-001 -5.384844E-002 -4.341003E-001  8.925435E-001 -1.221597E-001 -4.560839E-003  1.334235E-001  9.910486E-001
  9.950000E+000 -1.445057E-002  2.282787E+000  3.249648E+001  9.126808E-001  4.061972E-001 -4.491759E-002 -4.085591E-001  9.043016E-001 -1.237661E-001 -9.654373E-003  1.313104E-001  9.912943E-001
