% FILE: wooden_phantom.2
%
%       t         P_No_Ao[1]     P_No_Ao[2]     P_No_Ao[3]      N_A[1,1]       N_A[1,2]       N_A[1,3]       N_A[2,1]       N_A[2,2]       N_A[2,3]       N_A[3,1]       N_A[3,2]       N_A[3,3]
%   (second)        (meter)        (meter)        (meter)       (NoUnits)      (NoUnits)      (NoUnits)      (NoUnits)      (NoUnits)      (NoUnits)      (NoUnits)      (NoUnits)      (NoUnits)

  0.000000E+000  0.000000E+000  0.000000E+000  1.000000E-001  5.403023E-001  8.414710E-001  0.000000E+000 -8.414710E-001  5.403023E-001  0.000000E+000  0.000000E+000  0.000000E+000  1.000000E+000
  1.500000E-002  0.000000E+000  0.000000E+000  1.000000E-001  5.411072E-001  8.409536E-001  0.000000E+000 -8.409536E-001  5.411072E-001  0.000000E+000  0.000000E+000  0.000000E+000  1.000000E+000
  3.000000E-002  0.000000E+000  0.000000E+000  1.000000E-001  5.434663E-001  8.394310E-001  0.000000E+000 -8.394310E-001  5.434663E-001  0.000000E+000  0.000000E+000  0.000000E+000  1.000000E+000
  4.500000E-002  0.000000E+000  0.000000E+000  1.000000E-001  5.472955E-001  8.369394E-001  0.000000E+000 -8.369394E-001  5.472955E-001  0.000000E+000  0.000000E+000  0.000000E+000  1.000000E+000
  6.000000E-002  0.000000E+000  0.000000E+000  1.000000E-001  5.525098E-001  8.335064E-001  0.000000E+000 -8.335064E-001  5.525098E-001  0.000000E+000  0.000000E+000  0.000000E+000  1.000000E+000
  7.500000E-002  0.000000E+000  0.000000E+000  1.000000E-001  5.590228E-001  8.291523E-001  0.000000E+000 -8.291523E-001  5.590228E-001  0.000000E+000  0.000000E+000  0.000000E+000  1.000000E+000
  9.000000E-002  0.000000E+000  0.000000E+000  1.000000E-001  5.667468E-001  8.238920E-001  0.000000E+000 -8.238920E-001  5.667468E-001  0.000000E+000  0.000000E+000  0.000000E+000  1.000000E+000
  1.050000E-001  0.000000E+000  0.000000E+000  1.000000E-001  5.755923E-001  8.177368E-001  0.000000E+000 -8.177368E-001  5.755923E-001  0.000000E+000  0.000000E+000  0.000000E+000  1.000000E+000
  1.200000E-001  0.000000E+000  0.000000E+000  1.000000E-001  5.854684E-001  8.106952E-001  0.000000E+000 -8.106952E-001  5.854684E-001  0.000000E+000  0.000000E+000  0.000000E+000  1.000000E+000
  1.350000E-001  0.000000E+000  0.000000E+000  1.000000E-001  5.962823E-001  8.027748E-001  0.000000E+000 -8.027748E-001  5.962823E-001  0.000000E+000  0.000000E+000  0.000000E+000  1.000000E+000
  1.500000E-001  0.000000E+000  0.000000E+000  1.000000E-001  6.079402E-001  7.939828E-001  0.000000E+000 -7.939828E-001  6.079402E-001  0.000000E+000  0.000000E+000  0.000000E+000  1.000000E+000
  1.650000E-001  0.000000E+000  0.000000E+000  1.000000E-001  6.203469E-001  7.843276E-001  0.000000E+000 -7.843276E-001  6.203469E-001  0.000000E+000  0.000000E+000  0.000000E+000  1.000000E+000
  1.800000E-001  0.000000E+000  0.000000E+000  1.000000E-001  6.334068E-001  7.738190E-001  0.000000E+000 -7.738190E-001  6.334068E-001  0.000000E+000  0.000000E+000  0.000000E+000  1.000000E+000
  1.950000E-001  0.000000E+000  0.000000E+000  1.000000E-001  6.470240E-001  7.624696E-001  0.000000E+000 -7.624696E-001  6.470240E-001  0.000000E+000  0.000000E+000  0.000000E+000  1.000000E+000
  2.100000E-001  0.000000E+000  0.000000E+000  1.000000E-001  6.611032E-001  7.502950E-001  0.000000E+000 -7.502950E-001  6.611032E-001  0.000000E+000  0.000000E+000  0.000000E+000  1.000000E+000
  2.250000E-001  0.000000E+000  0.000000E+000  1.000000E-001  6.755501E-001  7.373141E-001  0.000000E+000 -7.373141E-001  6.755501E-001  0.000000E+000  0.000000E+000  0.000000E+000  1.000000E+000
  2.400000E-001  0.000000E+000  0.000000E+000  1.000000E-001  6.902722E-001  7.235498E-001  0.000000E+000 -7.235498E-001  6.902722E-001  0.000000E+000  0.000000E+000  0.000000E+000  1.000000E+000
  2.550000E-001  0.000000E+000  0.000000E+000  1.000000E-001  7.051794E-001  7.090289E-001  0.000000E+000 -7.090289E-001  7.051794E-001  0.000000E+000  0.000000E+000  0.000000E+000  1.000000E+000
  2.700000E-001  0.000000E+000  0.000000E+000  1.000000E-001  7.201848E-001  6.937823E-001  0.000000E+000 -6.937823E-001  7.201848E-001  0.000000E+000  0.000000E+000  0.000000E+000  1.000000E+000
  2.850000E-001  0.000000E+000  0.000000E+000  1.000000E-001  7.352053E-001  6.778445E-001  0.000000E+000 -6.778445E-001  7.352053E-001  0.000000E+000  0.000000E+000  0.000000E+000  1.000000E+000
  3.000000E-001  0.000000E+000  0.000000E+000  1.000000E-001  7.501622E-001  6.612538E-001  0.000000E+000 -6.612538E-001  7.501622E-001  0.000000E+000  0.000000E+000  0.000000E+000  1.000000E+000
  3.150000E-001  0.000000E+000  0.000000E+000  1.000000E-001  7.649818E-001  6.440519E-001  0.000000E+000 -6.440519E-001  7.649818E-001  0.000000E+000  0.000000E+000  0.000000E+000  1.000000E+000
  3.300000E-001  0.000000E+000  0.000000E+000  1.000000E-001  7.795956E-001  6.262832E-001  0.000000E+000 -6.262832E-001  7.795956E-001  0.000000E+000  0.000000E+000  0.000000E+000  1.000000E+000
  3.450000E-001  0.000000E+000  0.000000E+000  1.000000E-001  7.939411E-001  6.079947E-001  0.000000E+000 -6.079947E-001  7.939411E-001  0.000000E+000  0.000000E+000  0.000000E+000  1.000000E+000
  3.600000E-001  0.000000E+000  0.000000E+000  1.000000E-001  8.079616E-001  5.892351E-001  0.000000E+000 -5.892351E-001  8.079616E-001  0.000000E+000  0.000000E+000  0.000000E+000  1.000000E+000
  3.750000E-001  0.000000E+000  0.000000E+000  1.000000E-001  8.216068E-001  5.700546E-001  0.000000E+000 -5.700546E-001  8.216068E-001  0.000000E+000  0.000000E+000  0.000000E+000  1.000000E+000
  3.900000E-001  0.000000E+000  0.000000E+000  1.000000E-001  8.348324E-001  5.505042E-001  0.000000E+000 -5.505042E-001  8.348324E-001  0.000000E+000  0.000000E+000  0.000000E+000  1.000000E+000
  4.050000E-001  0.000000E+000  0.000000E+000  1.000000E-001  8.476005E-001  5.306349E-001  0.000000E+000 -5.306349E-001  8.476005E-001  0.000000E+000  0.000000E+000  0.000000E+000  1.000000E+000
  4.200000E-001  0.000000E+000  0.000000E+000  1.000000E-001  8.598792E-001  5.104976E-001  0.000000E+000 -5.104976E-001  8.598792E-001  0.000000E+000  0.000000E+000  0.000000E+000  1.000000E+000
  4.350000E-001  0.000000E+000  0.000000E+000  1.000000E-001  8.716424E-001  4.901424E-001  0.000000E+000 -4.901424E-001  8.716424E-001  0.000000E+000  0.000000E+000  0.000000E+000  1.000000E+000
  4.500000E-001  0.000000E+000  0.000000E+000  1.000000E-001  8.828696E-001  4.696182E-001  0.000000E+000 -4.696182E-001  8.828696E-001  0.000000E+000  0.000000E+000  0.000000E+000  1.000000E+000
  4.650000E-001  0.000000E+000  0.000000E+000  1.000000E-001  8.935458E-001  4.489721E-001  0.000000E+000 -4.489721E-001  8.935458E-001  0.000000E+000  0.000000E+000  0.000000E+000  1.000000E+000
  4.800000E-001  0.000000E+000  0.000000E+000  1.000000E-001  9.036606E-001  4.282494E-001  0.000000E+000 -4.282494E-001  9.036606E-001  0.000000E+000  0.000000E+000  0.000000E+000  1.000000E+000
  4.950000E-001  0.000000E+000  0.000000E+000  1.000000E-001  9.132083E-001  4.074931E-001  0.000000E+000 -4.074931E-001  9.132083E-001  0.000000E+000  0.000000E+000  0.000000E+000  1.000000E+000
  5.100000E-001  0.000000E+000  0.000000E+000  1.000000E-001  9.221872E-001  3.867438E-001  0.000000E+000 -3.867438E-001  9.221872E-001  0.000000E+000  0.000000E+000  0.000000E+000  1.000000E+000
  5.250000E-001  0.000000E+000  0.000000E+000  1.000000E-001  9.305993E-001  3.660395E-001  0.000000E+000 -3.660395E-001  9.305993E-001  0.000000E+000  0.000000E+000  0.000000E+000  1.000000E+000
  5.400000E-001  0.000000E+000  0.000000E+000  1.000000E-001  9.384500E-001  3.454152E-001  0.000000E+000 -3.454152E-001  9.384500E-001  0.000000E+000  0.000000E+000  0.000000E+000  1.000000E+000
  5.550000E-001  0.000000E+000  0.000000E+000  1.000000E-001  9.457472E-001  3.249034E-001  0.000000E+000 -3.249034E-001  9.457472E-001  0.000000E+000  0.000000E+000  0.000000E+000  1.000000E+000
  5.700000E-001  0.000000E+000  0.000000E+000  1.000000E-001  9.525015E-001  3.045338E-001  0.000000E+000 -3.045338E-001  9.525015E-001  0.000000E+000  0.000000E+000  0.000000E+000  1.000000E+000
  5.850000E-001  0.000000E+000  0.000000E+000  1.000000E-001  9.587255E-001  2.843332E-001  0.000000E+000 -2.843332E-001  9.587255E-001  0.000000E+000  0.000000E+000  0.000000E+000  1.000000E+000
  6.000000E-001  0.000000E+000  0.000000E+000  1.000000E-001  9.644335E-001  2.643257E-001  0.000000E+000 -2.643257E-001  9.644335E-001  0.000000E+000  0.000000E+000  0.000000E+000  1.000000E+000
  6.150000E-001  0.000000E+000  0.000000E+000  1.000000E-001  9.696411E-001  2.445327E-001  0.000000E+000 -2.445327E-001  9.696411E-001  0.000000E+000  0.000000E+000  0.000000E+000  1.000000E+000
  6.300000E-001  0.000000E+000  0.000000E+000  1.000000E-001  9.743650E-001  2.249731E-001  0.000000E+000 -2.249731E-001  9.743650E-001  0.000000E+000  0.000000E+000  0.000000E+000  1.000000E+000
  6.450000E-001  0.000000E+000  0.000000E+000  1.000000E-001  9.786228E-001  2.056635E-001  0.000000E+000 -2.056635E-001  9.786228E-001  0.000000E+000  0.000000E+000  0.000000E+000  1.000000E+000
  6.600000E-001  0.000000E+000  0.000000E+000  1.000000E-001  9.824326E-001  1.866180E-001  0.000000E+000 -1.866180E-001  9.824326E-001  0.000000E+000  0.000000E+000  0.000000E+000  1.000000E+000
  6.750000E-001  0.000000E+000  0.000000E+000  1.000000E-001  9.858128E-001  1.678487E-001  0.000000E+000 -1.678487E-001  9.858128E-001  0.000000E+000  0.000000E+000  0.000000E+000  1.000000E+000
  6.900000E-001  0.000000E+000  0.000000E+000  1.000000E-001  9.887820E-001  1.493656E-001  0.000000E+000 -1.493656E-001  9.887820E-001  0.000000E+000  0.000000E+000  0.000000E+000  1.000000E+000
  7.050000E-001  0.000000E+000  0.000000E+000  1.000000E-001  9.913590E-001  1.311770E-001  0.000000E+000 -1.311770E-001  9.913590E-001  0.000000E+000  0.000000E+000  0.000000E+000  1.000000E+000
  7.200000E-001  0.000000E+000  0.000000E+000  1.000000E-001  9.935620E-001  1.132894E-001  0.000000E+000 -1.132894E-001  9.935620E-001  0.000000E+000  0.000000E+000  0.000000E+000  1.000000E+000
  7.350000E-001  0.000000E+000  0.000000E+000  1.000000E-001  9.954095E-001  9.570779E-002  0.000000E+000 -9.570779E-002  9.954095E-001  0.000000E+000  0.000000E+000  0.000000E+000  1.000000E+000
  7.500000E-001  0.000000E+000  0.000000E+000  1.000000E-001  9.969192E-001  7.843567E-002  0.000000E+000 -7.843567E-002  9.969192E-001  0.000000E+000  0.000000E+000  0.000000E+000  1.000000E+000
  7.650000E-001  0.000000E+000  0.000000E+000  1.000000E-001  9.981086E-001  6.147538E-002  0.000000E+000 -6.147538E-002  9.981086E-001  0.000000E+000  0.000000E+000  0.000000E+000  1.000000E+000
  7.800000E-001  0.000000E+000  0.000000E+000  1.000000E-001  9.989947E-001  4.482810E-002  0.000000E+000 -4.482810E-002  9.989947E-001  0.000000E+000  0.000000E+000  0.000000E+000  1.000000E+000
  7.950000E-001  0.000000E+000  0.000000E+000  1.000000E-001  9.995940E-001  2.849402E-002  0.000000E+000 -2.849402E-002  9.995940E-001  0.000000E+000  0.000000E+000  0.000000E+000  1.000000E+000
  8.100000E-001  0.000000E+000  0.000000E+000  1.000000E-001  9.999222E-001  1.247245E-002  0.000000E+000 -1.247245E-002  9.999222E-001  0.000000E+000  0.000000E+000  0.000000E+000  1.000000E+000
  8.250000E-001  0.000000E+000  0.000000E+000  1.000000E-001  9.999948E-001 -3.238092E-003  0.000000E+000  3.238092E-003  9.999948E-001  0.000000E+000  0.000000E+000  0.000000E+000  1.000000E+000
  8.400000E-001  0.000000E+000  0.000000E+000  1.000000E-001  9.998263E-001 -1.863971E-002  0.000000E+000  1.863971E-002  9.998263E-001  0.000000E+000  0.000000E+000  0.000000E+000  1.000000E+000
  8.550000E-001  0.000000E+000  0.000000E+000  1.000000E-001  9.994308E-001 -3.373509E-002  0.000000E+000  3.373509E-002  9.994308E-001  0.000000E+000  0.000000E+000  0.000000E+000  1.000000E+000
  8.700000E-001  0.000000E+000  0.000000E+000  1.000000E-001  9.988219E-001 -4.852738E-002  0.000000E+000  4.852738E-002  9.988219E-001  0.000000E+000  0.000000E+000  0.000000E+000  1.000000E+000
  8.850000E-001  0.000000E+000  0.000000E+000  1.000000E-001  9.980123E-001 -6.302014E-002  0.000000E+000  6.302014E-002  9.980123E-001  0.000000E+000  0.000000E+000  0.000000E+000  1.000000E+000
  9.000000E-001  0.000000E+000  0.000000E+000  1.000000E-001  9.970143E-001 -7.721722E-002  0.000000E+000  7.721722E-002  9.970143E-001  0.000000E+000  0.000000E+000  0.000000E+000  1.000000E+000
  9.150000E-001  0.000000E+000  0.000000E+000  1.000000E-001  9.958397E-001 -9.112273E-002  0.000000E+000  9.112273E-002  9.958397E-001  0.000000E+000  0.000000E+000  0.000000E+000  1.000000E+000
  9.300000E-001  0.000000E+000  0.000000E+000  1.000000E-001  9.944995E-001 -1.047410E-001  0.000000E+000  1.047410E-001  9.944995E-001  0.000000E+000  0.000000E+000  0.000000E+000  1.000000E+000
  9.450000E-001  0.000000E+000  0.000000E+000  1.000000E-001  9.930045E-001 -1.180764E-001  0.000000E+000  1.180764E-001  9.930045E-001  0.000000E+000  0.000000E+000  0.000000E+000  1.000000E+000
  9.600000E-001  0.000000E+000  0.000000E+000  1.000000E-001  9.913647E-001 -1.311335E-001  0.000000E+000  1.311335E-001  9.913647E-001  0.000000E+000  0.000000E+000  0.000000E+000  1.000000E+000
  9.750000E-001  0.000000E+000  0.000000E+000  1.000000E-001  9.895898E-001 -1.439168E-001  0.000000E+000  1.439168E-001  9.895898E-001  0.000000E+000  0.000000E+000  0.000000E+000  1.000000E+000
  9.900000E-001  0.000000E+000  0.000000E+000  1.000000E-001  9.876889E-001 -1.564309E-001  0.000000E+000  1.564309E-001  9.876889E-001  0.000000E+000  0.000000E+000  0.000000E+000  1.000000E+000
  1.005000E+000  0.000000E+000  0.000000E+000  1.000000E-001  9.856708E-001 -1.686804E-001  0.000000E+000  1.686804E-001  9.856708E-001  0.000000E+000  0.000000E+000  0.000000E+000  1.000000E+000
  1.020000E+000  0.000000E+000  0.000000E+000  1.000000E-001  9.835438E-001 -1.806698E-001  0.000000E+000  1.806698E-001  9.835438E-001  0.000000E+000  0.000000E+000  0.000000E+000  1.000000E+000
  1.035000E+000  0.000000E+000  0.000000E+000  1.000000E-001  9.813159E-001 -1.924034E-001  0.000000E+000  1.924034E-001  9.813159E-001  0.000000E+000  0.000000E+000  0.000000E+000  1.000000E+000
  1.050000E+000  0.000000E+000  0.000000E+000  1.000000E-001  9.789947E-001 -2.038855E-001  0.000000E+000  2.038855E-001  9.789947E-001  0.000000E+000  0.000000E+000  0.000000E+000  1.000000E+000
  1.065000E+000  0.000000E+000  0.000000E+000  1.000000E-001  9.765875E-001 -2.151205E-001  0.000000E+000  2.151205E-001  9.765875E-001  0.000000E+000  0.000000E+000  0.000000E+000  1.000000E+000
  1.080000E+000  0.000000E+000  0.000000E+000  1.000000E-001  9.741012E-001 -2.261123E-001  0.000000E+000  2.261123E-001  9.741012E-001  0.000000E+000  0.000000E+000  0.000000E+000  1.000000E+000
  1.095000E+000  0.000000E+000  0.000000E+000  1.000000E-001  9.715426E-001 -2.368649E-001  0.000000E+000  2.368649E-001  9.715426E-001  0.000000E+000  0.000000E+000  0.000000E+000  1.000000E+000
  1.110000E+000  0.000000E+000  0.000000E+000  1.000000E-001  9.689180E-001 -2.473821E-001  0.000000E+000  2.473821E-001  9.689180E-001  0.000000E+000  0.000000E+000  0.000000E+000  1.000000E+000
  1.125000E+000  0.000000E+000  0.000000E+000  1.000000E-001  9.662336E-001 -2.576676E-001  0.000000E+000  2.576676E-001  9.662336E-001  0.000000E+000  0.000000E+000  0.000000E+000  1.000000E+000
  1.140000E+000  0.000000E+000  0.000000E+000  1.000000E-001  9.634954E-001 -2.677248E-001  0.000000E+000  2.677248E-001  9.634954E-001  0.000000E+000  0.000000E+000  0.000000E+000  1.000000E+000
  1.155000E+000  0.000000E+000  0.000000E+000  1.000000E-001  9.607091E-001 -2.775571E-001  0.000000E+000  2.775571E-001  9.607091E-001  0.000000E+000  0.000000E+000  0.000000E+000  1.000000E+000
  1.170000E+000  0.000000E+000  0.000000E+000  1.000000E-001  9.578803E-001 -2.871677E-001  0.000000E+000  2.871677E-001  9.578803E-001  0.000000E+000  0.000000E+000  0.000000E+000  1.000000E+000
  1.185000E+000  0.000000E+000  0.000000E+000  1.000000E-001  9.550144E-001 -2.965596E-001  0.000000E+000  2.965596E-001  9.550144E-001  0.000000E+000  0.000000E+000  0.000000E+000  1.000000E+000
  1.200000E+000  0.000000E+000  0.000000E+000  1.000000E-001  9.521165E-001 -3.057356E-001  0.000000E+000  3.057356E-001  9.521165E-001  0.000000E+000  0.000000E+000  0.000000E+000  1.000000E+000
  1.215000E+000  0.000000E+000  0.000000E+000  1.000000E-001  9.491917E-001 -3.146984E-001  0.000000E+000  3.146984E-001  9.491917E-001  0.000000E+000  0.000000E+000  0.000000E+000  1.000000E+000
  1.230000E+000  0.000000E+000  0.000000E+000  1.000000E-001  9.462450E-001 -3.234507E-001  0.000000E+000  3.234507E-001  9.462450E-001  0.000000E+000  0.000000E+000  0.000000E+000  1.000000E+000
  1.245000E+000  0.000000E+000  0.000000E+000  1.000000E-001  9.432813E-001 -3.319947E-001  0.000000E+000  3.319947E-001  9.432813E-001  0.000000E+000  0.000000E+000  0.000000E+000  1.000000E+000
  1.260000E+000  0.000000E+000  0.000000E+000  1.000000E-001  9.403050E-001 -3.403328E-001  0.000000E+000  3.403328E-001  9.403050E-001  0.000000E+000  0.000000E+000  0.000000E+000  1.000000E+000
  1.275000E+000  0.000000E+000  0.000000E+000  1.000000E-001  9.373210E-001 -3.484671E-001  0.000000E+000  3.484671E-001  9.373210E-001  0.000000E+000  0.000000E+000  0.000000E+000  1.000000E+000
  1.290000E+000  0.000000E+000  0.000000E+000  1.000000E-001  9.343337E-001 -3.563995E-001  0.000000E+000  3.563995E-001  9.343337E-001  0.000000E+000  0.000000E+000  0.000000E+000  1.000000E+000
  1.305000E+000  0.000000E+000  0.000000E+000  1.000000E-001  9.313474E-001 -3.641318E-001  0.000000E+000  3.641318E-001  9.313474E-001  0.000000E+000  0.000000E+000  0.000000E+000  1.000000E+000
  1.320000E+000  0.000000E+000  0.000000E+000  1.000000E-001  9.283666E-001 -3.716659E-001  0.000000E+000  3.716659E-001  9.283666E-001  0.000000E+000  0.000000E+000  0.000000E+000  1.000000E+000
  1.335000E+000  0.000000E+000  0.000000E+000  1.000000E-001  9.253953E-001 -3.790032E-001  0.000000E+000  3.790032E-001  9.253953E-001  0.000000E+000  0.000000E+000  0.000000E+000  1.000000E+000
  1.350000E+000  0.000000E+000  0.000000E+000  1.000000E-001  9.224380E-001 -3.861453E-001  0.000000E+000  3.861453E-001  9.224380E-001  0.000000E+000  0.000000E+000  0.000000E+000  1.000000E+000
  1.365000E+000  0.000000E+000  0.000000E+000  1.000000E-001  9.194985E-001 -3.930935E-001  0.000000E+000  3.930935E-001  9.194985E-001  0.000000E+000  0.000000E+000  0.000000E+000  1.000000E+000
  1.380000E+000  0.000000E+000  0.000000E+000  1.000000E-001  9.165811E-001 -3.998489E-001  0.000000E+000  3.998489E-001  9.165811E-001  0.000000E+000  0.000000E+000  0.000000E+000  1.000000E+000
  1.395000E+000  0.000000E+000  0.000000E+000  1.000000E-001  9.136896E-001 -4.064128E-001  0.000000E+000  4.064128E-001  9.136896E-001  0.000000E+000  0.000000E+000  0.000000E+000  1.000000E+000
  1.410000E+000  0.000000E+000  0.000000E+000  1.000000E-001  9.108279E-001 -4.127862E-001  0.000000E+000  4.127862E-001  9.108279E-001  0.000000E+000  0.000000E+000  0.000000E+000  1.000000E+000
  1.425000E+000  0.000000E+000  0.000000E+000  1.000000E-001  9.080001E-001 -4.189700E-001  0.000000E+000  4.189700E-001  9.080001E-001  0.000000E+000  0.000000E+000  0.000000E+000  1.000000E+000
  1.440000E+000  0.000000E+000  0.000000E+000  1.000000E-001  9.052098E-001 -4.249650E-001  0.000000E+000  4.249650E-001  9.052098E-001  0.000000E+000  0.000000E+000  0.000000E+000  1.000000E+000
  1.455000E+000  0.000000E+000  0.000000E+000  1.000000E-001  9.024608E-001 -4.307721E-001  0.000000E+000  4.307721E-001  9.024608E-001  0.000000E+000  0.000000E+000  0.000000E+000  1.000000E+000
  1.470000E+000  0.000000E+000  0.000000E+000  1.000000E-001  8.997568E-001 -4.363918E-001  0.000000E+000  4.363918E-001  8.997568E-001  0.000000E+000  0.000000E+000  0.000000E+000  1.000000E+000
  1.485000E+000  0.000000E+000  0.000000E+000  1.000000E-001  8.971014E-001 -4.418247E-001  0.000000E+000  4.418247E-001  8.971014E-001  0.000000E+000  0.000000E+000  0.000000E+000  1.000000E+000
  1.500000E+000  0.000000E+000  0.000000E+000  1.000000E-001  8.944983E-001 -4.470713E-001  0.000000E+000  4.470713E-001  8.944983E-001  0.000000E+000  0.000000E+000  0.000000E+000  1.000000E+000
  1.515000E+000  0.000000E+000  0.000000E+000  1.000000E-001  8.919510E-001 -4.521322E-001  0.000000E+000  4.521322E-001  8.919510E-001  0.000000E+000  0.000000E+000  0.000000E+000  1.000000E+000
  1.530000E+000  0.000000E+000  0.000000E+000  1.000000E-001  8.894629E-001 -4.570075E-001  0.000000E+000  4.570075E-001  8.894629E-001  0.000000E+000  0.000000E+000  0.000000E+000  1.000000E+000
  1.545000E+000  0.000000E+000  0.000000E+000  1.000000E-001  8.870374E-001 -4.616976E-001  0.000000E+000  4.616976E-001  8.870374E-001  0.000000E+000  0.000000E+000  0.000000E+000  1.000000E+000
  1.560000E+000  0.000000E+000  0.000000E+000  1.000000E-001  8.846779E-001 -4.662027E-001  0.000000E+000  4.662027E-001  8.846779E-001  0.000000E+000  0.000000E+000  0.000000E+000  1.000000E+000
  1.575000E+000  0.000000E+000  0.000000E+000  1.000000E-001  8.823878E-001 -4.705230E-001  0.000000E+000  4.705230E-001  8.823878E-001  0.000000E+000  0.000000E+000  0.000000E+000  1.000000E+000
  1.590000E+000  0.000000E+000  0.000000E+000  1.000000E-001  8.801701E-001 -4.746585E-001  0.000000E+000  4.746585E-001  8.801701E-001  0.000000E+000  0.000000E+000  0.000000E+000  1.000000E+000
  1.605000E+000  0.000000E+000  0.000000E+000  1.000000E-001  8.780280E-001 -4.786092E-001  0.000000E+000  4.786092E-001  8.780280E-001  0.000000E+000  0.000000E+000  0.000000E+000  1.000000E+000
  1.620000E+000  0.000000E+000  0.000000E+000  1.000000E-001  8.759647E-001 -4.823752E-001  0.000000E+000  4.823752E-001  8.759647E-001  0.000000E+000  0.000000E+000  0.000000E+000  1.000000E+000
  1.635000E+000  0.000000E+000  0.000000E+000  1.000000E-001  8.739831E-001 -4.859564E-001  0.000000E+000  4.859564E-001  8.739831E-001  0.000000E+000  0.000000E+000  0.000000E+000  1.000000E+000
  1.650000E+000  0.000000E+000  0.000000E+000  1.000000E-001  8.720861E-001 -4.893525E-001  0.000000E+000  4.893525E-001  8.720861E-001  0.000000E+000  0.000000E+000  0.000000E+000  1.000000E+000
  1.665000E+000  0.000000E+000  0.000000E+000  1.000000E-001  8.702765E-001 -4.925634E-001  0.000000E+000  4.925634E-001  8.702765E-001  0.000000E+000  0.000000E+000  0.000000E+000  1.000000E+000
  1.680000E+000  0.000000E+000  0.000000E+000  1.000000E-001  8.685572E-001 -4.955889E-001  0.000000E+000  4.955889E-001  8.685572E-001  0.000000E+000  0.000000E+000  0.000000E+000  1.000000E+000
  1.695000E+000  0.000000E+000  0.000000E+000  1.000000E-001  8.669307E-001 -4.984286E-001  0.000000E+000  4.984286E-001  8.669307E-001  0.000000E+000  0.000000E+000  0.000000E+000  1.000000E+000
  1.710000E+000  0.000000E+000  0.000000E+000  1.000000E-001  8.653997E-001 -5.010822E-001  0.000000E+000  5.010822E-001  8.653997E-001  0.000000E+000  0.000000E+000  0.000000E+000  1.000000E+000
  1.725000E+000  0.000000E+000  0.000000E+000  1.000000E-001  8.639665E-001 -5.035493E-001  0.000000E+000  5.035493E-001  8.639665E-001  0.000000E+000  0.000000E+000  0.000000E+000  1.000000E+000
  1.740000E+000  0.000000E+000  0.000000E+000  1.000000E-001  8.626335E-001 -5.058294E-001  0.000000E+000  5.058294E-001  8.626335E-001  0.000000E+000  0.000000E+000  0.000000E+000  1.000000E+000
  1.755000E+000  0.000000E+000  0.000000E+000  1.000000E-001  8.614030E-001 -5.079221E-001  0.000000E+000  5.079221E-001  8.614030E-001  0.000000E+000  0.000000E+000  0.000000E+000  1.000000E+000
  1.770000E+000  0.000000E+000  0.000000E+000  1.000000E-001  8.602771E-001 -5.098267E-001  0.000000E+000  5.098267E-001  8.602771E-001  0.000000E+000  0.000000E+000  0.000000E+000  1.000000E+000
  1.785000E+000  0.000000E+000  0.000000E+000  1.000000E-001  8.592578E-001 -5.115428E-001  0.000000E+000  5.115428E-001  8.592578E-001  0.000000E+000  0.000000E+000  0.000000E+000  1.000000E+000
  1.800000E+000  0.000000E+000  0.000000E+000  1.000000E-001  8.583469E-001 -5.130697E-001  0.000000E+000  5.130697E-001  8.583469E-001  0.000000E+000  0.000000E+000  0.000000E+000  1.000000E+000
  1.815000E+000  0.000000E+000  0.000000E+000  1.000000E-001  8.575463E-001 -5.144067E-001  0.000000E+000  5.144067E-001  8.575463E-001  0.000000E+000  0.000000E+000  0.000000E+000  1.000000E+000
  1.830000E+000  0.000000E+000  0.000000E+000  1.000000E-001  8.568576E-001 -5.155532E-001  0.000000E+000  5.155532E-001  8.568576E-001  0.000000E+000  0.000000E+000  0.000000E+000  1.000000E+000
  1.845000E+000  0.000000E+000  0.000000E+000  1.000000E-001  8.562821E-001 -5.165084E-001  0.000000E+000  5.165084E-001  8.562821E-001  0.000000E+000  0.000000E+000  0.000000E+000  1.000000E+000
  1.860000E+000  0.000000E+000  0.000000E+000  1.000000E-001  8.558214E-001 -5.172715E-001  0.000000E+000  5.172715E-001  8.558214E-001  0.000000E+000  0.000000E+000  0.000000E+000  1.000000E+000
  1.875000E+000  0.000000E+000  0.000000E+000  1.000000E-001  8.554765E-001 -5.178417E-001  0.000000E+000  5.178417E-001  8.554765E-001  0.000000E+000  0.000000E+000  0.000000E+000  1.000000E+000
  1.890000E+000  0.000000E+000  0.000000E+000  1.000000E-001  8.552485E-001 -5.182182E-001  0.000000E+000  5.182182E-001  8.552485E-001  0.000000E+000  0.000000E+000  0.000000E+000  1.000000E+000
  1.905000E+000  0.000000E+000  0.000000E+000  1.000000E-001  8.551382E-001 -5.184001E-001  0.000000E+000  5.184001E-001  8.551382E-001  0.000000E+000  0.000000E+000  0.000000E+000  1.000000E+000
  1.920000E+000  0.000000E+000  0.000000E+000  1.000000E-001  8.551464E-001 -5.183865E-001  0.000000E+000  5.183865E-001  8.551464E-001  0.000000E+000  0.000000E+000  0.000000E+000  1.000000E+000
  1.935000E+000  0.000000E+000  0.000000E+000  1.000000E-001  8.552737E-001 -5.181766E-001  0.000000E+000  5.181766E-001  8.552737E-001  0.000000E+000  0.000000E+000  0.000000E+000  1.000000E+000
  1.950000E+000  0.000000E+000  0.000000E+000  1.000000E-001  8.555203E-001 -5.177693E-001  0.000000E+000  5.177693E-001  8.555203E-001  0.000000E+000  0.000000E+000  0.000000E+000  1.000000E+000
  1.965000E+000  0.000000E+000  0.000000E+000  1.000000E-001  8.558864E-001 -5.171638E-001  0.000000E+000  5.171638E-001  8.558864E-001  0.000000E+000  0.000000E+000  0.000000E+000  1.000000E+000
  1.980000E+000  0.000000E+000  0.000000E+000  1.000000E-001  8.563722E-001 -5.163591E-001  0.000000E+000  5.163591E-001  8.563722E-001  0.000000E+000  0.000000E+000  0.000000E+000  1.000000E+000
  1.995000E+000  0.000000E+000  0.000000E+000  1.000000E-001  8.569773E-001 -5.153541E-001  0.000000E+000  5.153541E-001  8.569773E-001  0.000000E+000  0.000000E+000  0.000000E+000  1.000000E+000
  2.010000E+000  0.000000E+000  0.000000E+000  1.000000E-001  8.577015E-001 -5.141480E-001  0.000000E+000  5.141480E-001  8.577015E-001  0.000000E+000  0.000000E+000  0.000000E+000  1.000000E+000
  2.025000E+000  0.000000E+000  0.000000E+000  1.000000E-001  8.585441E-001 -5.127398E-001  0.000000E+000  5.127398E-001  8.585441E-001  0.000000E+000  0.000000E+000  0.000000E+000  1.000000E+000
  2.040000E+000  0.000000E+000  0.000000E+000  1.000000E-001  8.595044E-001 -5.111284E-001  0.000000E+000  5.111284E-001  8.595044E-001  0.000000E+000  0.000000E+000  0.000000E+000  1.000000E+000
  2.055000E+000  0.000000E+000  0.000000E+000  1.000000E-001  8.605813E-001 -5.093130E-001  0.000000E+000  5.093130E-001  8.605813E-001  0.000000E+000  0.000000E+000  0.000000E+000  1.000000E+000
  2.070000E+000  0.000000E+000  0.000000E+000  1.000000E-001  8.617739E-001 -5.072926E-001  0.000000E+000  5.072926E-001  8.617739E-001  0.000000E+000  0.000000E+000  0.000000E+000  1.000000E+000
  2.085000E+000  0.000000E+000  0.000000E+000  1.000000E-001  8.630805E-001 -5.050663E-001  0.000000E+000  5.050663E-001  8.630805E-001  0.000000E+000  0.000000E+000  0.000000E+000  1.000000E+000
  2.100000E+000  0.000000E+000  0.000000E+000  1.000000E-001  8.644997E-001 -5.026333E-001  0.000000E+000  5.026333E-001  8.644997E-001  0.000000E+000  0.000000E+000  0.000000E+000  1.000000E+000
  2.115000E+000  0.000000E+000  0.000000E+000  1.000000E-001  8.660297E-001 -4.999926E-001  0.000000E+000  4.999926E-001  8.660297E-001  0.000000E+000  0.000000E+000  0.000000E+000  1.000000E+000
  2.130000E+000  0.000000E+000  0.000000E+000  1.000000E-001  8.676683E-001 -4.971435E-001  0.000000E+000  4.971435E-001  8.676683E-001  0.000000E+000  0.000000E+000  0.000000E+000  1.000000E+000
  2.145000E+000  0.000000E+000  0.000000E+000  1.000000E-001  8.694134E-001 -4.940853E-001  0.000000E+000  4.940853E-001  8.694134E-001  0.000000E+000  0.000000E+000  0.000000E+000  1.000000E+000
  2.160000E+000  0.000000E+000  0.000000E+000  1.000000E-001  8.712626E-001 -4.908172E-001  0.000000E+000  4.908172E-001  8.712626E-001  0.000000E+000  0.000000E+000  0.000000E+000  1.000000E+000
  2.175000E+000  0.000000E+000  0.000000E+000  1.000000E-001  8.732131E-001 -4.873386E-001  0.000000E+000  4.873386E-001  8.732131E-001  0.000000E+000  0.000000E+000  0.000000E+000  1.000000E+000
  2.190000E+000  0.000000E+000  0.000000E+000  1.000000E-001  8.752620E-001 -4.836490E-001  0.000000E+000  4.836490E-001  8.752620E-001  0.000000E+000  0.000000E+000  0.000000E+000  1.000000E+000
  2.205000E+000  0.000000E+000  0.000000E+000  1.000000E-001  8.774063E-001 -4.797480E-001  0.000000E+000  4.797480E-001  8.774063E-001  0.000000E+000  0.000000E+000  0.000000E+000  1.000000E+000
  2.220000E+000  0.000000E+000  0.000000E+000  1.000000E-001  8.796427E-001 -4.756351E-001  0.000000E+000  4.756351E-001  8.796427E-001  0.000000E+000  0.000000E+000  0.000000E+000  1.000000E+000
  2.235000E+000  0.000000E+000  0.000000E+000  1.000000E-001  8.819675E-001 -4.713102E-001  0.000000E+000  4.713102E-001  8.819675E-001  0.000000E+000  0.000000E+000  0.000000E+000  1.000000E+000
  2.250000E+000  0.000000E+000  0.000000E+000  1.000000E-001  8.843772E-001 -4.667730E-001  0.000000E+000  4.667730E-001  8.843772E-001  0.000000E+000  0.000000E+000  0.000000E+000  1.000000E+000
  2.265000E+000  0.000000E+000  0.000000E+000  1.000000E-001  8.868677E-001 -4.620235E-001  0.000000E+000  4.620235E-001  8.868677E-001  0.000000E+000  0.000000E+000  0.000000E+000  1.000000E+000
  2.280000E+000  0.000000E+000  0.000000E+000  1.000000E-001  8.894349E-001 -4.570618E-001  0.000000E+000  4.570618E-001  8.894349E-001  0.000000E+000  0.000000E+000  0.000000E+000  1.000000E+000
  2.295000E+000  0.000000E+000  0.000000E+000  1.000000E-001  8.920746E-001 -4.518882E-001  0.000000E+000  4.518882E-001  8.920746E-001  0.000000E+000  0.000000E+000  0.000000E+000  1.000000E+000
  2.310000E+000  0.000000E+000  0.000000E+000  1.000000E-001  8.947821E-001 -4.465030E-001  0.000000E+000  4.465030E-001  8.947821E-001  0.000000E+000  0.000000E+000  0.000000E+000  1.000000E+000
  2.325000E+000  0.000000E+000  0.000000E+000  1.000000E-001  8.975529E-001 -4.409068E-001  0.000000E+000  4.409068E-001  8.975529E-001  0.000000E+000  0.000000E+000  0.000000E+000  1.000000E+000
  2.340000E+000  0.000000E+000  0.000000E+000  1.000000E-001  9.003820E-001 -4.351002E-001  0.000000E+000  4.351002E-001  9.003820E-001  0.000000E+000  0.000000E+000  0.000000E+000  1.000000E+000
  2.355000E+000  0.000000E+000  0.000000E+000  1.000000E-001  9.032645E-001 -4.290842E-001  0.000000E+000  4.290842E-001  9.032645E-001  0.000000E+000  0.000000E+000  0.000000E+000  1.000000E+000
  2.370000E+000  0.000000E+000  0.000000E+000  1.000000E-001  9.061951E-001 -4.228598E-001  0.000000E+000  4.228598E-001  9.061951E-001  0.000000E+000  0.000000E+000  0.000000E+000  1.000000E+000
  2.385000E+000  0.000000E+000  0.000000E+000  1.000000E-001  9.091686E-001 -4.164282E-001  0.000000E+000  4.164282E-001  9.091686E-001  0.000000E+000  0.000000E+000  0.000000E+000  1.000000E+000
  2.400000E+000  0.000000E+000  0.000000E+000  1.000000E-001  9.121795E-001 -4.097908E-001  0.000000E+000  4.097908E-001  9.121795E-001  0.000000E+000  0.000000E+000  0.000000E+000  1.000000E+000
  2.415000E+000  0.000000E+000  0.000000E+000  1.000000E-001  9.152223E-001 -4.029494E-001  0.000000E+000  4.029494E-001  9.152223E-001  0.000000E+000  0.000000E+000  0.000000E+000  1.000000E+000
  2.430000E+000  0.000000E+000  0.000000E+000  1.000000E-001  9.182912E-001 -3.959056E-001  0.000000E+000  3.959056E-001  9.182912E-001  0.000000E+000  0.000000E+000  0.000000E+000  1.000000E+000
  2.445000E+000  0.000000E+000  0.000000E+000  1.000000E-001  9.213806E-001 -3.886616E-001  0.000000E+000  3.886616E-001  9.213806E-001  0.000000E+000  0.000000E+000  0.000000E+000  1.000000E+000
  2.460000E+000  0.000000E+000  0.000000E+000  1.000000E-001  9.244846E-001 -3.812195E-001  0.000000E+000  3.812195E-001  9.244846E-001  0.000000E+000  0.000000E+000  0.000000E+000  1.000000E+000
  2.475000E+000  0.000000E+000  0.000000E+000  1.000000E-001  9.275972E-001 -3.735819E-001  0.000000E+000  3.735819E-001  9.275972E-001  0.000000E+000  0.000000E+000  0.000000E+000  1.000000E+000
  2.490000E+000  0.000000E+000  0.000000E+000  1.000000E-001  9.307125E-001 -3.657515E-001  0.000000E+000  3.657515E-001  9.307125E-001  0.000000E+000  0.000000E+000  0.000000E+000  1.000000E+000
  2.505000E+000  0.000000E+000  0.000000E+000  1.000000E-001  9.338246E-001 -3.577311E-001  0.000000E+000  3.577311E-001  9.338246E-001  0.000000E+000  0.000000E+000  0.000000E+000  1.000000E+000
  2.520000E+000  0.000000E+000  0.000000E+000  1.000000E-001  9.369274E-001 -3.495240E-001  0.000000E+000  3.495240E-001  9.369274E-001  0.000000E+000  0.000000E+000  0.000000E+000  1.000000E+000
  2.535000E+000  0.000000E+000  0.000000E+000  1.000000E-001  9.400149E-001 -3.411333E-001  0.000000E+000  3.411333E-001  9.400149E-001  0.000000E+000  0.000000E+000  0.000000E+000  1.000000E+000
  2.550000E+000  0.000000E+000  0.000000E+000  1.000000E-001  9.430811E-001 -3.325627E-001  0.000000E+000  3.325627E-001  9.430811E-001  0.000000E+000  0.000000E+000  0.000000E+000  1.000000E+000
  2.565000E+000  0.000000E+000  0.000000E+000  1.000000E-001  9.461200E-001 -3.238161E-001  0.000000E+000  3.238161E-001  9.461200E-001  0.000000E+000  0.000000E+000  0.000000E+000  1.000000E+000
  2.580000E+000  0.000000E+000  0.000000E+000  1.000000E-001  9.491257E-001 -3.148973E-001  0.000000E+000  3.148973E-001  9.491257E-001  0.000000E+000  0.000000E+000  0.000000E+000  1.000000E+000
  2.595000E+000  0.000000E+000  0.000000E+000  1.000000E-001  9.520924E-001 -3.058106E-001  0.000000E+000  3.058106E-001  9.520924E-001  0.000000E+000  0.000000E+000  0.000000E+000  1.000000E+000
  2.610000E+000  0.000000E+000  0.000000E+000  1.000000E-001  9.550141E-001 -2.965604E-001  0.000000E+000  2.965604E-001  9.550141E-001  0.000000E+000  0.000000E+000  0.000000E+000  1.000000E+000
  2.625000E+000  0.000000E+000  0.000000E+000  1.000000E-001  9.578852E-001 -2.871514E-001  0.000000E+000  2.871514E-001  9.578852E-001  0.000000E+000  0.000000E+000  0.000000E+000  1.000000E+000
  2.640000E+000  0.000000E+000  0.000000E+000  1.000000E-001  9.607001E-001 -2.775883E-001  0.000000E+000  2.775883E-001  9.607001E-001  0.000000E+000  0.000000E+000  0.000000E+000  1.000000E+000
  2.655000E+000  0.000000E+000  0.000000E+000  1.000000E-001  9.634534E-001 -2.678760E-001  0.000000E+000  2.678760E-001  9.634534E-001  0.000000E+000  0.000000E+000  0.000000E+000  1.000000E+000
  2.670000E+000  0.000000E+000  0.000000E+000  1.000000E-001  9.661396E-001 -2.580199E-001  0.000000E+000  2.580199E-001  9.661396E-001  0.000000E+000  0.000000E+000  0.000000E+000  1.000000E+000
  2.685000E+000  0.000000E+000  0.000000E+000  1.000000E-001  9.687536E-001 -2.480252E-001  0.000000E+000  2.480252E-001  9.687536E-001  0.000000E+000  0.000000E+000  0.000000E+000  1.000000E+000
  2.700000E+000  0.000000E+000  0.000000E+000  1.000000E-001  9.712903E-001 -2.378974E-001  0.000000E+000  2.378974E-001  9.712903E-001  0.000000E+000  0.000000E+000  0.000000E+000  1.000000E+000
  2.715000E+000  0.000000E+000  0.000000E+000  1.000000E-001  9.737449E-001 -2.276421E-001  0.000000E+000  2.276421E-001  9.737449E-001  0.000000E+000  0.000000E+000  0.000000E+000  1.000000E+000
  2.730000E+000  0.000000E+000  0.000000E+000  1.000000E-001  9.761126E-001 -2.172652E-001  0.000000E+000  2.172652E-001  9.761126E-001  0.000000E+000  0.000000E+000  0.000000E+000  1.000000E+000
  2.745000E+000  0.000000E+000  0.000000E+000  1.000000E-001  9.783891E-001 -2.067724E-001  0.000000E+000  2.067724E-001  9.783891E-001  0.000000E+000  0.000000E+000  0.000000E+000  1.000000E+000
  2.760000E+000  0.000000E+000  0.000000E+000  1.000000E-001  9.805699E-001 -1.961699E-001  0.000000E+000  1.961699E-001  9.805699E-001  0.000000E+000  0.000000E+000  0.000000E+000  1.000000E+000
  2.775000E+000  0.000000E+000  0.000000E+000  1.000000E-001  9.826511E-001 -1.854637E-001  0.000000E+000  1.854637E-001  9.826511E-001  0.000000E+000  0.000000E+000  0.000000E+000  1.000000E+000
  2.790000E+000  0.000000E+000  0.000000E+000  1.000000E-001  9.846288E-001 -1.746601E-001  0.000000E+000  1.746601E-001  9.846288E-001  0.000000E+000  0.000000E+000  0.000000E+000  1.000000E+000
  2.805000E+000  0.000000E+000  0.000000E+000  1.000000E-001  9.864993E-001 -1.637653E-001  0.000000E+000  1.637653E-001  9.864993E-001  0.000000E+000  0.000000E+000  0.000000E+000  1.000000E+000
  2.820000E+000  0.000000E+000  0.000000E+000  1.000000E-001  9.882594E-001 -1.527856E-001  0.000000E+000  1.527856E-001  9.882594E-001  0.000000E+000  0.000000E+000  0.000000E+000  1.000000E+000
  2.835000E+000  0.000000E+000  0.000000E+000  1.000000E-001  9.899057E-001 -1.417274E-001  0.000000E+000  1.417274E-001  9.899057E-001  0.000000E+000  0.000000E+000  0.000000E+000  1.000000E+000
  2.850000E+000  0.000000E+000  0.000000E+000  1.000000E-001  9.914355E-001 -1.305973E-001  0.000000E+000  1.305973E-001  9.914355E-001  0.000000E+000  0.000000E+000  0.000000E+000  1.000000E+000
  2.865000E+000  0.000000E+000  0.000000E+000  1.000000E-001  9.928460E-001 -1.194016E-001  0.000000E+000  1.194016E-001  9.928460E-001  0.000000E+000  0.000000E+000  0.000000E+000  1.000000E+000
  2.880000E+000  0.000000E+000  0.000000E+000  1.000000E-001  9.941349E-001 -1.081467E-001  0.000000E+000  1.081467E-001  9.941349E-001  0.000000E+000  0.000000E+000  0.000000E+000  1.000000E+000
  2.895000E+000  0.000000E+000  0.000000E+000  1.000000E-001  9.953000E-001 -9.683931E-002  0.000000E+000  9.683931E-002  9.953000E-001  0.000000E+000  0.000000E+000  0.000000E+000  1.000000E+000
  2.910000E+000  0.000000E+000  0.000000E+000  1.000000E-001  9.963394E-001 -8.548575E-002  0.000000E+000  8.548575E-002  9.963394E-001  0.000000E+000  0.000000E+000  0.000000E+000  1.000000E+000
  2.925000E+000  0.000000E+000  0.000000E+000  1.000000E-001  9.972514E-001 -7.409251E-002  0.000000E+000  7.409251E-002  9.972514E-001  0.000000E+000  0.000000E+000  0.000000E+000  1.000000E+000
  2.940000E+000  0.000000E+000  0.000000E+000  1.000000E-001  9.980346E-001 -6.266600E-002  0.000000E+000  6.266600E-002  9.980346E-001  0.000000E+000  0.000000E+000  0.000000E+000  1.000000E+000
  2.955000E+000  0.000000E+000  0.000000E+000  1.000000E-001  9.986878E-001 -5.121263E-002  0.000000E+000  5.121263E-002  9.986878E-001  0.000000E+000  0.000000E+000  0.000000E+000  1.000000E+000
  2.970000E+000  0.000000E+000  0.000000E+000  1.000000E-001  9.992101E-001 -3.973873E-002  0.000000E+000  3.973873E-002  9.992101E-001  0.000000E+000  0.000000E+000  0.000000E+000  1.000000E+000
  2.985000E+000  0.000000E+000  0.000000E+000  1.000000E-001  9.996009E-001 -2.825058E-002  0.000000E+000  2.825058E-002  9.996009E-001  0.000000E+000  0.000000E+000  0.000000E+000  1.000000E+000
