% FILE: wooden_phantom.3
%
%       t         P_No_Bo[1]     P_No_Bo[2]     P_No_Bo[3]      N_B[1,1]       N_B[1,2]       N_B[1,3]       N_B[2,1]       N_B[2,2]       N_B[2,3]       N_B[3,1]       N_B[3,2]       N_B[3,3]
%   (second)        (meter)        (meter)        (meter)       (NoUnits)      (NoUnits)      (NoUnits)      (NoUnits)      (NoUnits)      (NoUnits)      (NoUnits)      (NoUnits)      (NoUnits)

  0.000000E+000  0.000000E+000  0.000000E+000  1.000000E-001  5.403023E-001  8.414710E-001  0.000000E+000 -8.414710E-001  5.403023E-001  0.000000E+000  0.000000E+000  0.000000E+000  1.000000E+000
  1.500000E-002  0.000000E+000  0.000000E+000  1.000000E-001  5.411072E-001  8.409536E-001 -3.690514E-005 -8.409536E-001  5.411072E-001  5.735556E-005  6.820300E-005  0.000000E+000  1.000000E+000
  3.000000E-002  0.000000E+000  0.000000E+000  1.000000E-001  5.434663E-001  8.394310E-001 -1.357810E-004 -8.394309E-001  5.434663E-001  2.097255E-004  2.498425E-004  0.000000E+000  1.000000E+000
  4.500000E-002  0.000000E+000  0.000000E+000  1.000000E-001  5.472954E-001  8.369394E-001 -2.768478E-004 -8.369393E-001  5.472955E-001  4.233633E-004  5.058469E-004  0.000000E+000  9.999999E-001
  6.000000E-002  0.000000E+000  0.000000E+000  1.000000E-001  5.525096E-001  8.335064E-001 -4.378935E-004 -8.335062E-001  5.525098E-001  6.605984E-004  7.925534E-004  0.000000E+000  9.999997E-001
  7.500000E-002  0.000000E+000  0.000000E+000  1.000000E-001  5.590225E-001  8.291523E-001 -5.944313E-004 -8.291518E-001  5.590228E-001  8.816708E-004  1.063340E-003  0.000000E+000  9.999994E-001
  9.000000E-002  0.000000E+000  0.000000E+000  1.000000E-001  5.667463E-001  8.238920E-001 -7.197321E-004 -8.238914E-001  5.667468E-001  1.046290E-003  1.269936E-003  0.000000E+000  9.999992E-001
  1.050000E-001  0.000000E+000  0.000000E+000  1.000000E-001  5.755918E-001  8.177368E-001 -7.847976E-004 -8.177360E-001  5.755923E-001  1.114952E-003  1.363461E-003  0.000000E+000  9.999991E-001
  1.200000E-001  0.000000E+000  0.000000E+000  1.000000E-001  5.854679E-001  8.106952E-001 -7.583229E-004 -8.106946E-001  5.854684E-001  1.050046E-003  1.295241E-003  0.000000E+000  9.999992E-001
  1.350000E-001  0.000000E+000  0.000000E+000  1.000000E-001  5.962820E-001  8.027748E-001 -6.066890E-004 -8.027744E-001  5.962823E-001  8.167854E-004  1.017453E-003  0.000000E+000  9.999995E-001
  1.500000E-001  0.000000E+000  0.000000E+000  1.000000E-001  6.079401E-001  7.939828E-001 -2.940128E-004 -7.939827E-001  6.079402E-001  3.839870E-004  4.836213E-004  0.000000E+000  9.999999E-001
  1.650000E-001  0.000000E+000  0.000000E+000  1.000000E-001  6.203468E-001  7.843276E-001  2.177248E-004 -7.843275E-001  6.203469E-001 -2.752776E-004 -3.509727E-004  0.000000E+000  9.999999E-001
  1.800000E-001  0.000000E+000  0.000000E+000  1.000000E-001  6.334060E-001  7.738190E-001  9.684599E-004 -7.738181E-001  6.334068E-001 -1.183146E-003 -1.528970E-003  0.000000E+000  9.999988E-001
  1.950000E-001  0.000000E+000  0.000000E+000  1.000000E-001  6.470209E-001  7.624696E-001  1.999730E-003 -7.624660E-001  6.470240E-001 -2.356533E-003 -3.090658E-003  0.000000E+000  9.999952E-001
  2.100000E-001  0.000000E+000  0.000000E+000  1.000000E-001  6.610947E-001  7.502950E-001  3.354261E-003 -7.502853E-001  6.611032E-001 -3.806797E-003 -5.073733E-003  0.000000E+000  9.999871E-001
  2.250000E-001  0.000000E+000  0.000000E+000  1.000000E-001  6.755310E-001  7.373141E-001  5.075465E-003 -7.372933E-001  6.755501E-001 -5.539503E-003 -7.513085E-003  0.000000E+000  9.999718E-001
  2.400000E-001  0.000000E+000  0.000000E+000  1.000000E-001  6.902346E-001  7.235498E-001  7.206850E-003 -7.235104E-001  6.902722E-001 -7.554287E-003 -1.044059E-002  0.000000E+000  9.999455E-001
  2.550000E-001  0.000000E+000  0.000000E+000  1.000000E-001  7.051114E-001  7.090289E-001  9.791364E-003 -7.089606E-001  7.051794E-001 -9.844814E-003 -1.388493E-002  0.000000E+000  9.999036E-001
  2.700000E-001  0.000000E+000  0.000000E+000  1.000000E-001  7.200698E-001  6.937823E-001  1.287069E-002 -6.936715E-001  7.201848E-001 -1.239884E-002 -1.787137E-002  0.000000E+000  9.998403E-001
  2.850000E-001  0.000000E+000  0.000000E+000  1.000000E-001  7.350205E-001  6.778445E-001  1.648448E-002 -6.776741E-001  7.352053E-001 -1.519836E-002 -2.242160E-002  0.000000E+000  9.997486E-001
  3.000000E-001  0.000000E+000  0.000000E+000  1.000000E-001  7.498774E-001  6.612538E-001  2.066963E-002 -6.610028E-001  7.501622E-001 -1.821989E-002 -2.755355E-002  0.000000E+000  9.996203E-001
  3.150000E-001  0.000000E+000  0.000000E+000  1.000000E-001  7.645580E-001  6.440519E-001  2.545949E-002 -6.436951E-001  7.649818E-001 -2.143480E-002 -3.328117E-002  0.000000E+000  9.994460E-001
  3.300000E-001  0.000000E+000  0.000000E+000  1.000000E-001  7.789837E-001  6.262832E-001  3.088315E-002 -6.257916E-001  7.795956E-001 -2.480978E-002 -3.961432E-002  0.000000E+000  9.992150E-001
  3.450000E-001  0.000000E+000  0.000000E+000  1.000000E-001  7.930801E-001  6.079947E-001  3.696473E-002 -6.073354E-001  7.939411E-001 -2.830734E-002 -4.655854E-002  0.000000E+000  9.989156E-001
  3.600000E-001  0.000000E+000  0.000000E+000  1.000000E-001  8.067777E-001  5.892351E-001  4.372282E-002 -5.883717E-001  8.079616E-001 -3.188644E-002 -5.411497E-002  0.000000E+000  9.985347E-001
  3.750000E-001  0.000000E+000  0.000000E+000  1.000000E-001  8.200118E-001  5.700546E-001  5.116987E-002 -5.689480E-001  8.216068E-001 -3.550314E-002 -6.228024E-002  0.000000E+000  9.980587E-001
  3.900000E-001  0.000000E+000  0.000000E+000  1.000000E-001  8.327228E-001  5.505042E-001  5.931180E-002 -5.491130E-001  8.348324E-001 -3.911131E-002 -7.104635E-002  0.000000E+000  9.974730E-001
  4.050000E-001  0.000000E+000  0.000000E+000  1.000000E-001  8.448565E-001  5.306349E-001  6.814767E-002 -5.289170E-001  8.476005E-001 -4.266341E-002 -8.040069E-002  0.000000E+000  9.967626E-001
  4.200000E-001  0.000000E+000  0.000000E+000  1.000000E-001  8.563642E-001  5.104976E-001  7.766946E-002 -5.084108E-001  8.598792E-001 -4.611121E-002 -9.032602E-002  0.000000E+000  9.959123E-001
  4.350000E-001  0.000000E+000  0.000000E+000  1.000000E-001  8.672028E-001  4.901424E-001  8.786204E-002 -4.876459E-001  8.716424E-001 -4.940663E-002 -1.008006E-001  0.000000E+000  9.949067E-001
  4.500000E-001  0.000000E+000  0.000000E+000  1.000000E-001  8.773349E-001  4.696182E-001  9.870320E-002 -4.666741E-001  8.828696E-001 -5.250245E-002 -1.117982E-001  0.000000E+000  9.937309E-001
  4.650000E-001  0.000000E+000  0.000000E+000  1.000000E-001  8.867288E-001  4.489721E-001  1.101639E-001 -4.455468E-001  8.935458E-001 -5.535307E-002 -1.232885E-001  0.000000E+000  9.923709E-001
  4.800000E-001  0.000000E+000  0.000000E+000  1.000000E-001  8.953589E-001  4.282494E-001  1.222085E-001 -4.243152E-001  9.036606E-001 -5.791525E-002 -1.352372E-001  0.000000E+000  9.908133E-001
  4.950000E-001  0.000000E+000  0.000000E+000  1.000000E-001  9.032051E-001  4.074931E-001  1.347955E-001 -4.030295E-001  9.132083E-001 -6.014866E-002 -1.476066E-001  0.000000E+000  9.890462E-001
  5.100000E-001  0.000000E+000  0.000000E+000  1.000000E-001  9.102534E-001  3.867438E-001  1.478779E-001 -3.817391E-001  9.221872E-001 -6.201654E-002 -1.603556E-001  0.000000E+000  9.870593E-001
  5.250000E-001  0.000000E+000  0.000000E+000  1.000000E-001  9.164955E-001  3.660395E-001  1.614038E-001 -3.604919E-001  9.305993E-001 -6.348615E-002 -1.734407E-001  0.000000E+000  9.848443E-001
  5.400000E-001  0.000000E+000  0.000000E+000  1.000000E-001  9.219284E-001  3.454152E-001  1.753177E-001 -3.393341E-001  9.384500E-001 -6.452916E-002 -1.868162E-001  0.000000E+000  9.823949E-001
  5.550000E-001  0.000000E+000  0.000000E+000  1.000000E-001  9.265552E-001  3.249034E-001  1.895607E-001 -3.183102E-001  9.457472E-001 -6.512197E-002 -2.004348E-001  0.000000E+000  9.797070E-001
  5.700000E-001  0.000000E+000  0.000000E+000  1.000000E-001  9.303837E-001  3.045338E-001  2.040719E-001 -2.974623E-001  9.525015E-001 -6.524588E-002 -2.142484E-001  0.000000E+000  9.767792E-001
  5.850000E-001  0.000000E+000  0.000000E+000  1.000000E-001  9.334270E-001  2.843332E-001  2.187891E-001 -2.768303E-001  9.587255E-001 -6.488720E-002 -2.282083E-001  0.000000E+000  9.736123E-001
  6.000000E-001  0.000000E+000  0.000000E+000  1.000000E-001  9.357028E-001  2.643257E-001  2.336498E-001 -2.564514E-001  9.644335E-001 -6.403723E-002 -2.422664E-001  0.000000E+000  9.702098E-001
  6.150000E-001  0.000000E+000  0.000000E+000  1.000000E-001  9.372330E-001  2.445327E-001  2.485921E-001 -2.363597E-001  9.696411E-001 -6.269215E-002 -2.563754E-001  0.000000E+000  9.665773E-001
  6.300000E-001  0.000000E+000  0.000000E+000  1.000000E-001  9.380436E-001  2.249731E-001  2.635552E-001 -2.165868E-001  9.743650E-001 -6.085280E-002 -2.704892E-001  0.000000E+000  9.627230E-001
  6.450000E-001  0.000000E+000  0.000000E+000  1.000000E-001  9.381636E-001  2.056635E-001  2.784809E-001 -1.971607E-001  9.786228E-001 -5.852444E-002 -2.845641E-001  0.000000E+000  9.586570E-001
  6.600000E-001  0.000000E+000  0.000000E+000  1.000000E-001  9.376252E-001  1.866180E-001  2.933134E-001 -1.781066E-001  9.824326E-001 -5.571635E-002 -2.985583E-001  0.000000E+000  9.543914E-001
  6.750000E-001  0.000000E+000  0.000000E+000  1.000000E-001  9.364628E-001  1.678487E-001  3.080005E-001 -1.594461E-001  9.858128E-001 -5.244147E-002 -3.124331E-001  0.000000E+000  9.499398E-001
  6.900000E-001  0.000000E+000  0.000000E+000  1.000000E-001  9.347127E-001  1.493656E-001  3.224937E-001 -1.411979E-001  9.887820E-001 -4.871596E-002 -3.261524E-001  0.000000E+000  9.453172E-001
  7.050000E-001  0.000000E+000  0.000000E+000  1.000000E-001  9.324124E-001  1.311770E-001  3.367487E-001 -1.233772E-001  9.913590E-001 -4.455872E-002 -3.396839E-001  0.000000E+000  9.405397E-001
  7.200000E-001  0.000000E+000  0.000000E+000  1.000000E-001  9.296005E-001  1.132894E-001  3.507256E-001 -1.059963E-001  9.935620E-001 -3.999096E-002 -3.529982E-001  0.000000E+000  9.356240E-001
  7.350000E-001  0.000000E+000  0.000000E+000  1.000000E-001  9.263157E-001  9.570779E-002  3.643890E-001 -8.906447E-002  9.954095E-001 -3.503569E-002 -3.660694E-001  0.000000E+000  9.305876E-001
  7.500000E-001  0.000000E+000  0.000000E+000  1.000000E-001  9.225966E-001  7.843567E-002  3.777080E-001 -7.258811E-002  9.969192E-001 -2.971733E-002 -3.788752E-001  0.000000E+000  9.254478E-001
  7.650000E-001  0.000000E+000  0.000000E+000  1.000000E-001  9.184816E-001  6.147538E-002  3.906562E-001 -5.657100E-002  9.981086E-001 -2.406125E-002 -3.913965E-001  0.000000E+000  9.202221E-001
  7.800000E-001  0.000000E+000  0.000000E+000  1.000000E-001  9.140081E-001  4.482810E-002  4.032116E-001 -4.101448E-002  9.989947E-001 -1.809340E-002 -4.036173E-001  0.000000E+000  9.149279E-001
  7.950000E-001  0.000000E+000  0.000000E+000  1.000000E-001  9.092125E-001  2.849402E-002  4.153561E-001 -2.591765E-002  9.995940E-001 -1.183997E-002 -4.155248E-001  0.000000E+000  9.095818E-001
  8.100000E-001  0.000000E+000  0.000000E+000  1.000000E-001  9.041298E-001  1.247245E-002  4.270758E-001 -1.127759E-002  9.999222E-001 -5.327094E-003 -4.271090E-001  0.000000E+000  9.042001E-001
  8.250000E-001  0.000000E+000  0.000000E+000  1.000000E-001  8.987935E-001 -3.238092E-003  4.383602E-001  2.910391E-003  9.999948E-001  1.419458E-003 -4.383625E-001  0.000000E+000  8.987983E-001
  8.400000E-001  0.000000E+000  0.000000E+000  1.000000E-001  8.932357E-001 -1.863971E-002  4.492022E-001  1.665255E-002  9.998263E-001  8.374452E-003 -4.492802E-001  0.000000E+000  8.933909E-001
  8.550000E-001  0.000000E+000  0.000000E+000  1.000000E-001  8.874864E-001 -3.373509E-002  4.595975E-001  2.995648E-002  9.994308E-001  1.551339E-002 -4.598593E-001  0.000000E+000  8.879918E-001
  8.700000E-001  0.000000E+000  0.000000E+000  1.000000E-001  8.815740E-001 -4.852738E-002  4.695448E-001  4.283094E-002  9.988219E-001  2.281266E-002 -4.700987E-001  0.000000E+000  8.826139E-001
  8.850000E-001  0.000000E+000  0.000000E+000  1.000000E-001  8.755252E-001 -6.302014E-002  4.790450E-001  5.528561E-002  9.980123E-001  3.024961E-002 -4.799991E-001  0.000000E+000  8.772690E-001
  9.000000E-001  0.000000E+000  0.000000E+000  1.000000E-001  8.693646E-001 -7.721722E-002  4.881011E-001  6.733095E-002  9.970143E-001  3.780267E-002 -4.895628E-001  0.000000E+000  8.719681E-001
  9.150000E-001  0.000000E+000  0.000000E+000  1.000000E-001  8.631154E-001 -9.112273E-002  4.967178E-001  7.897800E-002  9.958397E-001  4.545137E-002 -4.987929E-001  0.000000E+000  8.667212E-001
  9.300000E-001  0.000000E+000  0.000000E+000  1.000000E-001  8.567986E-001 -1.047410E-001  5.049014E-001  9.023828E-002  9.944995E-001  5.317636E-002 -5.076940E-001  0.000000E+000  8.615375E-001
  9.450000E-001  0.000000E+000  0.000000E+000  1.000000E-001  8.504340E-001 -1.180764E-001  5.126597E-001  1.011236E-001  9.930045E-001  6.095945E-002 -5.162713E-001  0.000000E+000  8.564251E-001
  9.600000E-001  0.000000E+000  0.000000E+000  1.000000E-001  8.440395E-001 -1.311335E-001  5.200013E-001  1.116459E-001  9.913647E-001  6.878354E-002 -5.245308E-001  0.000000E+000  8.513915E-001
  9.750000E-001  0.000000E+000  0.000000E+000  1.000000E-001  8.376316E-001 -1.439168E-001  5.269358E-001  1.218174E-001  9.895898E-001  7.663267E-002 -5.324790E-001  0.000000E+000  8.464432E-001
  9.900000E-001  0.000000E+000  0.000000E+000  1.000000E-001  8.312253E-001 -1.564309E-001  5.334734E-001  1.316501E-001  9.876889E-001  8.449193E-002 -5.401229E-001  0.000000E+000  8.415861E-001
  1.005000E+000  0.000000E+000  0.000000E+000  1.000000E-001  8.248344E-001 -1.686804E-001  5.396250E-001  1.411561E-001  9.856708E-001  9.234745E-002 -5.474698E-001  0.000000E+000  8.368254E-001
  1.020000E+000  0.000000E+000  0.000000E+000  1.000000E-001  8.184713E-001 -1.806698E-001  5.454019E-001  1.503472E-001  9.835438E-001  1.001863E-001 -5.545273E-001  0.000000E+000  8.321655E-001
  1.035000E+000  0.000000E+000  0.000000E+000  1.000000E-001  8.121472E-001 -1.924034E-001  5.508156E-001  1.592350E-001  9.813159E-001  1.079966E-001 -5.613030E-001  0.000000E+000  8.276104E-001
  1.050000E+000  0.000000E+000  0.000000E+000  1.000000E-001  8.058725E-001 -2.038855E-001  5.558778E-001  1.678311E-001  9.789947E-001  1.157672E-001 -5.678047E-001  0.000000E+000  8.231633E-001
  1.065000E+000  0.000000E+000  0.000000E+000  1.000000E-001  7.996564E-001 -2.151205E-001  5.606005E-001  1.761465E-001  9.765875E-001  1.234878E-001 -5.740402E-001  0.000000E+000  8.188271E-001
  1.080000E+000  0.000000E+000  0.000000E+000  1.000000E-001  7.935070E-001 -2.261123E-001  5.649954E-001  1.841920E-001  9.741012E-001  1.311490E-001 -5.800171E-001  0.000000E+000  8.146043E-001
  1.095000E+000  0.000000E+000  0.000000E+000  1.000000E-001  7.874320E-001 -2.368649E-001  5.690746E-001  1.919782E-001  9.715426E-001  1.387420E-001 -5.857433E-001  0.000000E+000  8.104966E-001
  1.110000E+000  0.000000E+000  0.000000E+000  1.000000E-001  7.814379E-001 -2.473821E-001  5.728498E-001  1.995151E-001  9.689180E-001  1.462588E-001 -5.912263E-001  0.000000E+000  8.065057E-001
  1.125000E+000  0.000000E+000  0.000000E+000  1.000000E-001  7.755307E-001 -2.576676E-001  5.763328E-001  2.068125E-001  9.662336E-001  1.536919E-001 -5.964736E-001  0.000000E+000  8.026327E-001
  1.140000E+000  0.000000E+000  0.000000E+000  1.000000E-001  7.697158E-001 -2.677248E-001  5.795351E-001  2.138796E-001  9.634954E-001  1.610345E-001 -6.014924E-001  0.000000E+000  7.988785E-001
  1.155000E+000  0.000000E+000  0.000000E+000  1.000000E-001  7.639979E-001 -2.775571E-001  5.824683E-001  2.207256E-001  9.607091E-001  1.682801E-001 -6.062899E-001  0.000000E+000  7.952437E-001
  1.170000E+000  0.000000E+000  0.000000E+000  1.000000E-001  7.583811E-001 -2.871677E-001  5.851434E-001  2.273589E-001  9.578803E-001  1.754231E-001 -6.108732E-001  0.000000E+000  7.917284E-001
  1.185000E+000  0.000000E+000  0.000000E+000  1.000000E-001  7.528692E-001 -2.965596E-001  5.875716E-001  2.337877E-001  9.550144E-001  1.824580E-001 -6.152490E-001  0.000000E+000  7.883328E-001
  1.200000E+000  0.000000E+000  0.000000E+000  1.000000E-001  7.474654E-001 -3.057356E-001  5.897637E-001  2.400197E-001  9.521165E-001  1.893799E-001 -6.194239E-001  0.000000E+000  7.850567E-001
  1.215000E+000  0.000000E+000  0.000000E+000  1.000000E-001  7.421725E-001 -3.146984E-001  5.917304E-001  2.460625E-001  9.491917E-001  1.961844E-001 -6.234045E-001  0.000000E+000  7.818995E-001
  1.230000E+000  0.000000E+000  0.000000E+000  1.000000E-001  7.369931E-001 -3.234507E-001  5.934819E-001  2.519230E-001  9.462450E-001  2.028672E-001 -6.271969E-001  0.000000E+000  7.788608E-001
  1.245000E+000  0.000000E+000  0.000000E+000  1.000000E-001  7.319293E-001 -3.319947E-001  5.950286E-001  2.576078E-001  9.432813E-001  2.094246E-001 -6.308072E-001  0.000000E+000  7.759396E-001
  1.260000E+000  0.000000E+000  0.000000E+000  1.000000E-001  7.269829E-001 -3.403328E-001  5.963803E-001  2.631233E-001  9.403050E-001  2.158531E-001 -6.342413E-001  0.000000E+000  7.731352E-001
  1.275000E+000  0.000000E+000  0.000000E+000  1.000000E-001  7.221555E-001 -3.484671E-001  5.975467E-001  2.684752E-001  9.373210E-001  2.221495E-001 -6.375049E-001  0.000000E+000  7.704463E-001
  1.290000E+000  0.000000E+000  0.000000E+000  1.000000E-001  7.174485E-001 -3.563995E-001  5.985375E-001  2.736691E-001  9.343337E-001  2.283108E-001 -6.406036E-001  0.000000E+000  7.678718E-001
  1.305000E+000  0.000000E+000  0.000000E+000  1.000000E-001  7.128628E-001 -3.641318E-001  5.993618E-001  2.787102E-001  9.313474E-001  2.343344E-001 -6.435427E-001  0.000000E+000  7.654102E-001
  1.320000E+000  0.000000E+000  0.000000E+000  1.000000E-001  7.083996E-001 -3.716659E-001  6.000288E-001  2.836035E-001  9.283666E-001  2.402179E-001 -6.463274E-001  0.000000E+000  7.630602E-001
  1.335000E+000  0.000000E+000  0.000000E+000  1.000000E-001  7.040594E-001 -3.790032E-001  6.005472E-001  2.883533E-001  9.253953E-001  2.459590E-001 -6.489628E-001  0.000000E+000  7.608201E-001
  1.350000E+000  0.000000E+000  0.000000E+000  1.000000E-001  6.998429E-001 -3.861453E-001  6.009257E-001  2.929639E-001  9.224380E-001  2.515558E-001 -6.514538E-001  0.000000E+000  7.586883E-001
  1.365000E+000  0.000000E+000  0.000000E+000  1.000000E-001  6.957505E-001 -3.930935E-001  6.011729E-001  2.974393E-001  9.194985E-001  2.570065E-001 -6.538051E-001  0.000000E+000  7.566630E-001
  1.380000E+000  0.000000E+000  0.000000E+000  1.000000E-001  6.917825E-001 -3.998489E-001  6.012968E-001  3.017829E-001  9.165811E-001  2.623094E-001 -6.560214E-001  0.000000E+000  7.547423E-001
  1.395000E+000  0.000000E+000  0.000000E+000  1.000000E-001  6.879391E-001 -4.064128E-001  6.013056E-001  3.059981E-001  9.136896E-001  2.674632E-001 -6.581071E-001  0.000000E+000  7.529244E-001
  1.410000E+000  0.000000E+000  0.000000E+000  1.000000E-001  6.842205E-001 -4.127862E-001  6.012070E-001  3.100880E-001  9.108279E-001  2.724664E-001 -6.600665E-001  0.000000E+000  7.512072E-001
  1.425000E+000  0.000000E+000  0.000000E+000  1.000000E-001  6.806266E-001 -4.189700E-001  6.010088E-001  3.140552E-001  9.080001E-001  2.773179E-001 -6.619039E-001  0.000000E+000  7.495887E-001
  1.440000E+000  0.000000E+000  0.000000E+000  1.000000E-001  6.771573E-001 -4.249650E-001  6.007184E-001  3.179022E-001  9.052098E-001  2.820168E-001 -6.636235E-001  0.000000E+000  7.480668E-001
  1.455000E+000  0.000000E+000  0.000000E+000  1.000000E-001  6.738127E-001 -4.307721E-001  6.003432E-001  3.216314E-001  9.024608E-001  2.865621E-001 -6.652291E-001  0.000000E+000  7.466393E-001
  1.470000E+000  0.000000E+000  0.000000E+000  1.000000E-001  6.705923E-001 -4.363918E-001  5.998901E-001  3.252445E-001  8.997568E-001  2.909532E-001 -6.667248E-001  0.000000E+000  7.453040E-001
  1.485000E+000  0.000000E+000  0.000000E+000  1.000000E-001  6.674962E-001 -4.418247E-001  5.993662E-001  3.287435E-001  8.971014E-001  2.951893E-001 -6.681142E-001  0.000000E+000  7.440588E-001
  1.500000E+000  0.000000E+000  0.000000E+000  1.000000E-001  6.645238E-001 -4.470713E-001  5.987782E-001  3.321298E-001  8.944983E-001  2.992701E-001 -6.694011E-001  0.000000E+000  7.429012E-001
  1.515000E+000  0.000000E+000  0.000000E+000  1.000000E-001  6.616751E-001 -4.521322E-001  5.981326E-001  3.354047E-001  8.919510E-001  3.031949E-001 -6.705891E-001  0.000000E+000  7.418290E-001
  1.530000E+000  0.000000E+000  0.000000E+000  1.000000E-001  6.589495E-001 -4.570075E-001  5.974360E-001  3.385693E-001  8.894629E-001  3.069636E-001 -6.716818E-001  0.000000E+000  7.408398E-001
  1.545000E+000  0.000000E+000  0.000000E+000  1.000000E-001  6.563467E-001 -4.616976E-001  5.966945E-001  3.416245E-001  8.870374E-001  3.105759E-001 -6.726825E-001  0.000000E+000  7.399312E-001
  1.560000E+000  0.000000E+000  0.000000E+000  1.000000E-001  6.538663E-001 -4.662027E-001  5.959143E-001  3.445709E-001  8.846779E-001  3.140316E-001 -6.735946E-001  0.000000E+000  7.391010E-001
  1.575000E+000  0.000000E+000  0.000000E+000  1.000000E-001  6.515080E-001 -4.705230E-001  5.951013E-001  3.474090E-001  8.823878E-001  3.173308E-001 -6.744215E-001  0.000000E+000  7.383466E-001
  1.590000E+000  0.000000E+000  0.000000E+000  1.000000E-001  6.492712E-001 -4.746585E-001  5.942611E-001  3.501392E-001  8.801701E-001  3.204734E-001 -6.751663E-001  0.000000E+000  7.376656E-001
  1.605000E+000  0.000000E+000  0.000000E+000  1.000000E-001  6.471554E-001 -4.786092E-001  5.933996E-001  3.527616E-001  8.780280E-001  3.234595E-001 -6.758321E-001  0.000000E+000  7.370556E-001
  1.620000E+000  0.000000E+000  0.000000E+000  1.000000E-001  6.451604E-001 -4.823752E-001  5.925219E-001  3.552762E-001  8.759647E-001  3.262893E-001 -6.764222E-001  0.000000E+000  7.365141E-001
  1.635000E+000  0.000000E+000  0.000000E+000  1.000000E-001  6.432854E-001 -4.859564E-001  5.916336E-001  3.576827E-001  8.739831E-001  3.289630E-001 -6.769394E-001  0.000000E+000  7.360387E-001
  1.650000E+000  0.000000E+000  0.000000E+000  1.000000E-001  6.415301E-001 -4.893525E-001  5.907396E-001  3.599809E-001  8.720861E-001  3.314809E-001 -6.773868E-001  0.000000E+000  7.356270E-001
  1.665000E+000  0.000000E+000  0.000000E+000  1.000000E-001  6.398939E-001 -4.925634E-001  5.898450E-001  3.621703E-001  8.702765E-001  3.338434E-001 -6.777673E-001  0.000000E+000  7.352765E-001
  1.680000E+000  0.000000E+000  0.000000E+000  1.000000E-001  6.383762E-001 -4.955889E-001  5.889545E-001  3.642502E-001  8.685572E-001  3.360508E-001 -6.780837E-001  0.000000E+000  7.349847E-001
  1.695000E+000  0.000000E+000  0.000000E+000  1.000000E-001  6.369766E-001 -4.984286E-001  5.880729E-001  3.662200E-001  8.669307E-001  3.381035E-001 -6.783389E-001  0.000000E+000  7.347492E-001
  1.710000E+000  0.000000E+000  0.000000E+000  1.000000E-001  6.356945E-001 -5.010822E-001  5.872045E-001  3.680787E-001  8.653997E-001  3.400021E-001 -6.785356E-001  0.000000E+000  7.345675E-001
  1.725000E+000  0.000000E+000  0.000000E+000  1.000000E-001  6.345292E-001 -5.035493E-001  5.863538E-001  3.698254E-001  8.639665E-001  3.417471E-001 -6.786766E-001  0.000000E+000  7.344373E-001
  1.740000E+000  0.000000E+000  0.000000E+000  1.000000E-001  6.334802E-001 -5.058294E-001  5.855250E-001  3.714589E-001  8.626335E-001  3.433390E-001 -6.787645E-001  0.000000E+000  7.343561E-001
  1.755000E+000  0.000000E+000  0.000000E+000  1.000000E-001  6.325467E-001 -5.079221E-001  5.847220E-001  3.729781E-001  8.614030E-001  3.447784E-001 -6.788019E-001  0.000000E+000  7.343215E-001
  1.770000E+000  0.000000E+000  0.000000E+000  1.000000E-001  6.317283E-001 -5.098267E-001  5.839487E-001  3.743816E-001  8.602771E-001  3.460660E-001 -6.787914E-001  0.000000E+000  7.343311E-001
  1.785000E+000  0.000000E+000  0.000000E+000  1.000000E-001  6.310240E-001 -5.115428E-001  5.832089E-001  3.756682E-001  8.592578E-001  3.472023E-001 -6.787357E-001  0.000000E+000  7.343827E-001
  1.800000E+000  0.000000E+000  0.000000E+000  1.000000E-001  6.304333E-001 -5.130697E-001  5.825061E-001  3.768362E-001  8.583469E-001  3.481881E-001 -6.786371E-001  0.000000E+000  7.344738E-001
  1.815000E+000  0.000000E+000  0.000000E+000  1.000000E-001  6.299553E-001 -5.144067E-001  5.818436E-001  3.778843E-001  8.575463E-001  3.490240E-001 -6.784982E-001  0.000000E+000  7.346021E-001
  1.830000E+000  0.000000E+000  0.000000E+000  1.000000E-001  6.295893E-001 -5.155532E-001  5.812248E-001  3.788106E-001  8.568576E-001  3.497107E-001 -6.783214E-001  0.000000E+000  7.347654E-001
  1.845000E+000  0.000000E+000  0.000000E+000  1.000000E-001  6.293343E-001 -5.165084E-001  5.806526E-001  3.796137E-001  8.562821E-001  3.502490E-001 -6.781090E-001  0.000000E+000  7.349613E-001
  1.860000E+000  0.000000E+000  0.000000E+000  1.000000E-001  6.291894E-001 -5.172715E-001  5.801301E-001  3.802917E-001  8.558214E-001  3.506394E-001 -6.778635E-001  0.000000E+000  7.351878E-001
  1.875000E+000  0.000000E+000  0.000000E+000  1.000000E-001  6.291538E-001 -5.178417E-001  5.796598E-001  3.808428E-001  8.554765E-001  3.508829E-001 -6.775871E-001  0.000000E+000  7.354425E-001
  1.890000E+000  0.000000E+000  0.000000E+000  1.000000E-001  6.292263E-001 -5.182182E-001  5.792445E-001  3.812652E-001  8.552485E-001  3.509799E-001 -6.772822E-001  0.000000E+000  7.357234E-001
  1.905000E+000  0.000000E+000  0.000000E+000  1.000000E-001  6.294059E-001 -5.184001E-001  5.788865E-001  3.815571E-001  8.551382E-001  3.509314E-001 -6.769509E-001  0.000000E+000  7.360282E-001
  1.920000E+000  0.000000E+000  0.000000E+000  1.000000E-001  6.296913E-001 -5.183865E-001  5.785881E-001  3.817165E-001  8.551464E-001  3.507379E-001 -6.765954E-001  0.000000E+000  7.363550E-001
  1.935000E+000  0.000000E+000  0.000000E+000  1.000000E-001  6.300815E-001 -5.181766E-001  5.783514E-001  3.817416E-001  8.552737E-001  3.504003E-001 -6.762179E-001  0.000000E+000  7.367017E-001
  1.950000E+000  0.000000E+000  0.000000E+000  1.000000E-001  6.305751E-001 -5.177693E-001  5.781782E-001  3.816303E-001  8.555203E-001  3.499191E-001 -6.758205E-001  0.000000E+000  7.370662E-001
  1.965000E+000  0.000000E+000  0.000000E+000  1.000000E-001  6.311706E-001 -5.171638E-001  5.780702E-001  3.813808E-001  8.558864E-001  3.492952E-001 -6.754053E-001  0.000000E+000  7.374467E-001
  1.980000E+000  0.000000E+000  0.000000E+000  1.000000E-001  6.318667E-001 -5.163591E-001  5.780292E-001  3.809910E-001  8.563722E-001  3.485291E-001 -6.749743E-001  0.000000E+000  7.378413E-001
  1.995000E+000  0.000000E+000  0.000000E+000  1.000000E-001  6.326618E-001 -5.153541E-001  5.780564E-001  3.804591E-001  8.569773E-001  3.476215E-001 -6.745294E-001  0.000000E+000  7.382480E-001
  2.010000E+000  0.000000E+000  0.000000E+000  1.000000E-001  6.335541E-001 -5.141480E-001  5.781531E-001  3.797832E-001  8.577015E-001  3.465731E-001 -6.740726E-001  0.000000E+000  7.386651E-001
  2.025000E+000  0.000000E+000  0.000000E+000  1.000000E-001  6.345421E-001 -5.127398E-001  5.783203E-001  3.789613E-001  8.585441E-001  3.453845E-001 -6.736058E-001  0.000000E+000  7.390908E-001
  2.040000E+000  0.000000E+000  0.000000E+000  1.000000E-001  6.356237E-001 -5.111284E-001  5.785588E-001  3.779915E-001  8.595044E-001  3.440562E-001 -6.731307E-001  0.000000E+000  7.395235E-001
  2.055000E+000  0.000000E+000  0.000000E+000  1.000000E-001  6.367971E-001 -5.093130E-001  5.788694E-001  3.768720E-001  8.605813E-001  3.425890E-001 -6.726492E-001  0.000000E+000  7.399615E-001
  2.070000E+000  0.000000E+000  0.000000E+000  1.000000E-001  6.380602E-001 -5.072926E-001  5.792525E-001  3.756011E-001  8.617739E-001  3.409833E-001 -6.721630E-001  0.000000E+000  7.404032E-001
  2.085000E+000  0.000000E+000  0.000000E+000  1.000000E-001  6.394108E-001 -5.050663E-001  5.797084E-001  3.741770E-001  8.630805E-001  3.392398E-001 -6.716736E-001  0.000000E+000  7.408472E-001
  2.100000E+000  0.000000E+000  0.000000E+000  1.000000E-001  6.408466E-001 -5.026333E-001  5.802374E-001  3.725980E-001  8.644997E-001  3.373588E-001 -6.711828E-001  0.000000E+000  7.412919E-001
  2.115000E+000  0.000000E+000  0.000000E+000  1.000000E-001  6.423653E-001 -4.999926E-001  5.808392E-001  3.708625E-001  8.660297E-001  3.353411E-001 -6.706920E-001  0.000000E+000  7.417359E-001
  2.130000E+000  0.000000E+000  0.000000E+000  1.000000E-001  6.439644E-001 -4.971435E-001  5.815137E-001  3.689690E-001  8.676683E-001  3.331870E-001 -6.702028E-001  0.000000E+000  7.421781E-001
  2.145000E+000  0.000000E+000  0.000000E+000  1.000000E-001  6.456412E-001 -4.940853E-001  5.822604E-001  3.669161E-001  8.694134E-001  3.308970E-001 -6.697164E-001  0.000000E+000  7.426170E-001
  2.160000E+000  0.000000E+000  0.000000E+000  1.000000E-001  6.473929E-001 -4.908172E-001  5.830788E-001  3.647024E-001  8.712626E-001  3.284717E-001 -6.692343E-001  0.000000E+000  7.430515E-001
  2.175000E+000  0.000000E+000  0.000000E+000  1.000000E-001  6.492169E-001 -4.873386E-001  5.839679E-001  3.623267E-001  8.732131E-001  3.259114E-001 -6.687576E-001  0.000000E+000  7.434805E-001
  2.190000E+000  0.000000E+000  0.000000E+000  1.000000E-001  6.511100E-001 -4.836490E-001  5.849268E-001  3.597879E-001  8.752620E-001  3.232167E-001 -6.682877E-001  0.000000E+000  7.439029E-001
  2.205000E+000  0.000000E+000  0.000000E+000  1.000000E-001  6.530692E-001 -4.797480E-001  5.859544E-001  3.570850E-001  8.774063E-001  3.203880E-001 -6.678256E-001  0.000000E+000  7.443178E-001
  2.220000E+000  0.000000E+000  0.000000E+000  1.000000E-001  6.550913E-001 -4.756351E-001  5.870491E-001  3.542170E-001  8.796427E-001  3.174257E-001 -6.673723E-001  0.000000E+000  7.447243E-001
  2.235000E+000  0.000000E+000  0.000000E+000  1.000000E-001  6.571730E-001 -4.713102E-001  5.882095E-001  3.511833E-001  8.819675E-001  3.143303E-001 -6.669287E-001  0.000000E+000  7.451215E-001
  2.250000E+000  0.000000E+000  0.000000E+000  1.000000E-001  6.593109E-001 -4.667730E-001  5.894337E-001  3.479833E-001  8.843772E-001  3.111022E-001 -6.664959E-001  0.000000E+000  7.455087E-001
  2.265000E+000  0.000000E+000  0.000000E+000  1.000000E-001  6.615015E-001 -4.620235E-001  5.907199E-001  3.446165E-001  8.868677E-001  3.077420E-001 -6.660745E-001  0.000000E+000  7.458852E-001
  2.280000E+000  0.000000E+000  0.000000E+000  1.000000E-001  6.637413E-001 -4.570618E-001  5.920659E-001  3.410826E-001  8.894349E-001  3.042501E-001 -6.656652E-001  0.000000E+000  7.462505E-001
  2.295000E+000  0.000000E+000  0.000000E+000  1.000000E-001  6.660264E-001 -4.518882E-001  5.934694E-001  3.373815E-001  8.920746E-001  3.006271E-001 -6.652688E-001  0.000000E+000  7.466039E-001
  2.310000E+000  0.000000E+000  0.000000E+000  1.000000E-001  6.683532E-001 -4.465030E-001  5.949278E-001  3.335132E-001  8.947821E-001  2.968734E-001 -6.648857E-001  0.000000E+000  7.469451E-001
  2.325000E+000  0.000000E+000  0.000000E+000  1.000000E-001  6.707177E-001 -4.409068E-001  5.964386E-001  3.294780E-001  8.975529E-001  2.929898E-001 -6.645164E-001  0.000000E+000  7.472737E-001
  2.340000E+000  0.000000E+000  0.000000E+000  1.000000E-001  6.731160E-001 -4.351002E-001  5.979988E-001  3.252763E-001  9.003820E-001  2.889767E-001 -6.641612E-001  0.000000E+000  7.475894E-001
  2.355000E+000  0.000000E+000  0.000000E+000  1.000000E-001  6.755442E-001 -4.290842E-001  5.996055E-001  3.209086E-001  9.032645E-001  2.848349E-001 -6.638205E-001  0.000000E+000  7.478919E-001
  2.370000E+000  0.000000E+000  0.000000E+000  1.000000E-001  6.779981E-001 -4.228598E-001  6.012555E-001  3.163757E-001  9.061951E-001  2.805652E-001 -6.634945E-001  0.000000E+000  7.481811E-001
  2.385000E+000  0.000000E+000  0.000000E+000  1.000000E-001  6.804736E-001 -4.164282E-001  6.029454E-001  3.116786E-001  9.091686E-001  2.761682E-001 -6.631833E-001  0.000000E+000  7.484570E-001
  2.400000E+000  0.000000E+000  0.000000E+000  1.000000E-001  6.829666E-001 -4.097908E-001  6.046719E-001  3.068184E-001  9.121795E-001  2.716450E-001 -6.628869E-001  0.000000E+000  7.487195E-001
  2.415000E+000  0.000000E+000  0.000000E+000  1.000000E-001  6.854729E-001 -4.029494E-001  6.064311E-001  3.017965E-001  9.152223E-001  2.669964E-001 -6.626053E-001  0.000000E+000  7.489688E-001
  2.430000E+000  0.000000E+000  0.000000E+000  1.000000E-001  6.879882E-001 -3.959056E-001  6.082195E-001  2.966144E-001  9.182912E-001  2.622235E-001 -6.623384E-001  0.000000E+000  7.492048E-001
  2.445000E+000  0.000000E+000  0.000000E+000  1.000000E-001  6.905083E-001 -3.886616E-001  6.100331E-001  2.912738E-001  9.213806E-001  2.573274E-001 -6.620860E-001  0.000000E+000  7.494279E-001
  2.460000E+000  0.000000E+000  0.000000E+000  1.000000E-001  6.930290E-001 -3.812195E-001  6.118680E-001  2.857767E-001  9.244846E-001  2.523093E-001 -6.618477E-001  0.000000E+000  7.496383E-001
  2.475000E+000  0.000000E+000  0.000000E+000  1.000000E-001  6.955460E-001 -3.735819E-001  6.137200E-001  2.801253E-001  9.275972E-001  2.471706E-001 -6.616234E-001  0.000000E+000  7.498363E-001
  2.490000E+000  0.000000E+000  0.000000E+000  1.000000E-001  6.980551E-001 -3.657515E-001  6.155850E-001  2.743218E-001  9.307125E-001  2.419126E-001 -6.614126E-001  0.000000E+000  7.500223E-001
  2.505000E+000  0.000000E+000  0.000000E+000  1.000000E-001  7.005521E-001 -3.577311E-001  6.174586E-001  2.683687E-001  9.338246E-001  2.365371E-001 -6.612148E-001  0.000000E+000  7.501967E-001
  2.520000E+000  0.000000E+000  0.000000E+000  1.000000E-001  7.030328E-001 -3.495240E-001  6.193366E-001  2.622688E-001  9.369274E-001  2.310456E-001 -6.610294E-001  0.000000E+000  7.503600E-001
  2.535000E+000  0.000000E+000  0.000000E+000  1.000000E-001  7.054931E-001 -3.411333E-001  6.212145E-001  2.560249E-001  9.400149E-001  2.254400E-001 -6.608560E-001  0.000000E+000  7.505127E-001
  2.550000E+000  0.000000E+000  0.000000E+000  1.000000E-001  7.079289E-001 -3.325627E-001  6.230880E-001  2.496400E-001  9.430811E-001  2.197222E-001 -6.606939E-001  0.000000E+000  7.506554E-001
  2.565000E+000  0.000000E+000  0.000000E+000  1.000000E-001  7.103362E-001 -3.238161E-001  6.249525E-001  2.431175E-001  9.461200E-001  2.138943E-001 -6.605425E-001  0.000000E+000  7.507887E-001
  2.580000E+000  0.000000E+000  0.000000E+000  1.000000E-001  7.127111E-001 -3.148973E-001  6.268035E-001  2.364606E-001  9.491257E-001  2.079585E-001 -6.604009E-001  0.000000E+000  7.509132E-001
  2.595000E+000  0.000000E+000  0.000000E+000  1.000000E-001  7.150496E-001 -3.058106E-001  6.286365E-001  2.296729E-001  9.520924E-001  2.019171E-001 -6.602684E-001  0.000000E+000  7.510297E-001
  2.610000E+000  0.000000E+000  0.000000E+000  1.000000E-001  7.173481E-001 -2.965604E-001  6.304472E-001  2.227580E-001  9.550141E-001  1.957727E-001 -6.601444E-001  0.000000E+000  7.511388E-001
  2.625000E+000  0.000000E+000  0.000000E+000  1.000000E-001  7.196028E-001 -2.871514E-001  6.322309E-001  2.157199E-001  9.578852E-001  1.895279E-001 -6.600278E-001  0.000000E+000  7.512412E-001
  2.640000E+000  0.000000E+000  0.000000E+000  1.000000E-001  7.218102E-001 -2.775883E-001  6.339833E-001  2.085625E-001  9.607001E-001  1.831855E-001 -6.599180E-001  0.000000E+000  7.513376E-001
  2.655000E+000  0.000000E+000  0.000000E+000  1.000000E-001  7.239667E-001 -2.678760E-001  6.357001E-001  2.012898E-001  9.634534E-001  1.767484E-001 -6.598141E-001  0.000000E+000  7.514289E-001
  2.670000E+000  0.000000E+000  0.000000E+000  1.000000E-001  7.260692E-001 -2.580199E-001  6.373769E-001  1.939060E-001  9.661396E-001  1.702196E-001 -6.597151E-001  0.000000E+000  7.515158E-001
  2.685000E+000  0.000000E+000  0.000000E+000  1.000000E-001  7.281143E-001 -2.480252E-001  6.390095E-001  1.864155E-001  9.687536E-001  1.636025E-001 -6.596203E-001  0.000000E+000  7.515990E-001
  2.700000E+000  0.000000E+000  0.000000E+000  1.000000E-001  7.300989E-001 -2.378974E-001  6.405938E-001  1.788226E-001  9.712903E-001  1.569002E-001 -6.595287E-001  0.000000E+000  7.516794E-001
  2.715000E+000  0.000000E+000  0.000000E+000  1.000000E-001  7.320202E-001 -2.276421E-001  6.421258E-001  1.711317E-001  9.737449E-001  1.501162E-001 -6.594395E-001  0.000000E+000  7.517577E-001
  2.730000E+000  0.000000E+000  0.000000E+000  1.000000E-001  7.338752E-001 -2.172652E-001  6.436016E-001  1.633475E-001  9.761126E-001  1.432542E-001 -6.593518E-001  0.000000E+000  7.518346E-001
  2.745000E+000  0.000000E+000  0.000000E+000  1.000000E-001  7.356614E-001 -2.067724E-001  6.450174E-001  1.554744E-001  9.783891E-001  1.363178E-001 -6.592648E-001  0.000000E+000  7.519109E-001
  2.760000E+000  0.000000E+000  0.000000E+000  1.000000E-001  7.373762E-001 -1.961699E-001  6.463696E-001  1.475173E-001  9.805699E-001  1.293108E-001 -6.591775E-001  0.000000E+000  7.519874E-001
  2.775000E+000  0.000000E+000  0.000000E+000  1.000000E-001  7.390172E-001 -1.854637E-001  6.476548E-001  1.394807E-001  9.826511E-001  1.222372E-001 -6.590893E-001  0.000000E+000  7.520647E-001
  2.790000E+000  0.000000E+000  0.000000E+000  1.000000E-001  7.405823E-001 -1.746601E-001  6.488696E-001  1.313695E-001  9.846288E-001  1.151009E-001 -6.589992E-001  0.000000E+000  7.521436E-001
  2.805000E+000  0.000000E+000  0.000000E+000  1.000000E-001  7.420693E-001 -1.637653E-001  6.500108E-001  1.231883E-001  9.864993E-001  1.079060E-001 -6.589065E-001  0.000000E+000  7.522249E-001
  2.820000E+000  0.000000E+000  0.000000E+000  1.000000E-001  7.434764E-001 -1.527856E-001  6.510756E-001  1.149420E-001  9.882594E-001  1.006567E-001 -6.588104E-001  0.000000E+000  7.523090E-001
  2.835000E+000  0.000000E+000  0.000000E+000  1.000000E-001  7.448018E-001 -1.417274E-001  6.520611E-001  1.066353E-001  9.899057E-001  9.335732E-002 -6.587103E-001  0.000000E+000  7.523967E-001
  2.850000E+000  0.000000E+000  0.000000E+000  1.000000E-001  7.460439E-001 -1.305973E-001  6.529647E-001  9.827296E-002  9.914355E-001  8.601206E-002 -6.586053E-001  0.000000E+000  7.524886E-001
  2.865000E+000  0.000000E+000  0.000000E+000  1.000000E-001  7.472013E-001 -1.194016E-001  6.537840E-001  8.985985E-002  9.928460E-001  7.862531E-002 -6.584948E-001  0.000000E+000  7.525852E-001
  2.880000E+000  0.000000E+000  0.000000E+000  1.000000E-001  7.482727E-001 -1.081467E-001  6.545168E-001  8.140067E-002  9.941349E-001  7.120146E-002 -6.583783E-001  0.000000E+000  7.526872E-001
  2.895000E+000  0.000000E+000  0.000000E+000  1.000000E-001  7.492569E-001 -9.683931E-002  6.551612E-001  7.290016E-002  9.953000E-001  6.374496E-002 -6.582550E-001  0.000000E+000  7.527950E-001
  2.910000E+000  0.000000E+000  0.000000E+000  1.000000E-001  7.501531E-001 -8.548575E-002  6.557153E-001  6.436301E-002  9.963394E-001  5.626026E-002 -6.581244E-001  0.000000E+000  7.529092E-001
  2.925000E+000  0.000000E+000  0.000000E+000  1.000000E-001  7.509604E-001 -7.409251E-002  6.561774E-001  5.579389E-002  9.972514E-001  4.875183E-002 -6.579860E-001  0.000000E+000  7.530302E-001
  2.940000E+000  0.000000E+000  0.000000E+000  1.000000E-001  7.516781E-001 -6.266600E-002  6.565462E-001  4.719743E-002  9.980346E-001  4.122415E-002 -6.578392E-001  0.000000E+000  7.531584E-001
  2.955000E+000  0.000000E+000  0.000000E+000  1.000000E-001  7.523058E-001 -5.121263E-002  6.568206E-001  3.857818E-002  9.986878E-001  3.368171E-002 -6.576836E-001  0.000000E+000  7.532943E-001
  2.970000E+000  0.000000E+000  0.000000E+000  1.000000E-001  7.528431E-001 -3.973873E-002  6.569994E-001  2.994067E-002  9.992101E-001  2.612896E-002 -6.575187E-001  0.000000E+000  7.534382E-001
  2.985000E+000  0.000000E+000  0.000000E+000  1.000000E-001  7.532897E-001 -2.825058E-002  6.570818E-001  2.128937E-002  9.996009E-001  1.857035E-002 -6.573442E-001  0.000000E+000  7.535905E-001
