% FILE: wooden_phantom.4
%
%       t         P_No_Co[1]     P_No_Co[2]     P_No_Co[3]      N_C[1,1]       N_C[1,2]       N_C[1,3]       N_C[2,1]       N_C[2,2]       N_C[2,3]       N_C[3,1]       N_C[3,2]       N_C[3,3]
%   (second)        (meter)        (meter)        (meter)       (NoUnits)      (NoUnits)      (NoUnits)      (NoUnits)      (NoUnits)      (NoUnits)      (NoUnits)      (NoUnits)      (NoUnits)

  0.000000E+000  1.569343E-002  1.007664E-002  3.050000E-001  5.403023E-001  8.414710E-001  0.000000E+000 -8.414710E-001  5.403023E-001  0.000000E+000  0.000000E+000  0.000000E+000  1.000000E+000
  1.500000E-002  1.567622E-002  1.010341E-002  3.050000E-001  5.411069E-001  8.409536E-001  5.674903E-004 -8.409531E-001  5.411072E-001 -8.819565E-004 -1.048758E-003  0.000000E+000  9.999995E-001
  3.000000E-002  1.562755E-002  1.017864E-002  3.050000E-001  5.434618E-001  8.394310E-001  2.226790E-003 -8.394239E-001  5.434663E-001 -3.439471E-003 -4.097383E-003  0.000000E+000  9.999916E-001
  4.500000E-002  1.555217E-002  1.029385E-002  3.050000E-001  5.472733E-001  8.369394E-001  4.928902E-003 -8.369055E-001  5.472955E-001 -7.537414E-003 -9.005925E-003  0.000000E+000  9.999594E-001
  6.000000E-002  1.545513E-002  1.043973E-002  3.049999E-001  5.524422E-001  8.335064E-001  8.643156E-003 -8.334044E-001  5.525098E-001 -1.303891E-002 -1.564345E-002  0.000000E+000  9.998776E-001
  7.500000E-002  1.534183E-002  1.060652E-002  3.049999E-001  5.588633E-001  8.291523E-001  1.335401E-002 -8.289157E-001  5.590228E-001 -1.980690E-002 -2.388814E-002  0.000000E+000  9.997146E-001
  9.000000E-002  1.521804E-002  1.078432E-002  3.049998E-001  5.664262E-001  8.238920E-001  1.905807E-002 -8.234261E-001  5.667468E-001 -2.770514E-002 -3.362714E-002  0.000000E+000  9.994344E-001
  1.050000E-001  1.508991E-002  1.096336E-002  3.049998E-001  5.750155E-001  8.177368E-001  2.576127E-002 -8.169174E-001  5.755923E-001 -3.659872E-002 -4.475611E-002  0.000000E+000  9.989979E-001
  1.200000E-001  1.496401E-002  1.113424E-002  3.049998E-001  5.845105E-001  8.106952E-001  3.347626E-002 -8.093689E-001  5.854684E-001 -4.635441E-002 -5.717859E-002  0.000000E+000  9.983640E-001
  1.350000E-001  1.484738E-002  1.128811E-002  3.049999E-001  5.947857E-001  8.027748E-001  4.221993E-002 -8.007600E-001  5.962823E-001 -5.684068E-002 -7.080526E-002  0.000000E+000  9.974902E-001
  1.500000E-001  1.474751E-002  1.141680E-002  3.050000E-001  6.057112E-001  7.939828E-001  5.201116E-002 -7.910718E-001  6.079402E-001 -6.792769E-002 -8.555310E-002  0.000000E+000  9.963336E-001
  1.650000E-001  1.467234E-002  1.151304E-002  3.050000E-001  6.171530E-001  7.843276E-001  6.286870E-002 -7.802894E-001  6.203469E-001 -7.948723E-002 -1.013444E-001  0.000000E+000  9.948514E-001
  1.800000E-001  1.463026E-002  1.157049E-002  3.049998E-001  6.289735E-001  7.738190E-001  7.480916E-002 -7.684031E-001  6.334068E-001 -9.139269E-002 -1.181060E-001  0.000000E+000  9.930010E-001
  1.950000E-001  1.463000E-002  1.158391E-002  3.049990E-001  6.410330E-001  7.624696E-001  8.784528E-002 -7.554097E-001  6.470240E-001 -1.035191E-001 -1.357682E-001  0.000000E+000  9.907406E-001
  2.100000E-001  1.468062E-002  1.154918E-002  3.049974E-001  6.531896E-001  7.502950E-001  1.019843E-001 -7.413137E-001  6.611032E-001 -1.157434E-001 -1.542638E-001  0.000000E+000  9.880297E-001
  2.250000E-001  1.479138E-002  1.146341E-002  3.049942E-001  6.653014E-001  7.373141E-001  1.172265E-001 -7.261283E-001  6.755501E-001 -1.279443E-001 -1.735275E-001  0.000000E+000  9.848290E-001
  2.400000E-001  1.497161E-002  1.132495E-002  3.049888E-001  6.772269E-001  7.235498E-001  1.335642E-001 -7.098756E-001  6.902722E-001 -1.400032E-001 -1.934949E-001  0.000000E+000  9.811013E-001
  2.550000E-001  1.523062E-002  1.113341E-002  3.049802E-001  6.888272E-001  7.090289E-001  1.509802E-001 -6.925875E-001  7.051794E-001 -1.518044E-001 -2.141019E-001  0.000000E+000  9.768113E-001
  2.700000E-001  1.557753E-002  1.088969E-002  3.049673E-001  6.999668E-001  6.937823E-001  1.694478E-001 -6.743055E-001  7.201848E-001 -1.632358E-001 -2.352838E-001  0.000000E+000  9.719267E-001
  2.850000E-001  1.602112E-002  1.059592E-002  3.049485E-001  7.105156E-001  6.778445E-001  1.889297E-001 -6.550811E-001  7.352053E-001 -1.741894E-001 -2.569754E-001  0.000000E+000  9.664179E-001
  3.000000E-001  1.656966E-002  1.025545E-002  3.049222E-001  7.203502E-001  6.612538E-001  2.093776E-001 -6.349751E-001  7.501622E-001 -1.845624E-001 -2.791098E-001  0.000000E+000  9.602592E-001
  3.150000E-001  1.723076E-002  9.872776E-003  3.048864E-001  7.293556E-001  6.440519E-001  2.307328E-001 -6.140575E-001  7.649818E-001 -1.942581E-001 -3.016187E-001  0.000000E+000  9.534286E-001
  3.300000E-001  1.801123E-002  9.453453E-003  3.048391E-001  7.374266E-001  6.262832E-001  2.529256E-001 -5.924070E-001  7.795956E-001 -2.031862E-001 -3.244318E-001  0.000000E+000  9.459091E-001
  3.450000E-001  1.891687E-002  9.003996E-003  3.047777E-001  7.444693E-001  6.079947E-001  2.758765E-001 -5.701096E-001  7.939411E-001 -2.112644E-001 -3.474773E-001  0.000000E+000  9.376884E-001
  3.600000E-001  1.995241E-002  8.531764E-003  3.046996E-001  7.504025E-001  5.892351E-001  2.994963E-001 -5.472581E-001  8.079616E-001 -2.184185E-001 -3.706814E-001  0.000000E+000  9.287601E-001
  3.750000E-001  2.112134E-002  8.044823E-003  3.046020E-001  7.551584E-001  5.700546E-001  3.236874E-001 -5.239508E-001  8.216068E-001 -2.245837E-001 -3.939688E-001  0.000000E+000  9.191238E-001
  3.900000E-001  2.242582E-002  7.551806E-003  3.044820E-001  7.586838E-001  5.505042E-001  3.483448E-001 -5.002903E-001  8.348324E-001 -2.297051E-001 -4.172631E-001  0.000000E+000  9.087857E-001
  4.050000E-001  2.386661E-002  7.061751E-003  3.043363E-001  7.609409E-001  5.306349E-001  3.733572E-001 -4.763821E-001  8.476005E-001 -2.337379E-001 -4.404872E-001  0.000000E+000  8.977589E-001
  4.200000E-001  2.544302E-002  6.583948E-003  3.041620E-001  7.619075E-001  5.104976E-001  3.986090E-001 -4.523332E-001  8.598792E-001 -2.366483E-001 -4.635640E-001  0.000000E+000  8.860634E-001
  4.350000E-001  2.715287E-002  6.127771E-003  3.039559E-001  7.615774E-001  4.901424E-001  4.239815E-001 -4.282506E-001  8.716424E-001 -2.384135E-001 -4.864168E-001  0.000000E+000  8.737269E-001
  4.500000E-001  2.899253E-002  5.702517E-003  3.037148E-001  7.599601E-001  4.696182E-001  4.493544E-001 -4.042398E-001  8.828696E-001 -2.390217E-001 -5.089703E-001  0.000000E+000  8.607841E-001
  4.650000E-001  3.095692E-002  5.317249E-003  3.034360E-001  7.570807E-001  4.489721E-001  4.746082E-001 -3.804037E-001  8.935458E-001 -2.384722E-001 -5.311515E-001  0.000000E+000  8.472769E-001
  4.800000E-001  3.303960E-002  4.980644E-003  3.031167E-001  7.529789E-001  4.282494E-001  4.996250E-001 -3.568406E-001  9.036606E-001 -2.367749E-001 -5.528902E-001  0.000000E+000  8.332541E-001
  4.950000E-001  3.523283E-002  4.700859E-003  3.027545E-001  7.477085E-001  4.074931E-001  5.242912E-001 -3.336436E-001  9.132083E-001 -2.339500E-001 -5.741201E-001  0.000000E+000  8.187711E-001
  5.100000E-001  3.752774E-002  4.485399E-003  3.023472E-001  7.413359E-001  3.867438E-001  5.484982E-001 -3.108990E-001  9.221872E-001 -2.300274E-001 -5.947797E-001  0.000000E+000  8.038888E-001
  5.250000E-001  3.991442E-002  4.341016E-003  3.018931E-001  7.339387E-001  3.660395E-001  5.721443E-001 -2.886855E-001  9.305993E-001 -2.250457E-001 -6.148127E-001  0.000000E+000  7.886731E-001
  5.400000E-001  4.238212E-002  4.273613E-003  3.013909E-001  7.256043E-001  3.454152E-001  5.951360E-001 -2.670731E-001  9.384500E-001 -2.190516E-001 -6.341691E-001  0.000000E+000  7.731944E-001
  5.550000E-001  4.491939E-002  4.288181E-003  3.008399E-001  7.164279E-001  3.249034E-001  6.173887E-001 -2.461227E-001  9.457472E-001 -2.120987E-001 -6.528052E-001  0.000000E+000  7.575258E-001
  5.700000E-001  4.751429E-002  4.388748E-003  3.002397E-001  7.065110E-001  3.045338E-001  6.388281E-001 -2.258857E-001  9.525015E-001 -2.042462E-001 -6.706846E-001  0.000000E+000  7.417426E-001
  5.850000E-001  5.015458E-002  4.578355E-003  2.995905E-001  6.959590E-001  2.843332E-001  6.593904E-001 -2.064034E-001  9.587255E-001 -1.955582E-001 -6.877781E-001  0.000000E+000  7.259210E-001
  6.000000E-001  5.282789E-002  4.859052E-003  2.988930E-001  6.848796E-001  2.643257E-001  6.790228E-001 -1.877074E-001  9.644335E-001 -1.861022E-001 -7.040639E-001  0.000000E+000  7.101366E-001
  6.150000E-001  5.552191E-002  5.231915E-003  2.981483E-001  6.733809E-001  2.445327E-001  6.976833E-001 -1.698191E-001  9.696411E-001 -1.759480E-001 -7.195274E-001  0.000000E+000  6.944641E-001
  6.300000E-001  5.822457E-002  5.697082E-003  2.973582E-001  6.615695E-001  2.249731E-001  7.153411E-001 -1.527511E-001  9.743650E-001 -1.651666E-001 -7.341613E-001  0.000000E+000  6.789751E-001
  6.450000E-001  6.092421E-002  6.253805E-003  2.965247E-001  6.495491E-001  2.056635E-001  7.319757E-001 -1.365067E-001  9.786228E-001 -1.538291E-001 -7.479652E-001  0.000000E+000  6.637380E-001
  6.600000E-001  6.360968E-002  6.900516E-003  2.956502E-001  6.374188E-001  1.866180E-001  7.475768E-001 -1.210809E-001  9.824326E-001 -1.420059E-001 -7.609446E-001  0.000000E+000  6.488169E-001
  6.750000E-001  6.627048E-002  7.634907E-003  2.947377E-001  6.252719E-001  1.678487E-001  7.621429E-001 -1.064615E-001  9.858128E-001 -1.297657E-001 -7.731112E-001  0.000000E+000  6.342705E-001
  6.900000E-001  6.889687E-002  8.454013E-003  2.937900E-001  6.131952E-001  1.493656E-001  7.756814E-001 -9.262939E-002  9.887820E-001 -1.171746E-001 -7.844817E-001  0.000000E+000  6.201520E-001
  7.050000E-001  7.147993E-002  9.354306E-003  2.928106E-001  6.012676E-001  1.311770E-001  7.882067E-001 -7.955998E-002  9.913590E-001 -1.042958E-001 -7.950770E-001  0.000000E+000  6.065085E-001
  7.200000E-001  7.401159E-002  1.033178E-002  2.918029E-001  5.895604E-001  1.132894E-001  7.997400E-001 -6.722375E-002  9.935620E-001 -9.118916E-002 -8.049221E-001  0.000000E+000  5.933806E-001
  7.350000E-001  7.648469E-002  1.138207E-002  2.907704E-001  5.781361E-001  9.570779E-002  8.103077E-001 -5.558730E-002  9.954095E-001 -7.791041E-002 -8.140446E-001  0.000000E+000  5.808023E-001
  7.500000E-001  7.889296E-002  1.250049E-002  2.897168E-001  5.670491E-001  7.843567E-002  8.199410E-001 -4.461432E-002  9.969192E-001 -6.451136E-002 -8.224749E-001  0.000000E+000  5.688014E-001
  7.650000E-001  8.123103E-002  1.368217E-002  2.886455E-001  5.563450E-001  6.147538E-002  8.286743E-001 -3.426633E-002  9.981086E-001 -5.103960E-002 -8.302446E-001  0.000000E+000  5.573993E-001
  7.800000E-001  8.349441E-002  1.492210E-002  2.875602E-001  5.460615E-001  4.482810E-002  8.365448E-001 -2.450353E-002  9.989947E-001 -3.753845E-002 -8.373867E-001  0.000000E+000  5.466110E-001
  7.950000E-001  8.567942E-002  1.621523E-002  2.864643E-001  5.362284E-001  2.849402E-002  8.435918E-001 -1.528551E-002  9.995940E-001 -2.404709E-002 -8.439345E-001  0.000000E+000  5.364463E-001
  8.100000E-001  8.778316E-002  1.755650E-002  2.853610E-001  5.268683E-001  1.247245E-002  8.498554E-001 -6.571847E-003  9.999222E-001 -1.060060E-002 -8.499216E-001  0.000000E+000  5.269092E-001
  8.250000E-001  8.980346E-002  1.894089E-002  2.842536E-001  5.179967E-001 -3.238092E-003  8.553765E-001  1.677330E-003  9.999948E-001  2.769802E-003 -8.553810E-001  0.000000E+000  5.179994E-001
  8.400000E-001  9.173881E-002  2.036352E-002  2.831451E-001  5.096231E-001 -1.863971E-002  8.601958E-001  9.500877E-003  9.998263E-001  1.603659E-002 -8.603453E-001  0.000000E+000  5.097117E-001
  8.550000E-001  9.358833E-002  2.181963E-002  2.820383E-001  5.017516E-001 -3.373509E-002  8.643537E-001  1.693627E-002  9.994308E-001  2.917565E-002 -8.648460E-001  0.000000E+000  5.020373E-001
  8.700000E-001  9.535166E-002  2.330462E-002  2.809358E-001  4.943810E-001 -4.852738E-002  8.678897E-001  2.401931E-002  9.988219E-001  4.216609E-002 -8.689134E-001  0.000000E+000  4.949642E-001
  8.850000E-001  9.702890E-002  2.481410E-002  2.798401E-001  4.875062E-001 -6.302014E-002  8.708422E-001  3.078390E-002  9.980123E-001  5.498990E-002 -8.725767E-001  0.000000E+000  4.884771E-001
  9.000000E-001  9.862062E-002  2.634386E-002  2.787535E-001  4.811180E-001 -7.721722E-002  8.732485E-001  3.726185E-002  9.970143E-001  6.763175E-002 -8.758636E-001  0.000000E+000  4.825588E-001
  9.150000E-001  1.001277E-001  2.788994E-002  2.776778E-001  4.752045E-001 -9.112273E-002  8.751442E-001  4.348284E-002  9.958397E-001  8.007868E-002 -8.788003E-001  0.000000E+000  4.771898E-001
  9.300000E-001  1.015514E-001  2.944857E-002  2.766152E-001  4.697509E-001 -1.047410E-001  8.765634E-001  4.947430E-002  9.944995E-001  9.231991E-002 -8.814116E-001  0.000000E+000  4.723490E-001
  9.450000E-001  1.028931E-001  3.101622E-002  2.755671E-001  4.647403E-001 -1.180764E-001  8.775388E-001  5.526144E-002  9.930045E-001  1.043466E-001 -8.837209E-001  0.000000E+000  4.680143E-001
  9.600000E-001  1.041546E-001  3.258958E-002  2.745353E-001  4.601545E-001 -1.311335E-001  8.781013E-001  6.086726E-002  9.913647E-001  1.161515E-001 -8.857500E-001  0.000000E+000  4.641626E-001
  9.750000E-001  1.053378E-001  3.416555E-002  2.735209E-001  4.559736E-001 -1.439168E-001  8.782802E-001  6.631259E-002  9.895898E-001  1.277290E-001 -8.875194E-001  0.000000E+000  4.607703E-001
  9.900000E-001  1.064446E-001  3.574124E-002  2.725252E-001  4.521771E-001 -1.564309E-001  8.781032E-001  7.161617E-002  9.876889E-001  1.390747E-001 -8.890483E-001  0.000000E+000  4.578133E-001
  1.005000E+000  1.074772E-001  3.731399E-002  2.715492E-001  4.487440E-001 -1.686804E-001  8.775966E-001  7.679474E-002  9.856708E-001  1.501854E-001 -8.903546E-001  0.000000E+000  4.552676E-001
  1.020000E+000  1.084379E-001  3.888129E-002  2.705939E-001  4.456527E-001 -1.806698E-001  8.767851E-001  8.186313E-002  9.835438E-001  1.610590E-001 -8.914550E-001  0.000000E+000  4.531092E-001
  1.035000E+000  1.093289E-001  4.044084E-002  2.696601E-001  4.428818E-001 -1.924034E-001  8.756921E-001  8.683437E-002  9.813159E-001  1.716941E-001 -8.923651E-001  0.000000E+000  4.513142E-001
  1.050000E+000  1.101525E-001  4.199052E-002  2.687485E-001  4.404099E-001 -2.038855E-001  8.743396E-001  9.171981E-002  9.789947E-001  1.820901E-001 -8.930994E-001  0.000000E+000  4.498593E-001
  1.065000E+000  1.109111E-001  4.352836E-002  2.678596E-001  4.382159E-001 -2.151205E-001  8.727485E-001  9.652921E-002  9.765875E-001  1.922471E-001 -8.936716E-001  0.000000E+000  4.487216E-001
  1.080000E+000  1.116071E-001  4.505254E-002  2.669939E-001  4.362792E-001 -2.261123E-001  8.709384E-001  1.012709E-001  9.741012E-001  2.021657E-001 -8.940943E-001  0.000000E+000  4.478788E-001
  1.095000E+000  1.122428E-001  4.656139E-002  2.661518E-001  4.345797E-001 -2.368649E-001  8.689278E-001  1.059518E-001  9.715426E-001  2.118471E-001 -8.943795E-001  0.000000E+000  4.473090E-001
  1.110000E+000  1.128205E-001  4.805338E-002  2.653337E-001  4.330979E-001 -2.473821E-001  8.667342E-001  1.105777E-001  9.689180E-001  2.212928E-001 -8.945383E-001  0.000000E+000  4.469913E-001
  1.125000E+000  1.133427E-001  4.952710E-002  2.645397E-001  4.318151E-001 -2.576676E-001  8.643744E-001  1.151531E-001  9.662336E-001  2.305046E-001 -8.945812E-001  0.000000E+000  4.469055E-001
  1.140000E+000  1.138116E-001  5.098125E-002  2.637701E-001  4.307131E-001 -2.677248E-001  8.618640E-001  1.196815E-001  9.634954E-001  2.394847E-001 -8.945180E-001  0.000000E+000  4.470319E-001
  1.155000E+000  1.142296E-001  5.241465E-002  2.630250E-001  4.297749E-001 -2.775571E-001  8.592180E-001  1.241657E-001  9.607091E-001  2.482355E-001 -8.943581E-001  0.000000E+000  4.473517E-001
  1.170000E+000  1.145987E-001  5.382620E-002  2.623043E-001  4.289839E-001 -2.871677E-001  8.564505E-001  1.286072E-001  9.578803E-001  2.567596E-001 -8.941102E-001  0.000000E+000  4.478471E-001
  1.185000E+000  1.149213E-001  5.521490E-002  2.616082E-001  4.283246E-001 -2.965596E-001  8.535751E-001  1.330072E-001  9.550144E-001  2.650598E-001 -8.937825E-001  0.000000E+000  4.485007E-001
  1.200000E+000  1.151996E-001  5.657986E-002  2.609366E-001  4.277822E-001 -3.057356E-001  8.506046E-001  1.373658E-001  9.521165E-001  2.731389E-001 -8.933829E-001  0.000000E+000  4.492961E-001
  1.215000E+000  1.154356E-001  5.792023E-002  2.602894E-001  4.273428E-001 -3.146984E-001  8.475512E-001  1.416828E-001  9.491917E-001  2.810002E-001 -8.929189E-001  0.000000E+000  4.502176E-001
  1.230000E+000  1.156314E-001  5.923525E-002  2.596665E-001  4.269932E-001 -3.234507E-001  8.444267E-001  1.459572E-001  9.462450E-001  2.886466E-001 -8.923975E-001  0.000000E+000  4.512502E-001
  1.245000E+000  1.157892E-001  6.052425E-002  2.590676E-001  4.267212E-001 -3.319947E-001  8.412423E-001  1.501876E-001  9.432813E-001  2.960813E-001 -8.918255E-001  0.000000E+000  4.523796E-001
  1.260000E+000  1.159107E-001  6.178658E-002  2.584927E-001  4.265152E-001 -3.403328E-001  8.380086E-001  1.543724E-001  9.403050E-001  3.033077E-001 -8.912093E-001  0.000000E+000  4.535924E-001
  1.275000E+000  1.159982E-001  6.302168E-002  2.579415E-001  4.263644E-001 -3.484671E-001  8.347359E-001  1.585092E-001  9.373210E-001  3.103291E-001 -8.905550E-001  0.000000E+000  4.548756E-001
  1.290000E+000  1.160533E-001  6.422903E-002  2.574137E-001  4.262589E-001 -3.563995E-001  8.314342E-001  1.625955E-001  9.343337E-001  3.171487E-001 -8.898685E-001  0.000000E+000  4.562170E-001
  1.305000E+000  1.160781E-001  6.540818E-002  2.569091E-001  4.261894E-001 -3.641318E-001  8.281127E-001  1.666286E-001  9.313474E-001  3.237698E-001 -8.891555E-001  0.000000E+000  4.576051E-001
  1.320000E+000  1.160743E-001  6.655870E-002  2.564273E-001  4.261471E-001 -3.716659E-001  8.247806E-001  1.706054E-001  9.283666E-001  3.301959E-001 -8.884213E-001  0.000000E+000  4.590289E-001
  1.335000E+000  1.160438E-001  6.768022E-002  2.559681E-001  4.261243E-001 -3.790032E-001  8.214467E-001  1.745227E-001  9.253953E-001  3.364302E-001 -8.876711E-001  0.000000E+000  4.604781E-001
  1.350000E+000  1.159882E-001  6.877241E-002  2.555311E-001  4.261134E-001 -3.861453E-001  8.181193E-001  1.783770E-001  9.224380E-001  3.424761E-001 -8.869098E-001  0.000000E+000  4.619427E-001
  1.365000E+000  1.159092E-001  6.983498E-002  2.551159E-001  4.261080E-001 -3.930935E-001  8.148064E-001  1.821648E-001  9.194985E-001  3.483367E-001 -8.861422E-001  0.000000E+000  4.634135E-001
  1.380000E+000  1.158087E-001  7.086767E-002  2.547222E-001  4.261017E-001 -3.998489E-001  8.115160E-001  1.858824E-001  9.165811E-001  3.540154E-001 -8.853728E-001  0.000000E+000  4.648817E-001
  1.395000E+000  1.156880E-001  7.187026E-002  2.543495E-001  4.260891E-001 -4.064128E-001  8.082553E-001  1.895262E-001  9.136896E-001  3.595153E-001 -8.846061E-001  0.000000E+000  4.663390E-001
  1.410000E+000  1.155490E-001  7.284254E-002  2.539975E-001  4.260650E-001 -4.127862E-001  8.050318E-001  1.930922E-001  9.108279E-001  3.648395E-001 -8.838461E-001  0.000000E+000  4.677777E-001
  1.425000E+000  1.153930E-001  7.378437E-002  2.536657E-001  4.260249E-001 -4.189700E-001  8.018522E-001  1.965767E-001  9.080001E-001  3.699912E-001 -8.830971E-001  0.000000E+000  4.691904E-001
  1.440000E+000  1.152217E-001  7.469560E-002  2.533537E-001  4.259646E-001 -4.249650E-001  7.987233E-001  1.999758E-001  9.052098E-001  3.749733E-001 -8.823627E-001  0.000000E+000  4.705700E-001
  1.455000E+000  1.150364E-001  7.557613E-002  2.530611E-001  4.258804E-001 -4.307721E-001  7.956515E-001  2.032857E-001  9.024608E-001  3.797888E-001 -8.816466E-001  0.000000E+000  4.719102E-001
  1.470000E+000  1.148388E-001  7.642587E-002  2.527873E-001  4.257691E-001 -4.363918E-001  7.926430E-001  2.065026E-001  8.997568E-001  3.844404E-001 -8.809525E-001  0.000000E+000  4.732046E-001
  1.485000E+000  1.146300E-001  7.724476E-002  2.525320E-001  4.256277E-001 -4.418247E-001  7.897037E-001  2.096227E-001  8.971014E-001  3.889311E-001 -8.802837E-001  0.000000E+000  4.744477E-001
  1.500000E+000  1.144116E-001  7.803275E-002  2.522947E-001  4.254538E-001 -4.470713E-001  7.868394E-001  2.126423E-001  8.944983E-001  3.932633E-001 -8.796433E-001  0.000000E+000  4.756340E-001
  1.515000E+000  1.141849E-001  7.878984E-002  2.520749E-001  4.252450E-001 -4.521322E-001  7.840556E-001  2.155578E-001  8.919510E-001  3.974397E-001 -8.790344E-001  0.000000E+000  4.767583E-001
  1.530000E+000  1.139512E-001  7.951602E-002  2.518722E-001  4.249996E-001 -4.570075E-001  7.813575E-001  2.183655E-001  8.894629E-001  4.014628E-001 -8.784599E-001  0.000000E+000  4.778160E-001
  1.545000E+000  1.137117E-001  8.021130E-002  2.516859E-001  4.247158E-001 -4.616976E-001  7.787501E-001  2.210620E-001  8.870374E-001  4.053347E-001 -8.779226E-001  0.000000E+000  4.788026E-001
  1.560000E+000  1.134678E-001  8.087573E-002  2.515157E-001  4.243924E-001 -4.662027E-001  7.762384E-001  2.236440E-001  8.846779E-001  4.090578E-001 -8.774249E-001  0.000000E+000  4.797141E-001
  1.575000E+000  1.132205E-001  8.150935E-002  2.513610E-001  4.240283E-001 -4.705230E-001  7.738269E-001  2.261081E-001  8.823878E-001  4.126342E-001 -8.769693E-001  0.000000E+000  4.805464E-001
  1.590000E+000  1.129712E-001  8.211222E-002  2.512214E-001  4.236225E-001 -4.746585E-001  7.715201E-001  2.284513E-001  8.801701E-001  4.160657E-001 -8.765580E-001  0.000000E+000  4.812962E-001
  1.605000E+000  1.127208E-001  8.268442E-002  2.510964E-001  4.231744E-001 -4.786092E-001  7.693222E-001  2.306705E-001  8.780280E-001  4.193542E-001 -8.761932E-001  0.000000E+000  4.819601E-001
  1.620000E+000  1.124707E-001  8.322605E-002  2.509854E-001  4.226836E-001 -4.823752E-001  7.672371E-001  2.327629E-001  8.759647E-001  4.225012E-001 -8.758767E-001  0.000000E+000  4.825349E-001
  1.635000E+000  1.122218E-001  8.373720E-002  2.508879E-001  4.221496E-001 -4.859564E-001  7.652686E-001  2.347257E-001  8.739831E-001  4.255084E-001 -8.756104E-001  0.000000E+000  4.830181E-001
  1.650000E+000  1.119752E-001  8.421800E-002  2.508035E-001  4.215724E-001 -4.893525E-001  7.634205E-001  2.365564E-001  8.720861E-001  4.283771E-001 -8.753958E-001  0.000000E+000  4.834069E-001
  1.665000E+000  1.117319E-001  8.466855E-002  2.507317E-001  4.209520E-001 -4.925634E-001  7.616959E-001  2.382525E-001  8.702765E-001  4.311084E-001 -8.752344E-001  0.000000E+000  4.836991E-001
  1.680000E+000  1.114929E-001  8.508900E-002  2.506719E-001  4.202883E-001 -4.955889E-001  7.600983E-001  2.398118E-001  8.685572E-001  4.337034E-001 -8.751274E-001  0.000000E+000  4.838925E-001
  1.695000E+000  1.112592E-001  8.547948E-002  2.506236E-001  4.195818E-001 -4.984286E-001  7.586304E-001  2.412321E-001  8.669307E-001  4.361630E-001 -8.750761E-001  0.000000E+000  4.839853E-001
  1.710000E+000  1.110317E-001  8.584014E-002  2.505863E-001  4.188326E-001 -5.010822E-001  7.572951E-001  2.425117E-001  8.653997E-001  4.384877E-001 -8.750813E-001  0.000000E+000  4.839759E-001
  1.725000E+000  1.108113E-001  8.617113E-002  2.505596E-001  4.180411E-001 -5.035493E-001  7.560951E-001  2.436487E-001  8.639665E-001  4.406781E-001 -8.751440E-001  0.000000E+000  4.838626E-001
  1.740000E+000  1.105989E-001  8.647261E-002  2.505430E-001  4.172079E-001 -5.058294E-001  7.550326E-001  2.446416E-001  8.626335E-001  4.427345E-001 -8.752646E-001  0.000000E+000  4.836444E-001
  1.755000E+000  1.103953E-001  8.674475E-002  2.505359E-001  4.163334E-001 -5.079221E-001  7.541098E-001  2.454890E-001  8.614030E-001  4.446571E-001 -8.754437E-001  0.000000E+000  4.833201E-001
  1.770000E+000  1.102012E-001  8.698770E-002  2.505379E-001  4.154183E-001 -5.098267E-001  7.533288E-001  2.461897E-001  8.602771E-001  4.464459E-001 -8.756816E-001  0.000000E+000  4.828890E-001
  1.785000E+000  1.100176E-001  8.720164E-002  2.505484E-001  4.144632E-001 -5.115428E-001  7.526913E-001  2.467428E-001  8.592578E-001  4.481005E-001 -8.759785E-001  0.000000E+000  4.823502E-001
  1.800000E+000  1.098450E-001  8.738674E-002  2.505671E-001  4.134686E-001 -5.130697E-001  7.521989E-001  2.471474E-001  8.583469E-001  4.496206E-001 -8.763343E-001  0.000000E+000  4.817034E-001
  1.815000E+000  1.096843E-001  8.754317E-002  2.505934E-001  4.124354E-001 -5.144067E-001  7.518529E-001  2.474030E-001  8.575463E-001  4.510056E-001 -8.767490E-001  0.000000E+000  4.809483E-001
  1.830000E+000  1.095360E-001  8.767110E-002  2.506269E-001  4.113643E-001 -5.155532E-001  7.516544E-001  2.475092E-001  8.568576E-001  4.522547E-001 -8.772221E-001  0.000000E+000  4.800848E-001
  1.845000E+000  1.094009E-001  8.777070E-002  2.506671E-001  4.102558E-001 -5.165084E-001  7.516045E-001  2.474658E-001  8.562821E-001  4.533669E-001 -8.777533E-001  0.000000E+000  4.791129E-001
  1.860000E+000  1.092796E-001  8.784215E-002  2.507135E-001  4.091109E-001 -5.172715E-001  7.517037E-001  2.472728E-001  8.558214E-001  4.543412E-001 -8.783419E-001  0.000000E+000  4.780330E-001
  1.875000E+000  1.091725E-001  8.788562E-002  2.507657E-001  4.079302E-001 -5.178417E-001  7.519528E-001  2.469305E-001  8.554765E-001  4.551761E-001 -8.789871E-001  0.000000E+000  4.768456E-001
  1.890000E+000  1.090804E-001  8.790127E-002  2.508233E-001  4.067145E-001 -5.182182E-001  7.523518E-001  2.464393E-001  8.552485E-001  4.558703E-001 -8.796880E-001  0.000000E+000  4.755512E-001
  1.905000E+000  1.090036E-001  8.788926E-002  2.508858E-001  4.054645E-001 -5.184001E-001  7.529010E-001  2.457998E-001  8.551382E-001  4.564221E-001 -8.804436E-001  0.000000E+000  4.741508E-001
  1.920000E+000  1.089427E-001  8.784976E-002  2.509528E-001  4.041810E-001 -5.183865E-001  7.536001E-001  2.450130E-001  8.551464E-001  4.568295E-001 -8.812527E-001  0.000000E+000  4.726454E-001
  1.935000E+000  1.088980E-001  8.778291E-002  2.510238E-001  4.028648E-001 -5.181766E-001  7.544488E-001  2.440799E-001  8.552737E-001  4.570908E-001 -8.821139E-001  0.000000E+000  4.710361E-001
  1.950000E+000  1.088701E-001  8.768888E-002  2.510986E-001  4.015165E-001 -5.177693E-001  7.554465E-001  2.430018E-001  8.555203E-001  4.572037E-001 -8.830258E-001  0.000000E+000  4.693244E-001
  1.965000E+000  1.088593E-001  8.756779E-002  2.511766E-001  4.001371E-001 -5.171638E-001  7.565923E-001  2.417802E-001  8.558864E-001  4.571660E-001 -8.839868E-001  0.000000E+000  4.675119E-001
  1.980000E+000  1.088659E-001  8.741980E-002  2.512575E-001  3.987271E-001 -5.163591E-001  7.578852E-001  2.404169E-001  8.563722E-001  4.569752E-001 -8.849951E-001  0.000000E+000  4.656003E-001
  1.995000E+000  1.088902E-001  8.724504E-002  2.513408E-001  3.972875E-001 -5.153541E-001  7.593239E-001  2.389139E-001  8.569773E-001  4.566290E-001 -8.860490E-001  0.000000E+000  4.635916E-001
  2.010000E+000  1.089325E-001  8.704362E-002  2.514263E-001  3.958190E-001 -5.141480E-001  7.609068E-001  2.372732E-001  8.577015E-001  4.561246E-001 -8.871464E-001  0.000000E+000  4.614881E-001
  2.025000E+000  1.089931E-001  8.681566E-002  2.515136E-001  3.943223E-001 -5.127398E-001  7.626322E-001  2.354972E-001  8.585441E-001  4.554592E-001 -8.882854E-001  0.000000E+000  4.592919E-001
  2.040000E+000  1.090720E-001  8.656128E-002  2.516023E-001  3.927984E-001 -5.111284E-001  7.644980E-001  2.335886E-001  8.595044E-001  4.546302E-001 -8.894638E-001  0.000000E+000  4.570057E-001
  2.055000E+000  1.091695E-001  8.628059E-002  2.516921E-001  3.912480E-001 -5.093130E-001  7.665020E-001  2.315501E-001  8.605813E-001  4.536345E-001 -8.906793E-001  0.000000E+000  4.546322E-001
  2.070000E+000  1.092858E-001  8.597366E-002  2.517827E-001  3.896720E-001 -5.072926E-001  7.686416E-001  2.293847E-001  8.617739E-001  4.524693E-001 -8.919296E-001  0.000000E+000  4.521743E-001
  2.085000E+000  1.094207E-001  8.564060E-002  2.518737E-001  3.880714E-001 -5.050663E-001  7.709141E-001  2.270956E-001  8.630805E-001  4.511315E-001 -8.932123E-001  0.000000E+000  4.496352E-001
  2.100000E+000  1.095745E-001  8.528148E-002  2.519648E-001  3.864471E-001 -5.026333E-001  7.733165E-001  2.246862E-001  8.644997E-001  4.496180E-001 -8.945249E-001  0.000000E+000  4.470181E-001
  2.115000E+000  1.097472E-001  8.489637E-002  2.520559E-001  3.848000E-001 -4.999926E-001  7.758455E-001  2.221600E-001  8.660297E-001  4.479258E-001 -8.958649E-001  0.000000E+000  4.443266E-001
  2.130000E+000  1.099386E-001  8.448534E-002  2.521465E-001  3.831314E-001 -4.971435E-001  7.784977E-001  2.195209E-001  8.676683E-001  4.460519E-001 -8.972296E-001  0.000000E+000  4.415643E-001
  2.145000E+000  1.101487E-001  8.404845E-002  2.522365E-001  3.814423E-001 -4.940853E-001  7.812692E-001  2.167726E-001  8.694134E-001  4.439931E-001 -8.986164E-001  0.000000E+000  4.387352E-001
  2.160000E+000  1.103774E-001  8.358574E-002  2.523256E-001  3.797339E-001 -4.908172E-001  7.841560E-001  2.139193E-001  8.712626E-001  4.417466E-001 -9.000226E-001  0.000000E+000  4.358432E-001
  2.175000E+000  1.106246E-001  8.309727E-002  2.524135E-001  3.780076E-001 -4.873386E-001  7.871540E-001  2.109653E-001  8.732131E-001  4.393092E-001 -9.014455E-001  0.000000E+000  4.328927E-001
  2.190000E+000  1.108899E-001  8.258306E-002  2.525001E-001  3.762647E-001 -4.836490E-001  7.902585E-001  2.079150E-001  8.752620E-001  4.366781E-001 -9.028822E-001  0.000000E+000  4.298881E-001
  2.205000E+000  1.111733E-001  8.204316E-002  2.525852E-001  3.745068E-001 -4.797480E-001  7.934649E-001  2.047727E-001  8.774063E-001  4.338505E-001 -9.043300E-001  0.000000E+000  4.268339E-001
  2.220000E+000  1.114745E-001  8.147760E-002  2.526685E-001  3.727355E-001 -4.756351E-001  7.967682E-001  2.015433E-001  8.796427E-001  4.308237E-001 -9.057862E-001  0.000000E+000  4.237351E-001
  2.235000E+000  1.117930E-001  8.088640E-002  2.527499E-001  3.709524E-001 -4.713102E-001  8.001631E-001  1.982314E-001  8.819675E-001  4.275951E-001 -9.072478E-001  0.000000E+000  4.205965E-001
  2.250000E+000  1.121286E-001  8.026960E-002  2.528293E-001  3.691596E-001 -4.667730E-001  8.036443E-001  1.948419E-001  8.843772E-001  4.241623E-001 -9.087122E-001  0.000000E+000  4.174232E-001
  2.265000E+000  1.124808E-001  7.962720E-002  2.529065E-001  3.673588E-001 -4.620235E-001  8.072062E-001  1.913796E-001  8.868677E-001  4.205229E-001 -9.101765E-001  0.000000E+000  4.142206E-001
  2.280000E+000  1.128493E-001  7.895924E-002  2.529814E-001  3.655524E-001 -4.570618E-001  8.108427E-001  1.878496E-001  8.894349E-001  4.166749E-001 -9.116381E-001  0.000000E+000  4.109940E-001
  2.295000E+000  1.132335E-001  7.826575E-002  2.530538E-001  3.637425E-001 -4.518882E-001  8.145480E-001  1.842570E-001  8.920746E-001  4.126164E-001 -9.130941E-001  0.000000E+000  4.077490E-001
  2.310000E+000  1.136329E-001  7.754674E-002  2.531238E-001  3.619316E-001 -4.465030E-001  8.183157E-001  1.806066E-001  8.947821E-001  4.083457E-001 -9.145418E-001  0.000000E+000  4.044913E-001
  2.325000E+000  1.140470E-001  7.680226E-002  2.531911E-001  3.601223E-001 -4.409068E-001  8.221394E-001  1.769036E-001  8.975529E-001  4.038612E-001 -9.159787E-001  0.000000E+000  4.012268E-001
  2.340000E+000  1.144751E-001  7.603235E-002  2.532558E-001  3.583172E-001 -4.351002E-001  8.260124E-001  1.731531E-001  9.003820E-001  3.991619E-001 -9.174022E-001  0.000000E+000  3.979613E-001
  2.355000E+000  1.149167E-001  7.523704E-002  2.533178E-001  3.565193E-001 -4.290842E-001  8.299281E-001  1.693599E-001  9.032645E-001  3.942467E-001 -9.188096E-001  0.000000E+000  3.947009E-001
  2.370000E+000  1.153710E-001  7.441640E-002  2.533771E-001  3.547317E-001 -4.228598E-001  8.338795E-001  1.655292E-001  9.061951E-001  3.891150E-001 -9.201986E-001  0.000000E+000  3.914518E-001
  2.385000E+000  1.158374E-001  7.357048E-002  2.534337E-001  3.529574E-001 -4.164282E-001  8.378596E-001  1.616657E-001  9.091686E-001  3.837664E-001 -9.215667E-001  0.000000E+000  3.882200E-001
  2.400000E+000  1.163151E-001  7.269937E-002  2.534875E-001  3.511999E-001 -4.097908E-001  8.418611E-001  1.577743E-001  9.121795E-001  3.782007E-001 -9.229117E-001  0.000000E+000  3.850118E-001
  2.415000E+000  1.168034E-001  7.180315E-002  2.535386E-001  3.494626E-001 -4.029494E-001  8.458769E-001  1.538596E-001  9.152223E-001  3.724183E-001 -9.242311E-001  0.000000E+000  3.818335E-001
  2.430000E+000  1.173014E-001  7.088194E-002  2.535870E-001  3.477491E-001 -3.959056E-001  8.498996E-001  1.499261E-001  9.182912E-001  3.664197E-001 -9.255229E-001  0.000000E+000  3.786915E-001
  2.445000E+000  1.178083E-001  6.993586E-002  2.536327E-001  3.460633E-001 -3.886616E-001  8.539218E-001  1.459782E-001  9.213806E-001  3.602057E-001 -9.267851E-001  0.000000E+000  3.755921E-001
  2.460000E+000  1.183232E-001  6.896504E-002  2.536759E-001  3.444090E-001 -3.812195E-001  8.579360E-001  1.420201E-001  9.244846E-001  3.537776E-001 -9.280155E-001  0.000000E+000  3.725416E-001
  2.475000E+000  1.188453E-001  6.796965E-002  2.537164E-001  3.427902E-001 -3.735819E-001  8.619347E-001  1.380558E-001  9.275972E-001  3.471369E-001 -9.292123E-001  0.000000E+000  3.695464E-001
  2.490000E+000  1.193737E-001  6.694988E-002  2.537546E-001  3.412109E-001 -3.657515E-001  8.659105E-001  1.340891E-001  9.307125E-001  3.402856E-001 -9.303737E-001  0.000000E+000  3.666126E-001
  2.505000E+000  1.199073E-001  6.590594E-002  2.537903E-001  3.396755E-001 -3.577311E-001  8.698557E-001  1.301235E-001  9.338246E-001  3.332258E-001 -9.314980E-001  0.000000E+000  3.637465E-001
  2.520000E+000  1.204454E-001  6.483805E-002  2.538238E-001  3.381880E-001 -3.495240E-001  8.737631E-001  1.261622E-001  9.369274E-001  3.259603E-001 -9.325835E-001  0.000000E+000  3.609543E-001
  2.535000E+000  1.209868E-001  6.374648E-002  2.538551E-001  3.367528E-001 -3.411333E-001  8.776250E-001  1.222083E-001  9.400149E-001  3.184919E-001 -9.336288E-001  0.000000E+000  3.582420E-001
  2.550000E+000  1.215307E-001  6.263151E-002  2.538844E-001  3.353743E-001 -3.325627E-001  8.814341E-001  1.182645E-001  9.430811E-001  3.108239E-001 -9.346323E-001  0.000000E+000  3.556155E-001
  2.565000E+000  1.220761E-001  6.149346E-002  2.539117E-001  3.340567E-001 -3.238161E-001  8.851832E-001  1.143332E-001  9.461200E-001  3.029600E-001 -9.355929E-001  0.000000E+000  3.530807E-001
  2.580000E+000  1.226219E-001  6.033268E-002  2.539372E-001  3.328045E-001 -3.148973E-001  8.888649E-001  1.104166E-001  9.491257E-001  2.949042E-001 -9.365091E-001  0.000000E+000  3.506432E-001
  2.595000E+000  1.231671E-001  5.914953E-002  2.539611E-001  3.316218E-001 -3.058106E-001  8.924723E-001  1.065164E-001  9.520924E-001  2.866607E-001 -9.373800E-001  0.000000E+000  3.483085E-001
  2.610000E+000  1.237108E-001  5.794442E-002  2.539834E-001  3.305131E-001 -2.965604E-001  8.959983E-001  1.026342E-001  9.550141E-001  2.782343E-001 -9.382043E-001  0.000000E+000  3.460819E-001
  2.625000E+000  1.242520E-001  5.671778E-002  2.540044E-001  3.294824E-001 -2.871514E-001  8.994362E-001  9.877105E-002  9.578852E-001  2.696297E-001 -9.389812E-001  0.000000E+000  3.439686E-001
  2.640000E+000  1.247896E-001  5.547008E-002  2.540242E-001  3.285339E-001 -2.775883E-001  9.027792E-001  9.492780E-002  9.607001E-001  2.608524E-001 -9.397096E-001  0.000000E+000  3.419734E-001
  2.655000E+000  1.253226E-001  5.420182E-002  2.540429E-001  3.276715E-001 -2.678760E-001  9.060209E-001  9.110492E-002  9.634534E-001  2.519077E-001 -9.403889E-001  0.000000E+000  3.401010E-001
  2.670000E+000  1.258502E-001  5.291353E-002  2.540607E-001  3.268991E-001 -2.580199E-001  9.091550E-001  8.730257E-002  9.661396E-001  2.428014E-001 -9.410182E-001  0.000000E+000  3.383559E-001
  2.685000E+000  1.263713E-001  5.160576E-002  2.540778E-001  3.262203E-001 -2.480252E-001  9.121753E-001  8.352057E-002  9.687536E-001  2.335398E-001 -9.415969E-001  0.000000E+000  3.367423E-001
  2.700000E+000  1.268849E-001  5.027910E-002  2.540943E-001  3.256386E-001 -2.378974E-001  9.150761E-001  7.975841E-002  9.712903E-001  2.241289E-001 -9.421242E-001  0.000000E+000  3.352639E-001
  2.715000E+000  1.273903E-001  4.893416E-002  2.541103E-001  3.251573E-001 -2.276421E-001  9.178517E-001  7.601530E-002  9.737449E-001  2.145754E-001 -9.425998E-001  0.000000E+000  3.339246E-001
  2.730000E+000  1.278863E-001  4.757161E-002  2.541261E-001  3.247795E-001 -2.172652E-001  9.204967E-001  7.229010E-002  9.761126E-001  2.048861E-001 -9.430230E-001  0.000000E+000  3.327275E-001
  2.745000E+000  1.283723E-001  4.619210E-002  2.541417E-001  3.245079E-001 -2.067724E-001  9.230058E-001  6.858141E-002  9.783891E-001  1.950678E-001 -9.433934E-001  0.000000E+000  3.316758E-001
  2.760000E+000  1.288472E-001  4.479634E-002  2.541574E-001  3.243452E-001 -1.961699E-001  9.253743E-001  6.488754E-002  9.805699E-001  1.851276E-001 -9.437107E-001  0.000000E+000  3.307721E-001
  2.775000E+000  1.293103E-001  4.338506E-002  2.541733E-001  3.242935E-001 -1.854637E-001  9.275974E-001  6.120655E-002  9.826511E-001  1.750730E-001 -9.439743E-001  0.000000E+000  3.300190E-001
  2.790000E+000  1.297609E-001  4.195900E-002  2.541894E-001  3.243549E-001 -1.746601E-001  9.296708E-001  5.753625E-002  9.846288E-001  1.649113E-001 -9.441840E-001  0.000000E+000  3.294184E-001
  2.805000E+000  1.301980E-001  4.051894E-002  2.542061E-001  3.245309E-001 -1.637653E-001  9.315904E-001  5.387422E-002  9.864993E-001  1.546500E-001 -9.443396E-001  0.000000E+000  3.289722E-001
  2.820000E+000  1.306210E-001  3.906567E-002  2.542233E-001  3.248230E-001 -1.527856E-001  9.333523E-001  5.021785E-002  9.882594E-001  1.442969E-001 -9.444407E-001  0.000000E+000  3.286819E-001
  2.835000E+000  1.310293E-001  3.759999E-002  2.542413E-001  3.252321E-001 -1.417274E-001  9.349532E-001  4.656434E-002  9.899057E-001  1.338597E-001 -9.444871E-001  0.000000E+000  3.285485E-001
  2.850000E+000  1.314221E-001  3.612274E-002  2.542602E-001  3.257589E-001 -1.305973E-001  9.363896E-001  4.291074E-002  9.914355E-001  1.233463E-001 -9.444786E-001  0.000000E+000  3.285730E-001
  2.865000E+000  1.317989E-001  3.463477E-002  2.542800E-001  3.264038E-001 -1.194016E-001  9.376587E-001  3.925394E-002  9.928460E-001  1.127646E-001 -9.444150E-001  0.000000E+000  3.287557E-001
  2.880000E+000  1.321590E-001  3.313692E-002  2.543009E-001  3.271667E-001 -1.081467E-001  9.387578E-001  3.559075E-002  9.941349E-001  1.021226E-001 -9.442962E-001  0.000000E+000  3.290969E-001
  2.895000E+000  1.325020E-001  3.163006E-002  2.543230E-001  3.280473E-001 -9.683931E-002  9.396846E-001  3.191788E-002  9.953000E-001  9.142812E-002 -9.441219E-001  0.000000E+000  3.295963E-001
  2.910000E+000  1.328273E-001  3.011508E-002  2.543464E-001  3.290448E-001 -8.548575E-002  9.404370E-001  2.823198E-002  9.963394E-001  8.068934E-002 -9.438922E-001  0.000000E+000  3.302537E-001
  2.925000E+000  1.331345E-001  2.859286E-002  2.543712E-001  3.301581E-001 -7.409251E-002  9.410132E-001  2.452967E-002  9.972514E-001  6.991420E-002 -9.436069E-001  0.000000E+000  3.310681E-001
  2.940000E+000  1.334233E-001  2.706430E-002  2.543975E-001  3.313860E-001 -6.266600E-002  9.414119E-001  2.080753E-002  9.980346E-001  5.911070E-002 -9.432658E-001  0.000000E+000  3.320386E-001
  2.955000E+000  1.336931E-001  2.553028E-002  2.544253E-001  3.327266E-001 -5.121263E-002  9.416317E-001  1.706219E-002  9.986878E-001  4.828680E-002 -9.428690E-001  0.000000E+000  3.331638E-001
  2.970000E+000  1.339437E-001  2.399170E-002  2.544548E-001  3.341779E-001 -3.973873E-002  9.416719E-001  1.329030E-002  9.992101E-001  3.745042E-002 -9.424163E-001  0.000000E+000  3.344421E-001
  2.985000E+000  1.341749E-001  2.244948E-002  2.544860E-001  3.357375E-001 -2.825058E-002  9.415319E-001  9.488566E-003  9.996009E-001  2.660944E-002 -9.419078E-001  0.000000E+000  3.358716E-001
