% FILE: stabilize/Data.4
%
%       t         P_Na_Co[1]     P_Na_Co[2]     P_Na_Co[3]      N_C[1,1]       N_C[1,2]       N_C[1,3]       N_C[2,1]       N_C[2,2]       N_C[2,3]       N_C[3,1]       N_C[3,2]       N_C[3,3]
%   (second)        (meter)        (meter)        (meter)       (NoUnits)      (NoUnits)      (NoUnits)      (NoUnits)      (NoUnits)      (NoUnits)      (NoUnits)      (NoUnits)      (NoUnits)

  0.000000E+000  9.396926E-001  1.342020E+000  0.000000E+000  9.396926E-001 -3.420201E-001  0.000000E+000  3.420201E-001  9.396926E-001  0.000000E+000  0.000000E+000  0.000000E+000  1.000000E+000
  2.000000E-002  9.397447E-001  1.341877E+000  0.000000E+000  9.397447E-001 -3.418771E-001  0.000000E+000  3.418771E-001  9.397447E-001  0.000000E+000  0.000000E+000  0.000000E+000  1.000000E+000
  4.000000E-002  9.399115E-001  1.341418E+000  0.000000E+000  9.399115E-001 -3.414181E-001  0.000000E+000  3.414181E-001  9.399115E-001  0.000000E+000  0.000000E+000  0.000000E+000  1.000000E+000
  6.000000E-002  9.402080E-001  1.340601E+000  0.000000E+000  9.402080E-001 -3.406009E-001  0.000000E+000  3.406009E-001  9.402080E-001  0.000000E+000  0.000000E+000  0.000000E+000  1.000000E+000
  8.000000E-002  9.406472E-001  1.339386E+000  0.000000E+000  9.406472E-001 -3.393861E-001  0.000000E+000  3.393861E-001  9.406472E-001  0.000000E+000  0.000000E+000  0.000000E+000  1.000000E+000
  1.000000E-001  9.412404E-001  1.337737E+000  0.000000E+000  9.412404E-001 -3.377374E-001  0.000000E+000  3.377374E-001  9.412404E-001  0.000000E+000  0.000000E+000  0.000000E+000  1.000000E+000
  1.200000E-001  9.419969E-001  1.335622E+000  0.000000E+000  9.419969E-001 -3.356217E-001  0.000000E+000  3.356217E-001  9.419969E-001  0.000000E+000  0.000000E+000  0.000000E+000  1.000000E+000
  1.400000E-001  9.429235E-001  1.333009E+000  0.000000E+000  9.429235E-001 -3.330093E-001  0.000000E+000  3.330093E-001  9.429235E-001  0.000000E+000  0.000000E+000  0.000000E+000  1.000000E+000
  1.600000E-001  9.440250E-001  1.329874E+000  0.000000E+000  9.440250E-001 -3.298738E-001  0.000000E+000  3.298738E-001  9.440250E-001  0.000000E+000  0.000000E+000  0.000000E+000  1.000000E+000
  1.800000E-001  9.453034E-001  1.326192E+000  0.000000E+000  9.453034E-001 -3.261925E-001  0.000000E+000  3.261925E-001  9.453034E-001  0.000000E+000  0.000000E+000  0.000000E+000  1.000000E+000
  2.000000E-001  9.467580E-001  1.321946E+000  0.000000E+000  9.467580E-001 -3.219460E-001  0.000000E+000  3.219460E-001  9.467580E-001  0.000000E+000  0.000000E+000  0.000000E+000  1.000000E+000
  2.200000E-001  9.483858E-001  1.317119E+000  0.000000E+000  9.483858E-001 -3.171190E-001  0.000000E+000  3.171190E-001  9.483858E-001  0.000000E+000  0.000000E+000  0.000000E+000  1.000000E+000
  2.400000E-001  9.501806E-001  1.311700E+000  0.000000E+000  9.501806E-001 -3.116999E-001  0.000000E+000  3.116999E-001  9.501806E-001  0.000000E+000  0.000000E+000  0.000000E+000  1.000000E+000
  2.600000E-001  9.521339E-001  1.305681E+000  0.000000E+000  9.521339E-001 -3.056812E-001  0.000000E+000  3.056812E-001  9.521339E-001  0.000000E+000  0.000000E+000  0.000000E+000  1.000000E+000
  2.800000E-001  9.542345E-001  1.299059E+000  0.000000E+000  9.542345E-001 -2.990593E-001  0.000000E+000  2.990593E-001  9.542345E-001  0.000000E+000  0.000000E+000  0.000000E+000  1.000000E+000
  3.000000E-001  9.564687E-001  1.291835E+000  0.000000E+000  9.564687E-001 -2.918349E-001  0.000000E+000  2.918349E-001  9.564687E-001  0.000000E+000  0.000000E+000  0.000000E+000  1.000000E+000
  3.200000E-001  9.588206E-001  1.284012E+000  0.000000E+000  9.588206E-001 -2.840125E-001  0.000000E+000  2.840125E-001  9.588206E-001  0.000000E+000  0.000000E+000  0.000000E+000  1.000000E+000
  3.400000E-001  9.612721E-001  1.275601E+000  0.000000E+000  9.612721E-001 -2.756010E-001  0.000000E+000  2.756010E-001  9.612721E-001  0.000000E+000  0.000000E+000  0.000000E+000  1.000000E+000
  3.600000E-001  9.638036E-001  1.266613E+000  0.000000E+000  9.638036E-001 -2.666134E-001  0.000000E+000  2.666134E-001  9.638036E-001  0.000000E+000  0.000000E+000  0.000000E+000  1.000000E+000
  3.800000E-001  9.663937E-001  1.257067E+000  0.000000E+000  9.663937E-001 -2.570667E-001  0.000000E+000  2.570667E-001  9.663937E-001  0.000000E+000  0.000000E+000  0.000000E+000  1.000000E+000
  4.000000E-001  9.690201E-001  1.246982E+000  0.000000E+000  9.690201E-001 -2.469819E-001  0.000000E+000  2.469819E-001  9.690201E-001  0.000000E+000  0.000000E+000  0.000000E+000  1.000000E+000
  4.200000E-001  9.716597E-001  1.236384E+000  0.000000E+000  9.716597E-001 -2.363840E-001  0.000000E+000  2.363840E-001  9.716597E-001  0.000000E+000  0.000000E+000  0.000000E+000  1.000000E+000
  4.400000E-001  9.742891E-001  1.225302E+000  0.000000E+000  9.742891E-001 -2.253015E-001  0.000000E+000  2.253015E-001  9.742891E-001  0.000000E+000  0.000000E+000  0.000000E+000  1.000000E+000
  4.600000E-001  9.768847E-001  1.213767E+000  0.000000E+000  9.768847E-001 -2.137668E-001  0.000000E+000  2.137668E-001  9.768847E-001  0.000000E+000  0.000000E+000  0.000000E+000  1.000000E+000
  4.800000E-001  9.794235E-001  1.201816E+000  0.000000E+000  9.794235E-001 -2.018155E-001  0.000000E+000  2.018155E-001  9.794235E-001  0.000000E+000  0.000000E+000  0.000000E+000  1.000000E+000
  5.000000E-001  9.818833E-001  1.189487E+000  0.000000E+000  9.818833E-001 -1.894865E-001  0.000000E+000  1.894865E-001  9.818833E-001  0.000000E+000  0.000000E+000  0.000000E+000  1.000000E+000
  5.200000E-001  9.842429E-001  1.176822E+000  0.000000E+000  9.842429E-001 -1.768216E-001  0.000000E+000  1.768216E-001  9.842429E-001  0.000000E+000  0.000000E+000  0.000000E+000  1.000000E+000
  5.400000E-001  9.864828E-001  1.163865E+000  0.000000E+000  9.864828E-001 -1.638651E-001  0.000000E+000  1.638651E-001  9.864828E-001  0.000000E+000  0.000000E+000  0.000000E+000  1.000000E+000
  5.600000E-001  9.885851E-001  1.150664E+000  0.000000E+000  9.885851E-001 -1.506638E-001  0.000000E+000  1.506638E-001  9.885851E-001  0.000000E+000  0.000000E+000  0.000000E+000  1.000000E+000
  5.800000E-001  9.905342E-001  1.137266E+000  0.000000E+000  9.905342E-001 -1.372665E-001  0.000000E+000  1.372665E-001  9.905342E-001  0.000000E+000  0.000000E+000  0.000000E+000  1.000000E+000
  6.000000E-001  9.923167E-001  1.123724E+000  0.000000E+000  9.923167E-001 -1.237236E-001  0.000000E+000  1.237236E-001  9.923167E-001  0.000000E+000  0.000000E+000  0.000000E+000  1.000000E+000
  6.200000E-001  9.939220E-001  1.110087E+000  0.000000E+000  9.939220E-001 -1.100869E-001  0.000000E+000  1.100869E-001  9.939220E-001  0.000000E+000  0.000000E+000  0.000000E+000  1.000000E+000
  6.400000E-001  9.953418E-001  1.096409E+000  0.000000E+000  9.953418E-001 -9.640906E-002  0.000000E+000  9.640906E-002  9.953418E-001  0.000000E+000  0.000000E+000  0.000000E+000  1.000000E+000
  6.600000E-001  9.965709E-001  1.082743E+000  0.000000E+000  9.965709E-001 -8.274344E-002  0.000000E+000  8.274344E-002  9.965709E-001  0.000000E+000  0.000000E+000  0.000000E+000  1.000000E+000
  6.800000E-001  9.976067E-001  1.069144E+000  0.000000E+000  9.976067E-001 -6.914352E-002  0.000000E+000  6.914352E-002  9.976067E-001  0.000000E+000  0.000000E+000  0.000000E+000  1.000000E+000
  7.000000E-001  9.984496E-001  1.055663E+000  0.000000E+000  9.984496E-001 -5.566270E-002  0.000000E+000  5.566270E-002  9.984496E-001  0.000000E+000  0.000000E+000  0.000000E+000  1.000000E+000
  7.200000E-001  9.991027E-001  1.042354E+000  0.000000E+000  9.991027E-001 -4.235389E-002  0.000000E+000  4.235389E-002  9.991027E-001  0.000000E+000  0.000000E+000  0.000000E+000  1.000000E+000
  7.400000E-001  9.995716E-001  1.029269E+000  0.000000E+000  9.995716E-001 -2.926924E-002  0.000000E+000  2.926924E-002  9.995716E-001  0.000000E+000  0.000000E+000  0.000000E+000  1.000000E+000
  7.600000E-001  9.998645E-001  1.016460E+000  0.000000E+000  9.998645E-001 -1.645980E-002  0.000000E+000  1.645980E-002  9.998645E-001  0.000000E+000  0.000000E+000  0.000000E+000  1.000000E+000
  7.800000E-001  9.999921E-001  1.003975E+000  0.000000E+000  9.999921E-001 -3.975266E-003  0.000000E+000  3.975266E-003  9.999921E-001  0.000000E+000  0.000000E+000  0.000000E+000  1.000000E+000
  8.000000E-001  9.999669E-001  9.918638E-001  0.000000E+000  9.999669E-001  8.136239E-003  0.000000E+000 -8.136239E-003  9.999669E-001  0.000000E+000  0.000000E+000  0.000000E+000  1.000000E+000
  8.200000E-001  9.998034E-001  9.801716E-001  0.000000E+000  9.998034E-001  1.982839E-002  0.000000E+000 -1.982839E-002  9.998034E-001  0.000000E+000  0.000000E+000  0.000000E+000  1.000000E+000
  8.400000E-001  9.995176E-001  9.689432E-001  0.000000E+000  9.995176E-001  3.105681E-002  0.000000E+000 -3.105681E-002  9.995176E-001  0.000000E+000  0.000000E+000  0.000000E+000  1.000000E+000
  8.600000E-001  9.991269E-001  9.582208E-001  0.000000E+000  9.991269E-001  4.177923E-002  0.000000E+000 -4.177923E-002  9.991269E-001  0.000000E+000  0.000000E+000  0.000000E+000  1.000000E+000
  8.800000E-001  9.986494E-001  9.480444E-001  0.000000E+000  9.986494E-001  5.195558E-002  0.000000E+000 -5.195558E-002  9.986494E-001  0.000000E+000  0.000000E+000  0.000000E+000  1.000000E+000
  9.000000E-001  9.981041E-001  9.384519E-001  0.000000E+000  9.981041E-001  6.154808E-002  0.000000E+000 -6.154808E-002  9.981041E-001  0.000000E+000  0.000000E+000  0.000000E+000  1.000000E+000
  9.200000E-001  9.975103E-001  9.294787E-001  0.000000E+000  9.975103E-001  7.052128E-002  0.000000E+000 -7.052128E-002  9.975103E-001  0.000000E+000  0.000000E+000  0.000000E+000  1.000000E+000
  9.400000E-001  9.968871E-001  9.211579E-001  0.000000E+000  9.968871E-001  7.884208E-002  0.000000E+000 -7.884208E-002  9.968871E-001  0.000000E+000  0.000000E+000  0.000000E+000  1.000000E+000
  9.600000E-001  9.962536E-001  9.135203E-001  0.000000E+000  9.962536E-001  8.647975E-002  0.000000E+000 -8.647975E-002  9.962536E-001  0.000000E+000  0.000000E+000  0.000000E+000  1.000000E+000
  9.800000E-001  9.956281E-001  9.065941E-001  0.000000E+000  9.956281E-001  9.340592E-002  0.000000E+000 -9.340592E-002  9.956281E-001  0.000000E+000  0.000000E+000  0.000000E+000  1.000000E+000
  1.000000E+000  9.950281E-001  9.004054E-001  0.000000E+000  9.950281E-001  9.959457E-002  0.000000E+000 -9.959457E-002  9.950281E-001  0.000000E+000  0.000000E+000  0.000000E+000  1.000000E+000
  1.020000E+000  9.944699E-001  8.949780E-001  0.000000E+000  9.944699E-001  1.050220E-001  0.000000E+000 -1.050220E-001  9.944699E-001  0.000000E+000  0.000000E+000  0.000000E+000  1.000000E+000
  1.040000E+000  9.939684E-001  8.903333E-001  0.000000E+000  9.939684E-001  1.096667E-001  0.000000E+000 -1.096667E-001  9.939684E-001  0.000000E+000  0.000000E+000  0.000000E+000  1.000000E+000
  1.060000E+000  9.935369E-001  8.864903E-001  0.000000E+000  9.935369E-001  1.135097E-001  0.000000E+000 -1.135097E-001  9.935369E-001  0.000000E+000  0.000000E+000  0.000000E+000  1.000000E+000
  1.080000E+000  9.931867E-001  8.834662E-001  0.000000E+000  9.931867E-001  1.165338E-001  0.000000E+000 -1.165338E-001  9.931867E-001  0.000000E+000  0.000000E+000  0.000000E+000  1.000000E+000
  1.100000E+000  9.929272E-001  8.812754E-001  0.000000E+000  9.929272E-001  1.187246E-001  0.000000E+000 -1.187246E-001  9.929272E-001  0.000000E+000  0.000000E+000  0.000000E+000  1.000000E+000
  1.120000E+000  9.927655E-001  8.799306E-001  0.000000E+000  9.927655E-001  1.200694E-001  0.000000E+000 -1.200694E-001  9.927655E-001  0.000000E+000  0.000000E+000  0.000000E+000  1.000000E+000
  1.140000E+000  9.927063E-001  8.794419E-001  0.000000E+000  9.927063E-001  1.205581E-001  0.000000E+000 -1.205581E-001  9.927063E-001  0.000000E+000  0.000000E+000  0.000000E+000  1.000000E+000
  1.160000E+000  9.927518E-001  8.798173E-001  0.000000E+000  9.927518E-001  1.201827E-001  0.000000E+000 -1.201827E-001  9.927518E-001  0.000000E+000  0.000000E+000  0.000000E+000  1.000000E+000
  1.180000E+000  9.929018E-001  8.810626E-001  0.000000E+000  9.929018E-001  1.189374E-001  0.000000E+000 -1.189374E-001  9.929018E-001  0.000000E+000  0.000000E+000  0.000000E+000  1.000000E+000
  1.200000E+000  9.931532E-001  8.831810E-001  0.000000E+000  9.931532E-001  1.168190E-001  0.000000E+000 -1.168190E-001  9.931532E-001  0.000000E+000  0.000000E+000  0.000000E+000  1.000000E+000
  1.220000E+000  9.935006E-001  8.861735E-001  0.000000E+000  9.935006E-001  1.138265E-001  0.000000E+000 -1.138265E-001  9.935006E-001  0.000000E+000  0.000000E+000  0.000000E+000  1.000000E+000
  1.240000E+000  9.939359E-001  8.900386E-001  0.000000E+000  9.939359E-001  1.099614E-001  0.000000E+000 -1.099614E-001  9.939359E-001  0.000000E+000  0.000000E+000  0.000000E+000  1.000000E+000
  1.260000E+000  9.944481E-001  8.947722E-001  0.000000E+000  9.944481E-001  1.052278E-001  0.000000E+000 -1.052278E-001  9.944481E-001  0.000000E+000  0.000000E+000  0.000000E+000  1.000000E+000
  1.280000E+000  9.950243E-001  9.003676E-001  0.000000E+000  9.950243E-001  9.963236E-002  0.000000E+000 -9.963236E-002  9.950243E-001  0.000000E+000  0.000000E+000  0.000000E+000  1.000000E+000
  1.300000E+000  9.956488E-001  9.068153E-001  0.000000E+000  9.956488E-001  9.318465E-002  0.000000E+000 -9.318465E-002  9.956488E-001  0.000000E+000  0.000000E+000  0.000000E+000  1.000000E+000
  1.320000E+000  9.963040E-001  9.141031E-001  0.000000E+000  9.963040E-001  8.589695E-002  0.000000E+000 -8.589695E-002  9.963040E-001  0.000000E+000  0.000000E+000  0.000000E+000  1.000000E+000
  1.340000E+000  9.969702E-001  9.222155E-001  0.000000E+000  9.969702E-001  7.778448E-002  0.000000E+000 -7.778448E-002  9.969702E-001  0.000000E+000  0.000000E+000  0.000000E+000  1.000000E+000
  1.360000E+000  9.976260E-001  9.311345E-001  0.000000E+000  9.976260E-001  6.886552E-002  0.000000E+000 -6.886552E-002  9.976260E-001  0.000000E+000  0.000000E+000  0.000000E+000  1.000000E+000
  1.380000E+000  9.982484E-001  9.408386E-001  0.000000E+000  9.982484E-001  5.916139E-002  0.000000E+000 -5.916139E-002  9.982484E-001  0.000000E+000  0.000000E+000  0.000000E+000  1.000000E+000
  1.400000E+000  9.988136E-001  9.513034E-001  0.000000E+000  9.988136E-001  4.869661E-002  0.000000E+000 -4.869661E-002  9.988136E-001  0.000000E+000  0.000000E+000  0.000000E+000  1.000000E+000
  1.420000E+000  9.992967E-001  9.625011E-001  0.000000E+000  9.992967E-001  3.749886E-002  0.000000E+000 -3.749886E-002  9.992967E-001  0.000000E+000  0.000000E+000  0.000000E+000  1.000000E+000
  1.440000E+000  9.996723E-001  9.744010E-001  0.000000E+000  9.996723E-001  2.559902E-002  0.000000E+000 -2.559902E-002  9.996723E-001  0.000000E+000  0.000000E+000  0.000000E+000  1.000000E+000
  1.460000E+000  9.999151E-001  9.869688E-001  0.000000E+000  9.999151E-001  1.303118E-002  0.000000E+000 -1.303118E-002  9.999151E-001  0.000000E+000  0.000000E+000  0.000000E+000  1.000000E+000
  1.480000E+000  1.000000E+000  1.000167E+000  0.000000E+000  1.000000E+000 -1.674229E-004  0.000000E+000  1.674229E-004  1.000000E+000  0.000000E+000  0.000000E+000  0.000000E+000  1.000000E+000
  1.500000E+000  9.999026E-001  1.013956E+000  0.000000E+000  9.999026E-001 -1.395649E-002  0.000000E+000  1.395649E-002  9.999026E-001  0.000000E+000  0.000000E+000  0.000000E+000  1.000000E+000
  1.520000E+000  9.995997E-001  1.028293E+000  0.000000E+000  9.995997E-001 -2.829276E-002  0.000000E+000  2.829276E-002  9.995997E-001  0.000000E+000  0.000000E+000  0.000000E+000  1.000000E+000
  1.540000E+000  9.990695E-001  1.043130E+000  0.000000E+000  9.990695E-001 -4.313015E-002  0.000000E+000  4.313015E-002  9.990695E-001  0.000000E+000  0.000000E+000  0.000000E+000  1.000000E+000
  1.560000E+000  9.982921E-001  1.058420E+000  0.000000E+000  9.982921E-001 -5.841997E-002  0.000000E+000  5.841997E-002  9.982921E-001  0.000000E+000  0.000000E+000  0.000000E+000  1.000000E+000
  1.580000E+000  9.972500E-001  1.074111E+000  0.000000E+000  9.972500E-001 -7.411114E-002  0.000000E+000  7.411114E-002  9.972500E-001  0.000000E+000  0.000000E+000  0.000000E+000  1.000000E+000
  1.600000E+000  9.959282E-001  1.090150E+000  0.000000E+000  9.959282E-001 -9.015041E-002  0.000000E+000  9.015041E-002  9.959282E-001  0.000000E+000  0.000000E+000  0.000000E+000  1.000000E+000
  1.620000E+000  9.943146E-001  1.106483E+000  0.000000E+000  9.943146E-001 -1.064827E-001  0.000000E+000  1.064827E-001  9.943146E-001  0.000000E+000  0.000000E+000  0.000000E+000  1.000000E+000
  1.640000E+000  9.924003E-001  1.123051E+000  0.000000E+000  9.924003E-001 -1.230514E-001  0.000000E+000  1.230514E-001  9.924003E-001  0.000000E+000  0.000000E+000  0.000000E+000  1.000000E+000
  1.660000E+000  9.901799E-001  1.139799E+000  0.000000E+000  9.901799E-001 -1.397988E-001  0.000000E+000  1.397988E-001  9.901799E-001  0.000000E+000  0.000000E+000  0.000000E+000  1.000000E+000
  1.680000E+000  9.876516E-001  1.156666E+000  0.000000E+000  9.876516E-001 -1.566662E-001  0.000000E+000  1.566662E-001  9.876516E-001  0.000000E+000  0.000000E+000  0.000000E+000  1.000000E+000
  1.700000E+000  9.848172E-001  1.173595E+000  0.000000E+000  9.848172E-001 -1.735946E-001  0.000000E+000  1.735946E-001  9.848172E-001  0.000000E+000  0.000000E+000  0.000000E+000  1.000000E+000
  1.720000E+000  9.816824E-001  1.190525E+000  0.000000E+000  9.816824E-001 -1.905248E-001  0.000000E+000  1.905248E-001  9.816824E-001  0.000000E+000  0.000000E+000  0.000000E+000  1.000000E+000
  1.740000E+000  9.782566E-001  1.207398E+000  0.000000E+000  9.782566E-001 -2.073982E-001  0.000000E+000  2.073982E-001  9.782566E-001  0.000000E+000  0.000000E+000  0.000000E+000  1.000000E+000
  1.760000E+000  9.745531E-001  1.224157E+000  0.000000E+000  9.745531E-001 -2.241567E-001  0.000000E+000  2.241567E-001  9.745531E-001  0.000000E+000  0.000000E+000  0.000000E+000  1.000000E+000
  1.780000E+000  9.705889E-001  1.240743E+000  0.000000E+000  9.705889E-001 -2.407432E-001  0.000000E+000  2.407432E-001  9.705889E-001  0.000000E+000  0.000000E+000  0.000000E+000  1.000000E+000
  1.800000E+000  9.663842E-001  1.257102E+000  0.000000E+000  9.663842E-001 -2.571021E-001  0.000000E+000  2.571021E-001  9.663842E-001  0.000000E+000  0.000000E+000  0.000000E+000  1.000000E+000
  1.820000E+000  9.619630E-001  1.273180E+000  0.000000E+000  9.619630E-001 -2.731797E-001  0.000000E+000  2.731797E-001  9.619630E-001  0.000000E+000  0.000000E+000  0.000000E+000  1.000000E+000
  1.840000E+000  9.573520E-001  1.288924E+000  0.000000E+000  9.573520E-001 -2.889240E-001  0.000000E+000  2.889240E-001  9.573520E-001  0.000000E+000  0.000000E+000  0.000000E+000  1.000000E+000
  1.860000E+000  9.525809E-001  1.304286E+000  0.000000E+000  9.525809E-001 -3.042855E-001  0.000000E+000  3.042855E-001  9.525809E-001  0.000000E+000  0.000000E+000  0.000000E+000  1.000000E+000
  1.880000E+000  9.476816E-001  1.319217E+000  0.000000E+000  9.476816E-001 -3.192172E-001  0.000000E+000  3.192172E-001  9.476816E-001  0.000000E+000  0.000000E+000  0.000000E+000  1.000000E+000
  1.900000E+000  9.426883E-001  1.333675E+000  0.000000E+000  9.426883E-001 -3.336745E-001  0.000000E+000  3.336745E-001  9.426883E-001  0.000000E+000  0.000000E+000  0.000000E+000  1.000000E+000
  1.920000E+000  9.376370E-001  1.347616E+000  0.000000E+000  9.376370E-001 -3.476160E-001  0.000000E+000  3.476160E-001  9.376370E-001  0.000000E+000  0.000000E+000  0.000000E+000  1.000000E+000
  1.940000E+000  9.325647E-001  1.361003E+000  0.000000E+000  9.325647E-001 -3.610028E-001  0.000000E+000  3.610028E-001  9.325647E-001  0.000000E+000  0.000000E+000  0.000000E+000  1.000000E+000
  1.960000E+000  9.275096E-001  1.373799E+000  0.000000E+000  9.275096E-001 -3.737993E-001  0.000000E+000  3.737993E-001  9.275096E-001  0.000000E+000  0.000000E+000  0.000000E+000  1.000000E+000
  1.980000E+000  9.225103E-001  1.385972E+000  0.000000E+000  9.225103E-001 -3.859724E-001  0.000000E+000  3.859724E-001  9.225103E-001  0.000000E+000  0.000000E+000  0.000000E+000  1.000000E+000
  2.000000E+000  9.176055E-001  1.397492E+000  0.000000E+000  9.176055E-001 -3.974924E-001  0.000000E+000  3.974924E-001  9.176055E-001  0.000000E+000  0.000000E+000  0.000000E+000  1.000000E+000
  2.020000E+000  9.128334E-001  1.408332E+000  0.000000E+000  9.128334E-001 -4.083321E-001  0.000000E+000  4.083321E-001  9.128334E-001  0.000000E+000  0.000000E+000  0.000000E+000  1.000000E+000
  2.040000E+000  9.082319E-001  1.418467E+000  0.000000E+000  9.082319E-001 -4.184673E-001  0.000000E+000  4.184673E-001  9.082319E-001  0.000000E+000  0.000000E+000  0.000000E+000  1.000000E+000
  2.060000E+000  9.038373E-001  1.427876E+000  0.000000E+000  9.038373E-001 -4.278763E-001  0.000000E+000  4.278763E-001  9.038373E-001  0.000000E+000  0.000000E+000  0.000000E+000  1.000000E+000
  2.080000E+000  8.996848E-001  1.436540E+000  0.000000E+000  8.996848E-001 -4.365400E-001  0.000000E+000  4.365400E-001  8.996848E-001  0.000000E+000  0.000000E+000  0.000000E+000  1.000000E+000
  2.100000E+000  8.958078E-001  1.444442E+000  0.000000E+000  8.958078E-001 -4.444417E-001  0.000000E+000  4.444417E-001  8.958078E-001  0.000000E+000  0.000000E+000  0.000000E+000  1.000000E+000
  2.120000E+000  8.922373E-001  1.451567E+000  0.000000E+000  8.922373E-001 -4.515668E-001  0.000000E+000  4.515668E-001  8.922373E-001  0.000000E+000  0.000000E+000  0.000000E+000  1.000000E+000
  2.140000E+000  8.890022E-001  1.457903E+000  0.000000E+000  8.890022E-001 -4.579029E-001  0.000000E+000  4.579029E-001  8.890022E-001  0.000000E+000  0.000000E+000  0.000000E+000  1.000000E+000
  2.160000E+000  8.861286E-001  1.463439E+000  0.000000E+000  8.861286E-001 -4.634395E-001  0.000000E+000  4.634395E-001  8.861286E-001  0.000000E+000  0.000000E+000  0.000000E+000  1.000000E+000
  2.180000E+000  8.836397E-001  1.468168E+000  0.000000E+000  8.836397E-001 -4.681676E-001  0.000000E+000  4.681676E-001  8.836397E-001  0.000000E+000  0.000000E+000  0.000000E+000  1.000000E+000
  2.200000E+000  8.815557E-001  1.472080E+000  0.000000E+000  8.815557E-001 -4.720800E-001  0.000000E+000  4.720800E-001  8.815557E-001  0.000000E+000  0.000000E+000  0.000000E+000  1.000000E+000
  2.220000E+000  8.798934E-001  1.475171E+000  0.000000E+000  8.798934E-001 -4.751710E-001  0.000000E+000  4.751710E-001  8.798934E-001  0.000000E+000  0.000000E+000  0.000000E+000  1.000000E+000
  2.240000E+000  8.786664E-001  1.477436E+000  0.000000E+000  8.786664E-001 -4.774363E-001  0.000000E+000  4.774363E-001  8.786664E-001  0.000000E+000  0.000000E+000  0.000000E+000  1.000000E+000
  2.260000E+000  8.778844E-001  1.478873E+000  0.000000E+000  8.778844E-001 -4.788725E-001  0.000000E+000  4.788725E-001  8.778844E-001  0.000000E+000  0.000000E+000  0.000000E+000  1.000000E+000
  2.280000E+000  8.775539E-001  1.479478E+000  0.000000E+000  8.775539E-001 -4.794779E-001  0.000000E+000  4.794779E-001  8.775539E-001  0.000000E+000  0.000000E+000  0.000000E+000  1.000000E+000
  2.300000E+000  8.776775E-001  1.479252E+000  0.000000E+000  8.776775E-001 -4.792517E-001  0.000000E+000  4.792517E-001  8.776775E-001  0.000000E+000  0.000000E+000  0.000000E+000  1.000000E+000
  2.320000E+000  8.782541E-001  1.478194E+000  0.000000E+000  8.782541E-001 -4.781942E-001  0.000000E+000  4.781942E-001  8.782541E-001  0.000000E+000  0.000000E+000  0.000000E+000  1.000000E+000
  2.340000E+000  8.792790E-001  1.476307E+000  0.000000E+000  8.792790E-001 -4.763070E-001  0.000000E+000  4.763070E-001  8.792790E-001  0.000000E+000  0.000000E+000  0.000000E+000  1.000000E+000
  2.360000E+000  8.807439E-001  1.473593E+000  0.000000E+000  8.807439E-001 -4.735929E-001  0.000000E+000  4.735929E-001  8.807439E-001  0.000000E+000  0.000000E+000  0.000000E+000  1.000000E+000
  2.380000E+000  8.826367E-001  1.470056E+000  0.000000E+000  8.826367E-001 -4.700557E-001  0.000000E+000  4.700557E-001  8.826367E-001  0.000000E+000  0.000000E+000  0.000000E+000  1.000000E+000
  2.400000E+000  8.849421E-001  1.465701E+000  0.000000E+000  8.849421E-001 -4.657010E-001  0.000000E+000  4.657010E-001  8.849421E-001  0.000000E+000  0.000000E+000  0.000000E+000  1.000000E+000
  2.420000E+000  8.876413E-001  1.460536E+000  0.000000E+000  8.876413E-001 -4.605355E-001  0.000000E+000  4.605355E-001  8.876413E-001  0.000000E+000  0.000000E+000  0.000000E+000  1.000000E+000
  2.440000E+000  8.907122E-001  1.454568E+000  0.000000E+000  8.907122E-001 -4.545676E-001  0.000000E+000  4.545676E-001  8.907122E-001  0.000000E+000  0.000000E+000  0.000000E+000  1.000000E+000
  2.460000E+000  8.941301E-001  1.447807E+000  0.000000E+000  8.941301E-001 -4.478074E-001  0.000000E+000  4.478074E-001  8.941301E-001  0.000000E+000  0.000000E+000  0.000000E+000  1.000000E+000
  2.480000E+000  8.978670E-001  1.440267E+000  0.000000E+000  8.978670E-001 -4.402668E-001  0.000000E+000  4.402668E-001  8.978670E-001  0.000000E+000  0.000000E+000  0.000000E+000  1.000000E+000
  2.500000E+000  9.018928E-001  1.431960E+000  0.000000E+000  9.018928E-001 -4.319600E-001  0.000000E+000  4.319600E-001  9.018928E-001  0.000000E+000  0.000000E+000  0.000000E+000  1.000000E+000
  2.520000E+000  9.061750E-001  1.422903E+000  0.000000E+000  9.061750E-001 -4.229030E-001  0.000000E+000  4.229030E-001  9.061750E-001  0.000000E+000  0.000000E+000  0.000000E+000  1.000000E+000
  2.540000E+000  9.106791E-001  1.413114E+000  0.000000E+000  9.106791E-001 -4.131144E-001  0.000000E+000  4.131144E-001  9.106791E-001  0.000000E+000  0.000000E+000  0.000000E+000  1.000000E+000
  2.560000E+000  9.153693E-001  1.402615E+000  0.000000E+000  9.153693E-001 -4.026152E-001  0.000000E+000  4.026152E-001  9.153693E-001  0.000000E+000  0.000000E+000  0.000000E+000  1.000000E+000
  2.580000E+000  9.202083E-001  1.391429E+000  0.000000E+000  9.202083E-001 -3.914290E-001  0.000000E+000  3.914290E-001  9.202083E-001  0.000000E+000  0.000000E+000  0.000000E+000  1.000000E+000
  2.600000E+000  9.251581E-001  1.379582E+000  0.000000E+000  9.251581E-001 -3.795821E-001  0.000000E+000  3.795821E-001  9.251581E-001  0.000000E+000  0.000000E+000  0.000000E+000  1.000000E+000
  2.620000E+000  9.301800E-001  1.367104E+000  0.000000E+000  9.301800E-001 -3.671036E-001  0.000000E+000  3.671036E-001  9.301800E-001  0.000000E+000  0.000000E+000  0.000000E+000  1.000000E+000
  2.640000E+000  9.352357E-001  1.354026E+000  0.000000E+000  9.352357E-001 -3.540257E-001  0.000000E+000  3.540257E-001  9.352357E-001  0.000000E+000  0.000000E+000  0.000000E+000  1.000000E+000
  2.660000E+000  9.402869E-001  1.340383E+000  0.000000E+000  9.402869E-001 -3.403830E-001  0.000000E+000  3.403830E-001  9.402869E-001  0.000000E+000  0.000000E+000  0.000000E+000  1.000000E+000
  2.680000E+000  9.452961E-001  1.326213E+000  0.000000E+000  9.452961E-001 -3.262134E-001  0.000000E+000  3.262134E-001  9.452961E-001  0.000000E+000  0.000000E+000  0.000000E+000  1.000000E+000
  2.700000E+000  9.502273E-001  1.311558E+000  0.000000E+000  9.502273E-001 -3.115576E-001  0.000000E+000  3.115576E-001  9.502273E-001  0.000000E+000  0.000000E+000  0.000000E+000  1.000000E+000
  2.720000E+000  9.550457E-001  1.296459E+000  0.000000E+000  9.550457E-001 -2.964587E-001  0.000000E+000  2.964587E-001  9.550457E-001  0.000000E+000  0.000000E+000  0.000000E+000  1.000000E+000
  2.740000E+000  9.597186E-001  1.280963E+000  0.000000E+000  9.597186E-001 -2.809629E-001  0.000000E+000  2.809629E-001  9.597186E-001  0.000000E+000  0.000000E+000  0.000000E+000  1.000000E+000
  2.760000E+000  9.642158E-001  1.265118E+000  0.000000E+000  9.642158E-001 -2.651185E-001  0.000000E+000  2.651185E-001  9.642158E-001  0.000000E+000  0.000000E+000  0.000000E+000  1.000000E+000
  2.780000E+000  9.685096E-001  1.248976E+000  0.000000E+000  9.685096E-001 -2.489761E-001  0.000000E+000  2.489761E-001  9.685096E-001  0.000000E+000  0.000000E+000  0.000000E+000  1.000000E+000
  2.800000E+000  9.725752E-001  1.232589E+000  0.000000E+000  9.725752E-001 -2.325886E-001  0.000000E+000  2.325886E-001  9.725752E-001  0.000000E+000  0.000000E+000  0.000000E+000  1.000000E+000
  2.820000E+000  9.763911E-001  1.216010E+000  0.000000E+000  9.763911E-001 -2.160101E-001  0.000000E+000  2.160101E-001  9.763911E-001  0.000000E+000  0.000000E+000  0.000000E+000  1.000000E+000
  2.840000E+000  9.799392E-001  1.199297E+000  0.000000E+000  9.799392E-001 -1.992967E-001  0.000000E+000  1.992967E-001  9.799392E-001  0.000000E+000  0.000000E+000  0.000000E+000  1.000000E+000
  2.860000E+000  9.832049E-001  1.182505E+000  0.000000E+000  9.832049E-001 -1.825053E-001  0.000000E+000  1.825053E-001  9.832049E-001  0.000000E+000  0.000000E+000  0.000000E+000  1.000000E+000
  2.880000E+000  9.861773E-001  1.165693E+000  0.000000E+000  9.861773E-001 -1.656934E-001  0.000000E+000  1.656934E-001  9.861773E-001  0.000000E+000  0.000000E+000  0.000000E+000  1.000000E+000
  2.900000E+000  9.888493E-001  1.148919E+000  0.000000E+000  9.888493E-001 -1.489194E-001  0.000000E+000  1.489194E-001  9.888493E-001  0.000000E+000  0.000000E+000  0.000000E+000  1.000000E+000
  2.920000E+000  9.912175E-001  1.132241E+000  0.000000E+000  9.912175E-001 -1.322414E-001  0.000000E+000  1.322414E-001  9.912175E-001  0.000000E+000  0.000000E+000  0.000000E+000  1.000000E+000
  2.940000E+000  9.932822E-001  1.115717E+000  0.000000E+000  9.932822E-001 -1.157172E-001  0.000000E+000  1.157172E-001  9.932822E-001  0.000000E+000  0.000000E+000  0.000000E+000  1.000000E+000
  2.960000E+000  9.950472E-001  1.099404E+000  0.000000E+000  9.950472E-001 -9.940404E-002  0.000000E+000  9.940404E-002  9.950472E-001  0.000000E+000  0.000000E+000  0.000000E+000  1.000000E+000
  2.980000E+000  9.965196E-001  1.083358E+000  0.000000E+000  9.965196E-001 -8.335821E-002  0.000000E+000  8.335821E-002  9.965196E-001  0.000000E+000  0.000000E+000  0.000000E+000  1.000000E+000
  3.000000E+000  9.977102E-001  1.067635E+000  0.000000E+000  9.977102E-001 -6.763459E-002  0.000000E+000  6.763459E-002  9.977102E-001  0.000000E+000  0.000000E+000  0.000000E+000  1.000000E+000
  3.020000E+000  9.986321E-001  1.052287E+000  0.000000E+000  9.986321E-001 -5.228650E-002  0.000000E+000  5.228650E-002  9.986321E-001  0.000000E+000  0.000000E+000  0.000000E+000  1.000000E+000
  3.040000E+000  9.993017E-001  1.037365E+000  0.000000E+000  9.993017E-001 -3.736539E-002  0.000000E+000  3.736539E-002  9.993017E-001  0.000000E+000  0.000000E+000  0.000000E+000  1.000000E+000
  3.060000E+000  9.997373E-001  1.022921E+000  0.000000E+000  9.997373E-001 -2.292059E-002  0.000000E+000  2.292059E-002  9.997373E-001  0.000000E+000  0.000000E+000  0.000000E+000  1.000000E+000
  3.080000E+000  9.999595E-001  1.008999E+000  0.000000E+000  9.999595E-001 -8.999118E-003  0.000000E+000  8.999118E-003  9.999595E-001  0.000000E+000  0.000000E+000  0.000000E+000  1.000000E+000
  3.100000E+000  9.999905E-001  9.956455E-001  0.000000E+000  9.999905E-001  4.354463E-003  0.000000E+000 -4.354463E-003  9.999905E-001  0.000000E+000  0.000000E+000  0.000000E+000  1.000000E+000
  3.120000E+000  9.998538E-001  9.829018E-001  0.000000E+000  9.998538E-001  1.709821E-002  0.000000E+000 -1.709821E-002  9.998538E-001  0.000000E+000  0.000000E+000  0.000000E+000  1.000000E+000
  3.140000E+000  9.995738E-001  9.708071E-001  0.000000E+000  9.995738E-001  2.919290E-002  0.000000E+000 -2.919290E-002  9.995738E-001  0.000000E+000  0.000000E+000  0.000000E+000  1.000000E+000
  3.160000E+000  9.991754E-001  9.593979E-001  0.000000E+000  9.991754E-001  4.060207E-002  0.000000E+000 -4.060207E-002  9.991754E-001  0.000000E+000  0.000000E+000  0.000000E+000  1.000000E+000
  3.180000E+000  9.986837E-001  9.487079E-001  0.000000E+000  9.986837E-001  5.129206E-002  0.000000E+000 -5.129206E-002  9.986837E-001  0.000000E+000  0.000000E+000  0.000000E+000  1.000000E+000
  3.200000E+000  9.981236E-001  9.387680E-001  0.000000E+000  9.981236E-001  6.123204E-002  0.000000E+000 -6.123204E-002  9.981236E-001  0.000000E+000  0.000000E+000  0.000000E+000  1.000000E+000
  3.220000E+000  9.975193E-001  9.296060E-001  0.000000E+000  9.975193E-001  7.039397E-002  0.000000E+000 -7.039397E-002  9.975193E-001  0.000000E+000  0.000000E+000  0.000000E+000  1.000000E+000
  3.240000E+000  9.968942E-001  9.212474E-001  0.000000E+000  9.968942E-001  7.875257E-002  0.000000E+000 -7.875257E-002  9.968942E-001  0.000000E+000  0.000000E+000  0.000000E+000  1.000000E+000
  3.260000E+000  9.962705E-001  9.137147E-001  0.000000E+000  9.962705E-001  8.628529E-002  0.000000E+000 -8.628529E-002  9.962705E-001  0.000000E+000  0.000000E+000  0.000000E+000  1.000000E+000
  3.280000E+000  9.956687E-001  9.070278E-001  0.000000E+000  9.956687E-001  9.297221E-002  0.000000E+000 -9.297221E-002  9.956687E-001  0.000000E+000  0.000000E+000  0.000000E+000  1.000000E+000
  3.300000E+000  9.951077E-001  9.012040E-001  0.000000E+000  9.951077E-001  9.879598E-002  0.000000E+000 -9.879598E-002  9.951077E-001  0.000000E+000  0.000000E+000  0.000000E+000  1.000000E+000
  3.320000E+000  9.946043E-001  8.962582E-001  0.000000E+000  9.946043E-001  1.037418E-001  0.000000E+000 -1.037418E-001  9.946043E-001  0.000000E+000  0.000000E+000  0.000000E+000  1.000000E+000
  3.340000E+000  9.941729E-001  8.922028E-001  0.000000E+000  9.941729E-001  1.077972E-001  0.000000E+000 -1.077972E-001  9.941729E-001  0.000000E+000  0.000000E+000  0.000000E+000  1.000000E+000
  3.360000E+000  9.938258E-001  8.890479E-001  0.000000E+000  9.938258E-001  1.109521E-001  0.000000E+000 -1.109521E-001  9.938258E-001  0.000000E+000  0.000000E+000  0.000000E+000  1.000000E+000
  3.380000E+000  9.935724E-001  8.868011E-001  0.000000E+000  9.935724E-001  1.131989E-001  0.000000E+000 -1.131989E-001  9.935724E-001  0.000000E+000  0.000000E+000  0.000000E+000  1.000000E+000
  3.400000E+000  9.934196E-001  8.854681E-001  0.000000E+000  9.934196E-001  1.145319E-001  0.000000E+000 -1.145319E-001  9.934196E-001  0.000000E+000  0.000000E+000  0.000000E+000  1.000000E+000
  3.420000E+000  9.933715E-001  8.850520E-001  0.000000E+000  9.933715E-001  1.149480E-001  0.000000E+000 -1.149480E-001  9.933715E-001  0.000000E+000  0.000000E+000  0.000000E+000  1.000000E+000
  3.440000E+000  9.934295E-001  8.855540E-001  0.000000E+000  9.934295E-001  1.144460E-001  0.000000E+000 -1.144460E-001  9.934295E-001  0.000000E+000  0.000000E+000  0.000000E+000  1.000000E+000
  3.460000E+000  9.935919E-001  8.869730E-001  0.000000E+000  9.935919E-001  1.130270E-001  0.000000E+000 -1.130270E-001  9.935919E-001  0.000000E+000  0.000000E+000  0.000000E+000  1.000000E+000
  3.480000E+000  9.938545E-001  8.893058E-001  0.000000E+000  9.938545E-001  1.106942E-001  0.000000E+000 -1.106942E-001  9.938545E-001  0.000000E+000  0.000000E+000  0.000000E+000  1.000000E+000
  3.500000E+000  9.942101E-001  8.925468E-001  0.000000E+000  9.942101E-001  1.074532E-001  0.000000E+000 -1.074532E-001  9.942101E-001  0.000000E+000  0.000000E+000  0.000000E+000  1.000000E+000
  3.520000E+000  9.946490E-001  8.966882E-001  0.000000E+000  9.946490E-001  1.033118E-001  0.000000E+000 -1.033118E-001  9.946490E-001  0.000000E+000  0.000000E+000  0.000000E+000  1.000000E+000
  3.540000E+000  9.951588E-001  9.017202E-001  0.000000E+000  9.951588E-001  9.827984E-002  0.000000E+000 -9.827984E-002  9.951588E-001  0.000000E+000  0.000000E+000  0.000000E+000  1.000000E+000
  3.560000E+000  9.957248E-001  9.076301E-001  0.000000E+000  9.957248E-001  9.236990E-002  0.000000E+000 -9.236990E-002  9.957248E-001  0.000000E+000  0.000000E+000  0.000000E+000  1.000000E+000
  3.580000E+000  9.963299E-001  9.144032E-001  0.000000E+000  9.963299E-001  8.559678E-002  0.000000E+000 -8.559678E-002  9.963299E-001  0.000000E+000  0.000000E+000  0.000000E+000  1.000000E+000
  3.600000E+000  9.969551E-001  9.220222E-001  0.000000E+000  9.969551E-001  7.797784E-002  0.000000E+000 -7.797784E-002  9.969551E-001  0.000000E+000  0.000000E+000  0.000000E+000  1.000000E+000
  3.620000E+000  9.975797E-001  9.304670E-001  0.000000E+000  9.975797E-001  6.953301E-002  0.000000E+000 -6.953301E-002  9.975797E-001  0.000000E+000  0.000000E+000  0.000000E+000  1.000000E+000
  3.640000E+000  9.981812E-001  9.397151E-001  0.000000E+000  9.981812E-001  6.028488E-002  0.000000E+000 -6.028488E-002  9.981812E-001  0.000000E+000  0.000000E+000  0.000000E+000  1.000000E+000
  3.660000E+000  9.987362E-001  9.497413E-001  0.000000E+000  9.987362E-001  5.025874E-002  0.000000E+000 -5.025874E-002  9.987362E-001  0.000000E+000  0.000000E+000  0.000000E+000  1.000000E+000
  3.680000E+000  9.992203E-001  9.605173E-001  0.000000E+000  9.992203E-001  3.948268E-002  0.000000E+000 -3.948268E-002  9.992203E-001  0.000000E+000  0.000000E+000  0.000000E+000  1.000000E+000
  3.700000E+000  9.996083E-001  9.720125E-001  0.000000E+000  9.996083E-001  2.798754E-002  0.000000E+000 -2.798754E-002  9.996083E-001  0.000000E+000  0.000000E+000  0.000000E+000  1.000000E+000
  3.720000E+000  9.998751E-001  9.841930E-001  0.000000E+000  9.998751E-001  1.580701E-002  0.000000E+000 -1.580701E-002  9.998751E-001  0.000000E+000  0.000000E+000  0.000000E+000  1.000000E+000
  3.740000E+000  9.999956E-001  9.970224E-001  0.000000E+000  9.999956E-001  2.977569E-003  0.000000E+000 -2.977569E-003  9.999956E-001  0.000000E+000  0.000000E+000  0.000000E+000  1.000000E+000
  3.760000E+000  9.999453E-001  1.010462E+000  0.000000E+000  9.999453E-001 -1.046154E-002  0.000000E+000  1.046154E-002  9.999453E-001  0.000000E+000  0.000000E+000  0.000000E+000  1.000000E+000
  3.780000E+000  9.997006E-001  1.024468E+000  0.000000E+000  9.997006E-001 -2.446836E-002  0.000000E+000  2.446836E-002  9.997006E-001  0.000000E+000  0.000000E+000  0.000000E+000  1.000000E+000
  3.800000E+000  9.992393E-001  1.038998E+000  0.000000E+000  9.992393E-001 -3.899837E-002  0.000000E+000  3.899837E-002  9.992393E-001  0.000000E+000  0.000000E+000  0.000000E+000  1.000000E+000
  3.820000E+000  9.985407E-001  1.054005E+000  0.000000E+000  9.985407E-001 -5.400457E-002  0.000000E+000  5.400457E-002  9.985407E-001  0.000000E+000  0.000000E+000  0.000000E+000  1.000000E+000
  3.840000E+000  9.975863E-001  1.069438E+000  0.000000E+000  9.975863E-001 -6.943766E-002  0.000000E+000  6.943766E-002  9.975863E-001  0.000000E+000  0.000000E+000  0.000000E+000  1.000000E+000
  3.860000E+000  9.963599E-001  1.085246E+000  0.000000E+000  9.963599E-001 -8.524627E-002  0.000000E+000  8.524627E-002  9.963599E-001  0.000000E+000  0.000000E+000  0.000000E+000  1.000000E+000
  3.880000E+000  9.948481E-001  1.101377E+000  0.000000E+000  9.948481E-001 -1.013772E-001  0.000000E+000  1.013772E-001  9.948481E-001  0.000000E+000  0.000000E+000  0.000000E+000  1.000000E+000
  3.900000E+000  9.930402E-001  1.117776E+000  0.000000E+000  9.930402E-001 -1.177756E-001  0.000000E+000  1.177756E-001  9.930402E-001  0.000000E+000  0.000000E+000  0.000000E+000  1.000000E+000
  3.920000E+000  9.909291E-001  1.134385E+000  0.000000E+000  9.909291E-001 -1.343854E-001  0.000000E+000  1.343854E-001  9.909291E-001  0.000000E+000  0.000000E+000  0.000000E+000  1.000000E+000
  3.940000E+000  9.885109E-001  1.151150E+000  0.000000E+000  9.885109E-001 -1.511496E-001  0.000000E+000  1.511496E-001  9.885109E-001  0.000000E+000  0.000000E+000  0.000000E+000  1.000000E+000
  3.960000E+000  9.857852E-001  1.168011E+000  0.000000E+000  9.857852E-001 -1.680105E-001  0.000000E+000  1.680105E-001  9.857852E-001  0.000000E+000  0.000000E+000  0.000000E+000  1.000000E+000
  3.980000E+000  9.827554E-001  1.184910E+000  0.000000E+000  9.827554E-001 -1.849101E-001  0.000000E+000  1.849101E-001  9.827554E-001  0.000000E+000  0.000000E+000  0.000000E+000  1.000000E+000
