% FILE: stabilize/Data.3
%
%       t         P_Na_Bo[1]     P_Na_Bo[2]     P_Na_Bo[3]      N_B[1,1]       N_B[1,2]       N_B[1,3]       N_B[2,1]       N_B[2,2]       N_B[2,3]       N_B[3,1]       N_B[3,2]       N_B[3,3]
%   (second)        (meter)        (meter)        (meter)       (NoUnits)      (NoUnits)      (NoUnits)      (NoUnits)      (NoUnits)      (NoUnits)      (NoUnits)      (NoUnits)      (NoUnits)

  0.000000E+000  8.660254E-001  1.500000E+000  0.000000E+000  0.000000E+000 -1.000000E+000  0.000000E+000  1.000000E+000  0.000000E+000  0.000000E+000  0.000000E+000  0.000000E+000  1.000000E+000
  2.000000E-002  8.667379E-001  1.499078E+000  0.000000E+000  1.810069E-004 -1.000000E+000  0.000000E+000  1.000000E+000  1.810069E-004  0.000000E+000  0.000000E+000  0.000000E+000  1.000000E+000
  4.000000E-002  8.688387E-001  1.496320E+000  0.000000E+000  6.993789E-004 -9.999998E-001  0.000000E+000  9.999998E-001  6.993789E-004  0.000000E+000  0.000000E+000  0.000000E+000  1.000000E+000
  6.000000E-002  8.722685E-001  1.491737E+000  0.000000E+000  1.525548E-003 -9.999988E-001  0.000000E+000  9.999988E-001  1.525548E-003  0.000000E+000  0.000000E+000  0.000000E+000  1.000000E+000
  8.000000E-002  8.769622E-001  1.485341E+000  0.000000E+000  2.639266E-003 -9.999965E-001  0.000000E+000  9.999965E-001  2.639266E-003  0.000000E+000  0.000000E+000  0.000000E+000  1.000000E+000
  1.000000E-001  8.828493E-001  1.477144E+000  0.000000E+000  4.028829E-003 -9.999919E-001  0.000000E+000  9.999919E-001  4.028829E-003  0.000000E+000  0.000000E+000  0.000000E+000  1.000000E+000
  1.200000E-001  8.898535E-001  1.467162E+000  0.000000E+000  5.690229E-003 -9.999838E-001  0.000000E+000  9.999838E-001  5.690229E-003  0.000000E+000  0.000000E+000  0.000000E+000  1.000000E+000
  1.400000E-001  8.978933E-001  1.455410E+000  0.000000E+000  7.626229E-003 -9.999709E-001  0.000000E+000  9.999709E-001  7.626229E-003  0.000000E+000  0.000000E+000  0.000000E+000  1.000000E+000
  1.600000E-001  9.068823E-001  1.441907E+000  0.000000E+000  9.845403E-003 -9.999515E-001  0.000000E+000  9.999515E-001  9.845403E-003  0.000000E+000  0.000000E+000  0.000000E+000  1.000000E+000
  1.800000E-001  9.167295E-001  1.426676E+000  0.000000E+000  1.236115E-002 -9.999236E-001  0.000000E+000  9.999236E-001  1.236115E-002  0.000000E+000  0.000000E+000  0.000000E+000  1.000000E+000
  2.000000E-001  9.273398E-001  1.409743E+000  0.000000E+000  1.519071E-002 -9.998846E-001  0.000000E+000  9.998846E-001  1.519071E-002  0.000000E+000  0.000000E+000  0.000000E+000  1.000000E+000
  2.200000E-001  9.386148E-001  1.391138E+000  0.000000E+000  1.835421E-002 -9.998315E-001  0.000000E+000  9.998315E-001  1.835421E-002  0.000000E+000  0.000000E+000  0.000000E+000  1.000000E+000
  2.400000E-001  9.504531E-001  1.370895E+000  0.000000E+000  2.187372E-002 -9.997607E-001  0.000000E+000  9.997607E-001  2.187372E-002  0.000000E+000  0.000000E+000  0.000000E+000  1.000000E+000
  2.600000E-001  9.627513E-001  1.349054E+000  0.000000E+000  2.577243E-002 -9.996678E-001  0.000000E+000  9.996678E-001  2.577243E-002  0.000000E+000  0.000000E+000  0.000000E+000  1.000000E+000
  2.800000E-001  9.754043E-001  1.325661E+000  0.000000E+000  3.007380E-002 -9.995477E-001  0.000000E+000  9.995477E-001  3.007380E-002  0.000000E+000  0.000000E+000  0.000000E+000  1.000000E+000
  3.000000E-001  9.883068E-001  1.300769E+000  0.000000E+000  3.480083E-002 -9.993943E-001  0.000000E+000  9.993943E-001  3.480083E-002  0.000000E+000  0.000000E+000  0.000000E+000  1.000000E+000
  3.200000E-001  1.001353E+000  1.274433E+000  0.000000E+000  3.997545E-002 -9.992007E-001  0.000000E+000  9.992007E-001  3.997545E-002  0.000000E+000  0.000000E+000  0.000000E+000  1.000000E+000
  3.400000E-001  1.014439E+000  1.246720E+000  0.000000E+000  4.561786E-002 -9.989590E-001  0.000000E+000  9.989590E-001  4.561786E-002  0.000000E+000  0.000000E+000  0.000000E+000  1.000000E+000
  3.600000E-001  1.027462E+000  1.217699E+000  0.000000E+000  5.174606E-002 -9.986603E-001  0.000000E+000  9.986603E-001  5.174606E-002  0.000000E+000  0.000000E+000  0.000000E+000  1.000000E+000
  3.800000E-001  1.040323E+000  1.187449E+000  0.000000E+000  5.837536E-002 -9.982947E-001  0.000000E+000  9.982947E-001  5.837536E-002  0.000000E+000  0.000000E+000  0.000000E+000  1.000000E+000
  4.000000E-001  1.052925E+000  1.156054E+000  0.000000E+000  6.551805E-002 -9.978514E-001  0.000000E+000  9.978514E-001  6.551805E-002  0.000000E+000  0.000000E+000  0.000000E+000  1.000000E+000
  4.200000E-001  1.065177E+000  1.123605E+000  0.000000E+000  7.318296E-002 -9.973185E-001  0.000000E+000  9.973185E-001  7.318296E-002  0.000000E+000  0.000000E+000  0.000000E+000  1.000000E+000
  4.400000E-001  1.076993E+000  1.090198E+000  0.000000E+000  8.137526E-002 -9.966835E-001  0.000000E+000  9.966835E-001  8.137526E-002  0.000000E+000  0.000000E+000  0.000000E+000  1.000000E+000
  4.600000E-001  1.088294E+000  1.055937E+000  0.000000E+000  9.009620E-002 -9.959331E-001  0.000000E+000  9.959331E-001  9.009620E-002  0.000000E+000  0.000000E+000  0.000000E+000  1.000000E+000
  4.800000E-001  1.099008E+000  1.020931E+000  0.000000E+000  9.934289E-002 -9.950533E-001  0.000000E+000  9.950533E-001  9.934289E-002  0.000000E+000  0.000000E+000  0.000000E+000  1.000000E+000
  5.000000E-001  1.109070E+000  9.852928E-001  0.000000E+000  1.091082E-001 -9.940299E-001  0.000000E+000  9.940299E-001  1.091082E-001  0.000000E+000  0.000000E+000  0.000000E+000  1.000000E+000
  5.200000E-001  1.118425E+000  9.491403E-001  0.000000E+000  1.193804E-001 -9.928486E-001  0.000000E+000  9.928486E-001  1.193804E-001  0.000000E+000  0.000000E+000  0.000000E+000  1.000000E+000
  5.400000E-001  1.127026E+000  9.125952E-001  0.000000E+000  1.301437E-001 -9.914951E-001  0.000000E+000  9.914951E-001  1.301437E-001  0.000000E+000  0.000000E+000  0.000000E+000  1.000000E+000
  5.600000E-001  1.134838E+000  8.757819E-001  0.000000E+000  1.413775E-001 -9.899558E-001  0.000000E+000  9.899558E-001  1.413775E-001  0.000000E+000  0.000000E+000  0.000000E+000  1.000000E+000
  5.800000E-001  1.141835E+000  8.388265E-001  0.000000E+000  1.530568E-001 -9.882174E-001  0.000000E+000  9.882174E-001  1.530568E-001  0.000000E+000  0.000000E+000  0.000000E+000  1.000000E+000
  6.000000E-001  1.148001E+000  8.018562E-001  0.000000E+000  1.651523E-001 -9.862681E-001  0.000000E+000  9.862681E-001  1.651523E-001  0.000000E+000  0.000000E+000  0.000000E+000  1.000000E+000
  6.200000E-001  1.153333E+000  7.649984E-001  0.000000E+000  1.776303E-001 -9.840973E-001  0.000000E+000  9.840973E-001  1.776303E-001  0.000000E+000  0.000000E+000  0.000000E+000  1.000000E+000
  6.400000E-001  1.157836E+000  7.283791E-001  0.000000E+000  1.904531E-001 -9.816963E-001  0.000000E+000  9.816963E-001  1.904531E-001  0.000000E+000  0.000000E+000  0.000000E+000  1.000000E+000
  6.600000E-001  1.161529E+000  6.921226E-001  0.000000E+000  2.035791E-001 -9.790585E-001  0.000000E+000  9.790585E-001  2.035791E-001  0.000000E+000  0.000000E+000  0.000000E+000  1.000000E+000
  6.800000E-001  1.164438E+000  6.563499E-001  0.000000E+000  2.169633E-001 -9.761798E-001  0.000000E+000  9.761798E-001  2.169633E-001  0.000000E+000  0.000000E+000  0.000000E+000  1.000000E+000
  7.000000E-001  1.166602E+000  6.211783E-001  0.000000E+000  2.305574E-001 -9.730587E-001  0.000000E+000  9.730587E-001  2.305574E-001  0.000000E+000  0.000000E+000  0.000000E+000  1.000000E+000
  7.200000E-001  1.168068E+000  5.867200E-001  0.000000E+000  2.443102E-001 -9.696971E-001  0.000000E+000  9.696971E-001  2.443102E-001  0.000000E+000  0.000000E+000  0.000000E+000  1.000000E+000
  7.400000E-001  1.168891E+000  5.530816E-001  0.000000E+000  2.581684E-001 -9.660999E-001  0.000000E+000  9.660999E-001  2.581684E-001  0.000000E+000  0.000000E+000  0.000000E+000  1.000000E+000
  7.600000E-001  1.169135E+000  5.203635E-001  0.000000E+000  2.720767E-001 -9.622756E-001  0.000000E+000  9.622756E-001  2.720767E-001  0.000000E+000  0.000000E+000  0.000000E+000  1.000000E+000
  7.800000E-001  1.168870E+000  4.886588E-001  0.000000E+000  2.859788E-001 -9.582360E-001  0.000000E+000  9.582360E-001  2.859788E-001  0.000000E+000  0.000000E+000  0.000000E+000  1.000000E+000
  8.000000E-001  1.168172E+000  4.580534E-001  0.000000E+000  2.998174E-001 -9.539966E-001  0.000000E+000  9.539966E-001  2.998174E-001  0.000000E+000  0.000000E+000  0.000000E+000  1.000000E+000
  8.200000E-001  1.167122E+000  4.286257E-001  0.000000E+000  3.135355E-001 -9.495765E-001  0.000000E+000  9.495765E-001  3.135355E-001  0.000000E+000  0.000000E+000  0.000000E+000  1.000000E+000
  8.400000E-001  1.165804E+000  4.004459E-001  0.000000E+000  3.270764E-001 -9.449979E-001  0.000000E+000  9.449979E-001  3.270764E-001  0.000000E+000  0.000000E+000  0.000000E+000  1.000000E+000
  8.600000E-001  1.164302E+000  3.735765E-001  0.000000E+000  3.403846E-001 -9.402863E-001  0.000000E+000  9.402863E-001  3.403846E-001  0.000000E+000  0.000000E+000  0.000000E+000  1.000000E+000
  8.800000E-001  1.162705E+000  3.480723E-001  0.000000E+000  3.534063E-001 -9.354699E-001  0.000000E+000  9.354699E-001  3.534063E-001  0.000000E+000  0.000000E+000  0.000000E+000  1.000000E+000
  9.000000E-001  1.161098E+000  3.239806E-001  0.000000E+000  3.660899E-001 -9.305795E-001  0.000000E+000  9.305795E-001  3.660899E-001  0.000000E+000  0.000000E+000  0.000000E+000  1.000000E+000
  9.200000E-001  1.159567E+000  3.013415E-001  0.000000E+000  3.783867E-001 -9.256476E-001  0.000000E+000  9.256476E-001  3.783867E-001  0.000000E+000  0.000000E+000  0.000000E+000  1.000000E+000
  9.400000E-001  1.158193E+000  2.801886E-001  0.000000E+000  3.902510E-001 -9.207085E-001  0.000000E+000  9.207085E-001  3.902510E-001  0.000000E+000  0.000000E+000  0.000000E+000  1.000000E+000
  9.600000E-001  1.157055E+000  2.605493E-001  0.000000E+000  4.016409E-001 -9.157973E-001  0.000000E+000  9.157973E-001  4.016409E-001  0.000000E+000  0.000000E+000  0.000000E+000  1.000000E+000
  9.800000E-001  1.156227E+000  2.424457E-001  0.000000E+000  4.125181E-001 -9.109494E-001  0.000000E+000  9.109494E-001  4.125181E-001  0.000000E+000  0.000000E+000  0.000000E+000  1.000000E+000
  1.000000E+000  1.155777E+000  2.258950E-001  0.000000E+000  4.228487E-001 -9.062003E-001  0.000000E+000  9.062003E-001  4.228487E-001  0.000000E+000  0.000000E+000  0.000000E+000  1.000000E+000
  1.020000E+000  1.155769E+000  2.109100E-001  0.000000E+000  4.326029E-001 -9.015846E-001  0.000000E+000  9.015846E-001  4.326029E-001  0.000000E+000  0.000000E+000  0.000000E+000  1.000000E+000
  1.040000E+000  1.156256E+000  1.975002E-001  0.000000E+000  4.417555E-001 -8.971355E-001  0.000000E+000  8.971355E-001  4.417555E-001  0.000000E+000  0.000000E+000  0.000000E+000  1.000000E+000
  1.060000E+000  1.157286E+000  1.856719E-001  0.000000E+000  4.502855E-001 -8.928846E-001  0.000000E+000  8.928846E-001  4.502855E-001  0.000000E+000  0.000000E+000  0.000000E+000  1.000000E+000
  1.080000E+000  1.158901E+000  1.754292E-001  0.000000E+000  4.581765E-001 -8.888612E-001  0.000000E+000  8.888612E-001  4.581765E-001  0.000000E+000  0.000000E+000  0.000000E+000  1.000000E+000
  1.100000E+000  1.161131E+000  1.667739E-001  0.000000E+000  4.654162E-001 -8.850919E-001  0.000000E+000  8.850919E-001  4.654162E-001  0.000000E+000  0.000000E+000  0.000000E+000  1.000000E+000
  1.120000E+000  1.164000E+000  1.597063E-001  0.000000E+000  4.719968E-001 -8.816003E-001  0.000000E+000  8.816003E-001  4.719968E-001  0.000000E+000  0.000000E+000  0.000000E+000  1.000000E+000
  1.140000E+000  1.167524E+000  1.542254E-001  0.000000E+000  4.779142E-001 -8.784065E-001  0.000000E+000  8.784065E-001  4.779142E-001  0.000000E+000  0.000000E+000  0.000000E+000  1.000000E+000
  1.160000E+000  1.171708E+000  1.503290E-001  0.000000E+000  4.831683E-001 -8.755275E-001  0.000000E+000  8.755275E-001  4.831683E-001  0.000000E+000  0.000000E+000  0.000000E+000  1.000000E+000
  1.180000E+000  1.176551E+000  1.480136E-001  0.000000E+000  4.877625E-001 -8.729764E-001  0.000000E+000  8.729764E-001  4.877625E-001  0.000000E+000  0.000000E+000  0.000000E+000  1.000000E+000
  1.200000E+000  1.182041E+000  1.472749E-001  0.000000E+000  4.917037E-001 -8.707626E-001  0.000000E+000  8.707626E-001  4.917037E-001  0.000000E+000  0.000000E+000  0.000000E+000  1.000000E+000
  1.220000E+000  1.188160E+000  1.481070E-001  0.000000E+000  4.950018E-001 -8.688920E-001  0.000000E+000  8.688920E-001  4.950018E-001  0.000000E+000  0.000000E+000  0.000000E+000  1.000000E+000
  1.240000E+000  1.194882E+000  1.505027E-001  0.000000E+000  4.976695E-001 -8.673668E-001  0.000000E+000  8.673668E-001  4.976695E-001  0.000000E+000  0.000000E+000  0.000000E+000  1.000000E+000
  1.260000E+000  1.202173E+000  1.544531E-001  0.000000E+000  4.997222E-001 -8.661858E-001  0.000000E+000  8.661858E-001  4.997222E-001  0.000000E+000  0.000000E+000  0.000000E+000  1.000000E+000
  1.280000E+000  1.209989E+000  1.599469E-001  0.000000E+000  5.011776E-001 -8.653445E-001  0.000000E+000  8.653445E-001  5.011776E-001  0.000000E+000  0.000000E+000  0.000000E+000  1.000000E+000
  1.300000E+000  1.218285E+000  1.669706E-001  0.000000E+000  5.020555E-001 -8.648354E-001  0.000000E+000  8.648354E-001  5.020555E-001  0.000000E+000  0.000000E+000  0.000000E+000  1.000000E+000
  1.320000E+000  1.227005E+000  1.755074E-001  0.000000E+000  5.023777E-001 -8.646483E-001  0.000000E+000  8.646483E-001  5.023777E-001  0.000000E+000  0.000000E+000  0.000000E+000  1.000000E+000
  1.340000E+000  1.236090E+000  1.855373E-001  0.000000E+000  5.021673E-001 -8.647705E-001  0.000000E+000  8.647705E-001  5.021673E-001  0.000000E+000  0.000000E+000  0.000000E+000  1.000000E+000
  1.360000E+000  1.245475E+000  1.970361E-001  0.000000E+000  5.014491E-001 -8.651871E-001  0.000000E+000  8.651871E-001  5.014491E-001  0.000000E+000  0.000000E+000  0.000000E+000  1.000000E+000
  1.380000E+000  1.255091E+000  2.099753E-001  0.000000E+000  5.002491E-001 -8.658816E-001  0.000000E+000  8.658816E-001  5.002491E-001  0.000000E+000  0.000000E+000  0.000000E+000  1.000000E+000
  1.400000E+000  1.264868E+000  2.243216E-001  0.000000E+000  4.985940E-001 -8.668357E-001  0.000000E+000  8.668357E-001  4.985940E-001  0.000000E+000  0.000000E+000  0.000000E+000  1.000000E+000
  1.420000E+000  1.274730E+000  2.400364E-001  0.000000E+000  4.965115E-001 -8.680301E-001  0.000000E+000  8.680301E-001  4.965115E-001  0.000000E+000  0.000000E+000  0.000000E+000  1.000000E+000
  1.440000E+000  1.284602E+000  2.570755E-001  0.000000E+000  4.940300E-001 -8.694448E-001  0.000000E+000  8.694448E-001  4.940300E-001  0.000000E+000  0.000000E+000  0.000000E+000  1.000000E+000
  1.460000E+000  1.294407E+000  2.753888E-001  0.000000E+000  4.911783E-001 -8.710591E-001  0.000000E+000  8.710591E-001  4.911783E-001  0.000000E+000  0.000000E+000  0.000000E+000  1.000000E+000
  1.480000E+000  1.304070E+000  2.949202E-001  0.000000E+000  4.879852E-001 -8.728519E-001  0.000000E+000  8.728519E-001  4.879852E-001  0.000000E+000  0.000000E+000  0.000000E+000  1.000000E+000
  1.500000E+000  1.313516E+000  3.156076E-001  0.000000E+000  4.844800E-001 -8.748023E-001  0.000000E+000  8.748023E-001  4.844800E-001  0.000000E+000  0.000000E+000  0.000000E+000  1.000000E+000
  1.520000E+000  1.322673E+000  3.373825E-001  0.000000E+000  4.806918E-001 -8.768896E-001  0.000000E+000  8.768896E-001  4.806918E-001  0.000000E+000  0.000000E+000  0.000000E+000  1.000000E+000
  1.540000E+000  1.331471E+000  3.601705E-001  0.000000E+000  4.766495E-001 -8.790934E-001  0.000000E+000  8.790934E-001  4.766495E-001  0.000000E+000  0.000000E+000  0.000000E+000  1.000000E+000
  1.560000E+000  1.339844E+000  3.838915E-001  0.000000E+000  4.723818E-001 -8.813940E-001  0.000000E+000  8.813940E-001  4.723818E-001  0.000000E+000  0.000000E+000  0.000000E+000  1.000000E+000
  1.580000E+000  1.347734E+000  4.084595E-001  0.000000E+000  4.679171E-001 -8.837724E-001  0.000000E+000  8.837724E-001  4.679171E-001  0.000000E+000  0.000000E+000  0.000000E+000  1.000000E+000
  1.600000E+000  1.355085E+000  4.337838E-001  0.000000E+000  4.632831E-001 -8.862103E-001  0.000000E+000  8.862103E-001  4.632831E-001  0.000000E+000  0.000000E+000  0.000000E+000  1.000000E+000
  1.620000E+000  1.361849E+000  4.597688E-001  0.000000E+000  4.585071E-001 -8.886907E-001  0.000000E+000  8.886907E-001  4.585071E-001  0.000000E+000  0.000000E+000  0.000000E+000  1.000000E+000
  1.640000E+000  1.367984E+000  4.863149E-001  0.000000E+000  4.536157E-001 -8.911974E-001  0.000000E+000  8.911974E-001  4.536157E-001  0.000000E+000  0.000000E+000  0.000000E+000  1.000000E+000
  1.660000E+000  1.373458E+000  5.133191E-001  0.000000E+000  4.486347E-001 -8.937152E-001  0.000000E+000  8.937152E-001  4.486347E-001  0.000000E+000  0.000000E+000  0.000000E+000  1.000000E+000
  1.680000E+000  1.378245E+000  5.406758E-001  0.000000E+000  4.435893E-001 -8.962302E-001  0.000000E+000  8.962302E-001  4.435893E-001  0.000000E+000  0.000000E+000  0.000000E+000  1.000000E+000
  1.700000E+000  1.382326E+000  5.682772E-001  0.000000E+000  4.385037E-001 -8.987294E-001  0.000000E+000  8.987294E-001  4.385037E-001  0.000000E+000  0.000000E+000  0.000000E+000  1.000000E+000
  1.720000E+000  1.385694E+000  5.960146E-001  0.000000E+000  4.334014E-001 -9.012010E-001  0.000000E+000  9.012010E-001  4.334014E-001  0.000000E+000  0.000000E+000  0.000000E+000  1.000000E+000
  1.740000E+000  1.388347E+000  6.237787E-001  0.000000E+000  4.283050E-001 -9.036342E-001  0.000000E+000  9.036342E-001  4.283050E-001  0.000000E+000  0.000000E+000  0.000000E+000  1.000000E+000
  1.760000E+000  1.390293E+000  6.514607E-001  0.000000E+000  4.232360E-001 -9.060195E-001  0.000000E+000  9.060195E-001  4.232360E-001  0.000000E+000  0.000000E+000  0.000000E+000  1.000000E+000
  1.780000E+000  1.391549E+000  6.789529E-001  0.000000E+000  4.182154E-001 -9.083479E-001  0.000000E+000  9.083479E-001  4.182154E-001  0.000000E+000  0.000000E+000  0.000000E+000  1.000000E+000
  1.800000E+000  1.392137E+000  7.061497E-001  0.000000E+000  4.132628E-001 -9.106118E-001  0.000000E+000  9.106118E-001  4.132628E-001  0.000000E+000  0.000000E+000  0.000000E+000  1.000000E+000
  1.820000E+000  1.392090E+000  7.329479E-001  0.000000E+000  4.083975E-001 -9.128042E-001  0.000000E+000  9.128042E-001  4.083975E-001  0.000000E+000  0.000000E+000  0.000000E+000  1.000000E+000
  1.840000E+000  1.391446E+000  7.592476E-001  0.000000E+000  4.036373E-001 -9.149191E-001  0.000000E+000  9.149191E-001  4.036373E-001  0.000000E+000  0.000000E+000  0.000000E+000  1.000000E+000
  1.860000E+000  1.390250E+000  7.849529E-001  0.000000E+000  3.989997E-001 -9.169511E-001  0.000000E+000  9.169511E-001  3.989997E-001  0.000000E+000  0.000000E+000  0.000000E+000  1.000000E+000
  1.880000E+000  1.388551E+000  8.099721E-001  0.000000E+000  3.945009E-001 -9.188956E-001  0.000000E+000  9.188956E-001  3.945009E-001  0.000000E+000  0.000000E+000  0.000000E+000  1.000000E+000
  1.900000E+000  1.386406E+000  8.342181E-001  0.000000E+000  3.901566E-001 -9.207485E-001  0.000000E+000  9.207485E-001  3.901566E-001  0.000000E+000  0.000000E+000  0.000000E+000  1.000000E+000
  1.920000E+000  1.383874E+000  8.576090E-001  0.000000E+000  3.859816E-001 -9.225065E-001  0.000000E+000  9.225065E-001  3.859816E-001  0.000000E+000  0.000000E+000  0.000000E+000  1.000000E+000
  1.940000E+000  1.381017E+000  8.800684E-001  0.000000E+000  3.819899E-001 -9.241665E-001  0.000000E+000  9.241665E-001  3.819899E-001  0.000000E+000  0.000000E+000  0.000000E+000  1.000000E+000
  1.960000E+000  1.377902E+000  9.015250E-001  0.000000E+000  3.781949E-001 -9.257260E-001  0.000000E+000  9.257260E-001  3.781949E-001  0.000000E+000  0.000000E+000  0.000000E+000  1.000000E+000
  1.980000E+000  1.374595E+000  9.219135E-001  0.000000E+000  3.746091E-001 -9.271828E-001  0.000000E+000  9.271828E-001  3.746091E-001  0.000000E+000  0.000000E+000  0.000000E+000  1.000000E+000
  2.000000E+000  1.371165E+000  9.411738E-001  0.000000E+000  3.712446E-001 -9.285351E-001  0.000000E+000  9.285351E-001  3.712446E-001  0.000000E+000  0.000000E+000  0.000000E+000  1.000000E+000
  2.020000E+000  1.367678E+000  9.592515E-001  0.000000E+000  3.681125E-001 -9.297813E-001  0.000000E+000  9.297813E-001  3.681125E-001  0.000000E+000  0.000000E+000  0.000000E+000  1.000000E+000
  2.040000E+000  1.364203E+000  9.760976E-001  0.000000E+000  3.652237E-001 -9.309198E-001  0.000000E+000  9.309198E-001  3.652237E-001  0.000000E+000  0.000000E+000  0.000000E+000  1.000000E+000
  2.060000E+000  1.360803E+000  9.916681E-001  0.000000E+000  3.625881E-001 -9.319495E-001  0.000000E+000  9.319495E-001  3.625881E-001  0.000000E+000  0.000000E+000  0.000000E+000  1.000000E+000
  2.080000E+000  1.357543E+000  1.005924E+000  0.000000E+000  3.602154E-001 -9.328692E-001  0.000000E+000  9.328692E-001  3.602154E-001  0.000000E+000  0.000000E+000  0.000000E+000  1.000000E+000
  2.100000E+000  1.354482E+000  1.018832E+000  0.000000E+000  3.581145E-001 -9.336777E-001  0.000000E+000  9.336777E-001  3.581145E-001  0.000000E+000  0.000000E+000  0.000000E+000  1.000000E+000
  2.120000E+000  1.351676E+000  1.030361E+000  0.000000E+000  3.562938E-001 -9.343740E-001  0.000000E+000  9.343740E-001  3.562938E-001  0.000000E+000  0.000000E+000  0.000000E+000  1.000000E+000
  2.140000E+000  1.349177E+000  1.040487E+000  0.000000E+000  3.547613E-001 -9.349569E-001  0.000000E+000  9.349569E-001  3.547613E-001  0.000000E+000  0.000000E+000  0.000000E+000  1.000000E+000
  2.160000E+000  1.347032E+000  1.049187E+000  0.000000E+000  3.535242E-001 -9.354254E-001  0.000000E+000  9.354254E-001  3.535242E-001  0.000000E+000  0.000000E+000  0.000000E+000  1.000000E+000
  2.180000E+000  1.345283E+000  1.056444E+000  0.000000E+000  3.525895E-001 -9.357781E-001  0.000000E+000  9.357781E-001  3.525895E-001  0.000000E+000  0.000000E+000  0.000000E+000  1.000000E+000
  2.200000E+000  1.343965E+000  1.062242E+000  0.000000E+000  3.519634E-001 -9.360137E-001  0.000000E+000  9.360137E-001  3.519634E-001  0.000000E+000  0.000000E+000  0.000000E+000  1.000000E+000
  2.220000E+000  1.343108E+000  1.066571E+000  0.000000E+000  3.516518E-001 -9.361309E-001  0.000000E+000  9.361309E-001  3.516518E-001  0.000000E+000  0.000000E+000  0.000000E+000  1.000000E+000
  2.240000E+000  1.342736E+000  1.069422E+000  0.000000E+000  3.516597E-001 -9.361279E-001  0.000000E+000  9.361279E-001  3.516597E-001  0.000000E+000  0.000000E+000  0.000000E+000  1.000000E+000
  2.260000E+000  1.342867E+000  1.070787E+000  0.000000E+000  3.519917E-001 -9.360031E-001  0.000000E+000  9.360031E-001  3.519917E-001  0.000000E+000  0.000000E+000  0.000000E+000  1.000000E+000
  2.280000E+000  1.343510E+000  1.070665E+000  0.000000E+000  3.526519E-001 -9.357546E-001  0.000000E+000  9.357546E-001  3.526519E-001  0.000000E+000  0.000000E+000  0.000000E+000  1.000000E+000
  2.300000E+000  1.344669E+000  1.069054E+000  0.000000E+000  3.536436E-001 -9.353802E-001  0.000000E+000  9.353802E-001  3.536436E-001  0.000000E+000  0.000000E+000  0.000000E+000  1.000000E+000
  2.320000E+000  1.346342E+000  1.065955E+000  0.000000E+000  3.549695E-001 -9.348779E-001  0.000000E+000  9.348779E-001  3.549695E-001  0.000000E+000  0.000000E+000  0.000000E+000  1.000000E+000
  2.340000E+000  1.348518E+000  1.061374E+000  0.000000E+000  3.566315E-001 -9.342452E-001  0.000000E+000  9.342452E-001  3.566315E-001  0.000000E+000  0.000000E+000  0.000000E+000  1.000000E+000
  2.360000E+000  1.351181E+000  1.055316E+000  0.000000E+000  3.586307E-001 -9.334795E-001  0.000000E+000  9.334795E-001  3.586307E-001  0.000000E+000  0.000000E+000  0.000000E+000  1.000000E+000
  2.380000E+000  1.354309E+000  1.047791E+000  0.000000E+000  3.609678E-001 -9.325783E-001  0.000000E+000  9.325783E-001  3.609678E-001  0.000000E+000  0.000000E+000  0.000000E+000  1.000000E+000
  2.400000E+000  1.357872E+000  1.038811E+000  0.000000E+000  3.636422E-001 -9.315387E-001  0.000000E+000  9.315387E-001  3.636422E-001  0.000000E+000  0.000000E+000  0.000000E+000  1.000000E+000
  2.420000E+000  1.361836E+000  1.028392E+000  0.000000E+000  3.666527E-001 -9.303579E-001  0.000000E+000  9.303579E-001  3.666527E-001  0.000000E+000  0.000000E+000  0.000000E+000  1.000000E+000
  2.440000E+000  1.366160E+000  1.016552E+000  0.000000E+000  3.699972E-001 -9.290329E-001  0.000000E+000  9.290329E-001  3.699972E-001  0.000000E+000  0.000000E+000  0.000000E+000  1.000000E+000
  2.460000E+000  1.370799E+000  1.003312E+000  0.000000E+000  3.736726E-001 -9.275607E-001  0.000000E+000  9.275607E-001  3.736726E-001  0.000000E+000  0.000000E+000  0.000000E+000  1.000000E+000
  2.480000E+000  1.375704E+000  9.887001E-001  0.000000E+000  3.776750E-001 -9.259382E-001  0.000000E+000  9.259382E-001  3.776750E-001  0.000000E+000  0.000000E+000  0.000000E+000  1.000000E+000
  2.500000E+000  1.380818E+000  9.727447E-001  0.000000E+000  3.819993E-001 -9.241626E-001  0.000000E+000  9.241626E-001  3.819993E-001  0.000000E+000  0.000000E+000  0.000000E+000  1.000000E+000
  2.520000E+000  1.386087E+000  9.554802E-001  0.000000E+000  3.866395E-001 -9.222309E-001  0.000000E+000  9.222309E-001  3.866395E-001  0.000000E+000  0.000000E+000  0.000000E+000  1.000000E+000
  2.540000E+000  1.391447E+000  9.369456E-001  0.000000E+000  3.915886E-001 -9.201404E-001  0.000000E+000  9.201404E-001  3.915886E-001  0.000000E+000  0.000000E+000  0.000000E+000  1.000000E+000
  2.560000E+000  1.396838E+000  9.171842E-001  0.000000E+000  3.968385E-001 -9.178884E-001  0.000000E+000  9.178884E-001  3.968385E-001  0.000000E+000  0.000000E+000  0.000000E+000  1.000000E+000
  2.580000E+000  1.402195E+000  8.962448E-001  0.000000E+000  4.023801E-001 -9.154727E-001  0.000000E+000  9.154727E-001  4.023801E-001  0.000000E+000  0.000000E+000  0.000000E+000  1.000000E+000
  2.600000E+000  1.407453E+000  8.741810E-001  0.000000E+000  4.082030E-001 -9.128912E-001  0.000000E+000  9.128912E-001  4.082030E-001  0.000000E+000  0.000000E+000  0.000000E+000  1.000000E+000
  2.620000E+000  1.412549E+000  8.510518E-001  0.000000E+000  4.142960E-001 -9.101422E-001  0.000000E+000  9.101422E-001  4.142960E-001  0.000000E+000  0.000000E+000  0.000000E+000  1.000000E+000
  2.640000E+000  1.417417E+000  8.269215E-001  0.000000E+000  4.206466E-001 -9.072246E-001  0.000000E+000  9.072246E-001  4.206466E-001  0.000000E+000  0.000000E+000  0.000000E+000  1.000000E+000
  2.660000E+000  1.421997E+000  8.018596E-001  0.000000E+000  4.272413E-001 -9.041376E-001  0.000000E+000  9.041376E-001  4.272413E-001  0.000000E+000  0.000000E+000  0.000000E+000  1.000000E+000
  2.680000E+000  1.426230E+000  7.759409E-001  0.000000E+000  4.340654E-001 -9.008813E-001  0.000000E+000  9.008813E-001  4.340654E-001  0.000000E+000  0.000000E+000  0.000000E+000  1.000000E+000
  2.700000E+000  1.430059E+000  7.492450E-001  0.000000E+000  4.411033E-001 -8.974563E-001  0.000000E+000  8.974563E-001  4.411033E-001  0.000000E+000  0.000000E+000  0.000000E+000  1.000000E+000
  2.720000E+000  1.433434E+000  7.218564E-001  0.000000E+000  4.483380E-001 -8.938641E-001  0.000000E+000  8.938641E-001  4.483380E-001  0.000000E+000  0.000000E+000  0.000000E+000  1.000000E+000
  2.740000E+000  1.436307E+000  6.938639E-001  0.000000E+000  4.557519E-001 -8.901069E-001  0.000000E+000  8.901069E-001  4.557519E-001  0.000000E+000  0.000000E+000  0.000000E+000  1.000000E+000
  2.760000E+000  1.438639E+000  6.653603E-001  0.000000E+000  4.633259E-001 -8.861880E-001  0.000000E+000  8.861880E-001  4.633259E-001  0.000000E+000  0.000000E+000  0.000000E+000  1.000000E+000
  2.780000E+000  1.440394E+000  6.364419E-001  0.000000E+000  4.710402E-001 -8.821117E-001  0.000000E+000  8.821117E-001  4.710402E-001  0.000000E+000  0.000000E+000  0.000000E+000  1.000000E+000
  2.800000E+000  1.441545E+000  6.072077E-001  0.000000E+000  4.788740E-001 -8.778837E-001  0.000000E+000  8.778837E-001  4.788740E-001  0.000000E+000  0.000000E+000  0.000000E+000  1.000000E+000
  2.820000E+000  1.442071E+000  5.777592E-001  0.000000E+000  4.868055E-001 -8.735104E-001  0.000000E+000  8.735104E-001  4.868055E-001  0.000000E+000  0.000000E+000  0.000000E+000  1.000000E+000
  2.840000E+000  1.441959E+000  5.481995E-001  0.000000E+000  4.948122E-001 -8.689999E-001  0.000000E+000  8.689999E-001  4.948122E-001  0.000000E+000  0.000000E+000  0.000000E+000  1.000000E+000
  2.860000E+000  1.441205E+000  5.186323E-001  0.000000E+000  5.028707E-001 -8.643617E-001  0.000000E+000  8.643617E-001  5.028707E-001  0.000000E+000  0.000000E+000  0.000000E+000  1.000000E+000
  2.880000E+000  1.439812E+000  4.891618E-001  0.000000E+000  5.109570E-001 -8.596063E-001  0.000000E+000  8.596063E-001  5.109570E-001  0.000000E+000  0.000000E+000  0.000000E+000  1.000000E+000
  2.900000E+000  1.437790E+000  4.598912E-001  0.000000E+000  5.190464E-001 -8.547461E-001  0.000000E+000  8.547461E-001  5.190464E-001  0.000000E+000  0.000000E+000  0.000000E+000  1.000000E+000
  2.920000E+000  1.435159E+000  4.309227E-001  0.000000E+000  5.271137E-001 -8.497947E-001  0.000000E+000  8.497947E-001  5.271137E-001  0.000000E+000  0.000000E+000  0.000000E+000  1.000000E+000
  2.940000E+000  1.431946E+000  4.023562E-001  0.000000E+000  5.351335E-001 -8.447675E-001  0.000000E+000  8.447675E-001  5.351335E-001  0.000000E+000  0.000000E+000  0.000000E+000  1.000000E+000
  2.960000E+000  1.428185E+000  3.742889E-001  0.000000E+000  5.430799E-001 -8.396810E-001  0.000000E+000  8.396810E-001  5.430799E-001  0.000000E+000  0.000000E+000  0.000000E+000  1.000000E+000
  2.980000E+000  1.423916E+000  3.468144E-001  0.000000E+000  5.509269E-001 -8.345535E-001  0.000000E+000  8.345535E-001  5.509269E-001  0.000000E+000  0.000000E+000  0.000000E+000  1.000000E+000
  3.000000E+000  1.419189E+000  3.200225E-001  0.000000E+000  5.586484E-001 -8.294046E-001  0.000000E+000  8.294046E-001  5.586484E-001  0.000000E+000  0.000000E+000  0.000000E+000  1.000000E+000
  3.020000E+000  1.414056E+000  2.939983E-001  0.000000E+000  5.662185E-001 -8.242552E-001  0.000000E+000  8.242552E-001  5.662185E-001  0.000000E+000  0.000000E+000  0.000000E+000  1.000000E+000
  3.040000E+000  1.408575E+000  2.688221E-001  0.000000E+000  5.736116E-001 -8.191274E-001  0.000000E+000  8.191274E-001  5.736116E-001  0.000000E+000  0.000000E+000  0.000000E+000  1.000000E+000
  3.060000E+000  1.402810E+000  2.445687E-001  0.000000E+000  5.808022E-001 -8.140447E-001  0.000000E+000  8.140447E-001  5.808022E-001  0.000000E+000  0.000000E+000  0.000000E+000  1.000000E+000
  3.080000E+000  1.396827E+000  2.213074E-001  0.000000E+000  5.877658E-001 -8.090312E-001  0.000000E+000  8.090312E-001  5.877658E-001  0.000000E+000  0.000000E+000  0.000000E+000  1.000000E+000
  3.100000E+000  1.390696E+000  1.991019E-001  0.000000E+000  5.944780E-001 -8.041119E-001  0.000000E+000  8.041119E-001  5.944780E-001  0.000000E+000  0.000000E+000  0.000000E+000  1.000000E+000
  3.120000E+000  1.384486E+000  1.780100E-001  0.000000E+000  6.009156E-001 -7.993125E-001  0.000000E+000  7.993125E-001  6.009156E-001  0.000000E+000  0.000000E+000  0.000000E+000  1.000000E+000
  3.140000E+000  1.378271E+000  1.580837E-001  0.000000E+000  6.070562E-001 -7.946589E-001  0.000000E+000  7.946589E-001  6.070562E-001  0.000000E+000  0.000000E+000  0.000000E+000  1.000000E+000
  3.160000E+000  1.372121E+000  1.393694E-001  0.000000E+000  6.128784E-001 -7.901773E-001  0.000000E+000  7.901773E-001  6.128784E-001  0.000000E+000  0.000000E+000  0.000000E+000  1.000000E+000
  3.180000E+000  1.366107E+000  1.219080E-001  0.000000E+000  6.183619E-001 -7.858935E-001  0.000000E+000  7.858935E-001  6.183619E-001  0.000000E+000  0.000000E+000  0.000000E+000  1.000000E+000
  3.200000E+000  1.360300E+000  1.057354E-001  0.000000E+000  6.234877E-001 -7.818332E-001  0.000000E+000  7.818332E-001  6.234877E-001  0.000000E+000  0.000000E+000  0.000000E+000  1.000000E+000
  3.220000E+000  1.354764E+000  9.088236E-002  0.000000E+000  6.282382E-001 -7.780211E-001  0.000000E+000  7.780211E-001  6.282382E-001  0.000000E+000  0.000000E+000  0.000000E+000  1.000000E+000
  3.240000E+000  1.349565E+000  7.737517E-002  0.000000E+000  6.325970E-001 -7.744811E-001  0.000000E+000  7.744811E-001  6.325970E-001  0.000000E+000  0.000000E+000  0.000000E+000  1.000000E+000
  3.260000E+000  1.344761E+000  6.523600E-002  0.000000E+000  6.365495E-001 -7.712359E-001  0.000000E+000  7.712359E-001  6.365495E-001  0.000000E+000  0.000000E+000  0.000000E+000  1.000000E+000
  3.280000E+000  1.340408E+000  5.448325E-002  0.000000E+000  6.400822E-001 -7.683065E-001  0.000000E+000  7.683065E-001  6.400822E-001  0.000000E+000  0.000000E+000  0.000000E+000  1.000000E+000
  3.300000E+000  1.336555E+000  4.513195E-002  0.000000E+000  6.431834E-001 -7.657121E-001  0.000000E+000  7.657121E-001  6.431834E-001  0.000000E+000  0.000000E+000  0.000000E+000  1.000000E+000
  3.320000E+000  1.333246E+000  3.719421E-002  0.000000E+000  6.458431E-001 -7.634702E-001  0.000000E+000  7.634702E-001  6.458431E-001  0.000000E+000  0.000000E+000  0.000000E+000  1.000000E+000
  3.340000E+000  1.330520E+000  3.067952E-002  0.000000E+000  6.480526E-001 -7.615956E-001  0.000000E+000  7.615956E-001  6.480526E-001  0.000000E+000  0.000000E+000  0.000000E+000  1.000000E+000
  3.360000E+000  1.328408E+000  2.559512E-002  0.000000E+000  6.498051E-001 -7.601009E-001  0.000000E+000  7.601009E-001  6.498051E-001  0.000000E+000  0.000000E+000  0.000000E+000  1.000000E+000
  3.380000E+000  1.326934E+000  2.194627E-002  0.000000E+000  6.510952E-001 -7.589961E-001  0.000000E+000  7.589961E-001  6.510952E-001  0.000000E+000  0.000000E+000  0.000000E+000  1.000000E+000
  3.400000E+000  1.326116E+000  1.973651E-002  0.000000E+000  6.519194E-001 -7.582883E-001  0.000000E+000  7.582883E-001  6.519194E-001  0.000000E+000  0.000000E+000  0.000000E+000  1.000000E+000
  3.420000E+000  1.325966E+000  1.896777E-002  0.000000E+000  6.522757E-001 -7.579818E-001  0.000000E+000  7.579818E-001  6.522757E-001  0.000000E+000  0.000000E+000  0.000000E+000  1.000000E+000
  3.440000E+000  1.326485E+000  1.964054E-002  0.000000E+000  6.521636E-001 -7.580782E-001  0.000000E+000  7.580782E-001  6.521636E-001  0.000000E+000  0.000000E+000  0.000000E+000  1.000000E+000
  3.460000E+000  1.327671E+000  2.175384E-002  0.000000E+000  6.515846E-001 -7.585760E-001  0.000000E+000  7.585760E-001  6.515846E-001  0.000000E+000  0.000000E+000  0.000000E+000  1.000000E+000
  3.480000E+000  1.329512E+000  2.530522E-002  0.000000E+000  6.505414E-001 -7.594708E-001  0.000000E+000  7.594708E-001  6.505414E-001  0.000000E+000  0.000000E+000  0.000000E+000  1.000000E+000
  3.500000E+000  1.331989E+000  3.029063E-002  0.000000E+000  6.490387E-001 -7.607554E-001  0.000000E+000  7.607554E-001  6.490387E-001  0.000000E+000  0.000000E+000  0.000000E+000  1.000000E+000
  3.520000E+000  1.335077E+000  3.670424E-002  0.000000E+000  6.470826E-001 -7.624199E-001  0.000000E+000  7.624199E-001  6.470826E-001  0.000000E+000  0.000000E+000  0.000000E+000  1.000000E+000
  3.540000E+000  1.338744E+000  4.453822E-002  0.000000E+000  6.446808E-001 -7.644519E-001  0.000000E+000  7.644519E-001  6.446808E-001  0.000000E+000  0.000000E+000  0.000000E+000  1.000000E+000
  3.560000E+000  1.342952E+000  5.378243E-002  0.000000E+000  6.418427E-001 -7.668363E-001  0.000000E+000  7.668363E-001  6.418427E-001  0.000000E+000  0.000000E+000  0.000000E+000  1.000000E+000
  3.580000E+000  1.347655E+000  6.442408E-002  0.000000E+000  6.385791E-001 -7.695562E-001  0.000000E+000  7.695562E-001  6.385791E-001  0.000000E+000  0.000000E+000  0.000000E+000  1.000000E+000
  3.600000E+000  1.352804E+000  7.644738E-002  0.000000E+000  6.349025E-001 -7.725922E-001  0.000000E+000  7.725922E-001  6.349025E-001  0.000000E+000  0.000000E+000  0.000000E+000  1.000000E+000
  3.620000E+000  1.358343E+000  8.983314E-002  0.000000E+000  6.308268E-001 -7.759237E-001  0.000000E+000  7.759237E-001  6.308268E-001  0.000000E+000  0.000000E+000  0.000000E+000  1.000000E+000
  3.640000E+000  1.364213E+000  1.045583E-001  0.000000E+000  6.263672E-001 -7.795282E-001  0.000000E+000  7.795282E-001  6.263672E-001  0.000000E+000  0.000000E+000  0.000000E+000  1.000000E+000
  3.660000E+000  1.370349E+000  1.205958E-001  0.000000E+000  6.215405E-001 -7.833820E-001  0.000000E+000  7.833820E-001  6.215405E-001  0.000000E+000  0.000000E+000  0.000000E+000  1.000000E+000
  3.680000E+000  1.376686E+000  1.379136E-001  0.000000E+000  6.163648E-001 -7.874608E-001  0.000000E+000  7.874608E-001  6.163648E-001  0.000000E+000  0.000000E+000  0.000000E+000  1.000000E+000
  3.700000E+000  1.383154E+000  1.564752E-001  0.000000E+000  6.108592E-001 -7.917393E-001  0.000000E+000  7.917393E-001  6.108592E-001  0.000000E+000  0.000000E+000  0.000000E+000  1.000000E+000
  3.720000E+000  1.389683E+000  1.762386E-001  0.000000E+000  6.050442E-001 -7.961919E-001  0.000000E+000  7.961919E-001  6.050442E-001  0.000000E+000  0.000000E+000  0.000000E+000  1.000000E+000
  3.740000E+000  1.396201E+000  1.971563E-001  0.000000E+000  5.989414E-001 -8.007929E-001  0.000000E+000  8.007929E-001  5.989414E-001  0.000000E+000  0.000000E+000  0.000000E+000  1.000000E+000
  3.760000E+000  1.402637E+000  2.191752E-001  0.000000E+000  5.925730E-001 -8.055168E-001  0.000000E+000  8.055168E-001  5.925730E-001  0.000000E+000  0.000000E+000  0.000000E+000  1.000000E+000
  3.780000E+000  1.408921E+000  2.422365E-001  0.000000E+000  5.859623E-001 -8.103383E-001  0.000000E+000  8.103383E-001  5.859623E-001  0.000000E+000  0.000000E+000  0.000000E+000  1.000000E+000
  3.800000E+000  1.414984E+000  2.662757E-001  0.000000E+000  5.791333E-001 -8.152328E-001  0.000000E+000  8.152328E-001  5.791333E-001  0.000000E+000  0.000000E+000  0.000000E+000  1.000000E+000
  3.820000E+000  1.420761E+000  2.912224E-001  0.000000E+000  5.721105E-001 -8.201765E-001  0.000000E+000  8.201765E-001  5.721105E-001  0.000000E+000  0.000000E+000  0.000000E+000  1.000000E+000
  3.840000E+000  1.426190E+000  3.170009E-001  0.000000E+000  5.649189E-001 -8.251464E-001  0.000000E+000  8.251464E-001  5.649189E-001  0.000000E+000  0.000000E+000  0.000000E+000  1.000000E+000
  3.860000E+000  1.431214E+000  3.435300E-001  0.000000E+000  5.575838E-001 -8.301207E-001  0.000000E+000  8.301207E-001  5.575838E-001  0.000000E+000  0.000000E+000  0.000000E+000  1.000000E+000
  3.880000E+000  1.435780E+000  3.707239E-001  0.000000E+000  5.501306E-001 -8.350787E-001  0.000000E+000  8.350787E-001  5.501306E-001  0.000000E+000  0.000000E+000  0.000000E+000  1.000000E+000
  3.900000E+000  1.439842E+000  3.984923E-001  0.000000E+000  5.425848E-001 -8.400010E-001  0.000000E+000  8.400010E-001  5.425848E-001  0.000000E+000  0.000000E+000  0.000000E+000  1.000000E+000
  3.920000E+000  1.443360E+000  4.267407E-001  0.000000E+000  5.349721E-001 -8.448697E-001  0.000000E+000  8.448697E-001  5.349721E-001  0.000000E+000  0.000000E+000  0.000000E+000  1.000000E+000
  3.940000E+000  1.446301E+000  4.553715E-001  0.000000E+000  5.273175E-001 -8.496683E-001  0.000000E+000  8.496683E-001  5.273175E-001  0.000000E+000  0.000000E+000  0.000000E+000  1.000000E+000
  3.960000E+000  1.448639E+000  4.842844E-001  0.000000E+000  5.196462E-001 -8.543815E-001  0.000000E+000  8.543815E-001  5.196462E-001  0.000000E+000  0.000000E+000  0.000000E+000  1.000000E+000
  3.980000E+000  1.450358E+000  5.133772E-001  0.000000E+000  5.119828E-001 -8.589957E-001  0.000000E+000  8.589957E-001  5.119828E-001  0.000000E+000  0.000000E+000  0.000000E+000  1.000000E+000
