% FILE: stabilize/Data.2
%
%       t         P_Na_Ao[1]     P_Na_Ao[2]     P_Na_Ao[3]      N_A[1,1]       N_A[1,2]       N_A[1,3]       N_A[2,1]       N_A[2,2]       N_A[2,3]       N_A[3,1]       N_A[3,2]       N_A[3,3]
%   (second)        (meter)        (meter)        (meter)       (NoUnits)      (NoUnits)      (NoUnits)      (NoUnits)      (NoUnits)      (NoUnits)      (NoUnits)      (NoUnits)      (NoUnits)

  0.000000E+000  4.330127E-001  2.500000E-001  0.000000E+000  8.660254E-001 -5.000000E-001  0.000000E+000  5.000000E-001  8.660254E-001  0.000000E+000  0.000000E+000  0.000000E+000  1.000000E+000
  2.000000E-002  4.332784E-001  2.495391E-001  0.000000E+000  8.665569E-001 -4.990783E-001  0.000000E+000  4.990783E-001  8.665569E-001  0.000000E+000  0.000000E+000  0.000000E+000  1.000000E+000
  4.000000E-002  4.340697E-001  2.481603E-001  0.000000E+000  8.681393E-001 -4.963206E-001  0.000000E+000  4.963206E-001  8.681393E-001  0.000000E+000  0.000000E+000  0.000000E+000  1.000000E+000
  6.000000E-002  4.353715E-001  2.458693E-001  0.000000E+000  8.707429E-001 -4.917385E-001  0.000000E+000  4.917385E-001  8.707429E-001  0.000000E+000  0.000000E+000  0.000000E+000  1.000000E+000
  8.000000E-002  4.371615E-001  2.426723E-001  0.000000E+000  8.743230E-001 -4.853445E-001  0.000000E+000  4.853445E-001  8.743230E-001  0.000000E+000  0.000000E+000  0.000000E+000  1.000000E+000
  1.000000E-001  4.394103E-001  2.385763E-001  0.000000E+000  8.788205E-001 -4.771525E-001  0.000000E+000  4.771525E-001  8.788205E-001  0.000000E+000  0.000000E+000  0.000000E+000  1.000000E+000
  1.200000E-001  4.420816E-001  2.335890E-001  0.000000E+000  8.841633E-001 -4.671780E-001  0.000000E+000  4.671780E-001  8.841633E-001  0.000000E+000  0.000000E+000  0.000000E+000  1.000000E+000
  1.400000E-001  4.451335E-001  2.277194E-001  0.000000E+000  8.902671E-001 -4.554388E-001  0.000000E+000  4.554388E-001  8.902671E-001  0.000000E+000  0.000000E+000  0.000000E+000  1.000000E+000
  1.600000E-001  4.485184E-001  2.209778E-001  0.000000E+000  8.970369E-001 -4.419557E-001  0.000000E+000  4.419557E-001  8.970369E-001  0.000000E+000  0.000000E+000  0.000000E+000  1.000000E+000
  1.800000E-001  4.521842E-001  2.133764E-001  0.000000E+000  9.043683E-001 -4.267528E-001  0.000000E+000  4.267528E-001  9.043683E-001  0.000000E+000  0.000000E+000  0.000000E+000  1.000000E+000
  2.000000E-001  4.560745E-001  2.049293E-001  0.000000E+000  9.121491E-001 -4.098586E-001  0.000000E+000  4.098586E-001  9.121491E-001  0.000000E+000  0.000000E+000  0.000000E+000  1.000000E+000
  2.200000E-001  4.601303E-001  1.956530E-001  0.000000E+000  9.202606E-001 -3.913061E-001  0.000000E+000  3.913061E-001  9.202606E-001  0.000000E+000  0.000000E+000  0.000000E+000  1.000000E+000
  2.400000E-001  4.642897E-001  1.855669E-001  0.000000E+000  9.285794E-001 -3.711338E-001  0.000000E+000  3.711338E-001  9.285794E-001  0.000000E+000  0.000000E+000  0.000000E+000  1.000000E+000
  2.600000E-001  4.684894E-001  1.746930E-001  0.000000E+000  9.369788E-001 -3.493861E-001  0.000000E+000  3.493861E-001  9.369788E-001  0.000000E+000  0.000000E+000  0.000000E+000  1.000000E+000
  2.800000E-001  4.726653E-001  1.630569E-001  0.000000E+000  9.453306E-001 -3.261137E-001  0.000000E+000  3.261137E-001  9.453306E-001  0.000000E+000  0.000000E+000  0.000000E+000  1.000000E+000
  3.000000E-001  4.767530E-001  1.506871E-001  0.000000E+000  9.535059E-001 -3.013743E-001  0.000000E+000  3.013743E-001  9.535059E-001  0.000000E+000  0.000000E+000  0.000000E+000  1.000000E+000
  3.200000E-001  4.806888E-001  1.376163E-001  0.000000E+000  9.613777E-001 -2.752326E-001  0.000000E+000  2.752326E-001  9.613777E-001  0.000000E+000  0.000000E+000  0.000000E+000  1.000000E+000
  3.400000E-001  4.844106E-001  1.238804E-001  0.000000E+000  9.688212E-001 -2.477609E-001  0.000000E+000  2.477609E-001  9.688212E-001  0.000000E+000  0.000000E+000  0.000000E+000  1.000000E+000
  3.600000E-001  4.878580E-001  1.095195E-001  0.000000E+000  9.757161E-001 -2.190390E-001  0.000000E+000  2.190390E-001  9.757161E-001  0.000000E+000  0.000000E+000  0.000000E+000  1.000000E+000
  3.800000E-001  4.909737E-001  9.457733E-002  0.000000E+000  9.819473E-001 -1.891547E-001  0.000000E+000  1.891547E-001  9.819473E-001  0.000000E+000  0.000000E+000  0.000000E+000  1.000000E+000
  4.000000E-001  4.937033E-001  7.910144E-002  0.000000E+000  9.874066E-001 -1.582029E-001  0.000000E+000  1.582029E-001  9.874066E-001  0.000000E+000  0.000000E+000  0.000000E+000  1.000000E+000
  4.200000E-001  4.959969E-001  6.314316E-002  0.000000E+000  9.919938E-001 -1.262863E-001  0.000000E+000  1.262863E-001  9.919938E-001  0.000000E+000  0.000000E+000  0.000000E+000  1.000000E+000
  4.400000E-001  4.978089E-001  4.675735E-002  0.000000E+000  9.956179E-001 -9.351471E-002  0.000000E+000  9.351471E-002  9.956179E-001  0.000000E+000  0.000000E+000  0.000000E+000  1.000000E+000
  4.600000E-001  4.990991E-001  3.000221E-002  0.000000E+000  9.981981E-001 -6.000442E-002  0.000000E+000  6.000442E-002  9.981981E-001  0.000000E+000  0.000000E+000  0.000000E+000  1.000000E+000
  4.800000E-001  4.998326E-001  1.293895E-002  0.000000E+000  9.996651E-001 -2.587789E-002  0.000000E+000  2.587789E-002  9.996651E-001  0.000000E+000  0.000000E+000  0.000000E+000  1.000000E+000
  5.000000E-001  4.999809E-001 -4.368541E-003  0.000000E+000  9.999618E-001  8.737082E-003  0.000000E+000 -8.737082E-003  9.999618E-001  0.000000E+000  0.000000E+000  0.000000E+000  1.000000E+000
  5.200000E-001  4.995222E-001 -2.185413E-002  0.000000E+000  9.990443E-001  4.370826E-002  0.000000E+000 -4.370826E-002  9.990443E-001  0.000000E+000  0.000000E+000  0.000000E+000  1.000000E+000
  5.400000E-001  4.984413E-001 -3.944995E-002  0.000000E+000  9.968825E-001  7.889989E-002  0.000000E+000 -7.889989E-002  9.968825E-001  0.000000E+000  0.000000E+000  0.000000E+000  1.000000E+000
  5.600000E-001  4.967304E-001 -5.708694E-002  0.000000E+000  9.934608E-001  1.141739E-001  0.000000E+000 -1.141739E-001  9.934608E-001  0.000000E+000  0.000000E+000  0.000000E+000  1.000000E+000
  5.800000E-001  4.943891E-001 -7.469546E-002  0.000000E+000  9.887782E-001  1.493909E-001  0.000000E+000 -1.493909E-001  9.887782E-001  0.000000E+000  0.000000E+000  0.000000E+000  1.000000E+000
  6.000000E-001  4.914245E-001 -9.220592E-002  0.000000E+000  9.828491E-001  1.844118E-001  0.000000E+000 -1.844118E-001  9.828491E-001  0.000000E+000  0.000000E+000  0.000000E+000  1.000000E+000
  6.200000E-001  4.878513E-001 -1.095495E-001  0.000000E+000  9.757027E-001  2.190989E-001  0.000000E+000 -2.190989E-001  9.757027E-001  0.000000E+000  0.000000E+000  0.000000E+000  1.000000E+000
  6.400000E-001  4.836916E-001 -1.266586E-001  0.000000E+000  9.673833E-001  2.533172E-001  0.000000E+000 -2.533172E-001  9.673833E-001  0.000000E+000  0.000000E+000  0.000000E+000  1.000000E+000
  6.600000E-001  4.789749E-001 -1.434680E-001  0.000000E+000  9.579498E-001  2.869359E-001  0.000000E+000 -2.869359E-001  9.579498E-001  0.000000E+000  0.000000E+000  0.000000E+000  1.000000E+000
  6.800000E-001  4.737375E-001 -1.599149E-001  0.000000E+000  9.474750E-001  3.198298E-001  0.000000E+000 -3.198298E-001  9.474750E-001  0.000000E+000  0.000000E+000  0.000000E+000  1.000000E+000
  7.000000E-001  4.680225E-001 -1.759402E-001  0.000000E+000  9.360450E-001  3.518804E-001  0.000000E+000 -3.518804E-001  9.360450E-001  0.000000E+000  0.000000E+000  0.000000E+000  1.000000E+000
  7.200000E-001  4.618789E-001 -1.914886E-001  0.000000E+000  9.237578E-001  3.829771E-001  0.000000E+000 -3.829771E-001  9.237578E-001  0.000000E+000  0.000000E+000  0.000000E+000  1.000000E+000
  7.400000E-001  4.553614E-001 -2.065091E-001  0.000000E+000  9.107227E-001  4.130183E-001  0.000000E+000 -4.130183E-001  9.107227E-001  0.000000E+000  0.000000E+000  0.000000E+000  1.000000E+000
  7.600000E-001  4.485292E-001 -2.209561E-001  0.000000E+000  8.970584E-001  4.419121E-001  0.000000E+000 -4.419121E-001  8.970584E-001  0.000000E+000  0.000000E+000  0.000000E+000  1.000000E+000
  7.800000E-001  4.414457E-001 -2.347886E-001  0.000000E+000  8.828914E-001  4.695772E-001  0.000000E+000 -4.695772E-001  8.828914E-001  0.000000E+000  0.000000E+000  0.000000E+000  1.000000E+000
  8.000000E-001  4.341775E-001 -2.479716E-001  0.000000E+000  8.683550E-001  4.959432E-001  0.000000E+000 -4.959432E-001  8.683550E-001  0.000000E+000  0.000000E+000  0.000000E+000  1.000000E+000
  8.200000E-001  4.267934E-001 -2.604754E-001  0.000000E+000  8.535867E-001  5.209508E-001  0.000000E+000 -5.209508E-001  8.535867E-001  0.000000E+000  0.000000E+000  0.000000E+000  1.000000E+000
  8.400000E-001  4.193635E-001 -2.722760E-001  0.000000E+000  8.387271E-001  5.445520E-001  0.000000E+000 -5.445520E-001  8.387271E-001  0.000000E+000  0.000000E+000  0.000000E+000  1.000000E+000
  8.600000E-001  4.119588E-001 -2.833549E-001  0.000000E+000  8.239175E-001  5.667098E-001  0.000000E+000 -5.667098E-001  8.239175E-001  0.000000E+000  0.000000E+000  0.000000E+000  1.000000E+000
  8.800000E-001  4.046493E-001 -2.936988E-001  0.000000E+000  8.092985E-001  5.873976E-001  0.000000E+000 -5.873976E-001  8.092985E-001  0.000000E+000  0.000000E+000  0.000000E+000  1.000000E+000
  9.000000E-001  3.975040E-001 -3.032994E-001  0.000000E+000  7.950081E-001  6.065989E-001  0.000000E+000 -6.065989E-001  7.950081E-001  0.000000E+000  0.000000E+000  0.000000E+000  1.000000E+000
  9.200000E-001  3.905899E-001 -3.121531E-001  0.000000E+000  7.811798E-001  6.243061E-001  0.000000E+000 -6.243061E-001  7.811798E-001  0.000000E+000  0.000000E+000  0.000000E+000  1.000000E+000
  9.400000E-001  3.839708E-001 -3.202600E-001  0.000000E+000  7.679416E-001  6.405199E-001  0.000000E+000 -6.405199E-001  7.679416E-001  0.000000E+000  0.000000E+000  0.000000E+000  1.000000E+000
  9.600000E-001  3.777070E-001 -3.276240E-001  0.000000E+000  7.554139E-001  6.552479E-001  0.000000E+000 -6.552479E-001  7.554139E-001  0.000000E+000  0.000000E+000  0.000000E+000  1.000000E+000
  9.800000E-001  3.718544E-001 -3.342518E-001  0.000000E+000  7.437088E-001  6.685037E-001  0.000000E+000 -6.685037E-001  7.437088E-001  0.000000E+000  0.000000E+000  0.000000E+000  1.000000E+000
  1.000000E+000  3.664644E-001 -3.401527E-001  0.000000E+000  7.329288E-001  6.803053E-001  0.000000E+000 -6.803053E-001  7.329288E-001  0.000000E+000  0.000000E+000  0.000000E+000  1.000000E+000
  1.020000E+000  3.615828E-001 -3.453373E-001  0.000000E+000  7.231657E-001  6.906746E-001  0.000000E+000 -6.906746E-001  7.231657E-001  0.000000E+000  0.000000E+000  0.000000E+000  1.000000E+000
  1.040000E+000  3.572501E-001 -3.498177E-001  0.000000E+000  7.145001E-001  6.996353E-001  0.000000E+000 -6.996353E-001  7.145001E-001  0.000000E+000  0.000000E+000  0.000000E+000  1.000000E+000
  1.060000E+000  3.535004E-001 -3.536064E-001  0.000000E+000  7.070008E-001  7.072127E-001  0.000000E+000 -7.072127E-001  7.070008E-001  0.000000E+000  0.000000E+000  0.000000E+000  1.000000E+000
  1.080000E+000  3.503622E-001 -3.567160E-001  0.000000E+000  7.007244E-001  7.134321E-001  0.000000E+000 -7.134321E-001  7.007244E-001  0.000000E+000  0.000000E+000  0.000000E+000  1.000000E+000
  1.100000E+000  3.478574E-001 -3.591590E-001  0.000000E+000  6.957148E-001  7.183181E-001  0.000000E+000 -7.183181E-001  6.957148E-001  0.000000E+000  0.000000E+000  0.000000E+000  1.000000E+000
  1.120000E+000  3.460018E-001 -3.609470E-001  0.000000E+000  6.920037E-001  7.218940E-001  0.000000E+000 -7.218940E-001  6.920037E-001  0.000000E+000  0.000000E+000  0.000000E+000  1.000000E+000
  1.140000E+000  3.448049E-001 -3.620906E-001  0.000000E+000  6.896098E-001  7.241811E-001  0.000000E+000 -7.241811E-001  6.896098E-001  0.000000E+000  0.000000E+000  0.000000E+000  1.000000E+000
  1.160000E+000  3.442699E-001 -3.625993E-001  0.000000E+000  6.885398E-001  7.251985E-001  0.000000E+000 -7.251985E-001  6.885398E-001  0.000000E+000  0.000000E+000  0.000000E+000  1.000000E+000
  1.180000E+000  3.443940E-001 -3.624814E-001  0.000000E+000  6.887881E-001  7.249628E-001  0.000000E+000 -7.249628E-001  6.887881E-001  0.000000E+000  0.000000E+000  0.000000E+000  1.000000E+000
  1.200000E+000  3.451686E-001 -3.617439E-001  0.000000E+000  6.903373E-001  7.234877E-001  0.000000E+000 -7.234877E-001  6.903373E-001  0.000000E+000  0.000000E+000  0.000000E+000  1.000000E+000
  1.220000E+000  3.465793E-001 -3.603925E-001  0.000000E+000  6.931587E-001  7.207850E-001  0.000000E+000 -7.207850E-001  6.931587E-001  0.000000E+000  0.000000E+000  0.000000E+000  1.000000E+000
  1.240000E+000  3.486065E-001 -3.584320E-001  0.000000E+000  6.972130E-001  7.168641E-001  0.000000E+000 -7.168641E-001  6.972130E-001  0.000000E+000  0.000000E+000  0.000000E+000  1.000000E+000
  1.260000E+000  3.512252E-001 -3.558663E-001  0.000000E+000  7.024504E-001  7.117327E-001  0.000000E+000 -7.117327E-001  7.024504E-001  0.000000E+000  0.000000E+000  0.000000E+000  1.000000E+000
  1.280000E+000  3.544059E-001 -3.526988E-001  0.000000E+000  7.088119E-001  7.053975E-001  0.000000E+000 -7.053975E-001  7.088119E-001  0.000000E+000  0.000000E+000  0.000000E+000  1.000000E+000
  1.300000E+000  3.581148E-001 -3.489324E-001  0.000000E+000  7.162295E-001  6.978648E-001  0.000000E+000 -6.978648E-001  7.162295E-001  0.000000E+000  0.000000E+000  0.000000E+000  1.000000E+000
  1.320000E+000  3.623137E-001 -3.445704E-001  0.000000E+000  7.246274E-001  6.891409E-001  0.000000E+000 -6.891409E-001  7.246274E-001  0.000000E+000  0.000000E+000  0.000000E+000  1.000000E+000
  1.340000E+000  3.669613E-001 -3.396166E-001  0.000000E+000  7.339225E-001  6.792332E-001  0.000000E+000 -6.792332E-001  7.339225E-001  0.000000E+000  0.000000E+000  0.000000E+000  1.000000E+000
  1.360000E+000  3.720128E-001 -3.340755E-001  0.000000E+000  7.440257E-001  6.681510E-001  0.000000E+000 -6.681510E-001  7.440257E-001  0.000000E+000  0.000000E+000  0.000000E+000  1.000000E+000
  1.380000E+000  3.774212E-001 -3.279531E-001  0.000000E+000  7.548424E-001  6.559062E-001  0.000000E+000 -6.559062E-001  7.548424E-001  0.000000E+000  0.000000E+000  0.000000E+000  1.000000E+000
  1.400000E+000  3.831370E-001 -3.212570E-001  0.000000E+000  7.662739E-001  6.425140E-001  0.000000E+000 -6.425140E-001  7.662739E-001  0.000000E+000  0.000000E+000  0.000000E+000  1.000000E+000
  1.420000E+000  3.891092E-001 -3.139969E-001  0.000000E+000  7.782184E-001  6.279937E-001  0.000000E+000 -6.279937E-001  7.782184E-001  0.000000E+000  0.000000E+000  0.000000E+000  1.000000E+000
  1.440000E+000  3.952859E-001 -3.061847E-001  0.000000E+000  7.905718E-001  6.123693E-001  0.000000E+000 -6.123693E-001  7.905718E-001  0.000000E+000  0.000000E+000  0.000000E+000  1.000000E+000
  1.460000E+000  4.016145E-001 -2.978351E-001  0.000000E+000  8.032291E-001  5.956703E-001  0.000000E+000 -5.956703E-001  8.032291E-001  0.000000E+000  0.000000E+000  0.000000E+000  1.000000E+000
  1.480000E+000  4.080426E-001 -2.889658E-001  0.000000E+000  8.160852E-001  5.779317E-001  0.000000E+000 -5.779317E-001  8.160852E-001  0.000000E+000  0.000000E+000  0.000000E+000  1.000000E+000
  1.500000E+000  4.145182E-001 -2.795974E-001  0.000000E+000  8.290363E-001  5.591947E-001  0.000000E+000 -5.591947E-001  8.290363E-001  0.000000E+000  0.000000E+000  0.000000E+000  1.000000E+000
  1.520000E+000  4.209905E-001 -2.697536E-001  0.000000E+000  8.419810E-001  5.395071E-001  0.000000E+000 -5.395071E-001  8.419810E-001  0.000000E+000  0.000000E+000  0.000000E+000  1.000000E+000
  1.540000E+000  4.274105E-001 -2.594615E-001  0.000000E+000  8.548210E-001  5.189229E-001  0.000000E+000 -5.189229E-001  8.548210E-001  0.000000E+000  0.000000E+000  0.000000E+000  1.000000E+000
  1.560000E+000  4.337313E-001 -2.487513E-001  0.000000E+000  8.674625E-001  4.975026E-001  0.000000E+000 -4.975026E-001  8.674625E-001  0.000000E+000  0.000000E+000  0.000000E+000  1.000000E+000
  1.580000E+000  4.399084E-001 -2.376564E-001  0.000000E+000  8.798168E-001  4.753129E-001  0.000000E+000 -4.753129E-001  8.798168E-001  0.000000E+000  0.000000E+000  0.000000E+000  1.000000E+000
  1.600000E+000  4.459008E-001 -2.262133E-001  0.000000E+000  8.918017E-001  4.524266E-001  0.000000E+000 -4.524266E-001  8.918017E-001  0.000000E+000  0.000000E+000  0.000000E+000  1.000000E+000
  1.620000E+000  4.516708E-001 -2.144610E-001  0.000000E+000  9.033415E-001  4.289220E-001  0.000000E+000 -4.289220E-001  9.033415E-001  0.000000E+000  0.000000E+000  0.000000E+000  1.000000E+000
  1.640000E+000  4.571844E-001 -2.024413E-001  0.000000E+000  9.143687E-001  4.048825E-001  0.000000E+000 -4.048825E-001  9.143687E-001  0.000000E+000  0.000000E+000  0.000000E+000  1.000000E+000
  1.660000E+000  4.624118E-001 -1.901980E-001  0.000000E+000  9.248237E-001  3.803961E-001  0.000000E+000 -3.803961E-001  9.248237E-001  0.000000E+000  0.000000E+000  0.000000E+000  1.000000E+000
  1.680000E+000  4.673278E-001 -1.777772E-001  0.000000E+000  9.346556E-001  3.555544E-001  0.000000E+000 -3.555544E-001  9.346556E-001  0.000000E+000  0.000000E+000  0.000000E+000  1.000000E+000
  1.700000E+000  4.719114E-001 -1.652261E-001  0.000000E+000  9.438228E-001  3.304521E-001  0.000000E+000 -3.304521E-001  9.438228E-001  0.000000E+000  0.000000E+000  0.000000E+000  1.000000E+000
  1.720000E+000  4.761463E-001 -1.525932E-001  0.000000E+000  9.522926E-001  3.051864E-001  0.000000E+000 -3.051864E-001  9.522926E-001  0.000000E+000  0.000000E+000  0.000000E+000  1.000000E+000
  1.740000E+000  4.800211E-001 -1.399278E-001  0.000000E+000  9.600421E-001  2.798555E-001  0.000000E+000 -2.798555E-001  9.600421E-001  0.000000E+000  0.000000E+000  0.000000E+000  1.000000E+000
  1.760000E+000  4.835287E-001 -1.272794E-001  0.000000E+000  9.670573E-001  2.545588E-001  0.000000E+000 -2.545588E-001  9.670573E-001  0.000000E+000  0.000000E+000  0.000000E+000  1.000000E+000
  1.780000E+000  4.866667E-001 -1.146975E-001  0.000000E+000  9.733334E-001  2.293950E-001  0.000000E+000 -2.293950E-001  9.733334E-001  0.000000E+000  0.000000E+000  0.000000E+000  1.000000E+000
  1.800000E+000  4.894372E-001 -1.022310E-001  0.000000E+000  9.788745E-001  2.044621E-001  0.000000E+000 -2.044621E-001  9.788745E-001  0.000000E+000  0.000000E+000  0.000000E+000  1.000000E+000
  1.820000E+000  4.918464E-001 -8.992816E-002  0.000000E+000  9.836929E-001  1.798563E-001  0.000000E+000 -1.798563E-001  9.836929E-001  0.000000E+000  0.000000E+000  0.000000E+000  1.000000E+000
  1.840000E+000  4.939044E-001 -7.783572E-002  0.000000E+000  9.878089E-001  1.556714E-001  0.000000E+000 -1.556714E-001  9.878089E-001  0.000000E+000  0.000000E+000  0.000000E+000  1.000000E+000
  1.860000E+000  4.956250E-001 -6.599907E-002  0.000000E+000  9.912500E-001  1.319981E-001  0.000000E+000 -1.319981E-001  9.912500E-001  0.000000E+000  0.000000E+000  0.000000E+000  1.000000E+000
  1.880000E+000  4.970251E-001 -5.446175E-002  0.000000E+000  9.940501E-001  1.089235E-001  0.000000E+000 -1.089235E-001  9.940501E-001  0.000000E+000  0.000000E+000  0.000000E+000  1.000000E+000
  1.900000E+000  4.981246E-001 -4.326523E-002  0.000000E+000  9.962492E-001  8.653046E-002  0.000000E+000 -8.653046E-002  9.962492E-001  0.000000E+000  0.000000E+000  0.000000E+000  1.000000E+000
  1.920000E+000  4.989460E-001 -3.244873E-002  0.000000E+000  9.978919E-001  6.489747E-002  0.000000E+000 -6.489747E-002  9.978919E-001  0.000000E+000  0.000000E+000  0.000000E+000  1.000000E+000
  1.940000E+000  4.995136E-001 -2.204906E-002  0.000000E+000  9.990272E-001  4.409812E-002  0.000000E+000 -4.409812E-002  9.990272E-001  0.000000E+000  0.000000E+000  0.000000E+000  1.000000E+000
  1.960000E+000  4.998536E-001 -1.210048E-002  0.000000E+000  9.997071E-001  2.420095E-002  0.000000E+000 -2.420095E-002  9.997071E-001  0.000000E+000  0.000000E+000  0.000000E+000  1.000000E+000
  1.980000E+000  4.999931E-001 -2.634663E-003  0.000000E+000  9.999861E-001  5.269325E-003  0.000000E+000 -5.269325E-003  9.999861E-001  0.000000E+000  0.000000E+000  0.000000E+000  1.000000E+000
  2.000000E+000  4.999601E-001  6.319344E-003  0.000000E+000  9.999201E-001 -1.263869E-002  0.000000E+000  1.263869E-002  9.999201E-001  0.000000E+000  0.000000E+000  0.000000E+000  1.000000E+000
  2.020000E+000  4.997828E-001  1.473513E-002  0.000000E+000  9.995657E-001 -2.947026E-002  0.000000E+000  2.947026E-002  9.995657E-001  0.000000E+000  0.000000E+000  0.000000E+000  1.000000E+000
  2.040000E+000  4.994895E-001  2.258888E-002  0.000000E+000  9.989790E-001 -4.517776E-002  0.000000E+000  4.517776E-002  9.989790E-001  0.000000E+000  0.000000E+000  0.000000E+000  1.000000E+000
  2.060000E+000  4.991076E-001  2.985930E-002  0.000000E+000  9.982153E-001 -5.971860E-002  0.000000E+000  5.971860E-002  9.982153E-001  0.000000E+000  0.000000E+000  0.000000E+000  1.000000E+000
  2.080000E+000  4.986640E-001  3.652754E-002  0.000000E+000  9.973279E-001 -7.305508E-002  0.000000E+000  7.305508E-002  9.973279E-001  0.000000E+000  0.000000E+000  0.000000E+000  1.000000E+000
  2.100000E+000  4.981839E-001  4.257708E-002  0.000000E+000  9.963678E-001 -8.515417E-002  0.000000E+000  8.515417E-002  9.963678E-001  0.000000E+000  0.000000E+000  0.000000E+000  1.000000E+000
  2.120000E+000  4.976913E-001  4.799363E-002  0.000000E+000  9.953826E-001 -9.598726E-002  0.000000E+000  9.598726E-002  9.953826E-001  0.000000E+000  0.000000E+000  0.000000E+000  1.000000E+000
  2.140000E+000  4.972081E-001  5.276497E-002  0.000000E+000  9.944161E-001 -1.055299E-001  0.000000E+000  1.055299E-001  9.944161E-001  0.000000E+000  0.000000E+000  0.000000E+000  1.000000E+000
  2.160000E+000  4.967540E-001  5.688086E-002  0.000000E+000  9.935081E-001 -1.137617E-001  0.000000E+000  1.137617E-001  9.935081E-001  0.000000E+000  0.000000E+000  0.000000E+000  1.000000E+000
  2.180000E+000  4.963466E-001  6.033289E-002  0.000000E+000  9.926932E-001 -1.206658E-001  0.000000E+000  1.206658E-001  9.926932E-001  0.000000E+000  0.000000E+000  0.000000E+000  1.000000E+000
  2.200000E+000  4.960006E-001  6.311436E-002  0.000000E+000  9.920012E-001 -1.262287E-001  0.000000E+000  1.262287E-001  9.920012E-001  0.000000E+000  0.000000E+000  0.000000E+000  1.000000E+000
  2.220000E+000  4.957281E-001  6.522019E-002  0.000000E+000  9.914562E-001 -1.304404E-001  0.000000E+000  1.304404E-001  9.914562E-001  0.000000E+000  0.000000E+000  0.000000E+000  1.000000E+000
  2.240000E+000  4.955383E-001  6.664679E-002  0.000000E+000  9.910766E-001 -1.332936E-001  0.000000E+000  1.332936E-001  9.910766E-001  0.000000E+000  0.000000E+000  0.000000E+000  1.000000E+000
  2.260000E+000  4.954375E-001  6.739204E-002  0.000000E+000  9.908750E-001 -1.347841E-001  0.000000E+000  1.347841E-001  9.908750E-001  0.000000E+000  0.000000E+000  0.000000E+000  1.000000E+000
  2.280000E+000  4.954289E-001  6.745517E-002  0.000000E+000  9.908578E-001 -1.349103E-001  0.000000E+000  1.349103E-001  9.908578E-001  0.000000E+000  0.000000E+000  0.000000E+000  1.000000E+000
  2.300000E+000  4.955127E-001  6.683678E-002  0.000000E+000  9.910254E-001 -1.336736E-001  0.000000E+000  1.336736E-001  9.910254E-001  0.000000E+000  0.000000E+000  0.000000E+000  1.000000E+000
  2.320000E+000  4.956861E-001  6.553876E-002  0.000000E+000  9.913721E-001 -1.310775E-001  0.000000E+000  1.310775E-001  9.913721E-001  0.000000E+000  0.000000E+000  0.000000E+000  1.000000E+000
  2.340000E+000  4.959431E-001  6.356437E-002  0.000000E+000  9.918862E-001 -1.271287E-001  0.000000E+000  1.271287E-001  9.918862E-001  0.000000E+000  0.000000E+000  0.000000E+000  1.000000E+000
  2.360000E+000  4.962751E-001  6.091822E-002  0.000000E+000  9.925502E-001 -1.218364E-001  0.000000E+000  1.218364E-001  9.925502E-001  0.000000E+000  0.000000E+000  0.000000E+000  1.000000E+000
  2.380000E+000  4.966704E-001  5.760633E-002  0.000000E+000  9.933408E-001 -1.152127E-001  0.000000E+000  1.152127E-001  9.933408E-001  0.000000E+000  0.000000E+000  0.000000E+000  1.000000E+000
  2.400000E+000  4.971148E-001  5.363622E-002  0.000000E+000  9.942297E-001 -1.072724E-001  0.000000E+000  1.072724E-001  9.942297E-001  0.000000E+000  0.000000E+000  0.000000E+000  1.000000E+000
  2.420000E+000  4.975915E-001  4.901698E-002  0.000000E+000  9.951831E-001 -9.803396E-002  0.000000E+000  9.803396E-002  9.951831E-001  0.000000E+000  0.000000E+000  0.000000E+000  1.000000E+000
  2.440000E+000  4.980814E-001  4.375935E-002  0.000000E+000  9.961629E-001 -8.751871E-002  0.000000E+000  8.751871E-002  9.961629E-001  0.000000E+000  0.000000E+000  0.000000E+000  1.000000E+000
  2.460000E+000  4.985634E-001  3.787587E-002  0.000000E+000  9.971267E-001 -7.575174E-002  0.000000E+000  7.575174E-002  9.971267E-001  0.000000E+000  0.000000E+000  0.000000E+000  1.000000E+000
  2.480000E+000  4.990143E-001  3.138096E-002  0.000000E+000  9.980285E-001 -6.276191E-002  0.000000E+000  6.276191E-002  9.980285E-001  0.000000E+000  0.000000E+000  0.000000E+000  1.000000E+000
  2.500000E+000  4.994096E-001  2.429103E-002  0.000000E+000  9.988192E-001 -4.858207E-002  0.000000E+000  4.858207E-002  9.988192E-001  0.000000E+000  0.000000E+000  0.000000E+000  1.000000E+000
  2.520000E+000  4.997235E-001  1.662466E-002  0.000000E+000  9.994471E-001 -3.324931E-002  0.000000E+000  3.324931E-002  9.994471E-001  0.000000E+000  0.000000E+000  0.000000E+000  1.000000E+000
  2.540000E+000  4.999294E-001  8.402586E-003  0.000000E+000  9.998588E-001 -1.680517E-002  0.000000E+000  1.680517E-002  9.998588E-001  0.000000E+000  0.000000E+000  0.000000E+000  1.000000E+000
  2.560000E+000  4.999999E-001 -3.521000E-004  0.000000E+000  9.999998E-001  7.042000E-004  0.000000E+000 -7.042000E-004  9.999998E-001  0.000000E+000  0.000000E+000  0.000000E+000  1.000000E+000
  2.580000E+000  4.999076E-001 -9.613949E-003  0.000000E+000  9.998151E-001  1.922790E-002  0.000000E+000 -1.922790E-002  9.998151E-001  0.000000E+000  0.000000E+000  0.000000E+000  1.000000E+000
  2.600000E+000  4.996252E-001 -1.935508E-002  0.000000E+000  9.992505E-001  3.871017E-002  0.000000E+000 -3.871017E-002  9.992505E-001  0.000000E+000  0.000000E+000  0.000000E+000  1.000000E+000
  2.620000E+000  4.991263E-001 -2.954519E-002  0.000000E+000  9.982526E-001  5.909039E-002  0.000000E+000 -5.909039E-002  9.982526E-001  0.000000E+000  0.000000E+000  0.000000E+000  1.000000E+000
  2.640000E+000  4.983852E-001 -4.015154E-002  0.000000E+000  9.967705E-001  8.030308E-002  0.000000E+000 -8.030308E-002  9.967705E-001  0.000000E+000  0.000000E+000  0.000000E+000  1.000000E+000
  2.660000E+000  4.973779E-001 -5.113901E-002  0.000000E+000  9.947559E-001  1.022780E-001  0.000000E+000 -1.022780E-001  9.947559E-001  0.000000E+000  0.000000E+000  0.000000E+000  1.000000E+000
  2.680000E+000  4.960821E-001 -6.247024E-002  0.000000E+000  9.921642E-001  1.249405E-001  0.000000E+000 -1.249405E-001  9.921642E-001  0.000000E+000  0.000000E+000  0.000000E+000  1.000000E+000
  2.700000E+000  4.944779E-001 -7.410568E-002  0.000000E+000  9.889557E-001  1.482114E-001  0.000000E+000 -1.482114E-001  9.889557E-001  0.000000E+000  0.000000E+000  0.000000E+000  1.000000E+000
  2.720000E+000  4.925478E-001 -8.600384E-002  0.000000E+000  9.850956E-001  1.720077E-001  0.000000E+000 -1.720077E-001  9.850956E-001  0.000000E+000  0.000000E+000  0.000000E+000  1.000000E+000
  2.740000E+000  4.902777E-001 -9.812147E-002  0.000000E+000  9.805553E-001  1.962429E-001  0.000000E+000 -1.962429E-001  9.805553E-001  0.000000E+000  0.000000E+000  0.000000E+000  1.000000E+000
  2.760000E+000  4.876564E-001 -1.104138E-001  0.000000E+000  9.753128E-001  2.208276E-001  0.000000E+000 -2.208276E-001  9.753128E-001  0.000000E+000  0.000000E+000  0.000000E+000  1.000000E+000
  2.780000E+000  4.846768E-001 -1.228349E-001  0.000000E+000  9.693536E-001  2.456699E-001  0.000000E+000 -2.456699E-001  9.693536E-001  0.000000E+000  0.000000E+000  0.000000E+000  1.000000E+000
  2.800000E+000  4.813353E-001 -1.353380E-001  0.000000E+000  9.626705E-001  2.706759E-001  0.000000E+000 -2.706759E-001  9.626705E-001  0.000000E+000  0.000000E+000  0.000000E+000  1.000000E+000
  2.820000E+000  4.776325E-001 -1.478756E-001  0.000000E+000  9.552650E-001  2.957511E-001  0.000000E+000 -2.957511E-001  9.552650E-001  0.000000E+000  0.000000E+000  0.000000E+000  1.000000E+000
  2.840000E+000  4.735734E-001 -1.604002E-001  0.000000E+000  9.471468E-001  3.208005E-001  0.000000E+000 -3.208005E-001  9.471468E-001  0.000000E+000  0.000000E+000  0.000000E+000  1.000000E+000
  2.860000E+000  4.691671E-001 -1.728647E-001  0.000000E+000  9.383343E-001  3.457293E-001  0.000000E+000 -3.457293E-001  9.383343E-001  0.000000E+000  0.000000E+000  0.000000E+000  1.000000E+000
  2.880000E+000  4.644273E-001 -1.852223E-001  0.000000E+000  9.288546E-001  3.704445E-001  0.000000E+000 -3.704445E-001  9.288546E-001  0.000000E+000  0.000000E+000  0.000000E+000  1.000000E+000
  2.900000E+000  4.593718E-001 -1.974274E-001  0.000000E+000  9.187435E-001  3.948549E-001  0.000000E+000 -3.948549E-001  9.187435E-001  0.000000E+000  0.000000E+000  0.000000E+000  1.000000E+000
  2.920000E+000  4.540226E-001 -2.094360E-001  0.000000E+000  9.080453E-001  4.188720E-001  0.000000E+000 -4.188720E-001  9.080453E-001  0.000000E+000  0.000000E+000  0.000000E+000  1.000000E+000
  2.940000E+000  4.484062E-001 -2.212056E-001  0.000000E+000  8.968123E-001  4.424112E-001  0.000000E+000 -4.424112E-001  8.968123E-001  0.000000E+000  0.000000E+000  0.000000E+000  1.000000E+000
  2.960000E+000  4.425523E-001 -2.326961E-001  0.000000E+000  8.851046E-001  4.653921E-001  0.000000E+000 -4.653921E-001  8.851046E-001  0.000000E+000  0.000000E+000  0.000000E+000  1.000000E+000
  2.980000E+000  4.364947E-001 -2.438695E-001  0.000000E+000  8.729895E-001  4.877391E-001  0.000000E+000 -4.877391E-001  8.729895E-001  0.000000E+000  0.000000E+000  0.000000E+000  1.000000E+000
  3.000000E+000  4.302702E-001 -2.546910E-001  0.000000E+000  8.605405E-001  5.093821E-001  0.000000E+000 -5.093821E-001  8.605405E-001  0.000000E+000  0.000000E+000  0.000000E+000  1.000000E+000
  3.020000E+000  4.239185E-001 -2.651284E-001  0.000000E+000  8.478371E-001  5.302568E-001  0.000000E+000 -5.302568E-001  8.478371E-001  0.000000E+000  0.000000E+000  0.000000E+000  1.000000E+000
  3.040000E+000  4.174817E-001 -2.751527E-001  0.000000E+000  8.349635E-001  5.503053E-001  0.000000E+000 -5.503053E-001  8.349635E-001  0.000000E+000  0.000000E+000  0.000000E+000  1.000000E+000
  3.060000E+000  4.110040E-001 -2.847380E-001  0.000000E+000  8.220080E-001  5.694760E-001  0.000000E+000 -5.694760E-001  8.220080E-001  0.000000E+000  0.000000E+000  0.000000E+000  1.000000E+000
  3.080000E+000  4.045309E-001 -2.938619E-001  0.000000E+000  8.090617E-001  5.877237E-001  0.000000E+000 -5.877237E-001  8.090617E-001  0.000000E+000  0.000000E+000  0.000000E+000  1.000000E+000
  3.100000E+000  3.981090E-001 -3.025050E-001  0.000000E+000  7.962179E-001  6.050099E-001  0.000000E+000 -6.050099E-001  7.962179E-001  0.000000E+000  0.000000E+000  0.000000E+000  1.000000E+000
  3.120000E+000  3.917854E-001 -3.106512E-001  0.000000E+000  7.835708E-001  6.213025E-001  0.000000E+000 -6.213025E-001  7.835708E-001  0.000000E+000  0.000000E+000  0.000000E+000  1.000000E+000
  3.140000E+000  3.856073E-001 -3.182876E-001  0.000000E+000  7.712146E-001  6.365752E-001  0.000000E+000 -6.365752E-001  7.712146E-001  0.000000E+000  0.000000E+000  0.000000E+000  1.000000E+000
  3.160000E+000  3.796212E-001 -3.254040E-001  0.000000E+000  7.592424E-001  6.508079E-001  0.000000E+000 -6.508079E-001  7.592424E-001  0.000000E+000  0.000000E+000  0.000000E+000  1.000000E+000
  3.180000E+000  3.738727E-001 -3.319927E-001  0.000000E+000  7.477455E-001  6.639855E-001  0.000000E+000 -6.639855E-001  7.477455E-001  0.000000E+000  0.000000E+000  0.000000E+000  1.000000E+000
  3.200000E+000  3.684060E-001 -3.380489E-001  0.000000E+000  7.368119E-001  6.760977E-001  0.000000E+000 -6.760977E-001  7.368119E-001  0.000000E+000  0.000000E+000  0.000000E+000  1.000000E+000
  3.220000E+000  3.632631E-001 -3.435694E-001  0.000000E+000  7.265262E-001  6.871387E-001  0.000000E+000 -6.871387E-001  7.265262E-001  0.000000E+000  0.000000E+000  0.000000E+000  1.000000E+000
  3.240000E+000  3.584841E-001 -3.485530E-001  0.000000E+000  7.169681E-001  6.971059E-001  0.000000E+000 -6.971059E-001  7.169681E-001  0.000000E+000  0.000000E+000  0.000000E+000  1.000000E+000
  3.260000E+000  3.541060E-001 -3.529999E-001  0.000000E+000  7.082120E-001  7.059999E-001  0.000000E+000 -7.059999E-001  7.082120E-001  0.000000E+000  0.000000E+000  0.000000E+000  1.000000E+000
  3.280000E+000  3.501630E-001 -3.569116E-001  0.000000E+000  7.003259E-001  7.138232E-001  0.000000E+000 -7.138232E-001  7.003259E-001  0.000000E+000  0.000000E+000  0.000000E+000  1.000000E+000
  3.300000E+000  3.466858E-001 -3.602901E-001  0.000000E+000  6.933716E-001  7.205802E-001  0.000000E+000 -7.205802E-001  6.933716E-001  0.000000E+000  0.000000E+000  0.000000E+000  1.000000E+000
  3.320000E+000  3.437016E-001 -3.631380E-001  0.000000E+000  6.874033E-001  7.262760E-001  0.000000E+000 -7.262760E-001  6.874033E-001  0.000000E+000  0.000000E+000  0.000000E+000  1.000000E+000
  3.340000E+000  3.412337E-001 -3.654580E-001  0.000000E+000  6.824674E-001  7.309161E-001  0.000000E+000 -7.309161E-001  6.824674E-001  0.000000E+000  0.000000E+000  0.000000E+000  1.000000E+000
  3.360000E+000  3.393012E-001 -3.672529E-001  0.000000E+000  6.786024E-001  7.345058E-001  0.000000E+000 -7.345058E-001  6.786024E-001  0.000000E+000  0.000000E+000  0.000000E+000  1.000000E+000
  3.380000E+000  3.379192E-001 -3.685249E-001  0.000000E+000  6.758385E-001  7.370498E-001  0.000000E+000 -7.370498E-001  6.758385E-001  0.000000E+000  0.000000E+000  0.000000E+000  1.000000E+000
  3.400000E+000  3.370984E-001 -3.692759E-001  0.000000E+000  6.741968E-001  7.385517E-001  0.000000E+000 -7.385517E-001  6.741968E-001  0.000000E+000  0.000000E+000  0.000000E+000  1.000000E+000
  3.420000E+000  3.368450E-001 -3.695070E-001  0.000000E+000  6.736900E-001  7.390141E-001  0.000000E+000 -7.390141E-001  6.736900E-001  0.000000E+000  0.000000E+000  0.000000E+000  1.000000E+000
  3.440000E+000  3.371609E-001 -3.692189E-001  0.000000E+000  6.743217E-001  7.384377E-001  0.000000E+000 -7.384377E-001  6.743217E-001  0.000000E+000  0.000000E+000  0.000000E+000  1.000000E+000
  3.460000E+000  3.380433E-001 -3.684111E-001  0.000000E+000  6.760866E-001  7.368222E-001  0.000000E+000 -7.368222E-001  6.760866E-001  0.000000E+000  0.000000E+000  0.000000E+000  1.000000E+000
  3.480000E+000  3.394852E-001 -3.670828E-001  0.000000E+000  6.789705E-001  7.341656E-001  0.000000E+000 -7.341656E-001  6.789705E-001  0.000000E+000  0.000000E+000  0.000000E+000  1.000000E+000
  3.500000E+000  3.414752E-001 -3.652324E-001  0.000000E+000  6.829504E-001  7.304648E-001  0.000000E+000 -7.304648E-001  6.829504E-001  0.000000E+000  0.000000E+000  0.000000E+000  1.000000E+000
  3.520000E+000  3.439974E-001 -3.628578E-001  0.000000E+000  6.879947E-001  7.257157E-001  0.000000E+000 -7.257157E-001  6.879947E-001  0.000000E+000  0.000000E+000  0.000000E+000  1.000000E+000
  3.540000E+000  3.470318E-001 -3.599568E-001  0.000000E+000  6.940636E-001  7.199137E-001  0.000000E+000 -7.199137E-001  6.940636E-001  0.000000E+000  0.000000E+000  0.000000E+000  1.000000E+000
  3.560000E+000  3.505546E-001 -3.565270E-001  0.000000E+000  7.011092E-001  7.130539E-001  0.000000E+000 -7.130539E-001  7.011092E-001  0.000000E+000  0.000000E+000  0.000000E+000  1.000000E+000
  3.580000E+000  3.545380E-001 -3.525660E-001  0.000000E+000  7.090760E-001  7.051321E-001  0.000000E+000 -7.051321E-001  7.090760E-001  0.000000E+000  0.000000E+000  0.000000E+000  1.000000E+000
  3.600000E+000  3.589507E-001 -3.480724E-001  0.000000E+000  7.179013E-001  6.961449E-001  0.000000E+000 -6.961449E-001  7.179013E-001  0.000000E+000  0.000000E+000  0.000000E+000  1.000000E+000
  3.620000E+000  3.637581E-001 -3.430453E-001  0.000000E+000  7.275161E-001  6.860906E-001  0.000000E+000 -6.860906E-001  7.275161E-001  0.000000E+000  0.000000E+000  0.000000E+000  1.000000E+000
  3.640000E+000  3.689227E-001 -3.374849E-001  0.000000E+000  7.378453E-001  6.749698E-001  0.000000E+000 -6.749698E-001  7.378453E-001  0.000000E+000  0.000000E+000  0.000000E+000  1.000000E+000
  3.660000E+000  3.744043E-001 -3.313931E-001  0.000000E+000  7.488086E-001  6.627863E-001  0.000000E+000 -6.627863E-001  7.488086E-001  0.000000E+000  0.000000E+000  0.000000E+000  1.000000E+000
  3.680000E+000  3.801607E-001 -3.247736E-001  0.000000E+000  7.603213E-001  6.495471E-001  0.000000E+000 -6.495471E-001  7.603213E-001  0.000000E+000  0.000000E+000  0.000000E+000  1.000000E+000
  3.700000E+000  3.861475E-001 -3.176320E-001  0.000000E+000  7.722950E-001  6.352640E-001  0.000000E+000 -6.352640E-001  7.722950E-001  0.000000E+000  0.000000E+000  0.000000E+000  1.000000E+000
  3.720000E+000  3.923194E-001 -3.099766E-001  0.000000E+000  7.846387E-001  6.199533E-001  0.000000E+000 -6.199533E-001  7.846387E-001  0.000000E+000  0.000000E+000  0.000000E+000  1.000000E+000
  3.740000E+000  3.986298E-001 -3.018183E-001  0.000000E+000  7.972596E-001  6.036366E-001  0.000000E+000 -6.036366E-001  7.972596E-001  0.000000E+000  0.000000E+000  0.000000E+000  1.000000E+000
  3.760000E+000  4.050320E-001 -2.931708E-001  0.000000E+000  8.100639E-001  5.863416E-001  0.000000E+000 -5.863416E-001  8.100639E-001  0.000000E+000  0.000000E+000  0.000000E+000  1.000000E+000
  3.780000E+000  4.114792E-001 -2.840509E-001  0.000000E+000  8.229583E-001  5.681018E-001  0.000000E+000 -5.681018E-001  8.229583E-001  0.000000E+000  0.000000E+000  0.000000E+000  1.000000E+000
  3.800000E+000  4.179253E-001 -2.744786E-001  0.000000E+000  8.358505E-001  5.489571E-001  0.000000E+000 -5.489571E-001  8.358505E-001  0.000000E+000  0.000000E+000  0.000000E+000  1.000000E+000
  3.820000E+000  4.243252E-001 -2.644771E-001  0.000000E+000  8.486504E-001  5.289541E-001  0.000000E+000 -5.289541E-001  8.486504E-001  0.000000E+000  0.000000E+000  0.000000E+000  1.000000E+000
  3.840000E+000  4.306356E-001 -2.540728E-001  0.000000E+000  8.612712E-001  5.081456E-001  0.000000E+000 -5.081456E-001  8.612712E-001  0.000000E+000  0.000000E+000  0.000000E+000  1.000000E+000
  3.860000E+000  4.368150E-001 -2.432953E-001  0.000000E+000  8.736301E-001  4.865907E-001  0.000000E+000 -4.865907E-001  8.736301E-001  0.000000E+000  0.000000E+000  0.000000E+000  1.000000E+000
  3.880000E+000  4.428247E-001 -2.321774E-001  0.000000E+000  8.856493E-001  4.643547E-001  0.000000E+000 -4.643547E-001  8.856493E-001  0.000000E+000  0.000000E+000  0.000000E+000  1.000000E+000
  3.900000E+000  4.486285E-001 -2.207544E-001  0.000000E+000  8.972569E-001  4.415087E-001  0.000000E+000 -4.415087E-001  8.972569E-001  0.000000E+000  0.000000E+000  0.000000E+000  1.000000E+000
  3.920000E+000  4.541938E-001 -2.090645E-001  0.000000E+000  9.083876E-001  4.181291E-001  0.000000E+000 -4.181291E-001  9.083876E-001  0.000000E+000  0.000000E+000  0.000000E+000  1.000000E+000
  3.940000E+000  4.594916E-001 -1.971484E-001  0.000000E+000  9.189832E-001  3.942968E-001  0.000000E+000 -3.942968E-001  9.189832E-001  0.000000E+000  0.000000E+000  0.000000E+000  1.000000E+000
  3.960000E+000  4.644965E-001 -1.850485E-001  0.000000E+000  9.289931E-001  3.700971E-001  0.000000E+000 -3.700971E-001  9.289931E-001  0.000000E+000  0.000000E+000  0.000000E+000  1.000000E+000
  3.980000E+000  4.691875E-001 -1.728093E-001  0.000000E+000  9.383751E-001  3.456185E-001  0.000000E+000 -3.456185E-001  9.383751E-001  0.000000E+000  0.000000E+000  0.000000E+000  1.000000E+000
