% FILE: wrong/Data.4
%
%       t         P_No_Co[1]     P_No_Co[2]     P_No_Co[3]      N_C[1,1]       N_C[1,2]       N_C[1,3]       N_C[2,1]       N_C[2,2]       N_C[2,3]       N_C[3,1]       N_C[3,2]       N_C[3,3]
%   (second)        (meter)        (meter)        (meter)       (NoUnits)      (NoUnits)      (NoUnits)      (NoUnits)      (NoUnits)      (NoUnits)      (NoUnits)      (NoUnits)      (NoUnits)

  0.000000E+000 -3.464102E+000 -3.600000E+001  3.600000E+001  4.330127E-001 -8.993027E-001  6.127498E-002  7.500000E-001  3.217472E-001 -5.779089E-001  5.000000E-001  2.961981E-001  8.137977E-001
  5.000000E-002 -3.467504E+000 -3.599539E+001  3.600835E+001  4.334983E-001 -8.990655E-001  6.132201E-002  7.498115E-001  3.221133E-001 -5.779495E-001  4.998619E-001  2.965201E-001  8.137653E-001
  1.000000E-001 -3.477655E+000 -3.598175E+001  3.603312E+001  4.349445E-001 -8.983574E-001  6.145941E-002  7.492474E-001  3.232044E-001 -5.780720E-001  4.994513E-001  2.974776E-001  8.136679E-001
  1.500000E-001 -3.494501E+000 -3.595917E+001  3.607410E+001  4.373427E-001 -8.971770E-001  6.168277E-002  7.483052E-001  3.250150E-001 -5.782773E-001  4.987693E-001  2.990629E-001  8.135051E-001
  2.000000E-001 -3.517998E+000 -3.592767E+001  3.613117E+001  4.406862E-001 -8.955184E-001  6.198711E-002  7.469788E-001  3.275417E-001 -5.785665E-001  4.978136E-001  3.012693E-001  8.132763E-001
  2.500000E-001 -3.548100E+000 -3.588721E+001  3.620423E+001  4.449691E-001 -8.933717E-001  6.236636E-002  7.452589E-001  3.307814E-001 -5.789412E-001  4.965800E-001  3.040900E-001  8.129807E-001
  3.000000E-001 -3.584757E+000 -3.583771E+001  3.629318E+001  4.501852E-001 -8.907232E-001  6.281329E-002  7.431330E-001  3.347317E-001 -5.794032E-001  4.950623E-001  3.075174E-001  8.126170E-001
  3.500000E-001 -3.627910E+000 -3.577905E+001  3.639796E+001  4.563279E-001 -8.875559E-001  6.331940E-002  7.405856E-001  3.393899E-001 -5.799548E-001  4.932523E-001  3.115430E-001  8.121842E-001
  4.000000E-001 -3.677495E+000 -3.571106E+001  3.651850E+001  4.633901E-001 -8.838493E-001  6.387493E-002  7.375980E-001  3.447533E-001 -5.805983E-001  4.911403E-001  3.161575E-001  8.116807E-001
  4.500000E-001 -3.733438E+000 -3.563355E+001  3.665472E+001  4.713638E-001 -8.795794E-001  6.446881E-002  7.341486E-001  3.508187E-001 -5.813365E-001  4.887148E-001  3.213506E-001  8.111052E-001
  5.000000E-001 -3.795652E+000 -3.554628E+001  3.680657E+001  4.802398E-001 -8.747189E-001  6.508868E-002  7.302123E-001  3.575826E-001 -5.821724E-001  4.859626E-001  3.271109E-001  8.104559E-001
  5.500000E-001 -3.864041E+000 -3.544897E+001  3.697396E+001  4.900081E-001 -8.692369E-001  6.572083E-002  7.257613E-001  3.650403E-001 -5.831090E-001  4.828691E-001  3.334258E-001  8.097312E-001
  6.000000E-001 -3.938492E+000 -3.534132E+001  3.715684E+001  5.006568E-001 -8.630993E-001  6.635027E-002  7.207642E-001  3.731865E-001 -5.841497E-001  4.794182E-001  3.402814E-001  8.089294E-001
  6.500000E-001 -4.018876E+000 -3.522297E+001  3.735512E+001  5.121725E-001 -8.562684E-001  6.696063E-002  7.151863E-001  3.820144E-001 -5.852978E-001  4.755921E-001  3.476628E-001  8.080487E-001
  7.000000E-001 -4.105046E+000 -3.509353E+001  3.756871E+001  5.245397E-001 -8.487032E-001  6.753422E-002  7.089898E-001  3.915157E-001 -5.865568E-001  4.713719E-001  3.555534E-001  8.070875E-001
  7.500000E-001 -4.196835E+000 -3.495257E+001  3.779750E+001  5.377408E-001 -8.403593E-001  6.805198E-002  7.021332E-001  4.016805E-001 -5.879300E-001  4.667373E-001  3.639355E-001  8.060442E-001
  8.000000E-001 -4.294049E+000 -3.479961E+001  3.804139E+001  5.517554E-001 -8.311887E-001  6.849347E-002  6.945718E-001  4.124962E-001 -5.894208E-001  4.616666E-001  3.727897E-001  8.049172E-001
  8.500000E-001 -4.396470E+000 -3.463415E+001  3.830023E+001  5.665599E-001 -8.211403E-001  6.883687E-002  6.862570E-001  4.239482E-001 -5.910323E-001  4.561372E-001  3.820950E-001  8.037054E-001
  9.000000E-001 -4.503846E+000 -3.445560E+001  3.857388E+001  5.821277E-001 -8.101594E-001  6.905893E-002  6.771372E-001  4.360184E-001 -5.927674E-001  4.501251E-001  3.918287E-001  8.024074E-001
  9.500000E-001 -4.615892E+000 -3.426337E+001  3.886214E+001  5.984277E-001 -7.981883E-001  6.913500E-002  6.671568E-001  4.486854E-001 -5.946286E-001  4.436058E-001  4.019661E-001  8.010226E-001
  1.000000E+000 -4.732282E+000 -3.405679E+001  3.916480E+001  6.154248E-001 -7.851662E-001  6.903896E-002  6.562570E-001  4.619238E-001 -5.966181E-001  4.365536E-001  4.124809E-001  7.995502E-001
  1.050000E+000 -4.852646E+000 -3.383517E+001  3.948162E+001  6.330785E-001 -7.710291E-001  6.874323E-002  6.443756E-001  4.757034E-001 -5.987373E-001  4.289425E-001  4.233442E-001  7.979900E-001
  1.100000E+000 -4.976561E+000 -3.359774E+001  3.981229E+001  6.513429E-001 -7.557107E-001  6.821875E-002  6.314470E-001  4.899889E-001 -6.009872E-001  4.207460E-001  4.345252E-001  7.963420E-001
  1.150000E+000 -5.103550E+000 -3.334371E+001  4.015649E+001  6.701653E-001 -7.391421E-001  6.743493E-002  6.174027E-001  5.047389E-001 -6.033676E-001  4.119374E-001  4.459906E-001  7.946068E-001
  1.200000E+000 -5.233070E+000 -3.307223E+001  4.051381E+001  6.894860E-001 -7.212527E-001  6.635969E-002  6.021717E-001  5.199053E-001 -6.058777E-001  4.024902E-001  4.577041E-001  7.927853E-001
  1.250000E+000 -5.364506E+000 -3.278240E+001  4.088379E+001  7.092372E-001 -7.019707E-001  6.495941E-002  5.856806E-001  5.354321E-001 -6.085151E-001  3.923784E-001  4.696270E-001  7.908790E-001
  1.300000E+000 -5.497165E+000 -3.247327E+001  4.126590E+001  7.293421E-001 -6.812239E-001  6.319900E-002  5.678546E-001  5.512553E-001 -6.112763E-001  3.815772E-001  4.817174E-001  7.888899E-001
  1.350000E+000 -5.630264E+000 -3.214388E+001  4.165950E+001  7.497141E-001 -6.589406E-001  6.104189E-002  5.486184E-001  5.673011E-001 -6.141558E-001  3.700631E-001  4.939299E-001  7.868205E-001
  1.400000E+000 -5.762923E+000 -3.179322E+001  4.206388E+001  7.702554E-001 -6.350513E-001  5.845013E-002  5.278968E-001  5.834853E-001 -6.171465E-001  3.578149E-001  5.062161E-001  7.846743E-001
  1.450000E+000 -5.894155E+000 -3.142025E+001  4.247822E+001  7.908568E-001 -6.094900E-001  5.538454E-002  5.056169E-001  5.997127E-001 -6.202388E-001  3.448145E-001  5.185235E-001  7.824553E-001
  1.500000E+000 -6.022860E+000 -3.102395E+001  4.290155E+001  8.113961E-001 -5.821964E-001  5.180484E-002  4.817091E-001  6.158757E-001 -6.234208E-001  3.310480E-001  5.307960E-001  7.801685E-001
  1.550000E+000 -6.147813E+000 -3.060327E+001  4.333278E+001  8.317375E-001 -5.531186E-001  4.766995E-002  4.561100E-001  6.318538E-001 -6.266773E-001  3.165065E-001  5.429738E-001  7.778195E-001
  1.600000E+000 -6.267662E+000 -3.015723E+001  4.377066E+001  8.517317E-001 -5.222159E-001  4.293839E-002  4.287646E-001  6.475132E-001 -6.299901E-001  3.011877E-001  5.549930E-001  7.754152E-001
  1.650000E+000 -6.380927E+000 -2.968489E+001  4.421378E+001  8.712148E-001 -4.894623E-001  3.756875E-002  3.996300E-001  6.627065E-001 -6.333371E-001  2.850976E-001  5.667863E-001  7.729636E-001
  1.700000E+000 -6.485998E+000 -2.918541E+001  4.466055E+001  8.900095E-001 -4.548512E-001  3.152041E-002  3.686785E-001  6.772734E-001 -6.366922E-001  2.682522E-001  5.782830E-001  7.704736E-001
  1.750000E+000 -6.581146E+000 -2.865809E+001  4.510917E+001  9.079258E-001 -4.183992E-001  2.475437E-002  3.359025E-001  6.910413E-001 -6.400246E-001  2.506795E-001  5.894099E-001  7.679556E-001
  1.800000E+000 -6.664542E+000 -2.810241E+001  4.555769E+001  9.247635E-001 -3.801519E-001  1.723432E-002  3.013185E-001  7.038279E-001 -6.432989E-001  2.324213E-001  6.000923E-001  7.654211E-001
  1.850000E+000 -6.734282E+000 -2.751810E+001  4.600392E+001  9.403150E-001 -3.401881E-001  8.927939E-003  2.649721E-001  7.154441E-001 -6.464747E-001  2.135356E-001  6.102555E-001  7.628832E-001
  1.900000E+000 -6.788428E+000 -2.690516E+001  4.644556E+001  9.543705E-001 -2.986250E-001 -1.916960E-004  2.269424E-001  7.256985E-001 -6.495066E-001  1.940980E-001  6.198264E-001  7.603560E-001
  1.950000E+000 -6.825062E+000 -2.626397E+001  4.688014E+001  9.667237E-001 -2.556214E-001 -1.014451E-002  1.873456E-001  7.344033E-001 -6.523446E-001  1.742034E-001  6.287365E-001  7.578546E-001
  2.000000E+000 -6.842351E+000 -2.559526E+001  4.730509E+001  9.771795E-001 -2.113804E-001 -2.094182E-002  1.463374E-001  7.413812E-001 -6.549346E-001  1.539662E-001  6.369241E-001  7.553954E-001
  2.050000E+000 -6.838623E+000 -2.490024E+001  4.771785E+001  9.855622E-001 -1.661486E-001 -3.258487E-002  1.041133E-001  7.464739E-001 -6.572193E-001  1.335198E-001  6.443380E-001  7.529947E-001
  2.100000E+000 -6.812447E+000 -2.418051E+001  4.811586E+001  9.917248E-001 -1.202134E-001 -4.506364E-002  6.090674E-002  7.495501E-001 -6.591396E-001  1.130149E-001  6.509404E-001  7.506692E-001
  2.150000E+000 -6.762715E+000 -2.343812E+001  4.849674E+001  9.955571E-001 -7.389652E-002 -5.835604E-002  1.698374E-002  7.505141E-001 -6.606361E-001  9.261574E-002  6.567099E-001  7.484347E-001
  2.200000E+000 -6.688704E+000 -2.267551E+001  4.885831E+001  9.969932E-001 -2.754460E-002 -7.242782E-002 -2.736473E-002  7.493122E-001 -6.616512E-001  7.249597E-002  6.616438E-001  7.463055E-001
  2.250000E+000 -6.590128E+000 -2.189539E+001  4.919872E+001  9.960165E-001  1.848293E-002 -8.723307E-002 -7.183297E-002  7.459375E-001 -6.621309E-001  5.283230E-002  6.657595E-001  7.442937E-001
  2.300000E+000 -6.467161E+000 -2.110071E+001  4.951649E+001  9.926609E-001  6.382723E-002 -1.027154E-001 -1.161122E-001  7.404315E-001 -6.620266E-001  3.379839E-002  6.690944E-001  7.424085E-001
  2.350000E+000 -6.320425E+000 -2.029452E+001  4.981057E+001  9.870102E-001  1.081436E-001 -1.188097E-001 -1.599022E-001  7.328830E-001 -6.612971E-001  1.555854E-002  6.717050E-001  7.406554E-001
  2.400000E+000 -6.150956E+000 -1.947986E+001  5.008035E+001  9.791933E-001  1.511136E-001 -1.354440E-001 -2.029221E-001  7.234235E-001 -6.599099E-001 -1.737981E-003  6.736640E-001  7.390358E-001
  2.450000E+000 -5.960151E+000 -1.865966E+001  5.032567E+001  9.693771E-001  1.924551E-001 -1.525422E-001 -2.449193E-001  7.122209E-001 -6.578418E-001 -1.796124E-002  6.750573E-001  7.375466E-001
  2.500000E+000 -5.749686E+000 -1.783666E+001  5.054675E+001  9.577581E-001  2.319283E-001 -1.700255E-001 -2.856750E-001  6.994714E-001 -6.550799E-001 -3.300356E-002  6.759801E-001  7.361805E-001
  2.550000E+000 -5.521445E+000 -1.701334E+001  5.074421E+001  9.445537E-001  2.693398E-001 -1.878150E-001 -3.250076E-001  6.853905E-001 -6.516210E-001 -4.678083E-002  6.765323E-001  7.349256E-001
  2.600000E+000 -5.277438E+000 -1.619192E+001  5.091892E+001  9.299931E-001  3.045421E-001 -2.058326E-001 -3.627732E-001  6.702054E-001 -6.474722E-001 -5.923242E-002  6.768152E-001  7.337661E-001
  2.650000E+000 -5.019733E+000 -1.537430E+001  5.107204E+001  9.143098E-001  3.374321E-001 -2.240026E-001 -3.988642E-001  6.541471E-001 -6.426499E-001 -7.032000E-002  6.769278E-001  7.326827E-001
  2.700000E+000 -4.750398E+000 -1.456210E+001  5.120485E+001  8.977353E-001  3.679469E-001 -2.422528E-001 -4.332058E-001  6.374442E-001 -6.371794E-001 -8.002556E-002  6.769638E-001  7.316529E-001
  2.750000E+000 -4.471455E+000 -1.375664E+001  5.131879E+001  8.804938E-001  3.960592E-001 -2.605143E-001 -4.657522E-001  6.203182E-001 -6.310944E-001 -8.834896E-002  6.770099E-001  7.306518E-001
  2.800000E+000 -4.184847E+000 -1.295900E+001  5.141534E+001  8.627991E-001  4.217718E-001 -2.787226E-001 -4.964822E-001  6.029801E-001 -6.244361E-001 -9.530533E-002  6.771437E-001  7.296529E-001
  2.850000E+000 -3.892412E+000 -1.217005E+001  5.149605E+001  8.448519E-001  4.451122E-001 -2.968170E-001 -5.253950E-001  5.856274E-001 -6.172525E-001 -1.009224E-001  6.774332E-001  7.286281E-001
  2.900000E+000 -3.595876E+000 -1.139045E+001  5.156243E+001  8.268389E-001  4.661280E-001 -3.147413E-001 -5.525054E-001  5.684432E-001 -6.095983E-001 -1.052382E-001  6.779359E-001  7.275492E-001
  2.950000E+000 -3.296841E+000 -1.062069E+001  5.161599E+001  8.089321E-001  4.848819E-001 -3.324430E-001 -5.778410E-001  5.515952E-001 -6.015335E-001 -1.082988E-001  6.786990E-001  7.263877E-001
  3.000000E+000 -2.996790E+000 -9.861163E+000  5.165818E+001  7.912890E-001  5.014481E-001 -3.498734E-001 -6.014377E-001  5.352356E-001 -5.931236E-001 -1.101560E-001  6.797593E-001  7.251159E-001
  3.050000E+000 -2.697085E+000 -9.112116E+000  5.169041E+001  7.740532E-001  5.159087E-001 -3.669876E-001 -6.233380E-001  5.195012E-001 -5.844384E-001 -1.108664E-001  6.811437E-001  7.237070E-001
  3.100000E+000 -2.398975E+000 -8.373730E+000  5.171401E+001  7.573550E-001  5.283506E-001 -3.837434E-001 -6.435879E-001  5.045140E-001 -5.755521E-001 -1.104894E-001  6.828699E-001  7.221363E-001
  3.150000E+000 -2.103605E+000 -7.646119E+000  5.173026E+001  7.413128E-001  5.388635E-001 -4.001018E-001 -6.622352E-001  4.903818E-001 -5.665423E-001 -1.090863E-001  6.849466E-001  7.203807E-001
  3.200000E+000 -1.812021E+000 -6.929349E+000  5.174033E+001  7.260336E-001  5.475376E-001 -4.160262E-001 -6.793278E-001  4.771990E-001 -5.574898E-001 -1.067193E-001  6.873745E-001  7.184200E-001
  3.250000E+000 -1.525179E+000 -6.223456E+000  5.174536E+001  7.116143E-001  5.544622E-001 -4.314820E-001 -6.949122E-001  4.650470E-001 -5.484782E-001 -1.034510E-001  6.901470E-001  7.162367E-001
  3.300000E+000 -1.243955E+000 -5.528453E+000  5.174638E+001  6.981428E-001  5.597243E-001 -4.464362E-001 -7.090328E-001  4.539955E-001 -5.395930E-001 -9.934331E-002  6.932509E-001  7.138166E-001
  3.350000E+000 -9.691508E-001 -4.844351E+000  5.174435E+001  6.856989E-001  5.634075E-001 -4.608569E-001 -7.217305E-001  4.441027E-001 -5.309218E-001 -9.445749E-002  6.966669E-001  7.111491E-001
  3.400000E+000 -7.014991E-001 -4.171160E+000  5.174016E+001  6.743547E-001  5.655911E-001 -4.747130E-001 -7.330421E-001  4.354163E-001 -5.225532E-001 -8.885365E-002  7.003708E-001  7.082272E-001
  3.450000E+000 -4.416727E-001 -3.508904E+000  5.173465E+001  6.641761E-001  5.663498E-001 -4.879734E-001 -7.429999E-001  4.279740E-001 -5.145768E-001 -8.259054E-002  7.043339E-001  7.050480E-001
  3.500000E+000 -1.902880E-001 -2.857625E+000  5.172855E+001  6.552229E-001  5.657525E-001 -5.006067E-001 -7.516307E-001  4.218039E-001 -5.070827E-001 -7.572544E-002  7.085235E-001  7.016125E-001
  3.550000E+000  5.209076E-002 -2.217396E+000  5.172256E+001  6.475494E-001  5.638626E-001 -5.125805E-001 -7.589552E-001  4.169251E-001 -5.001605E-001 -6.831410E-002  7.129042E-001  6.979260E-001
  3.600000E+000  2.849479E-001 -1.588322E+000  5.171728E+001  6.412051E-001  5.607371E-001 -5.238606E-001 -7.649879E-001  4.133483E-001 -4.938994E-001 -6.041081E-002  7.174379E-001  6.939981E-001
  3.650000E+000  5.078140E-001 -9.705516E-001  5.171328E+001  6.362347E-001  5.564265E-001 -5.344109E-001 -7.697365E-001  4.110758E-001 -4.883876E-001 -5.206842E-002  7.220847E-001  6.898424E-001
  3.700000E+000  7.202641E-001 -3.642821E-001  5.171105E+001  6.326784E-001  5.509747E-001 -5.441920E-001 -7.732010E-001  4.101018E-001 -4.837114E-001 -4.333857E-002  7.268036E-001  6.854767E-001
  3.750000E+000  9.219173E-001  2.302339E-001  5.171102E+001  6.305721E-001  5.444186E-001 -5.531612E-001 -7.753736E-001  4.104131E-001 -4.799550E-001 -3.427179E-002  7.315528E-001  6.809229E-001
  3.800000E+000  1.112436E+000  8.126808E-001  5.171359E+001  6.299472E-001  5.367880E-001 -5.612710E-001 -7.762381E-001  4.119887E-001 -4.771998E-001 -2.491781E-002  7.362906E-001  6.762065E-001
  3.850000E+000  1.291526E+000  1.382672E+000  5.171907E+001  6.308308E-001  5.281056E-001 -5.684690E-001 -7.757690E-001  4.148003E-001 -4.755241E-001 -1.532580E-002  7.409759E-001  6.713568E-001
  3.900000E+000  1.458939E+000  1.939742E+000  5.172776E+001  6.332454E-001  5.183864E-001 -5.746962E-001 -7.739312E-001  4.188122E-001 -4.750019E-001 -5.544733E-003  7.455681E-001  6.664063E-001
  3.950000E+000  1.614473E+000  2.483338E+000  5.173987E+001  6.372086E-001  5.076381E-001 -5.798868E-001 -7.706789E-001  4.239816E-001 -4.757032E-001  4.376258E-003  7.500287E-001  6.613908E-001
  4.000000E+000  1.757978E+000  3.012811E+000  5.175559E+001  6.427324E-001  4.958609E-001 -5.839666E-001 -7.659556E-001  4.302581E-001 -4.776923E-001  1.438743E-002  7.543208E-001  6.563483E-001
  4.050000E+000  1.889361E+000  3.527406E+000  5.177506E+001  6.498229E-001  4.830472E-001 -5.868523E-001 -7.596927E-001  4.375837E-001 -4.810276E-001  2.443796E-002  7.584101E-001  6.513194E-001
  4.100000E+000  2.008592E+000  4.026256E+000  5.179837E+001  6.584788E-001  4.691821E-001 -5.884503E-001 -7.518092E-001  4.458922E-001 -4.857602E-001  3.447543E-002  7.622652E-001  6.463461E-001
  4.150000E+000  2.115717E+000  4.508369E+000  5.182555E+001  6.686905E-001  4.542433E-001 -5.886561E-001 -7.422113E-001  4.551089E-001 -4.919332E-001  4.444526E-002  7.658583E-001  6.414715E-001
  4.200000E+000  2.210865E+000  4.972622E+000  5.185660E+001  6.804385E-001  4.382012E-001 -5.873527E-001 -7.307914E-001  4.651493E-001 -4.995799E-001  5.429018E-002  7.691657E-001  6.367392E-001
  4.250000E+000  2.294266E+000  5.417750E+000  5.189144E+001  6.936914E-001  4.210196E-001 -5.844097E-001 -7.174279E-001  4.759190E-001 -5.087223E-001  6.394960E-002  7.721681E-001  6.321921E-001
  4.300000E+000  2.366262E+000  5.842339E+000  5.192995E+001  7.084037E-001  4.026560E-001 -5.796829E-001 -7.019847E-001  4.873117E-001 -5.193695E-001  7.335906E-002  7.748519E-001  6.278718E-001
  4.350000E+000  2.427334E+000  6.244819E+000  5.197191E+001  7.245134E-001  3.830623E-001 -5.730128E-001 -6.843117E-001  4.992088E-001 -5.315150E-001  8.244969E-002  7.772090E-001  6.238174E-001
  4.400000E+000  2.478116E+000  6.623455E+000  5.201704E+001  7.419380E-001  3.621862E-001 -5.642244E-001 -6.642440E-001  5.114768E-001 -5.451342E-001  9.114765E-002  7.792385E-001  6.200641E-001
  4.450000E+000  2.519428E+000  6.976349E+000  5.206494E+001  7.605716E-001  3.399725E-001 -5.531270E-001 -6.416040E-001  5.239665E-001 -5.601816E-001  9.937372E-002  7.809467E-001  6.166418E-001
  4.500000E+000  2.552303E+000  7.301436E+000  5.211512E+001  7.802799E-001  3.163658E-001 -5.395146E-001 -6.162022E-001  5.365104E-001 -5.765861E-001  1.070431E-001  7.823486E-001  6.135735E-001
  4.550000E+000  2.578023E+000  7.596504E+000  5.216690E+001  8.008949E-001  2.913132E-001 -5.231672E-001 -5.878405E-001  5.489205E-001 -5.942473E-001  1.140651E-001  7.834685E-001  6.108734E-001
  4.600000E+000  2.598154E+000  7.859208E+000  5.221948E+001  8.222098E-001  2.647691E-001 -5.038535E-001 -5.563168E-001  5.609867E-001 -6.130298E-001  1.203438E-001  7.843413E-001  6.085442E-001
  4.650000E+000  2.614589E+000  8.087115E+000  5.227183E+001  8.439719E-001  2.367005E-001 -4.813359E-001 -5.214318E-001  5.724745E-001 -6.327573E-001  1.257786E-001  7.850133E-001  6.065755E-001
  4.700000E+000  2.629577E+000  8.277769E+000  5.232270E+001  8.658768E-001  2.070955E-001 -4.553777E-001 -4.829992E-001  5.831239E-001 -6.532062E-001  1.302656E-001  7.855431E-001  6.049404E-001
  4.750000E+000  2.645759E+000  8.428791E+000  5.237058E+001  8.875624E-001  1.759728E-001 -4.257541E-001 -4.408597E-001  5.926500E-001 -6.740985E-001  1.337001E-001  7.860023E-001  6.035932E-001
  4.800000E+000  2.666176E+000  8.538019E+000  5.241367E+001  9.086053E-001  1.433944E-001 -3.922683E-001 -3.948996E-001  6.007455E-001 -6.950965E-001  1.359805E-001  7.864750E-001  6.024670E-001
  4.850000E+000  2.694248E+000  8.603708E+000  5.244988E+001  9.285207E-001  1.094794E-001 -3.547727E-001 -3.450751E-001  6.070877E-001 -7.157987E-001  1.370129E-001  7.870571E-001  6.014721E-001
  4.900000E+000  2.733703E+000  8.624769E+000  5.247687E+001  9.467687E-001  7.441945E-002 -3.131944E-001 -2.914399E-001  6.113499E-001 -7.357405E-001  1.367180E-001  7.878534E-001  6.004958E-001
  4.950000E+000  2.788448E+000  8.601059E+000  5.249215E+001  9.627704E-001  3.849173E-002 -2.675659E-001 -2.341744E-001  6.132210E-001 -7.544020E-001  1.350388E-001  7.889730E-001  5.994049E-001
  5.000000E+000  2.862349E+000  8.533653E+000  5.249314E+001  9.759347E-001  2.066266E-003 -2.180533E-001 -1.736116E-001  6.124303E-001 -7.712251E-001  1.319489E-001  7.905219E-001  5.980507E-001
  5.050000E+000  2.958955E+000  8.425075E+000  5.247750E+001  9.856972E-001 -3.439739E-002 -1.649782E-001 -1.102503E-001  6.087785E-001 -7.856421E-001  1.274592E-001  7.925942E-001  5.962790E-001
  5.100000E+000  3.081175E+000  8.279374E+000  5.244326E+001  9.915672E-001 -7.036848E-002 -1.088242E-001 -4.474894E-002  6.021685E-001 -7.971139E-001  1.216222E-001  7.952618E-001  5.939416E-001
  5.150000E+000  3.230985E+000  8.102001E+000  5.238916E+001  9.931738E-001 -1.052792E-001 -5.022037E-002  2.210638E-002  5.926289E-001 -8.051722E-001  1.145300E-001  7.985657E-001  5.909109E-001
  5.200000E+000  3.409242E+000  7.899469E+000  5.231478E+001  9.903011E-001 -1.385709E-001  1.009670E-002  8.945641E-002  5.803235E-001 -8.094580E-001  1.063079E-001  8.025103E-001  5.870910E-001
  5.250000E+000  3.615635E+000  7.678841E+000  5.222066E+001  9.829031E-001 -1.697417E-001  7.133826E-002  1.564365E-001  5.655412E-001 -8.097474E-001  9.710320E-002  8.070631E-001  5.824260E-001
  5.300000E+000  3.848810E+000  7.447181E+000  5.210819E+001  9.710959E-001 -1.983874E-001  1.327222E-001  2.222415E-001  5.486695E-001 -8.059594E-001  8.707155E-002  8.121602E-001  5.769006E-001
  5.350000E+000  4.106597E+000  7.211063E+000  5.197946E+001  9.551295E-001 -2.242239E-001  1.935234E-001  2.861747E-001  5.301566E-001 -7.981466E-001  7.636585E-002  8.177149E-001  5.705354E-001
  5.400000E+000  4.386289E+000  6.976240E+000  5.183698E+001  9.353510E-001 -2.470931E-001  2.531078E-001  3.476736E-001  5.104720E-001 -7.864741E-001  6.512793E-002  8.236282E-001  5.633782E-001
  5.450000E+000  4.684899E+000  6.747483E+000  5.168349E+001  9.121666E-001 -2.669523E-001  3.109477E-001  4.063145E-001  4.900725E-001 -7.711923E-001  5.348464E-002  8.297984E-001  5.554944E-001
  5.500000E+000  4.999355E+000  6.528565E+000  5.152173E+001  8.860097E-001 -2.838547E-001  3.666243E-001  4.618016E-001  4.693772E-001 -7.526117E-001  4.154727E-002  8.361289E-001  5.469573E-001
  5.550000E+000  5.326640E+000  6.322329E+000  5.135426E+001  8.573167E-001 -2.979264E-001  4.198189E-001  5.139483E-001  4.487529E-001 -7.310800E-001  2.941305E-002  8.425323E-001  5.378422E-001
  5.600000E+000  5.663867E+000  6.130815E+000  5.118341E+001  8.265125E-001 -3.093439E-001  4.703015E-001  5.626566E-001  4.285073E-001 -7.069647E-001  1.716755E-002  8.489333E-001  5.282210E-001
  5.650000E+000  6.008314E+000  5.955388E+000  5.101124E+001  7.940006E-001 -3.183150E-001  5.179176E-001  6.078974E-001  4.088892E-001 -6.806397E-001  4.886952E-003  8.552691E-001  5.181611E-001
  5.700000E+000  6.357441E+000  5.796862E+000  5.083950E+001  7.601592E-001 -3.250636E-001  5.625758E-001  6.496951E-001  3.900918E-001 -6.524758E-001 -7.360071E-003  8.614883E-001  5.077241E-001
  5.750000E+000  6.708883E+000  5.655607E+000  5.066966E+001  7.253396E-001 -3.298179E-001  6.042373E-001  6.881147E-001  3.722590E-001 -6.228334E-001 -1.951117E-002  8.675502E-001  4.969667E-001
  5.800000E+000  7.060448E+000  5.531639E+000  5.050294E+001  6.898654E-001 -3.328027E-001  6.429060E-001  7.232516E-001  3.554921E-001 -5.920578E-001 -3.150960E-002  8.734230E-001  4.859418E-001
  5.850000E+000  7.410108E+000  5.424693E+000  5.034035E+001  6.540338E-001 -3.342340E-001  6.786217E-001  7.552248E-001  3.398565E-001 -5.604757E-001 -4.330399E-002  8.790820E-001  4.746994E-001
  5.900000E+000  7.755990E+000  5.334282E+000  5.018269E+001  6.181166E-001 -3.343157E-001  7.114526E-001  7.841706E-001  3.253881E-001 -5.283929E-001 -5.484817E-002  8.845087E-001  4.632884E-001
  5.950000E+000  8.096370E+000  5.259744E+000  5.003064E+001  5.823611E-001 -3.332383E-001  7.414902E-001  8.102383E-001  3.120991E-001 -4.960928E-001 -6.610129E-002  8.896890E-001  4.517568E-001
  6.000000E+000  8.429666E+000  5.200285E+000  4.988473E+001  5.469918E-001 -3.311774E-001  7.688443E-001  8.335867E-001  2.999824E-001 -4.638360E-001 -7.702776E-002  8.946128E-001  4.401530E-001
  6.050000E+000  8.754432E+000  5.155009E+000  4.974536E+001  5.122113E-001 -3.282946E-001  7.936386E-001  8.543806E-001  2.890165E-001 -4.318602E-001 -8.759724E-002  8.992731E-001  4.285261E-001
  6.100000E+000  9.069348E+000  5.122947E+000  4.961289E+001  4.782023E-001 -3.247373E-001  8.160075E-001  8.727891E-001  2.791678E-001 -4.003806E-001 -9.778451E-002  9.036654E-001  4.169258E-001
  6.150000E+000  9.373217E+000  5.103080E+000  4.948756E+001  4.451281E-001 -3.206395E-001  8.360929E-001  8.889825E-001  2.703942E-001 -3.695906E-001 -1.075693E-001  9.077870E-001  4.054029E-001
  6.200000E+000  9.664957E+000  5.094358E+000  4.936958E+001  4.131346E-001 -3.161229E-001  8.540410E-001  9.031311E-001  2.626469E-001 -3.396629E-001 -1.169360E-001  9.116375E-001  3.940090E-001
  6.250000E+000  9.943593E+000  5.095718E+000  4.925910E+001  3.823512E-001 -3.112976E-001  8.700008E-001  9.154034E-001  2.558723E-001 -3.107505E-001 -1.258732E-001  9.152175E-001  3.827960E-001
  6.300000E+000  1.020825E+001  5.106096E+000  4.915620E+001  3.528922E-001 -3.062629E-001  8.841211E-001  9.259648E-001  2.500136E-001 -2.829882E-001 -1.343735E-001  9.185294E-001  3.718165E-001
  6.350000E+000  1.045816E+001  5.124444E+000  4.906097E+001  3.248576E-001 -3.011079E-001  8.965498E-001  9.349762E-001  2.450117E-001 -2.564934E-001 -1.424330E-001  9.215765E-001  3.611226E-001
  6.400000E+000  1.069262E+001  5.149734E+000  4.897342E+001  2.983347E-001 -2.959130E-001  9.074315E-001  9.425928E-001  2.408064E-001 -2.313678E-001 -1.500506E-001  9.243634E-001  3.507664E-001
  6.450000E+000  1.091103E+001  5.180971E+000  4.889355E+001  2.733991E-001 -2.907497E-001  9.169065E-001  9.489638E-001  2.373375E-001 -2.076985E-001 -1.572280E-001  9.268957E-001  3.407988E-001
  6.500000E+000  1.111286E+001  5.217202E+000  4.882134E+001  2.501154E-001 -2.856820E-001  9.251098E-001  9.542309E-001  2.345447E-001 -1.855593E-001 -1.639686E-001  9.291795E-001  3.312698E-001
  6.550000E+000  1.129767E+001  5.257517E+000  4.875673E+001  2.285384E-001 -2.807666E-001  9.321697E-001  9.585279E-001  2.323691E-001 -1.650117E-001 -1.702776E-001  9.312222E-001  3.222279E-001
  6.600000E+000  1.146506E+001  5.301059E+000  4.869965E+001  2.087137E-001 -2.760535E-001  9.382074E-001  9.619802E-001  2.307532E-001 -1.461065E-001 -1.761611E-001  9.330313E-001  3.137193E-001
  6.650000E+000  1.161472E+001  5.347028E+000  4.865001E+001  1.906791E-001 -2.715864E-001  9.433357E-001  9.647039E-001  2.296415E-001 -1.288845E-001 -1.816258E-001  9.346152E-001  3.057883E-001
  6.700000E+000  1.174639E+001  5.394681E+000  4.860768E+001  1.744648E-001 -2.674035E-001  9.476589E-001  9.668057E-001  2.289810E-001 -1.133775E-001 -1.866784E-001  9.359824E-001  2.984763E-001
  6.750000E+000  1.185989E+001  5.443340E+000  4.857255E+001  1.600941E-001 -2.635373E-001  9.512718E-001  9.683824E-001  2.287213E-001 -9.960952E-002 -1.913253E-001  9.371418E-001  2.918218E-001
  6.800000E+000  1.195508E+001  5.492391E+000  4.854445E+001  1.475843E-001 -2.600152E-001  9.542594E-001  9.695207E-001  2.288150E-001 -8.759743E-002 -1.955722E-001  9.381022E-001  2.858597E-001
  6.850000E+000  1.203189E+001  5.541288E+000  4.852324E+001  1.369469E-001 -2.568600E-001  9.566966E-001  9.702967E-001  2.292183E-001 -7.735170E-002 -1.994238E-001  9.388727E-001  2.806212E-001
  6.900000E+000  1.209032E+001  5.589553E+000  4.850872E+001  1.281876E-001 -2.540894E-001  9.586483E-001  9.707761E-001  2.298906E-001 -6.887692E-002 -2.028833E-001  9.394620E-001  2.761331E-001
  6.950000E+000  1.213044E+001  5.636784E+000  4.850070E+001  1.213070E-001 -2.517166E-001  9.601684E-001  9.710140E-001  2.307953E-001 -6.217219E-002 -2.059526E-001  9.398789E-001  2.724174E-001
  7.000000E+000  1.215237E+001  5.682659E+000  4.849896E+001  1.162998E-001 -2.497498E-001  9.613009E-001  9.710546E-001  2.319000E-001 -5.723126E-002 -2.086322E-001  9.401316E-001  2.694906E-001
  7.050000E+000  1.215631E+001  5.726941E+000  4.850330E+001  1.131551E-001 -2.481926E-001  9.620792E-001  9.709315E-001  2.331767E-001 -5.404247E-002 -2.109215E-001  9.402282E-001  2.673631E-001
  7.100000E+000  1.214255E+001  5.769494E+000  4.851346E+001  1.118554E-001 -2.470433E-001  9.625269E-001  9.706679E-001  2.346024E-001 -5.258817E-002 -2.128195E-001  9.401762E-001  2.660386E-001
  7.150000E+000  1.211140E+001  5.810278E+000  4.852921E+001  1.123737E-001 -2.462954E-001  9.626582E-001  9.702765E-001  2.361594E-001 -5.284183E-002 -2.143261E-001  9.399826E-001  2.655127E-001
  7.200000E+000  1.206325E+001  5.849369E+000  4.855033E+001  1.146755E-001 -2.459371E-001  9.624783E-001  9.697598E-001  2.378363E-001 -5.476998E-002 -2.154423E-001  9.396536E-001  2.657740E-001
  7.250000E+000  1.199840E+001  5.886944E+000  4.857661E+001  1.187331E-001 -2.459549E-001  9.619816E-001  9.691100E-001  2.396279E-001 -5.834606E-002 -2.161671E-001  9.391936E-001  2.668091E-001
  7.300000E+000  1.191708E+001  5.923253E+000  4.860790E+001  1.245253E-001 -2.463333E-001  9.611521E-001  9.683091E-001  2.415343E-001 -6.354980E-002 -2.164968E-001  9.386059E-001  2.686039E-001
  7.350000E+000  1.181948E+001  5.958602E+000  4.864407E+001  1.320331E-001 -2.470555E-001  9.599640E-001  9.673300E-001  2.435604E-001 -7.036377E-002 -2.164254E-001  9.378923E-001  2.711422E-001
  7.400000E+000  1.170578E+001  5.993346E+000  4.868499E+001  1.412390E-001 -2.481030E-001  9.583822E-001  9.661364E-001  2.457142E-001 -7.877202E-002 -2.159445E-001  9.370536E-001  2.744058E-001
  7.450000E+000  1.157616E+001  6.027879E+000  4.873054E+001  1.521253E-001 -2.494556E-001  9.563628E-001  9.646835E-001  2.480073E-001 -8.875920E-002 -2.150435E-001  9.360899E-001  2.783738E-001
  7.500000E+000  1.143078E+001  6.062640E+000  4.878060E+001  1.646739E-001 -2.510907E-001  9.538532E-001  9.629178E-001  2.504541E-001 -1.003097E-001 -2.137096E-001  9.350006E-001  2.830229E-001
  7.550000E+000  1.126983E+001  6.098110E+000  4.883506E+001  1.788649E-001 -2.529835E-001  9.507927E-001  9.607777E-001  2.530713E-001 -1.134070E-001 -2.119282E-001  9.337849E-001  2.883265E-001
  7.600000E+000  1.109353E+001  6.134814E+000  4.889378E+001  1.946762E-001 -2.551067E-001  9.471123E-001  9.581932E-001  2.558777E-001 -1.280327E-001 -2.096829E-001  9.324415E-001  2.942549E-001
  7.650000E+000  1.090209E+001  6.173322E+000  4.895663E+001  2.120830E-001 -2.574301E-001  9.427357E-001  9.550864E-001  2.588940E-001 -1.441660E-001 -2.069559E-001  9.309692E-001  3.007750E-001
  7.700000E+000  1.069577E+001  6.214245E+000  4.902346E+001  2.310565E-001 -2.599203E-001  9.375790E-001  9.513715E-001  2.621422E-001 -1.617831E-001 -2.037283E-001  9.293670E-001  3.078504E-001
  7.750000E+000  1.047486E+001  6.258240E+000  4.909410E+001  2.515637E-001 -2.625408E-001  9.315514E-001  9.469549E-001  2.656455E-001 -1.808561E-001 -1.999803E-001  9.276340E-001  3.154411E-001
  7.800000E+000  1.023968E+001  6.306005E+000  4.916836E+001  2.735667E-001 -2.652519E-001  9.245554E-001  9.417357E-001  2.694274E-001 -2.013524E-001 -1.956914E-001  9.257701E-001  3.235035E-001
  7.850000E+000  9.990595E+000  6.358276E+000  4.924603E+001  2.970216E-001 -2.680101E-001  9.164872E-001  9.356057E-001  2.735116E-001 -2.232341E-001 -1.908409E-001  9.237760E-001  3.319906E-001
  7.900000E+000  9.728015E+000  6.415829E+000  4.932689E+001  3.218778E-001 -2.707682E-001  9.072372E-001  9.284496E-001  2.779213E-001 -2.464571E-001 -1.854078E-001  9.216530E-001  3.408513E-001
  7.950000E+000  9.452397E+000  6.479473E+000  4.941067E+001  3.480773E-001 -2.734754E-001  8.966903E-001  9.201456E-001  2.826788E-001 -2.709699E-001 -1.793717E-001  9.194041E-001  3.500312E-001
  8.000000E+000  9.164257E+000  6.550045E+000  4.949706E+001  3.755537E-001 -2.760767E-001  8.847266E-001  9.105657E-001  2.878042E-001 -2.967134E-001 -1.727124E-001  9.170335E-001  3.594719E-001
  8.050000E+000  8.864170E+000  6.628405E+000  4.958574E+001  4.042310E-001 -2.785134E-001  8.712219E-001  8.995758E-001  2.933157E-001 -3.236191E-001 -1.654108E-001  9.145470E-001  3.691112E-001
  8.100000E+000  8.552784E+000  6.715430E+000  4.967633E+001  4.340228E-001 -2.807226E-001  8.560485E-001  8.870367E-001  2.992278E-001 -3.516087E-001 -1.574490E-001  9.119526E-001  3.788829E-001
  8.150000E+000  8.230821E+000  6.812001E+000  4.976840E+001  4.648306E-001 -2.826376E-001  8.390760E-001  8.728046E-001  3.055511E-001 -3.805926E-001 -1.488108E-001  9.092604E-001  3.887169E-001
  8.200000E+000  7.899090E+000  6.918993E+000  4.986148E+001  4.965430E-001 -2.841879E-001  8.201721E-001  8.567321E-001  3.122907E-001 -4.104688E-001 -1.394819E-001  9.064832E-001  3.985386E-001
  8.250000E+000  7.558495E+000  7.037258E+000  4.995503E+001  5.290333E-001 -2.852995E-001  7.992046E-001  8.386693E-001  3.194460E-001 -4.411213E-001 -1.294510E-001  9.036362E-001  4.082695E-001
  8.300000E+000  7.210051E+000  7.167608E+000  5.004847E+001  5.621585E-001 -2.858955E-001  7.760422E-001  8.184655E-001  3.270086E-001 -4.724190E-001 -1.187100E-001  9.007381E-001  4.178262E-001
  8.350000E+000  6.854890E+000  7.310783E+000  5.014114E+001  5.957570E-001 -2.858967E-001  7.505576E-001  7.959711E-001  3.349615E-001 -5.042131E-001 -1.072550E-001  8.978106E-001  4.271212E-001
  8.400000E+000  6.494281E+000  7.467420E+000  5.023233E+001  6.296464E-001 -2.852229E-001  7.226295E-001  7.710407E-001  3.432781E-001 -5.363360E-001 -9.508759E-002  8.948788E-001  4.360623E-001
  8.450000E+000  6.129647E+000  7.638007E+000  5.032124E+001  6.636212E-001 -2.837940E-001  6.921473E-001  7.435371E-001  3.519207E-001 -5.685986E-001 -8.221609E-002  8.919713E-001  4.445534E-001
  8.500000E+000  5.762577E+000  7.822830E+000  5.040704E+001  6.974508E-001 -2.815325E-001  6.590158E-001  7.133362E-001  3.608398E-001 -6.007880E-001 -6.865773E-002  8.891198E-001  4.524953E-001
  8.550000E+000  5.394846E+000  8.021895E+000  5.048887E+001  7.308774E-001 -2.783659E-001  6.231619E-001  6.803340E-001  3.699737E-001 -6.326651E-001 -5.444111E-002  8.863588E-001  4.597872E-001
  8.600000E+000  5.028431E+000  8.234845E+000  5.056584E+001  7.636144E-001 -2.742298E-001  5.845435E-001  6.444565E-001  3.792495E-001 -6.639621E-001 -3.960963E-002  8.837239E-001  4.663295E-001
  8.650000E+000  4.665513E+000  8.460855E+000  5.063712E+001  7.953470E-001 -2.690721E-001  5.431605E-001  6.056701E-001  3.885856E-001 -6.943810E-001 -2.422575E-002  8.812499E-001  4.720293E-001
  8.700000E+000  4.308475E+000  8.698520E+000  5.070199E+001  8.257345E-001 -2.628568E-001  4.990680E-001  5.639968E-001  3.978963E-001 -7.235925E-001 -8.376080E-003  8.789680E-001  4.768071E-001
  8.750000E+000  3.959877E+000  8.945760E+000  5.075998E+001  8.544171E-001 -2.555668E-001  4.523903E-001  5.195288E-001  4.071008E-001 -7.512382E-001  7.823053E-003  8.769006E-001  4.806082E-001
  8.800000E+000  3.622388E+000  9.199755E+000  5.081095E+001  8.810282E-001 -2.472046E-001  4.033351E-001  4.724433E-001  4.161342E-001 -7.769360E-001  2.422062E-002  8.750555E-001  4.834161E-001
  8.850000E+000  3.298691E+000  9.456972E+000  5.085525E+001  9.052128E-001 -2.377891E-001  3.522018E-001  4.230119E-001  4.249624E-001 -8.002924E-001  4.062835E-002  8.734205E-001  4.852690E-001
  8.900000E+000  2.991326E+000  9.713312E+000  5.089382E+001  9.266525E-001 -2.273460E-001  2.993809E-001  3.715996E-001  4.335940E-001 -8.209202E-001  5.682318E-002  8.719576E-001  4.862727E-001
  8.950000E+000  2.702522E+000  9.964373E+000  5.092818E+001  9.450914E-001 -2.158934E-001  2.453411E-001  3.186498E-001  4.420865E-001 -8.384640E-001  7.255681E-002  8.706030E-001  4.866065E-001
  9.000000E+000  2.434015E+000  1.020578E+001  5.096027E+001  9.603579E-001 -2.034266E-001  1.906051E-001  2.646577E-001  4.505364E-001 -8.526273E-001  8.757254E-002  8.692725E-001  4.865146E-001
  9.050000E+000  2.186924E+000  1.043344E+001  5.099223E+001  9.723753E-001 -1.899102E-001  1.357216E-001  2.101389E-001  4.590557E-001 -8.631973E-001  1.016261E-001  8.678721E-001  4.862819E-001
  9.100000E+000  1.961690E+000  1.064357E+001  5.102605E+001  9.811602E-001 -1.752825E-001  8.124526E-002  1.556060E-001  4.677363E-001 -8.700630E-001  1.145054E-001  8.663134E-001  4.861992E-001
  9.150000E+000  1.758069E+000  1.083265E+001  5.106327E+001  9.868124E-001 -1.594758E-001  2.772575E-002  1.015589E-001  4.766160E-001 -8.732256E-001  1.260438E-001  8.645257E-001  4.865268E-001
  9.200000E+000  1.575183E+000  1.099715E+001  5.110489E+001  9.895044E-001 -1.424457E-001 -2.429645E-002  4.848258E-002  4.856570E-001 -8.728039E-001  1.361269E-001  8.624654E-001  4.874658E-001
  9.250000E+000  1.411584E+000  1.113354E+001  5.115122E+001  9.894715E-001 -1.242005E-001 -7.429967E-002 -3.154974E-003  4.947420E-001 -8.690342E-001  1.446936E-001  8.601189E-001  4.891412E-001
  9.300000E+000  1.265357E+000  1.123836E+001  5.120208E+001  9.870040E-001 -1.048208E-001 -1.218018E-001 -5.291553E-002  5.036903E-001 -8.622622E-001  1.517333E-001  8.575014E-001  4.915977E-001
  9.350000E+000  1.134251E+000  1.130860E+001  5.125682E+001  9.824359E-001 -8.446367E-002 -1.663897E-001 -1.004117E-001  5.122877E-001 -8.529237E-001  1.572805E-001  8.546503E-001  4.948087E-001
  9.400000E+000  1.015839E+000  1.134200E+001  5.131460E+001  9.761288E-001 -6.334989E-002 -2.077483E-001 -1.453296E-001  5.203232E-001 -8.415124E-001  1.614060E-001  8.516165E-001  4.986958E-001
  9.450000E+000  9.076681E-001  1.133730E+001  5.137452E+001  9.684528E-001 -4.173922E-002 -2.456768E-001 -1.874441E-001  5.276216E-001 -8.285410E-001  1.642070E-001  8.484535E-001  5.031528E-001
  9.500000E+000  8.073901E-001  1.129432E+001  5.143580E+001  9.597678E-001 -1.990243E-002 -2.800887E-001 -2.266217E-001  5.340654E-001 -8.145040E-001  1.657963E-001  8.452089E-001  5.080685E-001
  9.550000E+000  7.128386E-001  1.121378E+001  5.149783E+001  9.504090E-001  1.902724E-003 -3.109969E-001 -2.628107E-001  5.396020E-001 -7.998501E-001  1.662927E-001  8.419181E-001  5.133427E-001
  9.600000E+000  6.220751E-001  1.109714E+001  5.156025E+001  9.406774E-001  2.344734E-002 -3.384911E-001 -2.960263E-001  5.442386E-001 -7.849668E-001  1.658145E-001  8.386028E-001  5.188939E-001
  9.650000E+000  5.334017E-001  1.094627E+001  5.162287E+001  9.308358E-001  4.453859E-002 -3.627135E-001 -3.263320E-001  5.480303E-001 -7.701754E-001  1.644755E-001  8.352719E-001  5.246606E-001
  9.700000E+000  4.453571E-001  1.076331E+001  5.168567E+001  9.211084E-001  6.502049E-002 -3.838379E-001 -3.538238E-001  5.510668E-001 -7.557342E-001  1.623821E-001  8.319241E-001  5.305981E-001
  9.750000E+000  3.567023E-001  1.055045E+001  5.174872E+001  9.116835E-001  8.477067E-002 -4.020537E-001 -3.786165E-001  5.534584E-001 -7.418446E-001  1.596333E-001  8.285516E-001  5.366744E-001
  9.800000E+000  2.664023E-001  1.030986E+001  5.181215E+001  9.027160E-001  1.036953E-001 -4.175538E-001 -4.008341E-001  5.553262E-001 -7.286596E-001  1.563199E-001  8.251425E-001  5.428664E-001
  9.850000E+000  1.736063E-001  1.004361E+001  5.187613E+001  8.943317E-001  1.217238E-001 -4.305277E-001 -4.206028E-001  5.567939E-001 -7.162917E-001  1.525255E-001  8.216835E-001  5.491558E-001
  9.900000E+000  7.762813E-002  9.753628E+000  5.194082E+001  8.866312E-001  1.388032E-001 -4.411563E-001 -4.380462E-001  5.579827E-001 -7.048197E-001  1.483263E-001  8.181620E-001  5.555270E-001
  9.950000E+000 -2.207201E-002  9.441687E+000  5.200637E+001  8.796926E-001  1.548945E-001 -4.496094E-001 -4.532821E-001  5.590073E-001 -6.942954E-001  1.437925E-001  8.145665E-001  5.619655E-001
