% FILE: body_quaternion.2
%
%       t         P_No_Bo[1]     P_No_Bo[2]     P_No_Bo[3]      N_B[1,1]       N_B[1,2]       N_B[1,3]       N_B[2,1]       N_B[2,2]       N_B[2,3]       N_B[3,1]       N_B[3,2]       N_B[3,3]
%   (second)        (meter)        (meter)        (meter)       (NoUnits)      (NoUnits)      (NoUnits)      (NoUnits)      (NoUnits)      (NoUnits)      (NoUnits)      (NoUnits)      (NoUnits)

  0.000000E+000  0.000000E+000  0.000000E+000  0.000000E+000  1.000000E+000  0.000000E+000  0.000000E+000  0.000000E+000  1.000000E+000  0.000000E+000  0.000000E+000  0.000000E+000  1.000000E+000
  1.000000E-002  0.000000E+000  0.000000E+000  0.000000E+000  9.975550E-001 -1.907549E-003  6.985936E-002  2.042115E-003  9.999962E-001 -1.854867E-003 -6.985555E-002  1.992993E-003  9.975551E-001
  2.000000E-002  0.000000E+000  0.000000E+000  0.000000E+000  9.902561E-001 -3.640466E-003  1.392109E-001  4.156916E-003  9.999855E-001 -3.419256E-003 -1.391965E-001  3.964627E-003  9.902568E-001
  3.000000E-002  0.000000E+000  0.000000E+000  0.000000E+000  9.781744E-001 -5.214237E-003  2.077203E-001  6.327119E-003  9.999690E-001 -4.693574E-003 -2.076894E-001  5.905405E-003  9.781770E-001
  4.000000E-002  0.000000E+000  0.000000E+000  0.000000E+000  9.614037E-001 -6.644321E-003  2.750615E-001  8.535536E-003  9.999474E-001 -5.679182E-003 -2.750093E-001  7.807784E-003  9.614099E-001
  5.000000E-002  0.000000E+000  0.000000E+000  0.000000E+000  9.400594E-001 -7.945995E-003  3.409180E-001  1.076515E-002  9.999217E-001 -6.378391E-003 -3.408407E-001  9.666101E-003  9.400714E-001
  6.000000E-002  0.000000E+000  0.000000E+000  0.000000E+000  9.142777E-001 -9.134202E-003  4.049850E-001  1.299918E-002  9.998924E-001 -6.794437E-003 -4.048793E-001  1.147648E-002  9.142981E-001
  7.000000E-002  0.000000E+000  0.000000E+000  0.000000E+000  8.842143E-001 -1.022342E-002  4.669696E-001  1.522117E-002  9.998601E-001 -6.931469E-003 -4.668334E-001  1.323673E-002  8.842462E-001
  8.000000E-002  0.000000E+000  0.000000E+000  0.000000E+000  8.500435E-001 -1.122752E-002  5.265928E-001  1.741500E-002  9.998253E-001 -6.794514E-003 -5.264245E-001  1.494624E-002  8.500905E-001
  9.000000E-002  0.000000E+000  0.000000E+000  0.000000E+000  8.119572E-001 -1.215970E-002  5.835904E-001  1.956501E-002  9.997882E-001 -6.389453E-003 -5.833891E-001  1.660591E-002  8.120231E-001
  1.000000E-001  0.000000E+000  0.000000E+000  0.000000E+000  7.701632E-001 -1.303232E-002  6.377138E-001  2.165603E-002  9.997491E-001 -5.722982E-003 -6.374792E-001  1.821798E-002  7.702522E-001
  1.100000E-001  0.000000E+000  0.000000E+000  0.000000E+000  7.248845E-001 -1.385687E-002  6.887311E-001  2.367344E-002  9.997082E-001 -4.802578E-003 -6.884636E-001  1.978595E-002  7.250010E-001
  1.200000E-001  0.000000E+000  0.000000E+000  0.000000E+000  6.763575E-001 -1.464383E-002  7.364279E-001  2.560319E-002  9.996656E-001 -3.636450E-003 -7.361284E-001  2.131445E-002  6.765062E-001
  1.300000E-001  0.000000E+000  0.000000E+000  0.000000E+000  6.248310E-001 -1.540266E-002  7.806081E-001  2.743192E-002  9.996212E-001 -2.233502E-003 -7.802780E-001  2.280914E-002  6.250168E-001
  1.400000E-001  0.000000E+000  0.000000E+000  0.000000E+000  5.705645E-001 -1.614171E-002  8.210942E-001  2.914692E-002  9.995750E-001 -6.032777E-004 -8.207354E-001  2.427658E-002  5.707924E-001
  1.500000E-001  0.000000E+000  0.000000E+000  0.000000E+000  5.138270E-001 -1.686818E-002  8.577280E-001  3.073624E-002  9.995268E-001  1.244084E-003 -8.573430E-001  2.572409E-002  5.141023E-001
  1.600000E-001  0.000000E+000  0.000000E+000  0.000000E+000  4.548957E-001 -1.758806E-002  8.903710E-001  3.218866E-002  9.994764E-001  3.297909E-003 -8.899628E-001  2.715965E-002  4.552237E-001
  1.700000E-001  0.000000E+000  0.000000E+000  0.000000E+000  3.940542E-001 -1.830612E-002  9.189049E-001  3.349380E-002  9.994235E-001  5.547034E-003 -9.184767E-001  2.859179E-002  3.944402E-001
  1.800000E-001  0.000000E+000  0.000000E+000  0.000000E+000  3.315914E-001 -1.902590E-002  9.432312E-001  3.464207E-002  9.993679E-001  7.979871E-003 -9.427869E-001  3.002943E-002  3.320409E-001
  1.900000E-001  0.000000E+000  0.000000E+000  0.000000E+000  2.677999E-001 -1.974966E-002  9.632721E-001  3.562473E-002  9.993092E-001  1.058446E-002 -9.628157E-001  3.148179E-002  2.683185E-001
  2.000000E-001  0.000000E+000  0.000000E+000  0.000000E+000  2.029747E-001 -2.047840E-002  9.789698E-001  3.643392E-002  9.992469E-001  1.334853E-002 -9.785059E-001  3.295829E-002  2.035680E-001
  2.100000E-001  0.000000E+000  0.000000E+000  0.000000E+000  1.374118E-001 -2.121185E-002  9.902869E-001  3.706264E-002  9.991807E-001  1.625956E-002 -9.898204E-001  3.446839E-002  1.380854E-001
  2.200000E-001  0.000000E+000  0.000000E+000  0.000000E+000  7.140680E-002 -2.194851E-002  9.972058E-001  3.750479E-002  9.991100E-001  1.930482E-002 -9.967419E-001  3.602149E-002  7.216642E-002
  2.300000E-001  0.000000E+000  0.000000E+000  0.000000E+000  5.253570E-003 -2.268564E-002  9.997288E-001  3.775515E-002  9.990343E-001  2.247148E-002 -9.992732E-001  3.762685E-002  6.104997E-003
  2.400000E-001  0.000000E+000  0.000000E+000  0.000000E+000 -6.075697E-002 -2.341928E-002  9.978778E-001  3.780941E-002  9.989532E-001  2.574659E-002 -9.974362E-001  3.929346E-002 -5.980790E-002
  2.500000E-001  0.000000E+000  0.000000E+000  0.000000E+000 -1.263382E-001 -2.414431E-002  9.916934E-001  3.766415E-002  9.988662E-001  2.911722E-002 -9.912720E-001  4.102990E-002 -1.252855E-001
  2.600000E-001  0.000000E+000  0.000000E+000  0.000000E+000 -1.912088E-001 -2.485448E-002  9.812347E-001  3.731682E-002  9.987726E-001  3.257047E-002 -9.808398E-001  4.284432E-002 -1.900466E-001
  2.700000E-001  0.000000E+000  0.000000E+000  0.000000E+000 -2.550941E-001 -2.554243E-002  9.665788E-001  3.676577E-002  9.986719E-001  3.609353E-002 -9.662170E-001  4.474426E-002 -2.538163E-001
  2.800000E-001  0.000000E+000  0.000000E+000  0.000000E+000 -3.177274E-001 -2.619979E-002  9.478201E-001  3.601019E-002  9.985636E-001  3.967375E-002 -9.474981E-001  4.673662E-002 -3.163275E-001
  2.900000E-001  0.000000E+000  0.000000E+000  0.000000E+000 -3.788502E-001 -2.681719E-002  9.250694E-001  3.505013E-002  9.984472E-001  4.329870E-002 -9.247940E-001  4.882753E-002 -3.773220E-001
  3.000000E-001  0.000000E+000  0.000000E+000  0.000000E+000 -4.382142E-001 -2.738437E-002  8.984534E-001  3.388646E-002  9.983220E-001  4.695618E-002 -8.982316E-001  5.102227E-002 -4.365509E-001
  3.100000E-001  0.000000E+000  0.000000E+000  0.000000E+000 -4.955813E-001 -2.789019E-002  8.681137E-001  3.252084E-002  9.981876E-001  5.063434E-002 -8.679525E-001  5.332521E-002 -4.937761E-001
  3.200000E-001  0.000000E+000  0.000000E+000  0.000000E+000 -5.507252E-001 -2.832277E-002  8.342060E-001  3.095570E-002  9.980435E-001  5.432165E-002 -8.341124E-001  5.573973E-002 -5.487709E-001
  3.300000E-001  0.000000E+000  0.000000E+000  0.000000E+000 -6.034315E-001 -2.866953E-002  7.968993E-001  2.919425E-002  9.978892E-001  5.800701E-002 -7.968802E-001  5.826813E-002 -6.013208E-001
  3.400000E-001  0.000000E+000  0.000000E+000  0.000000E+000 -6.534991E-001 -2.891726E-002  7.563747E-001  2.724036E-002  9.977242E-001  6.167975E-002 -7.564370E-001  6.091157E-002 -6.512241E-001
  3.500000E-001  0.000000E+000  0.000000E+000  0.000000E+000 -7.007402E-001 -2.905226E-002  7.128248E-001  2.509860E-002  9.975480E-001  6.532969E-002 -7.129749E-001  6.367005E-002 -6.982928E-001
  3.600000E-001  0.000000E+000  0.000000E+000  0.000000E+000 -7.449812E-001 -2.906037E-002  6.664522E-001  2.277420E-002  9.973603E-001  6.894721E-002 -6.666966E-001  6.654229E-002 -7.423529E-001
  3.700000E-001  0.000000E+000  0.000000E+000  0.000000E+000 -7.860632E-001 -2.892713E-002  6.174689E-001  2.027295E-002  9.971607E-001  7.252319E-002 -6.178136E-001  6.952573E-002 -7.832449E-001
  3.800000E-001  0.000000E+000  0.000000E+000  0.000000E+000 -8.238423E-001 -2.863781E-002  5.660952E-001  1.760124E-002  9.969487E-001  7.604917E-002 -5.665458E-001  7.261650E-002 -8.208244E-001
  3.900000E-001  0.000000E+000  0.000000E+000  0.000000E+000 -8.581899E-001 -2.817757E-002  5.125584E-001  1.476594E-002  9.967241E-001  7.951726E-002 -5.131199E-001  7.580932E-002 -8.549625E-001
  4.000000E-001  0.000000E+000  0.000000E+000  0.000000E+000 -8.889932E-001 -2.753153E-002  4.570920E-001  1.177443E-002  9.964866E-001  8.292026E-002 -4.577690E-001  7.909754E-002 -8.855457E-001
  4.100000E-001  0.000000E+000  0.000000E+000  0.000000E+000 -9.161552E-001 -2.668491E-002  3.999345E-001  8.634490E-003  9.962360E-001  8.625162E-002 -4.007308E-001  8.247310E-002 -9.124763E-001
  4.200000E-001  0.000000E+000  0.000000E+000  0.000000E+000 -9.395948E-001 -2.562311E-002  3.413285E-001  5.354311E-003  9.959719E-001  8.950551E-002 -3.422470E-001  8.592648E-002 -9.356728E-001
  4.300000E-001  0.000000E+000  0.000000E+000  0.000000E+000 -9.592470E-001 -2.433181E-002  2.815193E-001  1.942409E-003  9.956944E-001  9.267677E-002 -2.825621E-001  8.944675E-002 -9.550696E-001
  4.400000E-001  0.000000E+000  0.000000E+000  0.000000E+000 -9.750630E-001 -2.279714E-002  2.207542E-001 -1.592404E-003  9.954031E-001  9.576103E-002 -2.219225E-001  9.302150E-002 -9.706170E-001
  4.500000E-001  0.000000E+000  0.000000E+000  0.000000E+000 -9.870097E-001 -2.100573E-002  1.592815E-001 -5.241069E-003  9.950980E-001  9.875460E-002 -1.605751E-001  9.663694E-002 -9.822815E-001
  4.600000E-001  0.000000E+000  0.000000E+000  0.000000E+000 -9.950700E-001 -1.894488E-002  9.734917E-002 -8.994327E-003  9.947791E-001  1.016546E-001 -9.876675E-002  1.002778E-001 -9.900452E-001
  4.700000E-001  0.000000E+000  0.000000E+000  0.000000E+000 -9.992422E-001 -1.660262E-002  3.520416E-002 -1.284277E-002  9.944463E-001  1.044588E-001 -3.674293E-002  1.039275E-001 -9.939059E-001
  4.800000E-001  0.000000E+000  0.000000E+000  0.000000E+000 -9.995403E-001 -1.396788E-002 -2.690871E-002 -1.677687E-002  9.940996E-001  1.071658E-001  2.525306E-002  1.075680E-001 -9.938770E-001
  4.900000E-001  0.000000E+000  0.000000E+000  0.000000E+000 -9.959931E-001 -1.103055E-002 -8.874764E-002 -2.078706E-002  9.937391E-001  1.097751E-001  8.698112E-002  1.111800E-001 -9.899865E-001
  5.000000E-001  0.000000E+000  0.000000E+000  0.000000E+000 -9.886440E-001 -7.781646E-003 -1.500747E-001 -2.486374E-002  9.933647E-001  1.122866E-001  1.482052E-001  1.147429E-001 -9.822776E-001
  5.100000E-001  0.000000E+000  0.000000E+000  0.000000E+000 -9.775510E-001 -4.213376E-003 -2.106568E-001 -2.899734E-002  9.929767E-001  1.147012E-001  2.086940E-001  1.182348E-001 -9.708076E-001
  5.200000E-001  0.000000E+000  0.000000E+000  0.000000E+000 -9.627855E-001 -3.192800E-004 -2.702664E-001 -3.317838E-002  9.925751E-001  1.170206E-001  2.682224E-001  1.216328E-001 -9.556475E-001
  5.300000E-001  0.000000E+000  0.000000E+000  0.000000E+000 -9.444324E-001  3.905675E-003 -3.286824E-001 -3.739746E-002  9.921601E-001  1.192471E-001  3.265713E-001  1.249127E-001 -9.368821E-001
  5.400000E-001  0.000000E+000  0.000000E+000  0.000000E+000 -9.225893E-001  8.464991E-003 -3.856908E-001 -4.164535E-002  9.917317E-001  1.213837E-001  3.835293E-001  1.280495E-001 -9.146085E-001
  5.500000E-001  0.000000E+000  0.000000E+000  0.000000E+000 -8.973657E-001  1.336053E-002 -4.410853E-001 -4.591304E-002  9.912901E-001  1.234340E-001  4.388927E-001  1.310171E-001 -8.889363E-001
  5.600000E-001  0.000000E+000  0.000000E+000  0.000000E+000 -8.688829E-001  1.859244E-002 -4.946684E-001 -5.019170E-002  9.908355E-001  1.254027E-001  4.924666E-001  1.337885E-001 -8.599868E-001
  5.700000E-001  0.000000E+000  0.000000E+000  0.000000E+000 -8.372728E-001  2.415903E-002 -5.462515E-001 -5.447282E-002  9.903680E-001  1.272947E-001  5.440653E-001  1.363363E-001 -8.278921E-001
  5.800000E-001  0.000000E+000  0.000000E+000  0.000000E+000 -8.026774E-001  3.005670E-002 -5.956555E-001 -5.874815E-002  9.898877E-001  1.291159E-001  5.935129E-001  1.386321E-001 -7.927948E-001
  5.900000E-001  0.000000E+000  0.000000E+000  0.000000E+000 -7.652485E-001  3.627987E-002 -6.427119E-001 -6.300980E-002  9.893949E-001  1.308724E-001  6.406439E-001  1.406471E-001 -7.548469E-001
  6.000000E-001  0.000000E+000  0.000000E+000  0.000000E+000 -7.251460E-001  4.282088E-002 -6.872624E-001 -6.725024E-002  9.888894E-001  1.325714E-001  6.853033E-001  1.423522E-001 -7.142095E-001
  6.100000E-001  0.000000E+000  0.000000E+000  0.000000E+000 -6.825382E-001  4.966994E-002 -7.291601E-001 -7.146232E-002  9.883714E-001  1.342203E-001  7.273477E-001  1.437180E-001 -6.710518E-001
  6.200000E-001  0.000000E+000  0.000000E+000  0.000000E+000 -6.376004E-001  5.681506E-002 -7.682693E-001 -7.563932E-002  9.878409E-001  1.358273E-001  7.666449E-001  1.447149E-001 -6.255503E-001
  6.300000E-001  0.000000E+000  0.000000E+000  0.000000E+000 -5.905142E-001  6.424200E-002 -8.044662E-001 -7.977498E-002  9.872978E-001  1.374007E-001  8.030746E-001  1.453134E-001 -5.778885E-001
  6.400000E-001  0.000000E+000  0.000000E+000  0.000000E+000 -5.414669E-001  7.193421E-002 -8.376390E-001 -8.386348E-002  9.867420E-001  1.389499E-001  8.365288E-001  1.454841E-001 -5.282555E-001
  6.500000E-001  0.000000E+000  0.000000E+000  0.000000E+000 -4.906506E-001  7.987281E-002 -8.676879E-001 -8.789950E-002  9.861734E-001  1.404841E-001  8.669116E-001  1.451979E-001 -4.768457E-001
  6.600000E-001  0.000000E+000  0.000000E+000  0.000000E+000 -4.382612E-001  8.803655E-002 -8.945260E-001 -9.187822E-002  9.855915E-001  1.420135E-001  8.941396E-001  1.444264E-001 -4.238578E-001
  6.700000E-001  0.000000E+000  0.000000E+000  0.000000E+000 -3.844979E-001  9.640181E-002 -9.180784E-001 -9.579534E-002  9.849960E-001  1.435482E-001  9.181419E-001  1.431416E-001 -3.694941E-001
  6.800000E-001  0.000000E+000  0.000000E+000  0.000000E+000 -3.295626E-001  1.049425E-001 -9.382833E-001 -9.964710E-002  9.843865E-001  1.450990E-001  9.388605E-001  1.413164E-001 -3.139597E-001
  6.900000E-001  0.000000E+000  0.000000E+000  0.000000E+000 -2.736583E-001  1.136304E-001 -9.550912E-001 -1.034303E-001  9.837622E-001  1.466769E-001  9.562496E-001  1.389247E-001 -2.574619E-001
  7.000000E-001  0.000000E+000  0.000000E+000  0.000000E+000 -2.169893E-001  1.224344E-001 -9.684655E-001 -1.071422E-001  9.831224E-001  1.482931E-001  9.702764E-001  1.359415E-001 -2.002091E-001
  7.100000E-001  0.000000E+000  0.000000E+000  0.000000E+000 -1.597596E-001  1.313216E-001 -9.783821E-001 -1.107807E-001  9.824662E-001  1.499591E-001  9.809202E-001  1.323433E-001 -1.424105E-001
  7.200000E-001  0.000000E+000  0.000000E+000  0.000000E+000 -1.021729E-001  1.402564E-001 -9.848293E-001 -1.143444E-001  9.817925E-001  1.516868E-001  9.881731E-001  1.281080E-001 -8.427505E-002
  7.300000E-001  0.000000E+000  0.000000E+000  0.000000E+000 -4.443115E-002  1.492012E-001 -9.878081E-001 -1.178321E-001  9.810999E-001  1.534880E-001  9.920391E-001  1.232151E-001 -2.601072E-002
  7.400000E-001  0.000000E+000  0.000000E+000  0.000000E+000  1.326562E-002  1.581158E-001 -9.873315E-001 -1.212435E-001  9.803870E-001  1.553747E-001  9.925342E-001  1.176463E-001  3.217595E-002
  7.500000E-001  0.000000E+000  0.000000E+000  0.000000E+000  7.072026E-002  1.669583E-001 -9.834244E-001 -1.245786E-001  9.796521E-001  1.573591E-001  9.896862E-001  1.113852E-001  9.008069E-002
  7.600000E-001  0.000000E+000  0.000000E+000  0.000000E+000  1.277391E-001  1.756844E-001 -9.761238E-001 -1.278383E-001  9.788932E-001  1.594535E-001  9.835345E-001  1.044176E-001  1.475021E-001
  7.700000E-001  0.000000E+000  0.000000E+000  0.000000E+000  1.841326E-001  1.842482E-001 -9.654780E-001 -1.310237E-001  9.781082E-001  1.616701E-001  9.741293E-001  9.673175E-002  2.042425E-001
  7.800000E-001  0.000000E+000  0.000000E+000  0.000000E+000  2.397161E-001  1.926016E-001 -9.515466E-001 -1.341366E-001  9.772945E-001  1.640212E-001  9.615319E-001  8.831867E-002  2.601081E-001
  7.900000E-001  0.000000E+000  0.000000E+000  0.000000E+000  2.943100E-001  2.006950E-001 -9.343999E-001 -1.371792E-001  9.764493E-001  1.665190E-001  9.458137E-001  7.917206E-002  3.149100E-001
  8.000000E-001  0.000000E+000  0.000000E+000  0.000000E+000  3.477409E-001  2.084772E-001 -9.141190E-001 -1.401545E-001  9.755698E-001  1.691756E-001  9.270561E-001  6.928860E-002  3.684645E-001
  8.100000E-001  0.000000E+000  0.000000E+000  0.000000E+000  3.998418E-001  2.158956E-001 -8.907950E-001 -1.430656E-001  9.746523E-001  1.720031E-001  9.053501E-001  5.866811E-002  4.205939E-001
  8.200000E-001  0.000000E+000  0.000000E+000  0.000000E+000  4.504525E-001  2.228963E-001 -8.645287E-001 -1.459165E-001  9.736933E-001  1.750135E-001  8.807956E-001  4.731373E-002  4.711268E-001
  8.300000E-001  0.000000E+000  0.000000E+000  0.000000E+000  4.994204E-001  2.294243E-001 -8.354303E-001 -1.487113E-001  9.726886E-001  1.782183E-001  8.535012E-001  3.523203E-002  5.198985E-001
  8.400000E-001  0.000000E+000  0.000000E+000  0.000000E+000  5.466006E-001  2.354239E-001 -8.036189E-001 -1.514546E-001  9.716338E-001  1.816292E-001  8.235832E-001  2.243317E-002  5.667517E-001
  8.500000E-001  0.000000E+000  0.000000E+000  0.000000E+000  5.918567E-001  2.408387E-001 -7.692219E-001 -1.541517E-001  9.705241E-001  1.852574E-001  7.911656E-001  8.931061E-003  6.115368E-001
  8.600000E-001  0.000000E+000  0.000000E+000  0.000000E+000  6.350606E-001  2.456119E-001 -7.323748E-001 -1.568080E-001  9.693540E-001  1.891139E-001  7.563791E-001 -5.256531E-003  6.541124E-001
  8.700000E-001  0.000000E+000  0.000000E+000  0.000000E+000  6.760933E-001  2.496863E-001 -6.932204E-001 -1.594293E-001  9.681180E-001  1.932093E-001  7.193609E-001 -2.010786E-002  6.943454E-001
  8.800000E-001  0.000000E+000  0.000000E+000  0.000000E+000  7.148452E-001  2.530050E-001 -6.519086E-001 -1.620219E-001  9.668099E-001  1.975541E-001  6.802538E-001 -3.559711E-002  7.321118E-001
  8.900000E-001  0.000000E+000  0.000000E+000  0.000000E+000  7.512160E-001  2.555115E-001 -6.085954E-001 -1.645922E-001  9.654230E-001  2.021580E-001  6.392057E-001 -5.169429E-002  7.672964E-001
  9.000000E-001  0.000000E+000  0.000000E+000  0.000000E+000  7.851152E-001  2.571497E-001 -5.634432E-001 -1.671469E-001  9.639503E-001  2.070307E-001  5.963691E-001 -6.836515E-002  7.997938E-001
  9.100000E-001  0.000000E+000  0.000000E+000  0.000000E+000  8.164621E-001  2.578646E-001 -5.166193E-001 -1.696931E-001  9.623842E-001  2.121812E-001  5.519003E-001 -8.557116E-002  8.295081E-001
  9.200000E-001  0.000000E+000  0.000000E+000  0.000000E+000  8.451863E-001  2.576024E-001 -4.682961E-001 -1.722380E-001  9.607166E-001  2.176181E-001  5.059588E-001 -1.032694E-001  8.563534E-001
  9.300000E-001  0.000000E+000  0.000000E+000  0.000000E+000  8.712272E-001  2.563106E-001 -4.186503E-001 -1.747889E-001  9.589389E-001  2.233495E-001  4.587069E-001 -1.214127E-001  8.802539E-001
  9.400000E-001  0.000000E+000  0.000000E+000  0.000000E+000  8.945348E-001  2.539388E-001 -3.678622E-001 -1.773534E-001  9.570419E-001  2.293828E-001  4.103087E-001 -1.399493E-001  9.011442E-001
  9.500000E-001  0.000000E+000  0.000000E+000  0.000000E+000  9.150692E-001  2.504388E-001 -3.161153E-001 -1.799391E-001  9.550160E-001  2.357252E-001  3.609299E-001 -1.588234E-001  9.189694E-001
  9.600000E-001  0.000000E+000  0.000000E+000  0.000000E+000  9.328006E-001  2.457648E-001 -2.635958E-001 -1.825536E-001  9.528509E-001  2.423828E-001  3.107366E-001 -1.779745E-001  9.336851E-001
  9.700000E-001  0.000000E+000  0.000000E+000  0.000000E+000  9.477097E-001  2.398740E-001 -2.104919E-001 -1.852046E-001  9.505357E-001  2.493614E-001  2.598954E-001 -1.973381E-001  9.452577E-001
  9.800000E-001  0.000000E+000  0.000000E+000  0.000000E+000  9.597872E-001  2.327266E-001 -1.569934E-001 -1.878998E-001  9.480592E-001  2.566659E-001  2.085720E-001 -2.168456E-001  9.536644E-001
  9.900000E-001  0.000000E+000  0.000000E+000  0.000000E+000  9.690338E-001  2.242868E-001 -1.032908E-001 -1.906467E-001  9.454095E-001  2.643006E-001  1.569313E-001 -2.364241E-001  9.588932E-001
  1.000000E+000  0.000000E+000  0.000000E+000  0.000000E+000  9.754601E-001  2.145224E-001 -4.957522E-002 -1.934528E-001  9.425739E-001  2.722690E-001  1.051361E-001 -2.559971E-001  9.609432E-001
  1.010000E+000  0.000000E+000  0.000000E+000  0.000000E+000  9.790865E-001  2.034057E-001  3.962603E-003 -1.963254E-001  9.395396E-001  2.805738E-001  5.334730E-002 -2.754840E-001  9.598243E-001
  1.020000E+000  0.000000E+000  0.000000E+000  0.000000E+000  9.799428E-001  1.909136E-001  5.713262E-002 -1.992716E-001  9.362929E-001  2.892170E-001  1.722590E-003 -2.948010E-001  9.555571E-001
  1.030000E+000  0.000000E+000  0.000000E+000  0.000000E+000  9.780679E-001  1.770280E-001  1.097461E-001 -2.022983E-001  9.328196E-001  2.981995E-001 -4.958369E-002 -3.138608E-001  9.481734E-001
  1.040000E+000  0.000000E+000  0.000000E+000  0.000000E+000  9.735099E-001  1.617363E-001  1.616164E-001 -2.054120E-001  9.291052E-001  3.075215E-001 -1.004212E-001 -3.325732E-001  9.377157E-001
  1.050000E+000  0.000000E+000  0.000000E+000  0.000000E+000  9.663252E-001  1.450317E-001  2.125591E-001 -2.086190E-001  9.251344E-001  3.171822E-001 -1.506443E-001 -3.508450E-001  9.242370E-001
  1.060000E+000  0.000000E+000  0.000000E+000  0.000000E+000  9.565788E-001  1.269132E-001  2.623930E-001 -2.119251E-001  9.208915E-001  3.271798E-001 -2.001121E-001 -3.685809E-001  9.078013E-001
  1.070000E+000  0.000000E+000  0.000000E+000  0.000000E+000  9.443432E-001  1.073865E-001  3.109406E-001 -2.153357E-001  9.163605E-001  3.375115E-001 -2.486895E-001 -3.856833E-001  8.884829E-001
  1.080000E+000  0.000000E+000  0.000000E+000  0.000000E+000  9.296987E-001  8.646378E-002  3.580283E-001 -2.188557E-001  9.115247E-001  3.481736E-001 -2.962473E-001 -4.020531E-001  8.663665E-001
  1.090000E+000  0.000000E+000  0.000000E+000  0.000000E+000  9.127325E-001  6.416432E-002  4.034877E-001 -2.224896E-001  9.063673E-001  3.591610E-001 -3.426627E-001 -4.175898E-001  8.415468E-001
  1.100000E+000  0.000000E+000  0.000000E+000  0.000000E+000  8.935383E-001  4.051462E-002  4.471554E-001 -2.262412E-001  9.008709E-001  3.704679E-001 -3.878199E-001 -4.321922E-001  8.141287E-001
  1.110000E+000  0.000000E+000  0.000000E+000  0.000000E+000  8.722158E-001  1.554867E-002  4.888741E-001 -2.301137E-001  8.950180E-001  3.820870E-001 -4.316101E-001 -4.457590E-001  7.842268E-001
  1.120000E+000  0.000000E+000  0.000000E+000  0.000000E+000  8.488704E-001 -1.069183E-002  5.284929E-001 -2.341096E-001  8.887906E-001  3.940101E-001 -4.739322E-001 -4.581888E-001  7.519650E-001
  1.130000E+000  0.000000E+000  0.000000E+000  0.000000E+000  8.236124E-001 -3.815734E-002  5.658681E-001 -2.382309E-001  8.821707E-001  4.062276E-001 -5.146928E-001 -4.693813E-001  7.174765E-001
  1.140000E+000  0.000000E+000  0.000000E+000  0.000000E+000  7.965564E-001 -6.679029E-002  6.008635E-001 -2.424786E-001  8.751402E-001  4.187287E-001 -5.538068E-001 -4.792376E-001  6.809033E-001
  1.150000E+000  0.000000E+000  0.000000E+000  0.000000E+000  7.678211E-001 -9.652501E-002  6.333512E-001 -2.468531E-001  8.676809E-001  4.315014E-001 -5.911974E-001 -4.876606E-001  6.423961E-001
  1.160000E+000  0.000000E+000  0.000000E+000  0.000000E+000  7.375280E-001 -1.272877E-001  6.632121E-001 -2.513540E-001  8.597745E-001  4.445324E-001 -6.267963E-001 -4.945561E-001  6.021135E-001
  1.170000E+000  0.000000E+000  0.000000E+000  0.000000E+000  7.058016E-001 -1.589964E-001  6.903364E-001 -2.559798E-001  8.514030E-001  4.578071E-001 -6.605441E-001 -4.998331E-001  5.602217E-001
  1.180000E+000  0.000000E+000  0.000000E+000  0.000000E+000  6.727680E-001 -1.915611E-001  7.146241E-001 -2.607283E-001  8.425485E-001  4.713096E-001 -6.923900E-001 -5.034048E-001  5.168943E-001
  1.190000E+000  0.000000E+000  0.000000E+000  0.000000E+000  6.385550E-001 -2.248838E-001  7.359856E-001 -2.655966E-001  8.331935E-001  4.850227E-001 -7.222922E-001 -5.051889E-001  4.723115E-001
  1.200000E+000  0.000000E+000  0.000000E+000  0.000000E+000  6.032906E-001 -2.588586E-001  7.543426E-001 -2.705805E-001  8.233210E-001  4.989277E-001 -7.502177E-001 -5.051088E-001  4.266597E-001
  1.210000E+000  0.000000E+000  0.000000E+000  0.000000E+000  5.671032E-001 -2.933722E-001  7.696277E-001 -2.756750E-001  8.129142E-001  5.130047E-001 -7.761425E-001 -5.030937E-001  3.801308E-001
  1.220000E+000  0.000000E+000  0.000000E+000  0.000000E+000  5.301203E-001 -3.283040E-001  7.817858E-001 -2.808743E-001  8.019572E-001  5.272326E-001 -8.000513E-001 -4.990802E-001  3.329216E-001
  1.230000E+000  0.000000E+000  0.000000E+000  0.000000E+000  4.924681E-001 -3.635266E-001  7.907741E-001 -2.861713E-001  7.904350E-001  5.415888E-001 -8.219374E-001 -4.930121E-001  2.852331E-001
  1.240000E+000  0.000000E+000  0.000000E+000  0.000000E+000  4.542710E-001 -3.989060E-001  7.965625E-001 -2.915583E-001  7.783332E-001  5.560496E-001 -8.418026E-001 -4.848416E-001  2.372698E-001
  1.250000E+000  0.000000E+000  0.000000E+000  0.000000E+000  4.156506E-001 -4.343026E-001  7.991344E-001 -2.970263E-001  7.656387E-001  5.705899E-001 -8.596569E-001 -4.745300E-001  1.892389E-001
  1.260000E+000  0.000000E+000  0.000000E+000  0.000000E+000  3.767256E-001 -4.695713E-001  7.984864E-001 -3.025655E-001  7.523393E-001  5.851835E-001 -8.755181E-001 -4.620481E-001  1.413493E-001
  1.270000E+000  0.000000E+000  0.000000E+000  0.000000E+000  3.376105E-001 -5.045626E-001  7.946293E-001 -3.081652E-001  7.384243E-001  5.998031E-001 -8.894118E-001 -4.473770E-001  9.381115E-002
  1.280000E+000  0.000000E+000  0.000000E+000  0.000000E+000  2.984159E-001 -5.391230E-001  7.875877E-001 -3.138138E-001  7.238845E-001  6.144202E-001 -9.013705E-001 -4.305086E-001  4.683436E-002
  1.290000E+000  0.000000E+000  0.000000E+000  0.000000E+000  2.592471E-001 -5.730961E-001  7.774007E-001 -3.194987E-001  7.087121E-001  6.290054E-001 -9.114338E-001 -4.114463E-001  6.280837E-004
  1.300000E+000  0.000000E+000  0.000000E+000  0.000000E+000  2.202042E-001 -6.063233E-001  7.641218E-001 -3.252065E-001  6.929012E-001  6.435283E-001 -9.196471E-001 -3.902050E-001 -4.460051E-002
  1.310000E+000  0.000000E+000  0.000000E+000  0.000000E+000  1.813817E-001 -6.386451E-001  7.478189E-001 -3.309231E-001  6.764476E-001  6.579578E-001 -9.260619E-001 -3.668120E-001 -8.864720E-002
  1.320000E+000  0.000000E+000  0.000000E+000  0.000000E+000  1.428674E-001 -6.699016E-001  7.285745E-001 -3.366335E-001  6.593493E-001  6.722622E-001 -9.307346E-001 -3.413069E-001 -1.313118E-001
  1.330000E+000  0.000000E+000  0.000000E+000  0.000000E+000  1.047428E-001 -6.999340E-001  7.064852E-001 -3.423222E-001  6.416061E-001  6.864089E-001 -9.337261E-001 -3.137420E-001 -1.723993E-001
  1.340000E+000  0.000000E+000  0.000000E+000  0.000000E+000  6.708266E-002 -7.285856E-001  6.816619E-001 -3.479731E-001  6.232202E-001  7.003651E-001 -9.351014E-001 -2.841823E-001 -2.117209E-001
  1.350000E+000  0.000000E+000  0.000000E+000  0.000000E+000  2.995431E-002 -7.557029E-001  6.542292E-001 -3.535694E-001  6.041961E-001  7.140978E-001 -9.349286E-001 -2.527058E-001 -2.490952E-001
  1.360000E+000  0.000000E+000  0.000000E+000  0.000000E+000 -6.581984E-003 -7.811367E-001  6.243253E-001 -3.590942E-001  5.845407E-001  7.275737E-001 -9.332781E-001 -2.194027E-001 -2.843491E-001
  1.370000E+000  0.000000E+000  0.000000E+000  0.000000E+000 -4.247338E-002 -8.047437E-001  5.921010E-001 -3.645299E-001  5.642634E-001  7.407596E-001 -9.302226E-001 -1.843759E-001 -3.173193E-001
  1.380000E+000  0.000000E+000  0.000000E+000  0.000000E+000 -7.767441E-002 -8.263870E-001  5.577197E-001 -3.698589E-001  5.433759E-001  7.536226E-001 -9.258353E-001 -1.477404E-001 -3.478530E-001
  1.390000E+000  0.000000E+000  0.000000E+000  0.000000E+000 -1.121470E-001 -8.459378E-001  5.213561E-001 -3.750635E-001  5.218928E-001  7.661301E-001 -9.201904E-001 -1.096225E-001 -3.758091E-001
  1.400000E+000  0.000000E+000  0.000000E+000  0.000000E+000 -1.458602E-001 -8.632766E-001  4.831959E-001 -3.801260E-001  4.998310E-001  7.782500E-001 -9.133614E-001 -7.015961E-002 -4.010594E-001
  1.410000E+000  0.000000E+000  0.000000E+000  0.000000E+000 -1.787902E-001 -8.782939E-001  4.434342E-001 -3.850287E-001  4.772103E-001  7.899514E-001 -9.054209E-001 -2.949930E-002 -4.234889E-001
  1.420000E+000  0.000000E+000  0.000000E+000  0.000000E+000 -2.109200E-001 -8.908913E-001  4.022754E-001 -3.897542E-001  4.540527E-001  8.012040E-001 -8.964399E-001  1.220147E-002 -4.429974E-001
  1.430000E+000  0.000000E+000  0.000000E+000  0.000000E+000 -2.422390E-001 -9.009828E-001  3.599310E-001 -3.942854E-001  4.303830E-001  8.119788E-001 -8.864871E-001  5.477737E-002 -4.594998E-001
  1.440000E+000  0.000000E+000  0.000000E+000  0.000000E+000 -2.727425E-001 -9.084953E-001  3.166194E-001 -3.986057E-001  4.062282E-001  8.222482E-001 -8.756284E-001  9.805573E-002 -4.729271E-001
  1.450000E+000  0.000000E+000  0.000000E+000  0.000000E+000 -3.024316E-001 -9.133697E-001  2.725637E-001 -4.026992E-001  3.816179E-001  8.319862E-001 -8.639262E-001  1.418578E-001 -4.832265E-001
  1.460000E+000  0.000000E+000  0.000000E+000  0.000000E+000 -3.313125E-001 -9.155611E-001  2.279911E-001 -4.065505E-001  3.565838E-001  8.411686E-001 -8.514392E-001  1.859998E-001 -4.903625E-001
  1.470000E+000  0.000000E+000  0.000000E+000  0.000000E+000 -3.593957E-001 -9.150397E-001  1.831310E-001 -4.101452E-001  3.311597E-001  8.497730E-001 -8.382217E-001  2.302945E-001 -4.943166E-001
  1.480000E+000  0.000000E+000  0.000000E+000  0.000000E+000 -3.866960E-001 -9.117912E-001  1.382137E-001 -4.134697E-001  3.053813E-001  8.577791E-001 -8.243234E-001  2.745525E-001 -4.950878E-001
  1.490000E+000  0.000000E+000  0.000000E+000  0.000000E+000 -4.132310E-001 -9.058166E-001  9.346896E-002 -4.165115E-001  2.792860E-001  8.651690E-001 -8.097890E-001  3.185838E-001 -4.926927E-001
  1.500000E+000  0.000000E+000  0.000000E+000  0.000000E+000 -4.390214E-001 -8.971326E-001  4.912437E-002 -4.192591E-001  2.529131E-001  8.719271E-001 -7.946584E-001  3.621988E-001 -4.871653E-001
  1.510000E+000  0.000000E+000  0.000000E+000  0.000000E+000 -4.640897E-001 -8.857717E-001  5.404028E-003 -4.217022E-001  2.263028E-001  8.780401E-001 -7.789660E-001  4.052105E-001 -4.785566E-001
  1.520000E+000  0.000000E+000  0.000000E+000  0.000000E+000 -4.884596E-001 -8.717815E-001 -3.747300E-002 -4.238318E-001  1.994966E-001  8.834974E-001 -7.627410E-001  4.474351E-001 -4.669347E-001
  1.530000E+000  0.000000E+000  0.000000E+000  0.000000E+000 -5.121557E-001 -8.552245E-001 -7.929414E-002 -4.256402E-001  1.725369E-001  8.882913E-001 -7.460074E-001  4.886942E-001 -4.523837E-001
  1.540000E+000  0.000000E+000  0.000000E+000  0.000000E+000 -5.352022E-001 -8.361779E-001 -1.198546E-001 -4.271211E-001  1.454666E-001  8.924164E-001 -7.287840E-001  5.288157E-001 -4.350032E-001
  1.550000E+000  0.000000E+000  0.000000E+000  0.000000E+000 -5.576231E-001 -8.147322E-001 -1.589588E-001 -4.282694E-001  1.183291E-001  8.958703E-001 -7.110849E-001  5.676352E-001 -4.149079E-001
  1.560000E+000  0.000000E+000  0.000000E+000  0.000000E+000 -5.794409E-001 -7.909911E-001 -1.964213E-001 -4.290815E-001  9.116768E-002  8.986532E-001 -6.929194E-001  6.049972E-001 -3.922260E-001
  1.570000E+000  0.000000E+000  0.000000E+000  0.000000E+000 -6.006764E-001 -7.650701E-001 -2.320682E-001 -4.295554E-001  6.402572E-002  9.007680E-001 -6.742923E-001  6.407562E-001 -3.670987E-001
  1.580000E+000  0.000000E+000  0.000000E+000  0.000000E+000 -6.213481E-001 -7.370955E-001 -2.657381E-001 -4.296900E-001  3.694599E-002  9.022203E-001 -6.552046E-001  6.747779E-001 -3.396789E-001
  1.590000E+000  0.000000E+000  0.000000E+000  0.000000E+000 -6.414717E-001 -7.072036E-001 -2.972829E-001 -4.294861E-001  9.970660E-003  9.030184E-001 -6.356537E-001  7.069397E-001 -3.101300E-001
  1.600000E+000  0.000000E+000  0.000000E+000  0.000000E+000 -6.610601E-001 -6.755388E-001 -3.265683E-001 -4.289455E-001 -1.685902E-002  9.031730E-001 -6.156341E-001  7.371317E-001 -2.786245E-001
  1.610000E+000  0.000000E+000  0.000000E+000  0.000000E+000 -6.801223E-001 -6.422531E-001 -3.534749E-001 -4.280714E-001 -4.350293E-002  9.026973E-001 -5.951373E-001  7.652571E-001 -2.453429E-001
  1.620000E+000  0.000000E+000  0.000000E+000  0.000000E+000 -6.986641E-001 -6.075042E-001 -3.778983E-001 -4.268682E-001 -6.992228E-002  9.016066E-001 -5.741533E-001  7.912329E-001 -2.104720E-001
  1.630000E+000  0.000000E+000  0.000000E+000  0.000000E+000 -7.166871E-001 -5.714542E-001 -3.997495E-001 -4.253415E-001 -9.607982E-002  8.999185E-001 -5.526701E-001  8.149900E-001 -1.742040E-001
  1.640000E+000  0.000000E+000  0.000000E+000  0.000000E+000 -7.341890E-001 -5.342687E-001 -4.189552E-001 -4.234979E-001 -1.219400E-001  8.976526E-001 -5.306751E-001  8.364733E-001 -1.367346E-001
  1.650000E+000  0.000000E+000  0.000000E+000  0.000000E+000 -7.511636E-001 -4.961147E-001 -4.354577E-001 -4.213451E-001 -1.474692E-001  8.948302E-001 -5.081550E-001  8.556419E-001 -9.826199E-002
  1.660000E+000  0.000000E+000  0.000000E+000  0.000000E+000 -7.676006E-001 -4.571600E-001 -4.492149E-001 -4.188916E-001 -1.726357E-001  8.914745E-001 -4.850969E-001  8.724687E-001 -5.898525E-002
  1.670000E+000  0.000000E+000  0.000000E+000  0.000000E+000 -7.834859E-001 -4.175715E-001 -4.601999E-001 -4.161469E-001 -1.974098E-001  8.876098E-001 -4.614885E-001  8.869405E-001 -1.910326E-002
  1.680000E+000  0.000000E+000  0.000000E+000  0.000000E+000 -7.988013E-001 -3.775141E-001 -4.684011E-001 -4.131211E-001 -2.217644E-001  8.832619E-001 -4.373185E-001  8.990571E-001  2.118667E-002
  1.690000E+000  0.000000E+000  0.000000E+000  0.000000E+000 -8.135254E-001 -3.371496E-001 -4.738212E-001 -4.098249E-001 -2.456742E-001  8.784576E-001 -4.125772E-001  9.088313E-001  6.168993E-002
  1.700000E+000  0.000000E+000  0.000000E+000  0.000000E+000 -8.276333E-001 -2.966355E-001 -4.764772E-001 -4.062695E-001 -2.691164E-001  8.732248E-001 -3.872573E-001  9.162880E-001  1.022158E-001
  1.710000E+000  0.000000E+000  0.000000E+000  0.000000E+000 -8.410971E-001 -2.561242E-001 -4.763991E-001 -4.024667E-001 -2.920706E-001  8.675917E-001 -3.613534E-001  9.214636E-001  1.425783E-001
  1.720000E+000  0.000000E+000  0.000000E+000  0.000000E+000 -8.538861E-001 -2.157619E-001 -4.736300E-001 -3.984285E-001 -3.145186E-001  8.615874E-001 -3.348632E-001  9.244051E-001  1.825973E-001
  1.730000E+000  0.000000E+000  0.000000E+000  0.000000E+000 -8.659672E-001 -1.756882E-001 -4.682248E-001 -3.941671E-001 -3.364445E-001  8.552411E-001 -3.077874E-001  9.251696E-001  2.220994E-001
  1.740000E+000  0.000000E+000  0.000000E+000  0.000000E+000 -8.773055E-001 -1.360349E-001 -4.602494E-001 -3.896949E-001 -3.578349E-001  8.485824E-001 -2.801301E-001  9.238229E-001  2.609184E-001
  1.750000E+000  0.000000E+000  0.000000E+000  0.000000E+000 -8.878644E-001 -9.692573E-002 -4.497801E-001 -3.850244E-001 -3.786784E-001  8.416406E-001 -2.518986E-001  9.204391E-001  2.988963E-001
  1.760000E+000  0.000000E+000  0.000000E+000  0.000000E+000 -8.976061E-001 -5.847608E-002 -4.369025E-001 -3.801681E-001 -3.989658E-001  8.344451E-001 -2.231042E-001  9.150994E-001  3.358834E-001
  1.770000E+000  0.000000E+000  0.000000E+000  0.000000E+000 -9.064920E-001 -2.079224E-002 -4.217108E-001 -3.751382E-001 -4.186900E-001  8.270248E-001 -1.937618E-001  9.078912E-001  3.717392E-001
  1.780000E+000  0.000000E+000  0.000000E+000  0.000000E+000 -9.144831E-001  1.602858E-002 -4.043065E-001 -3.699469E-001 -4.378460E-001  8.194084E-001 -1.638901E-001  8.989071E-001  4.063325E-001
  1.790000E+000  0.000000E+000  0.000000E+000  0.000000E+000 -9.215405E-001  5.189853E-002 -3.847981E-001 -3.646062E-001 -4.564306E-001  8.116239E-001 -1.335115E-001  8.882441E-001  4.395419E-001
  1.800000E+000  0.000000E+000  0.000000E+000  0.000000E+000 -9.276259E-001  8.673916E-002 -3.632996E-001 -3.591277E-001 -4.744424E-001  8.036988E-001 -1.026526E-001  8.760027E-001  4.712555E-001
  1.810000E+000  0.000000E+000  0.000000E+000  0.000000E+000 -9.327014E-001  1.204814E-001 -3.399299E-001 -3.535227E-001 -4.918817E-001  7.956596E-001 -7.134317E-002  8.622857E-001  5.013716E-001
  1.820000E+000  0.000000E+000  0.000000E+000  0.000000E+000 -9.367306E-001  1.530653E-001 -3.148123E-001 -3.478020E-001 -5.087503E-001  7.875322E-001 -3.961697E-002  8.471978E-001  5.297984E-001
  1.830000E+000  0.000000E+000  0.000000E+000  0.000000E+000 -9.396785E-001  1.844404E-001 -2.880729E-001 -3.419763E-001 -5.250514E-001  7.793415E-001 -7.511047E-003  8.308446E-001  5.564538E-001
  1.840000E+000  0.000000E+000  0.000000E+000  0.000000E+000 -9.415120E-001  2.145647E-001 -2.598405E-001 -3.360556E-001 -5.407899E-001  7.711115E-001  2.493421E-002  8.133316E-001  5.812658E-001
  1.850000E+000  0.000000E+000  0.000000E+000  0.000000E+000 -9.422001E-001  2.434051E-001 -2.302455E-001 -3.300494E-001 -5.559713E-001  7.628652E-001  5.767534E-002  7.947640E-001  6.041719E-001
  1.860000E+000  0.000000E+000  0.000000E+000  0.000000E+000 -9.417140E-001  2.709365E-001 -1.994196E-001 -3.239667E-001 -5.706027E-001  7.546245E-001  9.066600E-002  7.752457E-001  6.251190E-001
  1.870000E+000  0.000000E+000  0.000000E+000  0.000000E+000 -9.400278E-001  2.971421E-001 -1.674945E-001 -3.178163E-001 -5.846919E-001  7.464102E-001  1.238572E-001  7.548788E-001  6.440632E-001
  1.880000E+000  0.000000E+000  0.000000E+000  0.000000E+000 -9.371182E-001  3.220120E-001 -1.346019E-001 -3.116061E-001 -5.982477E-001  7.382421E-001  1.571976E-001  7.337629E-001  6.609697E-001
  1.890000E+000  0.000000E+000  0.000000E+000  0.000000E+000 -9.329652E-001  3.455439E-001 -1.008726E-001 -3.053436E-001 -6.112794E-001  7.301389E-001  1.906337E-001  7.119950E-001  6.758121E-001
  1.900000E+000  0.000000E+000  0.000000E+000  0.000000E+000 -9.275517E-001  3.677417E-001 -6.643635E-002 -2.990358E-001 -6.237973E-001  7.221180E-001  2.241101E-001  6.896687E-001  6.885723E-001
  1.910000E+000  0.000000E+000  0.000000E+000  0.000000E+000 -9.208641E-001  3.886155E-001 -3.142085E-002 -2.926893E-001 -6.358120E-001  7.141961E-001  2.575699E-001  6.668741E-001  6.992401E-001
  1.920000E+000  0.000000E+000  0.000000E+000  0.000000E+000 -9.128920E-001  4.081811E-001  4.048242E-003 -2.863100E-001 -6.473345E-001  7.063884E-001  2.909550E-001  6.436973E-001  7.078128E-001
  1.930000E+000  0.000000E+000  0.000000E+000  0.000000E+000 -9.036286E-001  4.264592E-001  3.984782E-002 -2.799033E-001 -6.583764E-001  6.987093E-001  3.242059E-001  6.202202E-001  7.142951E-001
  1.940000E+000  0.000000E+000  0.000000E+000  0.000000E+000 -8.930706E-001  4.434755E-001  7.585767E-002 -2.734743E-001 -6.689492E-001  6.911720E-001  3.572628E-001  5.965203E-001  7.186981E-001
  1.950000E+000  0.000000E+000  0.000000E+000  0.000000E+000 -8.812182E-001  4.592594E-001  1.119608E-001 -2.670275E-001 -6.790650E-001  6.837887E-001  3.900651E-001  5.726705E-001  7.210394E-001
  1.960000E+000  0.000000E+000  0.000000E+000  0.000000E+000 -8.680752E-001  4.738444E-001  1.480435E-001 -2.605669E-001 -6.887357E-001  6.765708E-001  4.225521E-001  5.487391E-001  7.213426E-001
  1.970000E+000  0.000000E+000  0.000000E+000  0.000000E+000 -8.536489E-001  4.872669E-001  1.839958E-001 -2.540962E-001 -6.979734E-001  6.695283E-001  4.546632E-001  5.247895E-001  7.196370E-001
  1.980000E+000  0.000000E+000  0.000000E+000  0.000000E+000 -8.379501E-001  4.995662E-001  2.197118E-001 -2.476185E-001 -7.067902E-001  6.626708E-001  4.863381E-001  5.008804E-001  7.159568E-001
  1.990000E+000  0.000000E+000  0.000000E+000  0.000000E+000 -8.209929E-001  5.107839E-001  2.550891E-001 -2.411367E-001 -7.151981E-001  6.560067E-001  5.175169E-001  4.770655E-001  7.103413E-001
