% FILE: robot_arm.4
%
%       t         P_No_Co[1]     P_No_Co[2]     P_No_Co[3]      N_C[1,1]       N_C[1,2]       N_C[1,3]       N_C[2,1]       N_C[2,2]       N_C[2,3]       N_C[3,1]       N_C[3,2]       N_C[3,3]
%   (second)        (meter)        (meter)        (meter)       (NoUnits)      (NoUnits)      (NoUnits)      (NoUnits)      (NoUnits)      (NoUnits)      (NoUnits)      (NoUnits)      (NoUnits)

  0.000000E+000  1.350624E+000  8.368081E-001  0.000000E+000  9.981165E-001  6.134676E-002  0.000000E+000 -6.134676E-002  9.981165E-001  0.000000E+000  0.000000E+000  0.000000E+000  1.000000E+000
  5.000000E-002  1.351131E+000  8.361643E-001  0.000000E+000  9.981819E-001  6.027390E-002  0.000000E+000 -6.027390E-002  9.981819E-001  0.000000E+000  0.000000E+000  0.000000E+000  1.000000E+000
  1.000000E-001  1.352527E+000  8.343685E-001  0.000000E+000  9.983581E-001  5.728084E-002  0.000000E+000 -5.728084E-002  9.983581E-001  0.000000E+000  0.000000E+000  0.000000E+000  1.000000E+000
  1.500000E-001  1.354602E+000  8.316394E-001  0.000000E+000  9.986087E-001  5.273226E-002  0.000000E+000 -5.273226E-002  9.986087E-001  0.000000E+000  0.000000E+000  0.000000E+000  1.000000E+000
  2.000000E-001  1.357113E+000  8.282310E-001  0.000000E+000  9.988925E-001  4.705164E-002  0.000000E+000 -4.705164E-002  9.988925E-001  0.000000E+000  0.000000E+000  0.000000E+000  1.000000E+000
  2.500000E-001  1.359800E+000  8.244454E-001  0.000000E+000  9.991697E-001  4.074235E-002  0.000000E+000 -4.074235E-002  9.991697E-001  0.000000E+000  0.000000E+000  0.000000E+000  1.000000E+000
  3.000000E-001  1.362397E+000  8.206328E-001  0.000000E+000  9.994086E-001  3.438801E-002  0.000000E+000 -3.438801E-002  9.994086E-001  0.000000E+000  0.000000E+000  0.000000E+000  1.000000E+000
  3.500000E-001  1.364663E+000  8.171692E-001  0.000000E+000  9.995905E-001  2.861533E-002  0.000000E+000 -2.861533E-002  9.995905E-001  0.000000E+000  0.000000E+000  0.000000E+000  1.000000E+000
  4.000000E-001  1.366408E+000  8.144048E-001  0.000000E+000  9.997118E-001  2.400796E-002  0.000000E+000 -2.400796E-002  9.997118E-001  0.000000E+000  0.000000E+000  0.000000E+000  1.000000E+000
  4.500000E-001  1.367521E+000  8.125923E-001  0.000000E+000  9.997797E-001  2.098711E-002  0.000000E+000 -2.098711E-002  9.997797E-001  0.000000E+000  0.000000E+000  0.000000E+000  1.000000E+000
  5.000000E-001  1.367984E+000  8.118279E-001  0.000000E+000  9.998057E-001  1.971311E-002  0.000000E+000 -1.971311E-002  9.998057E-001  0.000000E+000  0.000000E+000  0.000000E+000  1.000000E+000
  5.500000E-001  1.367855E+000  8.120409E-001  0.000000E+000  9.997986E-001  2.006816E-002  0.000000E+000 -2.006816E-002  9.997986E-001  0.000000E+000  0.000000E+000  0.000000E+000  1.000000E+000
  6.000000E-001  1.367249E+000  8.130388E-001  0.000000E+000  9.997638E-001  2.173135E-002  0.000000E+000 -2.173135E-002  9.997638E-001  0.000000E+000  0.000000E+000  0.000000E+000  1.000000E+000
  6.500000E-001  1.366300E+000  8.145778E-001  0.000000E+000  9.997048E-001  2.429627E-002  0.000000E+000 -2.429627E-002  9.997048E-001  0.000000E+000  0.000000E+000  0.000000E+000  1.000000E+000
  7.000000E-001  1.365140E+000  8.164229E-001  0.000000E+000  9.996253E-001  2.737142E-002  0.000000E+000 -2.737142E-002  9.996253E-001  0.000000E+000  0.000000E+000  0.000000E+000  1.000000E+000
  7.500000E-001  1.363880E+000  8.183820E-001  0.000000E+000  9.995306E-001  3.063675E-002  0.000000E+000 -3.063675E-002  9.995306E-001  0.000000E+000  0.000000E+000  0.000000E+000  1.000000E+000
  8.000000E-001  1.362608E+000  8.203167E-001  0.000000E+000  9.994265E-001  3.386124E-002  0.000000E+000 -3.386124E-002  9.994265E-001  0.000000E+000  0.000000E+000  0.000000E+000  1.000000E+000
  8.500000E-001  1.361384E+000  8.221389E-001  0.000000E+000  9.993190E-001  3.689813E-002  0.000000E+000 -3.689813E-002  9.993190E-001  0.000000E+000  0.000000E+000  0.000000E+000  1.000000E+000
  9.000000E-001  1.360246E+000  8.238026E-001  0.000000E+000  9.992128E-001  3.967099E-002  0.000000E+000 -3.967099E-002  9.992128E-001  0.000000E+000  0.000000E+000  0.000000E+000  1.000000E+000
  9.500000E-001  1.359206E+000  8.252950E-001  0.000000E+000  9.991109E-001  4.215827E-002  0.000000E+000 -4.215827E-002  9.991109E-001  0.000000E+000  0.000000E+000  0.000000E+000  1.000000E+000
  1.000000E+000  1.358264E+000  8.266275E-001  0.000000E+000  9.990148E-001  4.437923E-002  0.000000E+000 -4.437923E-002  9.990148E-001  0.000000E+000  0.000000E+000  0.000000E+000  1.000000E+000
  1.050000E+000  1.357404E+000  8.278292E-001  0.000000E+000  9.989238E-001  4.638195E-002  0.000000E+000 -4.638195E-002  9.989238E-001  0.000000E+000  0.000000E+000  0.000000E+000  1.000000E+000
  1.100000E+000  1.356598E+000  8.289399E-001  0.000000E+000  9.988361E-001  4.823323E-002  0.000000E+000 -4.823323E-002  9.988361E-001  0.000000E+000  0.000000E+000  0.000000E+000  1.000000E+000
  1.150000E+000  1.355816E+000  8.300060E-001  0.000000E+000  9.987487E-001  5.001007E-002  0.000000E+000 -5.001007E-002  9.987487E-001  0.000000E+000  0.000000E+000  0.000000E+000  1.000000E+000
  1.200000E+000  1.355023E+000  8.310754E-001  0.000000E+000  9.986579E-001  5.179226E-002  0.000000E+000 -5.179226E-002  9.986579E-001  0.000000E+000  0.000000E+000  0.000000E+000  1.000000E+000
  1.250000E+000  1.354185E+000  8.321937E-001  0.000000E+000  9.985595E-001  5.365619E-002  0.000000E+000 -5.365619E-002  9.985595E-001  0.000000E+000  0.000000E+000  0.000000E+000  1.000000E+000
  1.300000E+000  1.353268E+000  8.334020E-001  0.000000E+000  9.984492E-001  5.566998E-002  0.000000E+000 -5.566998E-002  9.984492E-001  0.000000E+000  0.000000E+000  0.000000E+000  1.000000E+000
  1.350000E+000  1.352245E+000  8.347339E-001  0.000000E+000  9.983230E-001  5.788987E-002  0.000000E+000 -5.788987E-002  9.983230E-001  0.000000E+000  0.000000E+000  0.000000E+000  1.000000E+000
  1.400000E+000  1.351091E+000  8.362149E-001  0.000000E+000  9.981768E-001  6.035821E-002  0.000000E+000 -6.035821E-002  9.981768E-001  0.000000E+000  0.000000E+000  0.000000E+000  1.000000E+000
  1.450000E+000  1.349788E+000  8.378618E-001  0.000000E+000  9.980070E-001  6.310293E-002  0.000000E+000 -6.310293E-002  9.980070E-001  0.000000E+000  0.000000E+000  0.000000E+000  1.000000E+000
  1.500000E+000  1.348323E+000  8.396830E-001  0.000000E+000  9.978105E-001  6.613831E-002  0.000000E+000 -6.613831E-002  9.978105E-001  0.000000E+000  0.000000E+000  0.000000E+000  1.000000E+000
  1.550000E+000  1.346686E+000  8.416801E-001  0.000000E+000  9.975843E-001  6.946675E-002  0.000000E+000 -6.946675E-002  9.975843E-001  0.000000E+000  0.000000E+000  0.000000E+000  1.000000E+000
  1.600000E+000  1.344874E+000  8.438487E-001  0.000000E+000  9.973260E-001  7.308115E-002  0.000000E+000 -7.308115E-002  9.973260E-001  0.000000E+000  0.000000E+000  0.000000E+000  1.000000E+000
  1.650000E+000  1.342885E+000  8.461805E-001  0.000000E+000  9.970336E-001  7.696746E-002  0.000000E+000 -7.696746E-002  9.970336E-001  0.000000E+000  0.000000E+000  0.000000E+000  1.000000E+000
  1.700000E+000  1.340718E+000  8.486643E-001  0.000000E+000  9.967054E-001  8.110722E-002  0.000000E+000 -8.110722E-002  9.967054E-001  0.000000E+000  0.000000E+000  0.000000E+000  1.000000E+000
  1.750000E+000  1.338377E+000  8.512878E-001  0.000000E+000  9.963399E-001  8.547966E-002  0.000000E+000 -8.547966E-002  9.963399E-001  0.000000E+000  0.000000E+000  0.000000E+000  1.000000E+000
  1.800000E+000  1.335863E+000  8.540381E-001  0.000000E+000  9.959360E-001  9.006348E-002  0.000000E+000 -9.006348E-002  9.959360E-001  0.000000E+000  0.000000E+000  0.000000E+000  1.000000E+000
  1.850000E+000  1.333180E+000  8.569028E-001  0.000000E+000  9.954927E-001  9.483807E-002  0.000000E+000 -9.483807E-002  9.954927E-001  0.000000E+000  0.000000E+000  0.000000E+000  1.000000E+000
  1.900000E+000  1.330330E+000  8.598706E-001  0.000000E+000  9.950091E-001  9.978434E-002  0.000000E+000 -9.978434E-002  9.950091E-001  0.000000E+000  0.000000E+000  0.000000E+000  1.000000E+000
  1.950000E+000  1.327316E+000  8.629311E-001  0.000000E+000  9.944843E-001  1.048852E-001  0.000000E+000 -1.048852E-001  9.944843E-001  0.000000E+000  0.000000E+000  0.000000E+000  1.000000E+000
  2.000000E+000  1.324139E+000  8.660754E-001  0.000000E+000  9.939177E-001  1.101256E-001  0.000000E+000 -1.101256E-001  9.939177E-001  0.000000E+000  0.000000E+000  0.000000E+000  1.000000E+000
  2.050000E+000  1.320799E+000  8.692956E-001  0.000000E+000  9.933083E-001  1.154927E-001  0.000000E+000 -1.154927E-001  9.933083E-001  0.000000E+000  0.000000E+000  0.000000E+000  1.000000E+000
  2.100000E+000  1.317298E+000  8.725854E-001  0.000000E+000  9.926555E-001  1.209756E-001  0.000000E+000 -1.209756E-001  9.926555E-001  0.000000E+000  0.000000E+000  0.000000E+000  1.000000E+000
  2.150000E+000  1.313633E+000  8.759390E-001  0.000000E+000  9.919583E-001  1.265649E-001  0.000000E+000 -1.265649E-001  9.919583E-001  0.000000E+000  0.000000E+000  0.000000E+000  1.000000E+000
  2.200000E+000  1.309804E+000  8.793517E-001  0.000000E+000  9.912160E-001  1.322529E-001  0.000000E+000 -1.322529E-001  9.912160E-001  0.000000E+000  0.000000E+000  0.000000E+000  1.000000E+000
  2.250000E+000  1.305810E+000  8.828195E-001  0.000000E+000  9.904277E-001  1.380325E-001  0.000000E+000 -1.380325E-001  9.904277E-001  0.000000E+000  0.000000E+000  0.000000E+000  1.000000E+000
  2.300000E+000  1.301648E+000  8.863387E-001  0.000000E+000  9.895926E-001  1.438978E-001  0.000000E+000 -1.438978E-001  9.895926E-001  0.000000E+000  0.000000E+000  0.000000E+000  1.000000E+000
  2.350000E+000  1.297316E+000  8.899059E-001  0.000000E+000  9.887098E-001  1.498432E-001  0.000000E+000 -1.498432E-001  9.887098E-001  0.000000E+000  0.000000E+000  0.000000E+000  1.000000E+000
  2.400000E+000  1.292812E+000  8.935181E-001  0.000000E+000  9.877786E-001  1.558636E-001  0.000000E+000 -1.558636E-001  9.877786E-001  0.000000E+000  0.000000E+000  0.000000E+000  1.000000E+000
  2.450000E+000  1.288134E+000  8.971722E-001  0.000000E+000  9.867984E-001  1.619537E-001  0.000000E+000 -1.619537E-001  9.867984E-001  0.000000E+000  0.000000E+000  0.000000E+000  1.000000E+000
  2.500000E+000  1.283280E+000  9.008650E-001  0.000000E+000  9.857685E-001  1.681084E-001  0.000000E+000 -1.681084E-001  9.857685E-001  0.000000E+000  0.000000E+000  0.000000E+000  1.000000E+000
  2.550000E+000  1.278248E+000  9.045934E-001  0.000000E+000  9.846886E-001  1.743224E-001  0.000000E+000 -1.743224E-001  9.846886E-001  0.000000E+000  0.000000E+000  0.000000E+000  1.000000E+000
  2.600000E+000  1.273036E+000  9.083541E-001  0.000000E+000  9.835584E-001  1.805902E-001  0.000000E+000 -1.805902E-001  9.835584E-001  0.000000E+000  0.000000E+000  0.000000E+000  1.000000E+000
  2.650000E+000  1.267645E+000  9.121435E-001  0.000000E+000  9.823778E-001  1.869059E-001  0.000000E+000 -1.869059E-001  9.823778E-001  0.000000E+000  0.000000E+000  0.000000E+000  1.000000E+000
  2.700000E+000  1.262074E+000  9.159580E-001  0.000000E+000  9.811469E-001  1.932634E-001  0.000000E+000 -1.932634E-001  9.811469E-001  0.000000E+000  0.000000E+000  0.000000E+000  1.000000E+000
  2.750000E+000  1.256323E+000  9.197937E-001  0.000000E+000  9.798660E-001  1.996562E-001  0.000000E+000 -1.996562E-001  9.798660E-001  0.000000E+000  0.000000E+000  0.000000E+000  1.000000E+000
  2.800000E+000  1.250393E+000  9.236465E-001  0.000000E+000  9.785357E-001  2.060774E-001  0.000000E+000 -2.060774E-001  9.785357E-001  0.000000E+000  0.000000E+000  0.000000E+000  1.000000E+000
  2.850000E+000  1.244286E+000  9.275120E-001  0.000000E+000  9.771567E-001  2.125200E-001  0.000000E+000 -2.125200E-001  9.771567E-001  0.000000E+000  0.000000E+000  0.000000E+000  1.000000E+000
  2.900000E+000  1.238004E+000  9.313859E-001  0.000000E+000  9.757301E-001  2.189766E-001  0.000000E+000 -2.189766E-001  9.757301E-001  0.000000E+000  0.000000E+000  0.000000E+000  1.000000E+000
  2.950000E+000  1.231551E+000  9.352636E-001  0.000000E+000  9.742572E-001  2.254394E-001  0.000000E+000 -2.254394E-001  9.742572E-001  0.000000E+000  0.000000E+000  0.000000E+000  1.000000E+000
  3.000000E+000  1.224930E+000  9.391404E-001  0.000000E+000  9.727395E-001  2.319006E-001  0.000000E+000 -2.319006E-001  9.727395E-001  0.000000E+000  0.000000E+000  0.000000E+000  1.000000E+000
  3.050000E+000  1.218146E+000  9.430113E-001  0.000000E+000  9.711788E-001  2.383521E-001  0.000000E+000 -2.383521E-001  9.711788E-001  0.000000E+000  0.000000E+000  0.000000E+000  1.000000E+000
  3.100000E+000  1.211205E+000  9.468715E-001  0.000000E+000  9.695772E-001  2.447858E-001  0.000000E+000 -2.447858E-001  9.695772E-001  0.000000E+000  0.000000E+000  0.000000E+000  1.000000E+000
  3.150000E+000  1.204113E+000  9.507160E-001  0.000000E+000  9.679369E-001  2.511934E-001  0.000000E+000 -2.511934E-001  9.679369E-001  0.000000E+000  0.000000E+000  0.000000E+000  1.000000E+000
  3.200000E+000  1.196877E+000  9.545399E-001  0.000000E+000  9.662606E-001  2.575664E-001  0.000000E+000 -2.575664E-001  9.662606E-001  0.000000E+000  0.000000E+000  0.000000E+000  1.000000E+000
  3.250000E+000  1.189505E+000  9.583380E-001  0.000000E+000  9.645510E-001  2.638966E-001  0.000000E+000 -2.638966E-001  9.645510E-001  0.000000E+000  0.000000E+000  0.000000E+000  1.000000E+000
  3.300000E+000  1.182007E+000  9.621054E-001  0.000000E+000  9.628110E-001  2.701757E-001  0.000000E+000 -2.701757E-001  9.628110E-001  0.000000E+000  0.000000E+000  0.000000E+000  1.000000E+000
  3.350000E+000  1.174391E+000  9.658372E-001  0.000000E+000  9.610440E-001  2.763953E-001  0.000000E+000 -2.763953E-001  9.610440E-001  0.000000E+000  0.000000E+000  0.000000E+000  1.000000E+000
  3.400000E+000  1.166668E+000  9.695284E-001  0.000000E+000  9.592534E-001  2.825473E-001  0.000000E+000 -2.825473E-001  9.592534E-001  0.000000E+000  0.000000E+000  0.000000E+000  1.000000E+000
  3.450000E+000  1.158849E+000  9.731742E-001  0.000000E+000  9.574426E-001  2.886236E-001  0.000000E+000 -2.886236E-001  9.574426E-001  0.000000E+000  0.000000E+000  0.000000E+000  1.000000E+000
  3.500000E+000  1.150945E+000  9.767699E-001  0.000000E+000  9.556156E-001  2.946164E-001  0.000000E+000 -2.946164E-001  9.556156E-001  0.000000E+000  0.000000E+000  0.000000E+000  1.000000E+000
  3.550000E+000  1.142970E+000  9.803108E-001  0.000000E+000  9.537761E-001  3.005180E-001  0.000000E+000 -3.005180E-001  9.537761E-001  0.000000E+000  0.000000E+000  0.000000E+000  1.000000E+000
  3.600000E+000  1.134936E+000  9.837925E-001  0.000000E+000  9.519283E-001  3.063209E-001  0.000000E+000 -3.063209E-001  9.519283E-001  0.000000E+000  0.000000E+000  0.000000E+000  1.000000E+000
  3.650000E+000  1.126858E+000  9.872107E-001  0.000000E+000  9.500762E-001  3.120179E-001  0.000000E+000 -3.120179E-001  9.500762E-001  0.000000E+000  0.000000E+000  0.000000E+000  1.000000E+000
  3.700000E+000  1.118750E+000  9.905612E-001  0.000000E+000  9.482241E-001  3.176020E-001  0.000000E+000 -3.176020E-001  9.482241E-001  0.000000E+000  0.000000E+000  0.000000E+000  1.000000E+000
  3.750000E+000  1.110626E+000  9.938399E-001  0.000000E+000  9.463763E-001  3.230665E-001  0.000000E+000 -3.230665E-001  9.463763E-001  0.000000E+000  0.000000E+000  0.000000E+000  1.000000E+000
  3.800000E+000  1.102504E+000  9.970430E-001  0.000000E+000  9.445370E-001  3.284050E-001  0.000000E+000 -3.284050E-001  9.445370E-001  0.000000E+000  0.000000E+000  0.000000E+000  1.000000E+000
  3.850000E+000  1.094398E+000  1.000167E+000  0.000000E+000  9.427106E-001  3.336116E-001  0.000000E+000 -3.336116E-001  9.427106E-001  0.000000E+000  0.000000E+000  0.000000E+000  1.000000E+000
  3.900000E+000  1.086325E+000  1.003208E+000  0.000000E+000  9.409015E-001  3.386804E-001  0.000000E+000 -3.386804E-001  9.409015E-001  0.000000E+000  0.000000E+000  0.000000E+000  1.000000E+000
  3.950000E+000  1.078303E+000  1.006164E+000  0.000000E+000  9.391138E-001  3.436062E-001  0.000000E+000 -3.436062E-001  9.391138E-001  0.000000E+000  0.000000E+000  0.000000E+000  1.000000E+000
  4.000000E+000  1.070349E+000  1.009030E+000  0.000000E+000  9.373519E-001  3.483840E-001  0.000000E+000 -3.483840E-001  9.373519E-001  0.000000E+000  0.000000E+000  0.000000E+000  1.000000E+000
  4.050000E+000  1.062480E+000  1.011805E+000  0.000000E+000  9.356199E-001  3.530091E-001  0.000000E+000 -3.530091E-001  9.356199E-001  0.000000E+000  0.000000E+000  0.000000E+000  1.000000E+000
  4.100000E+000  1.054715E+000  1.014486E+000  0.000000E+000  9.339218E-001  3.574773E-001  0.000000E+000 -3.574773E-001  9.339218E-001  0.000000E+000  0.000000E+000  0.000000E+000  1.000000E+000
  4.150000E+000  1.047070E+000  1.017071E+000  0.000000E+000  9.322616E-001  3.617849E-001  0.000000E+000 -3.617849E-001  9.322616E-001  0.000000E+000  0.000000E+000  0.000000E+000  1.000000E+000
  4.200000E+000  1.039565E+000  1.019557E+000  0.000000E+000  9.306431E-001  3.659283E-001  0.000000E+000 -3.659283E-001  9.306431E-001  0.000000E+000  0.000000E+000  0.000000E+000  1.000000E+000
  4.250000E+000  1.032217E+000  1.021943E+000  0.000000E+000  9.290698E-001  3.699045E-001  0.000000E+000 -3.699045E-001  9.290698E-001  0.000000E+000  0.000000E+000  0.000000E+000  1.000000E+000
  4.300000E+000  1.025044E+000  1.024227E+000  0.000000E+000  9.275452E-001  3.737110E-001  0.000000E+000 -3.737110E-001  9.275452E-001  0.000000E+000  0.000000E+000  0.000000E+000  1.000000E+000
  4.350000E+000  1.018064E+000  1.026407E+000  0.000000E+000  9.260726E-001  3.773455E-001  0.000000E+000 -3.773455E-001  9.260726E-001  0.000000E+000  0.000000E+000  0.000000E+000  1.000000E+000
  4.400000E+000  1.011295E+000  1.028484E+000  0.000000E+000  9.246549E-001  3.808061E-001  0.000000E+000 -3.808061E-001  9.246549E-001  0.000000E+000  0.000000E+000  0.000000E+000  1.000000E+000
  4.450000E+000  1.004752E+000  1.030455E+000  0.000000E+000  9.232950E-001  3.840915E-001  0.000000E+000 -3.840915E-001  9.232950E-001  0.000000E+000  0.000000E+000  0.000000E+000  1.000000E+000
  4.500000E+000  9.984530E-001  1.032320E+000  0.000000E+000  9.219955E-001  3.872006E-001  0.000000E+000 -3.872006E-001  9.219955E-001  0.000000E+000  0.000000E+000  0.000000E+000  1.000000E+000
  4.550000E+000  9.924132E-001  1.034080E+000  0.000000E+000  9.207586E-001  3.901328E-001  0.000000E+000 -3.901328E-001  9.207586E-001  0.000000E+000  0.000000E+000  0.000000E+000  1.000000E+000
  4.600000E+000  9.866478E-001  1.035733E+000  0.000000E+000  9.195865E-001  3.928877E-001  0.000000E+000 -3.928877E-001  9.195865E-001  0.000000E+000  0.000000E+000  0.000000E+000  1.000000E+000
  4.650000E+000  9.811710E-001  1.037279E+000  0.000000E+000  9.184809E-001  3.954653E-001  0.000000E+000 -3.954653E-001  9.184809E-001  0.000000E+000  0.000000E+000  0.000000E+000  1.000000E+000
  4.700000E+000  9.759961E-001  1.038720E+000  0.000000E+000  9.174435E-001  3.978662E-001  0.000000E+000 -3.978662E-001  9.174435E-001  0.000000E+000  0.000000E+000  0.000000E+000  1.000000E+000
  4.750000E+000  9.711352E-001  1.040055E+000  0.000000E+000  9.164754E-001  4.000910E-001  0.000000E+000 -4.000910E-001  9.164754E-001  0.000000E+000  0.000000E+000  0.000000E+000  1.000000E+000
  4.800000E+000  9.665993E-001  1.041284E+000  0.000000E+000  9.155779E-001  4.021407E-001  0.000000E+000 -4.021407E-001  9.155779E-001  0.000000E+000  0.000000E+000  0.000000E+000  1.000000E+000
  4.850000E+000  9.623982E-001  1.042410E+000  0.000000E+000  9.147516E-001  4.040168E-001  0.000000E+000 -4.040168E-001  9.147516E-001  0.000000E+000  0.000000E+000  0.000000E+000  1.000000E+000
  4.900000E+000  9.585402E-001  1.043433E+000  0.000000E+000  9.139970E-001  4.057209E-001  0.000000E+000 -4.057209E-001  9.139970E-001  0.000000E+000  0.000000E+000  0.000000E+000  1.000000E+000
  4.950000E+000  9.550322E-001  1.044353E+000  0.000000E+000  9.133146E-001  4.072548E-001  0.000000E+000 -4.072548E-001  9.133146E-001  0.000000E+000  0.000000E+000  0.000000E+000  1.000000E+000
  5.000000E+000  9.518794E-001  1.045173E+000  0.000000E+000  9.127042E-001  4.086209E-001  0.000000E+000 -4.086209E-001  9.127042E-001  0.000000E+000  0.000000E+000  0.000000E+000  1.000000E+000
  5.050000E+000  9.490857E-001  1.045893E+000  0.000000E+000  9.121657E-001  4.098216E-001  0.000000E+000 -4.098216E-001  9.121657E-001  0.000000E+000  0.000000E+000  0.000000E+000  1.000000E+000
  5.100000E+000  9.466529E-001  1.046516E+000  0.000000E+000  9.116986E-001  4.108597E-001  0.000000E+000 -4.108597E-001  9.116986E-001  0.000000E+000  0.000000E+000  0.000000E+000  1.000000E+000
  5.150000E+000  9.445813E-001  1.047043E+000  0.000000E+000  9.113022E-001  4.117382E-001  0.000000E+000 -4.117382E-001  9.113022E-001  0.000000E+000  0.000000E+000  0.000000E+000  1.000000E+000
  5.200000E+000  9.428693E-001  1.047476E+000  0.000000E+000  9.109755E-001  4.124604E-001  0.000000E+000 -4.124604E-001  9.109755E-001  0.000000E+000  0.000000E+000  0.000000E+000  1.000000E+000
  5.250000E+000  9.415135E-001  1.047818E+000  0.000000E+000  9.107174E-001  4.130300E-001  0.000000E+000 -4.130300E-001  9.107174E-001  0.000000E+000  0.000000E+000  0.000000E+000  1.000000E+000
  5.300000E+000  9.405086E-001  1.048070E+000  0.000000E+000  9.105265E-001  4.134507E-001  0.000000E+000 -4.134507E-001  9.105265E-001  0.000000E+000  0.000000E+000  0.000000E+000  1.000000E+000
  5.350000E+000  9.398474E-001  1.048236E+000  0.000000E+000  9.104010E-001  4.137269E-001  0.000000E+000 -4.137269E-001  9.104010E-001  0.000000E+000  0.000000E+000  0.000000E+000  1.000000E+000
  5.400000E+000  9.395210E-001  1.048318E+000  0.000000E+000  9.103391E-001  4.138631E-001  0.000000E+000 -4.138631E-001  9.103391E-001  0.000000E+000  0.000000E+000  0.000000E+000  1.000000E+000
  5.450000E+000  9.395185E-001  1.048318E+000  0.000000E+000  9.103387E-001  4.138641E-001  0.000000E+000 -4.138641E-001  9.103387E-001  0.000000E+000  0.000000E+000  0.000000E+000  1.000000E+000
  5.500000E+000  9.398273E-001  1.048241E+000  0.000000E+000  9.103972E-001  4.137353E-001  0.000000E+000 -4.137353E-001  9.103972E-001  0.000000E+000  0.000000E+000  0.000000E+000  1.000000E+000
  5.550000E+000  9.404330E-001  1.048089E+000  0.000000E+000  9.105121E-001  4.134823E-001  0.000000E+000 -4.134823E-001  9.105121E-001  0.000000E+000  0.000000E+000  0.000000E+000  1.000000E+000
  5.600000E+000  9.413195E-001  1.047867E+000  0.000000E+000  9.106805E-001  4.131113E-001  0.000000E+000 -4.131113E-001  9.106805E-001  0.000000E+000  0.000000E+000  0.000000E+000  1.000000E+000
  5.650000E+000  9.424690E-001  1.047577E+000  0.000000E+000  9.108993E-001  4.126288E-001  0.000000E+000 -4.126288E-001  9.108993E-001  0.000000E+000  0.000000E+000  0.000000E+000  1.000000E+000
  5.700000E+000  9.438623E-001  1.047225E+000  0.000000E+000  9.111649E-001  4.120420E-001  0.000000E+000 -4.120420E-001  9.111649E-001  0.000000E+000  0.000000E+000  0.000000E+000  1.000000E+000
  5.750000E+000  9.454786E-001  1.046815E+000  0.000000E+000  9.114737E-001  4.113583E-001  0.000000E+000 -4.113583E-001  9.114737E-001  0.000000E+000  0.000000E+000  0.000000E+000  1.000000E+000
  5.800000E+000  9.472961E-001  1.046352E+000  0.000000E+000  9.118219E-001  4.105859E-001  0.000000E+000 -4.105859E-001  9.118219E-001  0.000000E+000  0.000000E+000  0.000000E+000  1.000000E+000
  5.850000E+000  9.492913E-001  1.045840E+000  0.000000E+000  9.122052E-001  4.097336E-001  0.000000E+000 -4.097336E-001  9.122052E-001  0.000000E+000  0.000000E+000  0.000000E+000  1.000000E+000
  5.900000E+000  9.514399E-001  1.045286E+000  0.000000E+000  9.126193E-001  4.088104E-001  0.000000E+000 -4.088104E-001  9.126193E-001  0.000000E+000  0.000000E+000  0.000000E+000  1.000000E+000
  5.950000E+000  9.537167E-001  1.044696E+000  0.000000E+000  9.130596E-001  4.078263E-001  0.000000E+000 -4.078263E-001  9.130596E-001  0.000000E+000  0.000000E+000  0.000000E+000  1.000000E+000
  6.000000E+000  9.560954E-001  1.044075E+000  0.000000E+000  9.135211E-001  4.067914E-001  0.000000E+000 -4.067914E-001  9.135211E-001  0.000000E+000  0.000000E+000  0.000000E+000  1.000000E+000
