% FILE: robot_arm.6
%
%       t         P_No_Eo[1]     P_No_Eo[2]     P_No_Eo[3]      N_E[1,1]       N_E[1,2]       N_E[1,3]       N_E[2,1]       N_E[2,2]       N_E[2,3]       N_E[3,1]       N_E[3,2]       N_E[3,3]
%   (second)        (meter)        (meter)        (meter)       (NoUnits)      (NoUnits)      (NoUnits)      (NoUnits)      (NoUnits)      (NoUnits)      (NoUnits)      (NoUnits)      (NoUnits)

  0.000000E+000  1.949494E+000  4.000000E-001  0.000000E+000  1.000000E+000  0.000000E+000  0.000000E+000  0.000000E+000  1.000000E+000  0.000000E+000  0.000000E+000  0.000000E+000  1.000000E+000
  5.000000E-002  1.950040E+000  4.000000E-001  0.000000E+000  9.999991E-001  1.364433E-003  0.000000E+000 -1.364433E-003  9.999991E-001  0.000000E+000  0.000000E+000  0.000000E+000  1.000000E+000
  1.000000E-001  1.951542E+000  4.000000E-001  0.000000E+000  9.999869E-001  5.119649E-003  0.000000E+000 -5.119649E-003  9.999869E-001  0.000000E+000  0.000000E+000  0.000000E+000  1.000000E+000
  1.500000E-001  1.953767E+000  4.000000E-001  0.000000E+000  9.999429E-001  1.068235E-002  0.000000E+000 -1.068235E-002  9.999429E-001  0.000000E+000  0.000000E+000  0.000000E+000  1.000000E+000
  2.000000E-001  1.956449E+000  4.000000E-001  0.000000E+000  9.998488E-001  1.738632E-002  0.000000E+000 -1.738632E-002  9.998488E-001  0.000000E+000  0.000000E+000  0.000000E+000  1.000000E+000
  2.500000E-001  1.959302E+000  4.000000E-001  0.000000E+000  9.996994E-001  2.451733E-002  0.000000E+000 -2.451733E-002  9.996994E-001  0.000000E+000  0.000000E+000  0.000000E+000  1.000000E+000
  3.000000E-001  1.962042E+000  4.000000E-001  0.000000E+000  9.995080E-001  3.136622E-002  0.000000E+000 -3.136622E-002  9.995080E-001  0.000000E+000  0.000000E+000  0.000000E+000  1.000000E+000
  3.500000E-001  1.964417E+000  4.000000E-001  0.000000E+000  9.993041E-001  3.730013E-002  0.000000E+000 -3.730013E-002  9.993041E-001  0.000000E+000  0.000000E+000  0.000000E+000  1.000000E+000
  4.000000E-001  1.966235E+000  4.000000E-001  0.000000E+000  9.991243E-001  4.184041E-002  0.000000E+000 -4.184041E-002  9.991243E-001  0.000000E+000  0.000000E+000  0.000000E+000  1.000000E+000
  4.500000E-001  1.967389E+000  4.000000E-001  0.000000E+000  9.989994E-001  4.472333E-002  0.000000E+000 -4.472333E-002  9.989994E-001  0.000000E+000  0.000000E+000  0.000000E+000  1.000000E+000
  5.000000E-001  1.967867E+000  4.000000E-001  0.000000E+000  9.989453E-001  4.591692E-002  0.000000E+000 -4.591692E-002  9.989453E-001  0.000000E+000  0.000000E+000  0.000000E+000  1.000000E+000
  5.500000E-001  1.967734E+000  4.000000E-001  0.000000E+000  9.989604E-001  4.558560E-002  0.000000E+000 -4.558560E-002  9.989604E-001  0.000000E+000  0.000000E+000  0.000000E+000  1.000000E+000
  6.000000E-001  1.967108E+000  4.000000E-001  0.000000E+000  9.990307E-001  4.401996E-002  0.000000E+000 -4.401996E-002  9.990307E-001  0.000000E+000  0.000000E+000  0.000000E+000  1.000000E+000
  6.500000E-001  1.966123E+000  4.000000E-001  0.000000E+000  9.991360E-001  4.156138E-002  0.000000E+000 -4.156138E-002  9.991360E-001  0.000000E+000  0.000000E+000  0.000000E+000  1.000000E+000
  7.000000E-001  1.964915E+000  4.000000E-001  0.000000E+000  9.992569E-001  3.854301E-002  0.000000E+000 -3.854301E-002  9.992569E-001  0.000000E+000  0.000000E+000  0.000000E+000  1.000000E+000
  7.500000E-001  1.963598E+000  4.000000E-001  0.000000E+000  9.993784E-001  3.525336E-002  0.000000E+000 -3.525336E-002  9.993784E-001  0.000000E+000  0.000000E+000  0.000000E+000  1.000000E+000
  8.000000E-001  1.962264E+000  4.000000E-001  0.000000E+000  9.994905E-001  3.191905E-002  0.000000E+000 -3.191905E-002  9.994905E-001  0.000000E+000  0.000000E+000  0.000000E+000  1.000000E+000
  8.500000E-001  1.960976E+000  4.000000E-001  0.000000E+000  9.995881E-001  2.870055E-002  0.000000E+000 -2.870055E-002  9.995881E-001  0.000000E+000  0.000000E+000  0.000000E+000  1.000000E+000
  9.000000E-001  1.959773E+000  4.000000E-001  0.000000E+000  9.996698E-001  2.569545E-002  0.000000E+000 -2.569545E-002  9.996698E-001  0.000000E+000  0.000000E+000  0.000000E+000  1.000000E+000
  9.500000E-001  1.958673E+000  4.000000E-001  0.000000E+000  9.997367E-001  2.294575E-002  0.000000E+000 -2.294575E-002  9.997367E-001  0.000000E+000  0.000000E+000  0.000000E+000  1.000000E+000
  1.000000E+000  1.957673E+000  4.000000E-001  0.000000E+000  9.997909E-001  2.044714E-002  0.000000E+000 -2.044714E-002  9.997909E-001  0.000000E+000  0.000000E+000  0.000000E+000  1.000000E+000
  1.050000E+000  1.956758E+000  4.000000E-001  0.000000E+000  9.998351E-001  1.815893E-002  0.000000E+000 -1.815893E-002  9.998351E-001  0.000000E+000  0.000000E+000  0.000000E+000  1.000000E+000
  1.100000E+000  1.955900E+000  4.000000E-001  0.000000E+000  9.998718E-001  1.601405E-002  0.000000E+000 -1.601405E-002  9.998718E-001  0.000000E+000  0.000000E+000  0.000000E+000  1.000000E+000
  1.150000E+000  1.955066E+000  4.000000E-001  0.000000E+000  9.999030E-001  1.392855E-002  0.000000E+000 -1.392855E-002  9.999030E-001  0.000000E+000  0.000000E+000  0.000000E+000  1.000000E+000
  1.200000E+000  1.954218E+000  4.000000E-001  0.000000E+000  9.999303E-001  1.181031E-002  0.000000E+000 -1.181031E-002  9.999303E-001  0.000000E+000  0.000000E+000  0.000000E+000  1.000000E+000
  1.250000E+000  1.953321E+000  4.000000E-001  0.000000E+000  9.999542E-001  9.566464E-003  0.000000E+000 -9.566464E-003  9.999542E-001  0.000000E+000  0.000000E+000  0.000000E+000  1.000000E+000
  1.300000E+000  1.952338E+000  4.000000E-001  0.000000E+000  9.999747E-001  7.109507E-003  0.000000E+000 -7.109507E-003  9.999747E-001  0.000000E+000  0.000000E+000  0.000000E+000  1.000000E+000
  1.350000E+000  1.951239E+000  4.000000E-001  0.000000E+000  9.999905E-001  4.361648E-003  0.000000E+000 -4.361648E-003  9.999905E-001  0.000000E+000  0.000000E+000  0.000000E+000  1.000000E+000
  1.400000E+000  1.949997E+000  4.000000E-001  0.000000E+000  9.999992E-001  1.257568E-003  0.000000E+000 -1.257568E-003  9.999992E-001  0.000000E+000  0.000000E+000  0.000000E+000  1.000000E+000
  1.450000E+000  1.948592E+000  4.000000E-001  0.000000E+000  9.999975E-001 -2.254412E-003  0.000000E+000  2.254412E-003  9.999975E-001  0.000000E+000  0.000000E+000  0.000000E+000  1.000000E+000
  1.500000E+000  1.947009E+000  4.000000E-001  0.000000E+000  9.999807E-001 -6.212478E-003  0.000000E+000  6.212478E-003  9.999807E-001  0.000000E+000  0.000000E+000  0.000000E+000  1.000000E+000
  1.550000E+000  1.945237E+000  4.000000E-001  0.000000E+000  9.999434E-001 -1.064249E-002  0.000000E+000  1.064249E-002  9.999434E-001  0.000000E+000  0.000000E+000  0.000000E+000  1.000000E+000
  1.600000E+000  1.943270E+000  4.000000E-001  0.000000E+000  9.998789E-001 -1.555980E-002  0.000000E+000  1.555980E-002  9.998789E-001  0.000000E+000  0.000000E+000  0.000000E+000  1.000000E+000
  1.650000E+000  1.941105E+000  4.000000E-001  0.000000E+000  9.997801E-001 -2.097142E-002  0.000000E+000  2.097142E-002  9.997801E-001  0.000000E+000  0.000000E+000  0.000000E+000  1.000000E+000
  1.700000E+000  1.938741E+000  4.000000E-001  0.000000E+000  9.996387E-001 -2.687822E-002  0.000000E+000  2.687822E-002  9.996387E-001  0.000000E+000  0.000000E+000  0.000000E+000  1.000000E+000
  1.750000E+000  1.936181E+000  4.000000E-001  0.000000E+000  9.994462E-001 -3.327699E-002  0.000000E+000  3.327699E-002  9.994462E-001  0.000000E+000  0.000000E+000  0.000000E+000  1.000000E+000
  1.800000E+000  1.933425E+000  4.000000E-001  0.000000E+000  9.991932E-001 -4.016221E-002  0.000000E+000  4.016221E-002  9.991932E-001  0.000000E+000  0.000000E+000  0.000000E+000  1.000000E+000
  1.850000E+000  1.930476E+000  4.000000E-001  0.000000E+000  9.988699E-001 -4.752750E-002  0.000000E+000  4.752750E-002  9.988699E-001  0.000000E+000  0.000000E+000  0.000000E+000  1.000000E+000
  1.900000E+000  1.927336E+000  4.000000E-001  0.000000E+000  9.984661E-001 -5.536669E-002  0.000000E+000  5.536669E-002  9.984661E-001  0.000000E+000  0.000000E+000  0.000000E+000  1.000000E+000
  1.950000E+000  1.924007E+000  4.000000E-001  0.000000E+000  9.979707E-001 -6.367457E-002  0.000000E+000  6.367457E-002  9.979707E-001  0.000000E+000  0.000000E+000  0.000000E+000  1.000000E+000
  2.000000E+000  1.920490E+000  4.000000E-001  0.000000E+000  9.973722E-001 -7.244730E-002  0.000000E+000  7.244730E-002  9.973722E-001  0.000000E+000  0.000000E+000  0.000000E+000  1.000000E+000
  2.050000E+000  1.916784E+000  4.000000E-001  0.000000E+000  9.966584E-001 -8.168261E-002  0.000000E+000  8.168261E-002  9.966584E-001  0.000000E+000  0.000000E+000  0.000000E+000  1.000000E+000
  2.100000E+000  1.912891E+000  4.000000E-001  0.000000E+000  9.958161E-001 -9.137978E-002  0.000000E+000  9.137978E-002  9.958161E-001  0.000000E+000  0.000000E+000  0.000000E+000  1.000000E+000
  2.150000E+000  1.908808E+000  4.000000E-001  0.000000E+000  9.948315E-001 -1.015395E-001  0.000000E+000  1.015395E-001  9.948315E-001  0.000000E+000  0.000000E+000  0.000000E+000  1.000000E+000
  2.200000E+000  1.904534E+000  4.000000E-001  0.000000E+000  9.936898E-001 -1.121634E-001  0.000000E+000  1.121634E-001  9.936898E-001  0.000000E+000  0.000000E+000  0.000000E+000  1.000000E+000
  2.250000E+000  1.900067E+000  4.000000E-001  0.000000E+000  9.923751E-001 -1.232542E-001  0.000000E+000  1.232542E-001  9.923751E-001  0.000000E+000  0.000000E+000  0.000000E+000  1.000000E+000
  2.300000E+000  1.895403E+000  4.000000E-001  0.000000E+000  9.908709E-001 -1.348145E-001  0.000000E+000  1.348145E-001  9.908709E-001  0.000000E+000  0.000000E+000  0.000000E+000  1.000000E+000
  2.350000E+000  1.890542E+000  4.000000E-001  0.000000E+000  9.891592E-001 -1.468471E-001  0.000000E+000  1.468471E-001  9.891592E-001  0.000000E+000  0.000000E+000  0.000000E+000  1.000000E+000
  2.400000E+000  1.885479E+000  4.000000E-001  0.000000E+000  9.872214E-001 -1.593544E-001  0.000000E+000  1.593544E-001  9.872214E-001  0.000000E+000  0.000000E+000  0.000000E+000  1.000000E+000
  2.450000E+000  1.880213E+000  4.000000E-001  0.000000E+000  9.850379E-001 -1.723376E-001  0.000000E+000  1.723376E-001  9.850379E-001  0.000000E+000  0.000000E+000  0.000000E+000  1.000000E+000
  2.500000E+000  1.874741E+000  4.000000E-001  0.000000E+000  9.825882E-001 -1.857968E-001  0.000000E+000  1.857968E-001  9.825882E-001  0.000000E+000  0.000000E+000  0.000000E+000  1.000000E+000
  2.550000E+000  1.869061E+000  4.000000E-001  0.000000E+000  9.798509E-001 -1.997305E-001  0.000000E+000  1.997305E-001  9.798509E-001  0.000000E+000  0.000000E+000  0.000000E+000  1.000000E+000
  2.600000E+000  1.863171E+000  4.000000E-001  0.000000E+000  9.768041E-001 -2.141349E-001  0.000000E+000  2.141349E-001  9.768041E-001  0.000000E+000  0.000000E+000  0.000000E+000  1.000000E+000
  2.650000E+000  1.857072E+000  4.000000E-001  0.000000E+000  9.734254E-001 -2.290045E-001  0.000000E+000  2.290045E-001  9.734254E-001  0.000000E+000  0.000000E+000  0.000000E+000  1.000000E+000
  2.700000E+000  1.850762E+000  4.000000E-001  0.000000E+000  9.696920E-001 -2.443307E-001  0.000000E+000  2.443307E-001  9.696920E-001  0.000000E+000  0.000000E+000  0.000000E+000  1.000000E+000
  2.750000E+000  1.844242E+000  4.000000E-001  0.000000E+000  9.655809E-001 -2.601027E-001  0.000000E+000  2.601027E-001  9.655809E-001  0.000000E+000  0.000000E+000  0.000000E+000  1.000000E+000
  2.800000E+000  1.837514E+000  4.000000E-001  0.000000E+000  9.610695E-001 -2.763067E-001  0.000000E+000  2.763067E-001  9.610695E-001  0.000000E+000  0.000000E+000  0.000000E+000  1.000000E+000
  2.850000E+000  1.830580E+000  4.000000E-001  0.000000E+000  9.561352E-001 -2.929257E-001  0.000000E+000  2.929257E-001  9.561352E-001  0.000000E+000  0.000000E+000  0.000000E+000  1.000000E+000
  2.900000E+000  1.823442E+000  4.000000E-001  0.000000E+000  9.507562E-001 -3.099399E-001  0.000000E+000  3.099399E-001  9.507562E-001  0.000000E+000  0.000000E+000  0.000000E+000  1.000000E+000
  2.950000E+000  1.816105E+000  4.000000E-001  0.000000E+000  9.449113E-001 -3.273264E-001  0.000000E+000  3.273264E-001  9.449113E-001  0.000000E+000  0.000000E+000  0.000000E+000  1.000000E+000
  3.000000E+000  1.808573E+000  4.000000E-001  0.000000E+000  9.385810E-001 -3.450590E-001  0.000000E+000  3.450590E-001  9.385810E-001  0.000000E+000  0.000000E+000  0.000000E+000  1.000000E+000
  3.050000E+000  1.800853E+000  4.000000E-001  0.000000E+000  9.317468E-001 -3.631087E-001  0.000000E+000  3.631087E-001  9.317468E-001  0.000000E+000  0.000000E+000  0.000000E+000  1.000000E+000
  3.100000E+000  1.792951E+000  4.000000E-001  0.000000E+000  9.243922E-001 -3.814435E-001  0.000000E+000  3.814435E-001  9.243922E-001  0.000000E+000  0.000000E+000  0.000000E+000  1.000000E+000
  3.150000E+000  1.784875E+000  4.000000E-001  0.000000E+000  9.165028E-001 -4.000282E-001  0.000000E+000  4.000282E-001  9.165028E-001  0.000000E+000  0.000000E+000  0.000000E+000  1.000000E+000
  3.200000E+000  1.776633E+000  4.000000E-001  0.000000E+000  9.080668E-001 -4.188255E-001  0.000000E+000  4.188255E-001  9.080668E-001  0.000000E+000  0.000000E+000  0.000000E+000  1.000000E+000
  3.250000E+000  1.768236E+000  4.000000E-001  0.000000E+000  8.990748E-001 -4.377950E-001  0.000000E+000  4.377950E-001  8.990748E-001  0.000000E+000  0.000000E+000  0.000000E+000  1.000000E+000
  3.300000E+000  1.759694E+000  4.000000E-001  0.000000E+000  8.895209E-001 -4.568946E-001  0.000000E+000  4.568946E-001  8.895209E-001  0.000000E+000  0.000000E+000  0.000000E+000  1.000000E+000
  3.350000E+000  1.751017E+000  4.000000E-001  0.000000E+000  8.794021E-001 -4.760797E-001  0.000000E+000  4.760797E-001  8.794021E-001  0.000000E+000  0.000000E+000  0.000000E+000  1.000000E+000
  3.400000E+000  1.742220E+000  4.000000E-001  0.000000E+000  8.687195E-001 -4.953044E-001  0.000000E+000  4.953044E-001  8.687195E-001  0.000000E+000  0.000000E+000  0.000000E+000  1.000000E+000
  3.450000E+000  1.733314E+000  4.000000E-001  0.000000E+000  8.574776E-001 -5.145213E-001  0.000000E+000  5.145213E-001  8.574776E-001  0.000000E+000  0.000000E+000  0.000000E+000  1.000000E+000
  3.500000E+000  1.724315E+000  4.000000E-001  0.000000E+000  8.456852E-001 -5.336820E-001  0.000000E+000  5.336820E-001  8.456852E-001  0.000000E+000  0.000000E+000  0.000000E+000  1.000000E+000
  3.550000E+000  1.715236E+000  4.000000E-001  0.000000E+000  8.333554E-001 -5.527375E-001  0.000000E+000  5.527375E-001  8.333554E-001  0.000000E+000  0.000000E+000  0.000000E+000  1.000000E+000
  3.600000E+000  1.706093E+000  4.000000E-001  0.000000E+000  8.205056E-001 -5.716385E-001  0.000000E+000  5.716385E-001  8.205056E-001  0.000000E+000  0.000000E+000  0.000000E+000  1.000000E+000
  3.650000E+000  1.696904E+000  4.000000E-001  0.000000E+000  8.071575E-001 -5.903361E-001  0.000000E+000  5.903361E-001  8.071575E-001  0.000000E+000  0.000000E+000  0.000000E+000  1.000000E+000
  3.700000E+000  1.687684E+000  4.000000E-001  0.000000E+000  7.933377E-001 -6.087819E-001  0.000000E+000  6.087819E-001  7.933377E-001  0.000000E+000  0.000000E+000  0.000000E+000  1.000000E+000
  3.750000E+000  1.678452E+000  4.000000E-001  0.000000E+000  7.790768E-001 -6.269285E-001  0.000000E+000  6.269285E-001  7.790768E-001  0.000000E+000  0.000000E+000  0.000000E+000  1.000000E+000
  3.800000E+000  1.669226E+000  4.000000E-001  0.000000E+000  7.644104E-001 -6.447300E-001  0.000000E+000  6.447300E-001  7.644104E-001  0.000000E+000  0.000000E+000  0.000000E+000  1.000000E+000
  3.850000E+000  1.660024E+000  4.000000E-001  0.000000E+000  7.493778E-001 -6.621426E-001  0.000000E+000  6.621426E-001  7.493778E-001  0.000000E+000  0.000000E+000  0.000000E+000  1.000000E+000
  3.900000E+000  1.650866E+000  4.000000E-001  0.000000E+000  7.340230E-001 -6.791246E-001  0.000000E+000  6.791246E-001  7.340230E-001  0.000000E+000  0.000000E+000  0.000000E+000  1.000000E+000
  3.950000E+000  1.641772E+000  4.000000E-001  0.000000E+000  7.183937E-001 -6.956368E-001  0.000000E+000  6.956368E-001  7.183937E-001  0.000000E+000  0.000000E+000  0.000000E+000  1.000000E+000
  4.000000E+000  1.632760E+000  4.000000E-001  0.000000E+000  7.025410E-001 -7.116433E-001  0.000000E+000  7.116433E-001  7.025410E-001  0.000000E+000  0.000000E+000  0.000000E+000  1.000000E+000
  4.050000E+000  1.623852E+000  4.000000E-001  0.000000E+000  6.865197E-001 -7.271112E-001  0.000000E+000  7.271112E-001  6.865197E-001  0.000000E+000  0.000000E+000  0.000000E+000  1.000000E+000
  4.100000E+000  1.615068E+000  4.000000E-001  0.000000E+000  6.703872E-001 -7.420114E-001  0.000000E+000  7.420114E-001  6.703872E-001  0.000000E+000  0.000000E+000  0.000000E+000  1.000000E+000
  4.150000E+000  1.606427E+000  4.000000E-001  0.000000E+000  6.542037E-001 -7.563184E-001  0.000000E+000  7.563184E-001  6.542037E-001  0.000000E+000  0.000000E+000  0.000000E+000  1.000000E+000
  4.200000E+000  1.597951E+000  4.000000E-001  0.000000E+000  6.380311E-001 -7.700106E-001  0.000000E+000  7.700106E-001  6.380311E-001  0.000000E+000  0.000000E+000  0.000000E+000  1.000000E+000
  4.250000E+000  1.589659E+000  4.000000E-001  0.000000E+000  6.219332E-001 -7.830703E-001  0.000000E+000  7.830703E-001  6.219332E-001  0.000000E+000  0.000000E+000  0.000000E+000  1.000000E+000
  4.300000E+000  1.581572E+000  4.000000E-001  0.000000E+000  6.059745E-001 -7.954841E-001  0.000000E+000  7.954841E-001  6.059745E-001  0.000000E+000  0.000000E+000  0.000000E+000  1.000000E+000
  4.350000E+000  1.573708E+000  4.000000E-001  0.000000E+000  5.902202E-001 -8.072423E-001  0.000000E+000  8.072423E-001  5.902202E-001  0.000000E+000  0.000000E+000  0.000000E+000  1.000000E+000
  4.400000E+000  1.566088E+000  4.000000E-001  0.000000E+000  5.747354E-001 -8.183393E-001  0.000000E+000  8.183393E-001  5.747354E-001  0.000000E+000  0.000000E+000  0.000000E+000  1.000000E+000
  4.450000E+000  1.558729E+000  4.000000E-001  0.000000E+000  5.595845E-001 -8.287733E-001  0.000000E+000  8.287733E-001  5.595845E-001  0.000000E+000  0.000000E+000  0.000000E+000  1.000000E+000
  4.500000E+000  1.551650E+000  4.000000E-001  0.000000E+000  5.448308E-001 -8.385460E-001  0.000000E+000  8.385460E-001  5.448308E-001  0.000000E+000  0.000000E+000  0.000000E+000  1.000000E+000
  4.550000E+000  1.544868E+000  4.000000E-001  0.000000E+000  5.305358E-001 -8.476625E-001  0.000000E+000  8.476625E-001  5.305358E-001  0.000000E+000  0.000000E+000  0.000000E+000  1.000000E+000
  4.600000E+000  1.538400E+000  4.000000E-001  0.000000E+000  5.167589E-001 -8.561310E-001  0.000000E+000  8.561310E-001  5.167589E-001  0.000000E+000  0.000000E+000  0.000000E+000  1.000000E+000
  4.650000E+000  1.532260E+000  4.000000E-001  0.000000E+000  5.035566E-001 -8.639622E-001  0.000000E+000  8.639622E-001  5.035566E-001  0.000000E+000  0.000000E+000  0.000000E+000  1.000000E+000
  4.700000E+000  1.526462E+000  4.000000E-001  0.000000E+000  4.909823E-001 -8.711695E-001  0.000000E+000  8.711695E-001  4.909823E-001  0.000000E+000  0.000000E+000  0.000000E+000  1.000000E+000
  4.750000E+000  1.521020E+000  4.000000E-001  0.000000E+000  4.790856E-001 -8.777682E-001  0.000000E+000  8.777682E-001  4.790856E-001  0.000000E+000  0.000000E+000  0.000000E+000  1.000000E+000
  4.800000E+000  1.515946E+000  4.000000E-001  0.000000E+000  4.679120E-001 -8.837751E-001  0.000000E+000  8.837751E-001  4.679120E-001  0.000000E+000  0.000000E+000  0.000000E+000  1.000000E+000
  4.850000E+000  1.511249E+000  4.000000E-001  0.000000E+000  4.575024E-001 -8.892084E-001  0.000000E+000  8.892084E-001  4.575024E-001  0.000000E+000  0.000000E+000  0.000000E+000  1.000000E+000
  4.900000E+000  1.506938E+000  4.000000E-001  0.000000E+000  4.478932E-001 -8.940871E-001  0.000000E+000  8.940871E-001  4.478932E-001  0.000000E+000  0.000000E+000  0.000000E+000  1.000000E+000
  4.950000E+000  1.503021E+000  4.000000E-001  0.000000E+000  4.391154E-001 -8.984307E-001  0.000000E+000  8.984307E-001  4.391154E-001  0.000000E+000  0.000000E+000  0.000000E+000  1.000000E+000
  5.000000E+000  1.499502E+000  4.000000E-001  0.000000E+000  4.311946E-001 -9.022589E-001  0.000000E+000  9.022589E-001  4.311946E-001  0.000000E+000  0.000000E+000  0.000000E+000  1.000000E+000
  5.050000E+000  1.496385E+000  4.000000E-001  0.000000E+000  4.241511E-001 -9.055914E-001  0.000000E+000  9.055914E-001  4.241511E-001  0.000000E+000  0.000000E+000  0.000000E+000  1.000000E+000
  5.100000E+000  1.493672E+000  4.000000E-001  0.000000E+000  4.179991E-001 -9.084474E-001  0.000000E+000  9.084474E-001  4.179991E-001  0.000000E+000  0.000000E+000  0.000000E+000  1.000000E+000
  5.150000E+000  1.491363E+000  4.000000E-001  0.000000E+000  4.127471E-001 -9.108457E-001  0.000000E+000  9.108457E-001  4.127471E-001  0.000000E+000  0.000000E+000  0.000000E+000  1.000000E+000
  5.200000E+000  1.489455E+000  4.000000E-001  0.000000E+000  4.083977E-001 -9.128041E-001  0.000000E+000  9.128041E-001  4.083977E-001  0.000000E+000  0.000000E+000  0.000000E+000  1.000000E+000
  5.250000E+000  1.487944E+000  4.000000E-001  0.000000E+000  4.049475E-001 -9.143400E-001  0.000000E+000  9.143400E-001  4.049475E-001  0.000000E+000  0.000000E+000  0.000000E+000  1.000000E+000
  5.300000E+000  1.486824E+000  4.000000E-001  0.000000E+000  4.023869E-001 -9.154697E-001  0.000000E+000  9.154697E-001  4.023869E-001  0.000000E+000  0.000000E+000  0.000000E+000  1.000000E+000
  5.350000E+000  1.486088E+000  4.000000E-001  0.000000E+000  4.007008E-001 -9.162090E-001  0.000000E+000  9.162090E-001  4.007008E-001  0.000000E+000  0.000000E+000  0.000000E+000  1.000000E+000
  5.400000E+000  1.485724E+000  4.000000E-001  0.000000E+000  3.998679E-001 -9.165728E-001  0.000000E+000  9.165728E-001  3.998679E-001  0.000000E+000  0.000000E+000  0.000000E+000  1.000000E+000
  5.450000E+000  1.485722E+000  4.000000E-001  0.000000E+000  3.998616E-001 -9.165755E-001  0.000000E+000  9.165755E-001  3.998616E-001  0.000000E+000  0.000000E+000  0.000000E+000  1.000000E+000
  5.500000E+000  1.486066E+000  4.000000E-001  0.000000E+000  4.006496E-001 -9.162314E-001  0.000000E+000  9.162314E-001  4.006496E-001  0.000000E+000  0.000000E+000  0.000000E+000  1.000000E+000
  5.550000E+000  1.486740E+000  4.000000E-001  0.000000E+000  4.021943E-001 -9.155543E-001  0.000000E+000  9.155543E-001  4.021943E-001  0.000000E+000  0.000000E+000  0.000000E+000  1.000000E+000
  5.600000E+000  1.487728E+000  4.000000E-001  0.000000E+000  4.044533E-001 -9.145586E-001  0.000000E+000  9.145586E-001  4.044533E-001  0.000000E+000  0.000000E+000  0.000000E+000  1.000000E+000
  5.650000E+000  1.489009E+000  4.000000E-001  0.000000E+000  4.073795E-001 -9.132590E-001  0.000000E+000  9.132590E-001  4.073795E-001  0.000000E+000  0.000000E+000  0.000000E+000  1.000000E+000
  5.700000E+000  1.490561E+000  4.000000E-001  0.000000E+000  4.109214E-001 -9.116708E-001  0.000000E+000  9.116708E-001  4.109214E-001  0.000000E+000  0.000000E+000  0.000000E+000  1.000000E+000
  5.750000E+000  1.492363E+000  4.000000E-001  0.000000E+000  4.150236E-001 -9.098106E-001  0.000000E+000  9.098106E-001  4.150236E-001  0.000000E+000  0.000000E+000  0.000000E+000  1.000000E+000
  5.800000E+000  1.494389E+000  4.000000E-001  0.000000E+000  4.196272E-001 -9.076965E-001  0.000000E+000  9.076965E-001  4.196272E-001  0.000000E+000  0.000000E+000  0.000000E+000  1.000000E+000
  5.850000E+000  1.496614E+000  4.000000E-001  0.000000E+000  4.246702E-001 -9.053481E-001  0.000000E+000  9.053481E-001  4.246702E-001  0.000000E+000  0.000000E+000  0.000000E+000  1.000000E+000
  5.900000E+000  1.499012E+000  4.000000E-001  0.000000E+000  4.300881E-001 -9.027869E-001  0.000000E+000  9.027869E-001  4.300881E-001  0.000000E+000  0.000000E+000  0.000000E+000  1.000000E+000
  5.950000E+000  1.501552E+000  4.000000E-001  0.000000E+000  4.358141E-001 -9.000367E-001  0.000000E+000  9.000367E-001  4.358141E-001  0.000000E+000  0.000000E+000  0.000000E+000  1.000000E+000
  6.000000E+000  1.504208E+000  4.000000E-001  0.000000E+000  4.417799E-001 -8.971235E-001  0.000000E+000  8.971235E-001  4.417799E-001  0.000000E+000  0.000000E+000  0.000000E+000  1.000000E+000
