% FILE: robot_arm.3
%
%       t         P_No_Bo[1]     P_No_Bo[2]     P_No_Bo[3]      N_B[1,1]       N_B[1,2]       N_B[1,3]       N_B[2,1]       N_B[2,2]       N_B[2,3]       N_B[3,1]       N_B[3,2]       N_B[3,3]
%   (second)        (meter)        (meter)        (meter)       (NoUnits)      (NoUnits)      (NoUnits)      (NoUnits)      (NoUnits)      (NoUnits)      (NoUnits)      (NoUnits)      (NoUnits)

  0.000000E+000  3.758770E-001  7.368081E-001  0.000000E+000  9.396926E-001 -3.420201E-001  0.000000E+000  3.420201E-001  9.396926E-001  0.000000E+000  0.000000E+000  0.000000E+000  1.000000E+000
  5.000000E-002  3.761107E-001  7.361643E-001  0.000000E+000  9.402768E-001 -3.404109E-001  0.000000E+000  3.404109E-001  9.402768E-001  0.000000E+000  0.000000E+000  0.000000E+000  1.000000E+000
  1.000000E-001  3.767560E-001  7.343685E-001  0.000000E+000  9.418901E-001 -3.359213E-001  0.000000E+000  3.359213E-001  9.418901E-001  0.000000E+000  0.000000E+000  0.000000E+000  1.000000E+000
  1.500000E-001  3.777183E-001  7.316394E-001  0.000000E+000  9.442956E-001 -3.290984E-001  0.000000E+000  3.290984E-001  9.442956E-001  0.000000E+000  0.000000E+000  0.000000E+000  1.000000E+000
  2.000000E-001  3.788889E-001  7.282310E-001  0.000000E+000  9.472223E-001 -3.205775E-001  0.000000E+000  3.205775E-001  9.472223E-001  0.000000E+000  0.000000E+000  0.000000E+000  1.000000E+000
  2.500000E-001  3.801491E-001  7.244454E-001  0.000000E+000  9.503728E-001 -3.111135E-001  0.000000E+000  3.111135E-001  9.503728E-001  0.000000E+000  0.000000E+000  0.000000E+000  1.000000E+000
  3.000000E-001  3.813761E-001  7.206328E-001  0.000000E+000  9.534402E-001 -3.015820E-001  0.000000E+000  3.015820E-001  9.534402E-001  0.000000E+000  0.000000E+000  0.000000E+000  1.000000E+000
  3.500000E-001  3.824544E-001  7.171692E-001  0.000000E+000  9.561360E-001 -2.929230E-001  0.000000E+000  2.929230E-001  9.561360E-001  0.000000E+000  0.000000E+000  0.000000E+000  1.000000E+000
  4.000000E-001  3.832904E-001  7.144048E-001  0.000000E+000  9.582261E-001 -2.860119E-001  0.000000E+000  2.860119E-001  9.582261E-001  0.000000E+000  0.000000E+000  0.000000E+000  1.000000E+000
  4.500000E-001  3.838268E-001  7.125923E-001  0.000000E+000  9.595669E-001 -2.814807E-001  0.000000E+000  2.814807E-001  9.595669E-001  0.000000E+000  0.000000E+000  0.000000E+000  1.000000E+000
  5.000000E-001  3.840502E-001  7.118279E-001  0.000000E+000  9.601254E-001 -2.795697E-001  0.000000E+000  2.795697E-001  9.601254E-001  0.000000E+000  0.000000E+000  0.000000E+000  1.000000E+000
  5.500000E-001  3.839881E-001  7.120409E-001  0.000000E+000  9.599702E-001 -2.801022E-001  0.000000E+000  2.801022E-001  9.599702E-001  0.000000E+000  0.000000E+000  0.000000E+000  1.000000E+000
  6.000000E-001  3.836955E-001  7.130388E-001  0.000000E+000  9.592387E-001 -2.825970E-001  0.000000E+000  2.825970E-001  9.592387E-001  0.000000E+000  0.000000E+000  0.000000E+000  1.000000E+000
  6.500000E-001  3.832387E-001  7.145778E-001  0.000000E+000  9.580969E-001 -2.864444E-001  0.000000E+000  2.864444E-001  9.580969E-001  0.000000E+000  0.000000E+000  0.000000E+000  1.000000E+000
  7.000000E-001  3.826823E-001  7.164229E-001  0.000000E+000  9.567057E-001 -2.910571E-001  0.000000E+000  2.910571E-001  9.567057E-001  0.000000E+000  0.000000E+000  0.000000E+000  1.000000E+000
  7.500000E-001  3.820807E-001  7.183820E-001  0.000000E+000  9.552018E-001 -2.959551E-001  0.000000E+000  2.959551E-001  9.552018E-001  0.000000E+000  0.000000E+000  0.000000E+000  1.000000E+000
  8.000000E-001  3.814759E-001  7.203167E-001  0.000000E+000  9.536898E-001 -3.007919E-001  0.000000E+000  3.007919E-001  9.536898E-001  0.000000E+000  0.000000E+000  0.000000E+000  1.000000E+000
  8.500000E-001  3.808964E-001  7.221389E-001  0.000000E+000  9.522411E-001 -3.053472E-001  0.000000E+000  3.053472E-001  9.522411E-001  0.000000E+000  0.000000E+000  0.000000E+000  1.000000E+000
  9.000000E-001  3.803589E-001  7.238026E-001  0.000000E+000  9.508973E-001 -3.095065E-001  0.000000E+000  3.095065E-001  9.508973E-001  0.000000E+000  0.000000E+000  0.000000E+000  1.000000E+000
  9.500000E-001  3.798699E-001  7.252950E-001  0.000000E+000  9.496749E-001 -3.132374E-001  0.000000E+000  3.132374E-001  9.496749E-001  0.000000E+000  0.000000E+000  0.000000E+000  1.000000E+000
  1.000000E+000  3.794278E-001  7.266275E-001  0.000000E+000  9.485695E-001 -3.165688E-001  0.000000E+000  3.165688E-001  9.485695E-001  0.000000E+000  0.000000E+000  0.000000E+000  1.000000E+000
  1.050000E+000  3.790247E-001  7.278292E-001  0.000000E+000  9.475617E-001 -3.195729E-001  0.000000E+000  3.195729E-001  9.475617E-001  0.000000E+000  0.000000E+000  0.000000E+000  1.000000E+000
  1.100000E+000  3.786482E-001  7.289399E-001  0.000000E+000  9.466206E-001 -3.223499E-001  0.000000E+000  3.223499E-001  9.466206E-001  0.000000E+000  0.000000E+000  0.000000E+000  1.000000E+000
  1.150000E+000  3.782835E-001  7.300060E-001  0.000000E+000  9.457088E-001 -3.250151E-001  0.000000E+000  3.250151E-001  9.457088E-001  0.000000E+000  0.000000E+000  0.000000E+000  1.000000E+000
  1.200000E+000  3.779143E-001  7.310754E-001  0.000000E+000  9.447859E-001 -3.276884E-001  0.000000E+000  3.276884E-001  9.447859E-001  0.000000E+000  0.000000E+000  0.000000E+000  1.000000E+000
  1.250000E+000  3.775246E-001  7.321937E-001  0.000000E+000  9.438115E-001 -3.304843E-001  0.000000E+000  3.304843E-001  9.438115E-001  0.000000E+000  0.000000E+000  0.000000E+000  1.000000E+000
  1.300000E+000  3.770993E-001  7.334020E-001  0.000000E+000  9.427483E-001 -3.335050E-001  0.000000E+000  3.335050E-001  9.427483E-001  0.000000E+000  0.000000E+000  0.000000E+000  1.000000E+000
  1.350000E+000  3.766255E-001  7.347339E-001  0.000000E+000  9.415638E-001 -3.368348E-001  0.000000E+000  3.368348E-001  9.415638E-001  0.000000E+000  0.000000E+000  0.000000E+000  1.000000E+000
  1.400000E+000  3.760924E-001  7.362149E-001  0.000000E+000  9.402310E-001 -3.405373E-001  0.000000E+000  3.405373E-001  9.402310E-001  0.000000E+000  0.000000E+000  0.000000E+000  1.000000E+000
  1.450000E+000  3.754919E-001  7.378618E-001  0.000000E+000  9.387296E-001 -3.446544E-001  0.000000E+000  3.446544E-001  9.387296E-001  0.000000E+000  0.000000E+000  0.000000E+000  1.000000E+000
  1.500000E+000  3.748182E-001  7.396830E-001  0.000000E+000  9.370454E-001 -3.492075E-001  0.000000E+000  3.492075E-001  9.370454E-001  0.000000E+000  0.000000E+000  0.000000E+000  1.000000E+000
  1.550000E+000  3.740679E-001  7.416801E-001  0.000000E+000  9.351696E-001 -3.542001E-001  0.000000E+000  3.542001E-001  9.351696E-001  0.000000E+000  0.000000E+000  0.000000E+000  1.000000E+000
  1.600000E+000  3.732393E-001  7.438487E-001  0.000000E+000  9.330982E-001 -3.596217E-001  0.000000E+000  3.596217E-001  9.330982E-001  0.000000E+000  0.000000E+000  0.000000E+000  1.000000E+000
  1.650000E+000  3.723322E-001  7.461805E-001  0.000000E+000  9.308305E-001 -3.654512E-001  0.000000E+000  3.654512E-001  9.308305E-001  0.000000E+000  0.000000E+000  0.000000E+000  1.000000E+000
  1.700000E+000  3.713474E-001  7.486643E-001  0.000000E+000  9.283686E-001 -3.716608E-001  0.000000E+000  3.716608E-001  9.283686E-001  0.000000E+000  0.000000E+000  0.000000E+000  1.000000E+000
  1.750000E+000  3.702864E-001  7.512878E-001  0.000000E+000  9.257159E-001 -3.782195E-001  0.000000E+000  3.782195E-001  9.257159E-001  0.000000E+000  0.000000E+000  0.000000E+000  1.000000E+000
  1.800000E+000  3.691507E-001  7.540381E-001  0.000000E+000  9.228768E-001 -3.850952E-001  0.000000E+000  3.850952E-001  9.228768E-001  0.000000E+000  0.000000E+000  0.000000E+000  1.000000E+000
  1.850000E+000  3.679422E-001  7.569028E-001  0.000000E+000  9.198556E-001 -3.922571E-001  0.000000E+000  3.922571E-001  9.198556E-001  0.000000E+000  0.000000E+000  0.000000E+000  1.000000E+000
  1.900000E+000  3.666625E-001  7.598706E-001  0.000000E+000  9.166563E-001 -3.996765E-001  0.000000E+000  3.996765E-001  9.166563E-001  0.000000E+000  0.000000E+000  0.000000E+000  1.000000E+000
  1.950000E+000  3.653128E-001  7.629311E-001  0.000000E+000  9.132820E-001 -4.073278E-001  0.000000E+000  4.073278E-001  9.132820E-001  0.000000E+000  0.000000E+000  0.000000E+000  1.000000E+000
  2.000000E+000  3.638942E-001  7.660754E-001  0.000000E+000  9.097355E-001 -4.151884E-001  0.000000E+000  4.151884E-001  9.097355E-001  0.000000E+000  0.000000E+000  0.000000E+000  1.000000E+000
  2.050000E+000  3.624072E-001  7.692956E-001  0.000000E+000  9.060180E-001 -4.232391E-001  0.000000E+000  4.232391E-001  9.060180E-001  0.000000E+000  0.000000E+000  0.000000E+000  1.000000E+000
  2.100000E+000  3.608522E-001  7.725854E-001  0.000000E+000  9.021304E-001 -4.314634E-001  0.000000E+000  4.314634E-001  9.021304E-001  0.000000E+000  0.000000E+000  0.000000E+000  1.000000E+000
  2.150000E+000  3.592290E-001  7.759390E-001  0.000000E+000  8.980725E-001 -4.398474E-001  0.000000E+000  4.398474E-001  8.980725E-001  0.000000E+000  0.000000E+000  0.000000E+000  1.000000E+000
  2.200000E+000  3.575374E-001  7.793517E-001  0.000000E+000  8.938434E-001 -4.483793E-001  0.000000E+000  4.483793E-001  8.938434E-001  0.000000E+000  0.000000E+000  0.000000E+000  1.000000E+000
  2.250000E+000  3.557767E-001  7.828195E-001  0.000000E+000  8.894416E-001 -4.570487E-001  0.000000E+000  4.570487E-001  8.894416E-001  0.000000E+000  0.000000E+000  0.000000E+000  1.000000E+000
  2.300000E+000  3.539462E-001  7.863387E-001  0.000000E+000  8.848654E-001 -4.658467E-001  0.000000E+000  4.658467E-001  8.848654E-001  0.000000E+000  0.000000E+000  0.000000E+000  1.000000E+000
  2.350000E+000  3.520451E-001  7.899059E-001  0.000000E+000  8.801127E-001 -4.747648E-001  0.000000E+000  4.747648E-001  8.801127E-001  0.000000E+000  0.000000E+000  0.000000E+000  1.000000E+000
  2.400000E+000  3.500725E-001  7.935181E-001  0.000000E+000  8.751812E-001 -4.837953E-001  0.000000E+000  4.837953E-001  8.751812E-001  0.000000E+000  0.000000E+000  0.000000E+000  1.000000E+000
  2.450000E+000  3.480275E-001  7.971722E-001  0.000000E+000  8.700687E-001 -4.929305E-001  0.000000E+000  4.929305E-001  8.700687E-001  0.000000E+000  0.000000E+000  0.000000E+000  1.000000E+000
  2.500000E+000  3.459093E-001  8.008650E-001  0.000000E+000  8.647732E-001 -5.021626E-001  0.000000E+000  5.021626E-001  8.647732E-001  0.000000E+000  0.000000E+000  0.000000E+000  1.000000E+000
  2.550000E+000  3.437172E-001  8.045934E-001  0.000000E+000  8.592930E-001 -5.114836E-001  0.000000E+000  5.114836E-001  8.592930E-001  0.000000E+000  0.000000E+000  0.000000E+000  1.000000E+000
  2.600000E+000  3.414507E-001  8.083541E-001  0.000000E+000  8.536267E-001 -5.208853E-001  0.000000E+000  5.208853E-001  8.536267E-001  0.000000E+000  0.000000E+000  0.000000E+000  1.000000E+000
  2.650000E+000  3.391093E-001  8.121435E-001  0.000000E+000  8.477732E-001 -5.303589E-001  0.000000E+000  5.303589E-001  8.477732E-001  0.000000E+000  0.000000E+000  0.000000E+000  1.000000E+000
  2.700000E+000  3.366929E-001  8.159580E-001  0.000000E+000  8.417323E-001 -5.398951E-001  0.000000E+000  5.398951E-001  8.417323E-001  0.000000E+000  0.000000E+000  0.000000E+000  1.000000E+000
  2.750000E+000  3.342016E-001  8.197937E-001  0.000000E+000  8.355041E-001 -5.494843E-001  0.000000E+000  5.494843E-001  8.355041E-001  0.000000E+000  0.000000E+000  0.000000E+000  1.000000E+000
  2.800000E+000  3.316357E-001  8.236465E-001  0.000000E+000  8.290893E-001 -5.591161E-001  0.000000E+000  5.591161E-001  8.290893E-001  0.000000E+000  0.000000E+000  0.000000E+000  1.000000E+000
  2.850000E+000  3.289959E-001  8.275120E-001  0.000000E+000  8.224897E-001 -5.687800E-001  0.000000E+000  5.687800E-001  8.224897E-001  0.000000E+000  0.000000E+000  0.000000E+000  1.000000E+000
  2.900000E+000  3.262829E-001  8.313859E-001  0.000000E+000  8.157073E-001 -5.784649E-001  0.000000E+000  5.784649E-001  8.157073E-001  0.000000E+000  0.000000E+000  0.000000E+000  1.000000E+000
  2.950000E+000  3.234981E-001  8.352636E-001  0.000000E+000  8.087453E-001 -5.881591E-001  0.000000E+000  5.881591E-001  8.087453E-001  0.000000E+000  0.000000E+000  0.000000E+000  1.000000E+000
  3.000000E+000  3.206429E-001  8.391404E-001  0.000000E+000  8.016073E-001 -5.978509E-001  0.000000E+000  5.978509E-001  8.016073E-001  0.000000E+000  0.000000E+000  0.000000E+000  1.000000E+000
  3.050000E+000  3.177192E-001  8.430113E-001  0.000000E+000  7.942981E-001 -6.075282E-001  0.000000E+000  6.075282E-001  7.942981E-001  0.000000E+000  0.000000E+000  0.000000E+000  1.000000E+000
  3.100000E+000  3.147292E-001  8.468715E-001  0.000000E+000  7.868230E-001 -6.171787E-001  0.000000E+000  6.171787E-001  7.868230E-001  0.000000E+000  0.000000E+000  0.000000E+000  1.000000E+000
  3.150000E+000  3.116753E-001  8.507160E-001  0.000000E+000  7.791882E-001 -6.267901E-001  0.000000E+000  6.267901E-001  7.791882E-001  0.000000E+000  0.000000E+000  0.000000E+000  1.000000E+000
  3.200000E+000  3.085603E-001  8.545399E-001  0.000000E+000  7.714008E-001 -6.363496E-001  0.000000E+000  6.363496E-001  7.714008E-001  0.000000E+000  0.000000E+000  0.000000E+000  1.000000E+000
  3.250000E+000  3.053874E-001  8.583380E-001  0.000000E+000  7.634686E-001 -6.458450E-001  0.000000E+000  6.458450E-001  7.634686E-001  0.000000E+000  0.000000E+000  0.000000E+000  1.000000E+000
  3.300000E+000  3.021601E-001  8.621054E-001  0.000000E+000  7.554004E-001 -6.552635E-001  0.000000E+000  6.552635E-001  7.554004E-001  0.000000E+000  0.000000E+000  0.000000E+000  1.000000E+000
  3.350000E+000  2.988823E-001  8.658372E-001  0.000000E+000  7.472056E-001 -6.645929E-001  0.000000E+000  6.645929E-001  7.472056E-001  0.000000E+000  0.000000E+000  0.000000E+000  1.000000E+000
  3.400000E+000  2.955579E-001  8.695284E-001  0.000000E+000  7.388947E-001 -6.738209E-001  0.000000E+000  6.738209E-001  7.388947E-001  0.000000E+000  0.000000E+000  0.000000E+000  1.000000E+000
  3.450000E+000  2.921915E-001  8.731742E-001  0.000000E+000  7.304788E-001 -6.829354E-001  0.000000E+000  6.829354E-001  7.304788E-001  0.000000E+000  0.000000E+000  0.000000E+000  1.000000E+000
  3.500000E+000  2.887879E-001  8.767699E-001  0.000000E+000  7.219697E-001 -6.919246E-001  0.000000E+000  6.919246E-001  7.219697E-001  0.000000E+000  0.000000E+000  0.000000E+000  1.000000E+000
  3.550000E+000  2.853522E-001  8.803108E-001  0.000000E+000  7.133804E-001 -7.007770E-001  0.000000E+000  7.007770E-001  7.133804E-001  0.000000E+000  0.000000E+000  0.000000E+000  1.000000E+000
  3.600000E+000  2.818897E-001  8.837925E-001  0.000000E+000  7.047242E-001 -7.094814E-001  0.000000E+000  7.094814E-001  7.047242E-001  0.000000E+000  0.000000E+000  0.000000E+000  1.000000E+000
  3.650000E+000  2.784062E-001  8.872107E-001  0.000000E+000  6.960154E-001 -7.180268E-001  0.000000E+000  7.180268E-001  6.960154E-001  0.000000E+000  0.000000E+000  0.000000E+000  1.000000E+000
  3.700000E+000  2.749076E-001  8.905612E-001  0.000000E+000  6.872691E-001 -7.264029E-001  0.000000E+000  7.264029E-001  6.872691E-001  0.000000E+000  0.000000E+000  0.000000E+000  1.000000E+000
  3.750000E+000  2.714003E-001  8.938399E-001  0.000000E+000  6.785008E-001 -7.345997E-001  0.000000E+000  7.345997E-001  6.785008E-001  0.000000E+000  0.000000E+000  0.000000E+000  1.000000E+000
  3.800000E+000  2.678907E-001  8.970430E-001  0.000000E+000  6.697269E-001 -7.426075E-001  0.000000E+000  7.426075E-001  6.697269E-001  0.000000E+000  0.000000E+000  0.000000E+000  1.000000E+000
  3.850000E+000  2.643857E-001  9.001669E-001  0.000000E+000  6.609643E-001 -7.504174E-001  0.000000E+000  7.504174E-001  6.609643E-001  0.000000E+000  0.000000E+000  0.000000E+000  1.000000E+000
  3.900000E+000  2.608922E-001  9.032083E-001  0.000000E+000  6.522305E-001 -7.580207E-001  0.000000E+000  7.580207E-001  6.522305E-001  0.000000E+000  0.000000E+000  0.000000E+000  1.000000E+000
  3.950000E+000  2.574175E-001  9.061637E-001  0.000000E+000  6.435437E-001 -7.654094E-001  0.000000E+000  7.654094E-001  6.435437E-001  0.000000E+000  0.000000E+000  0.000000E+000  1.000000E+000
  4.000000E+000  2.539689E-001  9.090304E-001  0.000000E+000  6.349223E-001 -7.725760E-001  0.000000E+000  7.725760E-001  6.349223E-001  0.000000E+000  0.000000E+000  0.000000E+000  1.000000E+000
  4.050000E+000  2.505541E-001  9.118055E-001  0.000000E+000  6.263852E-001 -7.795137E-001  0.000000E+000  7.795137E-001  6.263852E-001  0.000000E+000  0.000000E+000  0.000000E+000  1.000000E+000
  4.100000E+000  2.471807E-001  9.144864E-001  0.000000E+000  6.179518E-001 -7.862160E-001  0.000000E+000  7.862160E-001  6.179518E-001  0.000000E+000  0.000000E+000  0.000000E+000  1.000000E+000
  4.150000E+000  2.438566E-001  9.170709E-001  0.000000E+000  6.096415E-001 -7.926773E-001  0.000000E+000  7.926773E-001  6.096415E-001  0.000000E+000  0.000000E+000  0.000000E+000  1.000000E+000
  4.200000E+000  2.405896E-001  9.195570E-001  0.000000E+000  6.014740E-001 -7.988924E-001  0.000000E+000  7.988924E-001  6.014740E-001  0.000000E+000  0.000000E+000  0.000000E+000  1.000000E+000
  4.250000E+000  2.373876E-001  9.219427E-001  0.000000E+000  5.934691E-001 -8.048568E-001  0.000000E+000  8.048568E-001  5.934691E-001  0.000000E+000  0.000000E+000  0.000000E+000  1.000000E+000
  4.300000E+000  2.342586E-001  9.242266E-001  0.000000E+000  5.856466E-001 -8.105665E-001  0.000000E+000  8.105665E-001  5.856466E-001  0.000000E+000  0.000000E+000  0.000000E+000  1.000000E+000
  4.350000E+000  2.312105E-001  9.264073E-001  0.000000E+000  5.780262E-001 -8.160182E-001  0.000000E+000  8.160182E-001  5.780262E-001  0.000000E+000  0.000000E+000  0.000000E+000  1.000000E+000
  4.400000E+000  2.282509E-001  9.284837E-001  0.000000E+000  5.706273E-001 -8.212092E-001  0.000000E+000  8.212092E-001  5.706273E-001  0.000000E+000  0.000000E+000  0.000000E+000  1.000000E+000
  4.450000E+000  2.253875E-001  9.304549E-001  0.000000E+000  5.634689E-001 -8.261373E-001  0.000000E+000  8.261373E-001  5.634689E-001  0.000000E+000  0.000000E+000  0.000000E+000  1.000000E+000
  4.500000E+000  2.226279E-001  9.323204E-001  0.000000E+000  5.565696E-001 -8.308010E-001  0.000000E+000  8.308010E-001  5.565696E-001  0.000000E+000  0.000000E+000  0.000000E+000  1.000000E+000
  4.550000E+000  2.199790E-001  9.340797E-001  0.000000E+000  5.499476E-001 -8.351992E-001  0.000000E+000  8.351992E-001  5.499476E-001  0.000000E+000  0.000000E+000  0.000000E+000  1.000000E+000
  4.600000E+000  2.174480E-001  9.357326E-001  0.000000E+000  5.436199E-001 -8.393315E-001  0.000000E+000  8.393315E-001  5.436199E-001  0.000000E+000  0.000000E+000  0.000000E+000  1.000000E+000
  4.650000E+000  2.150413E-001  9.372792E-001  0.000000E+000  5.376031E-001 -8.431980E-001  0.000000E+000  8.431980E-001  5.376031E-001  0.000000E+000  0.000000E+000  0.000000E+000  1.000000E+000
  4.700000E+000  2.127650E-001  9.387197E-001  0.000000E+000  5.319125E-001 -8.467993E-001  0.000000E+000  8.467993E-001  5.319125E-001  0.000000E+000  0.000000E+000  0.000000E+000  1.000000E+000
  4.750000E+000  2.106250E-001  9.400546E-001  0.000000E+000  5.265624E-001 -8.501365E-001  0.000000E+000  8.501365E-001  5.265624E-001  0.000000E+000  0.000000E+000  0.000000E+000  1.000000E+000
  4.800000E+000  2.086263E-001  9.412844E-001  0.000000E+000  5.215657E-001 -8.532111E-001  0.000000E+000  8.532111E-001  5.215657E-001  0.000000E+000  0.000000E+000  0.000000E+000  1.000000E+000
  4.850000E+000  2.067736E-001  9.424101E-001  0.000000E+000  5.169341E-001 -8.560252E-001  0.000000E+000  8.560252E-001  5.169341E-001  0.000000E+000  0.000000E+000  0.000000E+000  1.000000E+000
  4.900000E+000  2.050710E-001  9.434325E-001  0.000000E+000  5.126775E-001 -8.585813E-001  0.000000E+000  8.585813E-001  5.126775E-001  0.000000E+000  0.000000E+000  0.000000E+000  1.000000E+000
  4.950000E+000  2.035217E-001  9.443529E-001  0.000000E+000  5.088043E-001 -8.608822E-001  0.000000E+000  8.608822E-001  5.088043E-001  0.000000E+000  0.000000E+000  0.000000E+000  1.000000E+000
  5.000000E+000  2.021285E-001  9.451725E-001  0.000000E+000  5.053211E-001 -8.629314E-001  0.000000E+000  8.629314E-001  5.053211E-001  0.000000E+000  0.000000E+000  0.000000E+000  1.000000E+000
  5.050000E+000  2.008931E-001  9.458930E-001  0.000000E+000  5.022328E-001 -8.647324E-001  0.000000E+000  8.647324E-001  5.022328E-001  0.000000E+000  0.000000E+000  0.000000E+000  1.000000E+000
  5.100000E+000  1.998169E-001  9.465158E-001  0.000000E+000  4.995422E-001 -8.662896E-001  0.000000E+000  8.662896E-001  4.995422E-001  0.000000E+000  0.000000E+000  0.000000E+000  1.000000E+000
  5.150000E+000  1.989000E-001  9.470429E-001  0.000000E+000  4.972500E-001 -8.676073E-001  0.000000E+000  8.676073E-001  4.972500E-001  0.000000E+000  0.000000E+000  0.000000E+000  1.000000E+000
  5.200000E+000  1.981420E-001  9.474763E-001  0.000000E+000  4.953550E-001 -8.686907E-001  0.000000E+000  8.686907E-001  4.953550E-001  0.000000E+000  0.000000E+000  0.000000E+000  1.000000E+000
  5.250000E+000  1.975415E-001  9.478180E-001  0.000000E+000  4.938538E-001 -8.695450E-001  0.000000E+000  8.695450E-001  4.938538E-001  0.000000E+000  0.000000E+000  0.000000E+000  1.000000E+000
  5.300000E+000  1.970963E-001  9.480704E-001  0.000000E+000  4.927408E-001 -8.701761E-001  0.000000E+000  8.701761E-001  4.927408E-001  0.000000E+000  0.000000E+000  0.000000E+000  1.000000E+000
  5.350000E+000  1.968034E-001  9.482362E-001  0.000000E+000  4.920085E-001 -8.705904E-001  0.000000E+000  8.705904E-001  4.920085E-001  0.000000E+000  0.000000E+000  0.000000E+000  1.000000E+000
  5.400000E+000  1.966588E-001  9.483179E-001  0.000000E+000  4.916469E-001 -8.707946E-001  0.000000E+000  8.707946E-001  4.916469E-001  0.000000E+000  0.000000E+000  0.000000E+000  1.000000E+000
  5.450000E+000  1.966577E-001  9.483185E-001  0.000000E+000  4.916442E-001 -8.707962E-001  0.000000E+000  8.707962E-001  4.916442E-001  0.000000E+000  0.000000E+000  0.000000E+000  1.000000E+000
  5.500000E+000  1.967945E-001  9.482412E-001  0.000000E+000  4.919863E-001 -8.706030E-001  0.000000E+000  8.706030E-001  4.919863E-001  0.000000E+000  0.000000E+000  0.000000E+000  1.000000E+000
  5.550000E+000  1.970629E-001  9.480894E-001  0.000000E+000  4.926572E-001 -8.702235E-001  0.000000E+000  8.702235E-001  4.926572E-001  0.000000E+000  0.000000E+000  0.000000E+000  1.000000E+000
  5.600000E+000  1.974556E-001  9.478668E-001  0.000000E+000  4.936389E-001 -8.696670E-001  0.000000E+000  8.696670E-001  4.936389E-001  0.000000E+000  0.000000E+000  0.000000E+000  1.000000E+000
  5.650000E+000  1.979647E-001  9.475773E-001  0.000000E+000  4.949118E-001 -8.689432E-001  0.000000E+000  8.689432E-001  4.949118E-001  0.000000E+000  0.000000E+000  0.000000E+000  1.000000E+000
  5.700000E+000  1.985817E-001  9.472252E-001  0.000000E+000  4.964542E-001 -8.680629E-001  0.000000E+000  8.680629E-001  4.964542E-001  0.000000E+000  0.000000E+000  0.000000E+000  1.000000E+000
  5.750000E+000  1.992972E-001  9.468150E-001  0.000000E+000  4.982430E-001 -8.670374E-001  0.000000E+000  8.670374E-001  4.982430E-001  0.000000E+000  0.000000E+000  0.000000E+000  1.000000E+000
  5.800000E+000  2.001015E-001  9.463516E-001  0.000000E+000  5.002537E-001 -8.658789E-001  0.000000E+000  8.658789E-001  5.002537E-001  0.000000E+000  0.000000E+000  0.000000E+000  1.000000E+000
  5.850000E+000  2.009841E-001  9.458401E-001  0.000000E+000  5.024602E-001 -8.646004E-001  0.000000E+000  8.646004E-001  5.024602E-001  0.000000E+000  0.000000E+000  0.000000E+000  1.000000E+000
  5.900000E+000  2.019342E-001  9.452862E-001  0.000000E+000  5.048354E-001 -8.632156E-001  0.000000E+000  8.632156E-001  5.048354E-001  0.000000E+000  0.000000E+000  0.000000E+000  1.000000E+000
  5.950000E+000  2.029405E-001  9.446958E-001  0.000000E+000  5.073512E-001 -8.617394E-001  0.000000E+000  8.617394E-001  5.073512E-001  0.000000E+000  0.000000E+000  0.000000E+000  1.000000E+000
  6.000000E+000  2.039914E-001  9.440749E-001  0.000000E+000  5.099785E-001 -8.601871E-001  0.000000E+000  8.601871E-001  5.099785E-001  0.000000E+000  0.000000E+000  0.000000E+000  1.000000E+000
