% FILE: Link.6
%
%       t         P_No_Go[1]     P_No_Go[2]     P_No_Go[3]      N_G[1,1]       N_G[1,2]       N_G[1,3]       N_G[2,1]       N_G[2,2]       N_G[2,3]       N_G[3,1]       N_G[3,2]       N_G[3,3]
%   (second)        (meter)        (meter)        (meter)       (NoUnits)      (NoUnits)      (NoUnits)      (NoUnits)      (NoUnits)      (NoUnits)      (NoUnits)      (NoUnits)      (NoUnits)

  0.000000E+000  5.000000E-002 -1.732051E-001  3.000000E-001  1.000000E+000  0.000000E+000  0.000000E+000  0.000000E+000  8.660254E-001 -5.000000E-001  0.000000E+000  5.000000E-001  8.660254E-001
  2.000000E-002  5.740049E-002 -1.840889E-001  2.983567E-001  1.000000E+000  0.000000E+000  0.000000E+000  0.000000E+000  8.510406E-001 -5.251000E-001  0.000000E+000  5.251000E-001  8.510406E-001
  4.000000E-002  7.807388E-002 -2.077744E-001  2.954170E-001  1.000000E+000  0.000000E+000  0.000000E+000  0.000000E+000  8.179519E-001 -5.752866E-001  0.000000E+000  5.752866E-001  8.179519E-001
  6.000000E-002  1.090745E-001 -2.342745E-001  2.919854E-001  1.000000E+000  0.000000E+000  0.000000E+000  0.000000E+000  7.799738E-001 -6.258122E-001  0.000000E+000  6.258122E-001  7.799738E-001
  8.000000E-002  1.469108E-001 -2.577102E-001  2.880244E-001  1.000000E+000  0.000000E+000  0.000000E+000  0.000000E+000  7.452360E-001 -6.668008E-001  0.000000E+000  6.668008E-001  7.452360E-001
  1.000000E-001  1.882410E-001 -2.750922E-001  2.837430E-001  1.000000E+000  0.000000E+000  0.000000E+000  0.000000E+000  7.179668E-001 -6.960773E-001  0.000000E+000  6.960773E-001  7.179668E-001
  1.200000E-001  2.304050E-001 -2.853062E-001  2.796719E-001  1.000000E+000  0.000000E+000  0.000000E+000  0.000000E+000  7.000203E-001 -7.141229E-001  0.000000E+000  7.141229E-001  7.000203E-001
  1.400000E-001  2.716104E-001 -2.883461E-001  2.763866E-001  1.000000E+000  0.000000E+000  0.000000E+000  0.000000E+000  6.919770E-001 -7.219195E-001  0.000000E+000  7.219195E-001  6.919770E-001
  1.600000E-001  3.108301E-001 -2.847515E-001  2.742558E-001  1.000000E+000  0.000000E+000  0.000000E+000  0.000000E+000  6.937081E-001 -7.202562E-001  0.000000E+000  7.202562E-001  6.937081E-001
  1.800000E-001  3.475642E-001 -2.752524E-001  2.733448E-001  1.000000E+000  0.000000E+000  0.000000E+000  0.000000E+000  7.046438E-001 -7.095612E-001  0.000000E+000  7.095612E-001  7.046438E-001
  2.000000E-001  3.815941E-001 -2.605877E-001  2.734539E-001  1.000000E+000  0.000000E+000  0.000000E+000  0.000000E+000  7.239325E-001 -6.898708E-001  0.000000E+000  6.898708E-001  7.239325E-001
  2.200000E-001  4.128017E-001 -2.414391E-001  2.742312E-001  1.000000E+000  0.000000E+000  0.000000E+000  0.000000E+000  7.505564E-001 -6.608064E-001  0.000000E+000  6.608064E-001  7.505564E-001
  2.400000E-001  4.410641E-001 -2.184187E-001  2.752958E-001  1.000000E+000  0.000000E+000  0.000000E+000  0.000000E+000  7.833859E-001 -6.215356E-001  0.000000E+000  6.215356E-001  7.833859E-001
  2.600000E-001  4.662104E-001 -1.920768E-001  2.763324E-001  1.000000E+000  0.000000E+000  0.000000E+000  0.000000E+000  8.211202E-001 -5.707553E-001  0.000000E+000  5.707553E-001  8.211202E-001
  2.800000E-001  4.880187E-001 -1.629189E-001  2.771362E-001  1.000000E+000  0.000000E+000  0.000000E+000  0.000000E+000  8.620734E-001 -5.067835E-001  0.000000E+000  5.067835E-001  8.620734E-001
  3.000000E-001  5.062349E-001 -1.314319E-001  2.776136E-001  1.000000E+000  0.000000E+000  0.000000E+000  0.000000E+000  9.038252E-001 -4.279020E-001  0.000000E+000  4.279020E-001  9.038252E-001
  3.200000E-001  5.206004E-001 -9.811484E-002  2.777569E-001  1.000000E+000  0.000000E+000  0.000000E+000  0.000000E+000  9.429019E-001 -3.330706E-001  0.000000E+000  3.330706E-001  9.429019E-001
  3.400000E-001  5.308818E-001 -6.350063E-002  2.776204E-001  1.000000E+000  0.000000E+000  0.000000E+000  0.000000E+000  9.748245E-001 -2.229734E-001  0.000000E+000  2.229734E-001  9.748245E-001
  3.600000E-001  5.368945E-001 -2.814626E-002  2.773073E-001  1.000000E+000  0.000000E+000  0.000000E+000  0.000000E+000  9.948885E-001 -1.009796E-001  0.000000E+000  1.009796E-001  9.948885E-001
  3.800000E-001  5.385146E-001  7.407011E-003  2.769558E-001  1.000000E+000  0.000000E+000  0.000000E+000  0.000000E+000  9.996426E-001  2.673482E-002  0.000000E+000 -2.673482E-002  9.996426E-001
  4.000000E-001  5.356796E-001  4.267457E-002  2.767057E-001  1.000000E+000  0.000000E+000  0.000000E+000  0.000000E+000  9.883156E-001  1.524217E-001  0.000000E+000 -1.524217E-001  9.883156E-001
  4.200000E-001  5.283860E-001  7.723438E-002  2.766515E-001  1.000000E+000  0.000000E+000  0.000000E+000  0.000000E+000  9.631699E-001  2.688936E-001  0.000000E+000 -2.688936E-001  9.631699E-001
  4.400000E-001  5.166909E-001  1.106924E-001  2.768088E-001  1.000000E+000  0.000000E+000  0.000000E+000  0.000000E+000  9.285127E-001  3.713007E-001  0.000000E+000 -3.713007E-001  9.285127E-001
  4.600000E-001  5.007223E-001  1.426366E-001  2.771157E-001  1.000000E+000  0.000000E+000  0.000000E+000  0.000000E+000  8.891312E-001  4.576524E-001  0.000000E+000 -4.576524E-001  8.891312E-001
  4.800000E-001  4.806917E-001  1.726117E-001  2.774645E-001  1.000000E+000  0.000000E+000  0.000000E+000  0.000000E+000  8.491018E-001  5.282293E-001  0.000000E+000 -5.282293E-001  8.491018E-001
  5.000000E-001  4.569014E-001  2.001257E-001  2.777436E-001  1.000000E+000  0.000000E+000  0.000000E+000  0.000000E+000  8.113261E-001  5.845938E-001  0.000000E+000 -5.845938E-001  8.113261E-001
  5.200000E-001  4.297409E-001  2.246797E-001  2.778709E-001  1.000000E+000  0.000000E+000  0.000000E+000  0.000000E+000  7.776053E-001  6.287528E-001  0.000000E+000 -6.287528E-001  7.776053E-001
  5.400000E-001  3.996734E-001  2.458032E-001  2.778105E-001  1.000000E+000  0.000000E+000  0.000000E+000  0.000000E+000  7.489327E-001  6.626461E-001  0.000000E+000 -6.626461E-001  7.489327E-001
  5.600000E-001  3.672162E-001  2.630838E-001  2.775739E-001  1.000000E+000  0.000000E+000  0.000000E+000  0.000000E+000  7.257972E-001  6.879087E-001  0.000000E+000 -6.879087E-001  7.257972E-001
  5.800000E-001  3.329215E-001  2.761857E-001  2.772102E-001  1.000000E+000  0.000000E+000  0.000000E+000  0.000000E+000  7.084145E-001  7.057966E-001  0.000000E+000 -7.057966E-001  7.084145E-001
  6.000000E-001  2.973592E-001  2.848576E-001  2.767910E-001  1.000000E+000  0.000000E+000  0.000000E+000  0.000000E+000  6.968792E-001  7.171885E-001  0.000000E+000 -7.171885E-001  6.968792E-001
  6.200000E-001  2.611057E-001  2.889334E-001  2.763949E-001  1.000000E+000  0.000000E+000  0.000000E+000  0.000000E+000  6.912537E-001  7.226122E-001  0.000000E+000 -7.226122E-001  6.912537E-001
  6.400000E-001  2.247362E-001  2.883304E-001  2.760929E-001  1.000000E+000  0.000000E+000  0.000000E+000  0.000000E+000  6.916132E-001  7.222681E-001  0.000000E+000 -7.222681E-001  6.916132E-001
  6.600000E-001  1.888192E-001  2.830462E-001  2.759379E-001  1.000000E+000  0.000000E+000  0.000000E+000  0.000000E+000  6.980584E-001  7.160408E-001  0.000000E+000 -7.160408E-001  6.980584E-001
  6.800000E-001  1.539124E-001  2.731577E-001  2.759566E-001  1.000000E+000  0.000000E+000  0.000000E+000  0.000000E+000  7.107016E-001  7.034936E-001  0.000000E+000 -7.034936E-001  7.107016E-001
  7.000000E-001  1.205571E-001  2.588212E-001  2.761451E-001  1.000000E+000  0.000000E+000  0.000000E+000  0.000000E+000  7.296227E-001  6.838499E-001  0.000000E+000 -6.838499E-001  7.296227E-001
  7.200000E-001  8.927164E-002  2.402732E-001  2.764691E-001  1.000000E+000  0.000000E+000  0.000000E+000  0.000000E+000  7.547877E-001  6.559692E-001  0.000000E+000 -6.559692E-001  7.547877E-001
  7.400000E-001  6.054268E-002  2.178316E-001  2.768670E-001  1.000000E+000  0.000000E+000  0.000000E+000  0.000000E+000  7.859138E-001  6.183361E-001  0.000000E+000 -6.183361E-001  7.859138E-001
  7.600000E-001  3.481589E-002  1.918942E-001  2.772588E-001  1.000000E+000  0.000000E+000  0.000000E+000  0.000000E+000  8.222674E-001  5.691014E-001  0.000000E+000 -5.691014E-001  8.222674E-001
  7.800000E-001  1.248634E-002  1.629341E-001  2.775603E-001  1.000000E+000  0.000000E+000  0.000000E+000  0.000000E+000  8.623910E-001  5.062427E-001  0.000000E+000 -5.062427E-001  8.623910E-001
  8.000000E-001 -6.109759E-003  1.314888E-001  2.777021E-001  1.000000E+000  0.000000E+000  0.000000E+000  0.000000E+000  9.038062E-001  4.279420E-001  0.000000E+000 -4.279420E-001  9.038062E-001
  8.200000E-001 -2.070069E-002  9.814190E-002  2.776496E-001  1.000000E+000  0.000000E+000  0.000000E+000  0.000000E+000  9.428326E-001  3.332667E-001  0.000000E+000 -3.332667E-001  9.428326E-001
  8.400000E-001 -3.108102E-002  6.349547E-002  2.774199E-001  1.000000E+000  0.000000E+000  0.000000E+000  0.000000E+000  9.747934E-001  2.231094E-001  0.000000E+000 -2.231094E-001  9.747934E-001
  8.600000E-001 -3.710888E-002  2.813549E-002  2.770864E-001  1.000000E+000  0.000000E+000  0.000000E+000  0.000000E+000  9.948843E-001  1.010210E-001  0.000000E+000 -1.010210E-001  9.948843E-001
  8.800000E-001 -3.869941E-002 -7.402674E-003  2.767632E-001  1.000000E+000  0.000000E+000  0.000000E+000  0.000000E+000  9.996425E-001 -2.673776E-002  0.000000E+000  2.673776E-002  9.996425E-001
  9.000000E-001 -3.581756E-002 -4.265234E-002  2.765666E-001  1.000000E+000  0.000000E+000  0.000000E+000  0.000000E+000  9.883160E-001 -1.524189E-001  0.000000E+000  1.524189E-001  9.883160E-001
  9.200000E-001 -2.847535E-002 -7.720337E-002  2.765703E-001  1.000000E+000  0.000000E+000  0.000000E+000  0.000000E+000  9.631774E-001 -2.688667E-001  0.000000E+000  2.688667E-001  9.631774E-001
  9.400000E-001 -1.673771E-002 -1.106634E-001  2.767754E-001  1.000000E+000  0.000000E+000  0.000000E+000  0.000000E+000  9.285308E-001 -3.712554E-001  0.000000E+000  3.712554E-001  9.285308E-001
  9.600000E-001 -7.360545E-004 -1.426159E-001  2.771140E-001  1.000000E+000  0.000000E+000  0.000000E+000  0.000000E+000  8.891571E-001 -4.576021E-001  0.000000E+000  4.576021E-001  8.891571E-001
  9.800000E-001  1.931707E-002 -1.726004E-001  2.774788E-001  1.000000E+000  0.000000E+000  0.000000E+000  0.000000E+000  8.491295E-001 -5.281848E-001  0.000000E+000  5.281848E-001  8.491295E-001
  1.000000E+000  4.311999E-002 -2.001219E-001  2.777623E-001  1.000000E+000  0.000000E+000  0.000000E+000  0.000000E+000  8.113501E-001 -5.845605E-001  0.000000E+000  5.845605E-001  8.113501E-001
  1.020000E+000  7.028489E-002 -2.246803E-001  2.778871E-001  1.000000E+000  0.000000E+000  0.000000E+000  0.000000E+000  7.776224E-001 -6.287315E-001  0.000000E+000  6.287315E-001  7.776224E-001
  1.040000E+000  1.003510E-001 -2.458056E-001  2.778215E-001  1.000000E+000  0.000000E+000  0.000000E+000  0.000000E+000  7.489425E-001 -6.626350E-001  0.000000E+000  6.626350E-001  7.489425E-001
  1.060000E+000  1.328033E-001 -2.630865E-001  2.775796E-001  1.000000E+000  0.000000E+000  0.000000E+000  0.000000E+000  7.258008E-001 -6.879050E-001  0.000000E+000  6.879050E-001  7.258008E-001
  1.080000E+000  1.670919E-001 -2.761880E-001  2.772119E-001  1.000000E+000  0.000000E+000  0.000000E+000  0.000000E+000  7.084138E-001 -7.057973E-001  0.000000E+000  7.057973E-001  7.084138E-001
  1.100000E+000  2.026484E-001 -2.848594E-001  2.767904E-001  1.000000E+000  0.000000E+000  0.000000E+000  0.000000E+000  6.968762E-001 -7.171915E-001  0.000000E+000  7.171915E-001  6.968762E-001
  1.120000E+000  2.388972E-001 -2.889349E-001  2.763935E-001  1.000000E+000  0.000000E+000  0.000000E+000  0.000000E+000  6.912500E-001 -7.226157E-001  0.000000E+000  7.226157E-001  6.912500E-001
  1.140000E+000  2.752636E-001 -2.883317E-001  2.760916E-001  1.000000E+000  0.000000E+000  0.000000E+000  0.000000E+000  6.916099E-001 -7.222712E-001  0.000000E+000  7.222712E-001  6.916099E-001
  1.160000E+000  3.111789E-001 -2.830473E-001  2.759372E-001  1.000000E+000  0.000000E+000  0.000000E+000  0.000000E+000  6.980561E-001 -7.160430E-001  0.000000E+000  7.160430E-001  6.980561E-001
  1.180000E+000  3.460851E-001 -2.731587E-001  2.759565E-001  1.000000E+000  0.000000E+000  0.000000E+000  0.000000E+000  7.107003E-001 -7.034949E-001  0.000000E+000  7.034949E-001  7.107003E-001
  1.200000E+000  3.794404E-001 -2.588219E-001  2.761456E-001  1.000000E+000  0.000000E+000  0.000000E+000  0.000000E+000  7.296223E-001 -6.838504E-001  0.000000E+000  6.838504E-001  7.296223E-001
  1.220000E+000  4.107264E-001 -2.402737E-001  2.764698E-001  1.000000E+000  0.000000E+000  0.000000E+000  0.000000E+000  7.547877E-001 -6.559691E-001  0.000000E+000  6.559691E-001  7.547877E-001
  1.240000E+000  4.394559E-001 -2.178319E-001  2.768677E-001  1.000000E+000  0.000000E+000  0.000000E+000  0.000000E+000  7.859141E-001 -6.183356E-001  0.000000E+000  6.183356E-001  7.859141E-001
  1.260000E+000  4.651832E-001 -1.918944E-001  2.772594E-001  1.000000E+000  0.000000E+000  0.000000E+000  0.000000E+000  8.222677E-001 -5.691009E-001  0.000000E+000  5.691009E-001  8.222677E-001
  1.280000E+000  4.875131E-001 -1.629342E-001  2.775608E-001  1.000000E+000  0.000000E+000  0.000000E+000  0.000000E+000  8.623913E-001 -5.062423E-001  0.000000E+000  5.062423E-001  8.623913E-001
  1.300000E+000  5.061095E-001 -1.314888E-001  2.777024E-001  1.000000E+000  0.000000E+000  0.000000E+000  0.000000E+000  9.038063E-001 -4.279417E-001  0.000000E+000  4.279417E-001  9.038063E-001
  1.320000E+000  5.207006E-001 -9.814189E-002  2.776497E-001  1.000000E+000  0.000000E+000  0.000000E+000  0.000000E+000  9.428326E-001 -3.332666E-001  0.000000E+000  3.332666E-001  9.428326E-001
  1.340000E+000  5.310810E-001 -6.349548E-002  2.774199E-001  1.000000E+000  0.000000E+000  0.000000E+000  0.000000E+000  9.747934E-001 -2.231093E-001  0.000000E+000  2.231093E-001  9.747934E-001
  1.360000E+000  5.371089E-001 -2.813551E-002  2.770864E-001  1.000000E+000  0.000000E+000  0.000000E+000  0.000000E+000  9.948843E-001 -1.010211E-001  0.000000E+000  1.010211E-001  9.948843E-001
  1.380000E+000  5.386994E-001  7.402631E-003  2.767632E-001  1.000000E+000  0.000000E+000  0.000000E+000  0.000000E+000  9.996425E-001  2.673761E-002  0.000000E+000 -2.673761E-002  9.996425E-001
  1.400000E+000  5.358176E-001  4.265228E-002  2.765666E-001  1.000000E+000  0.000000E+000  0.000000E+000  0.000000E+000  9.883160E-001  1.524187E-001  0.000000E+000 -1.524187E-001  9.883160E-001
  1.420000E+000  5.284754E-001  7.720331E-002  2.765703E-001  1.000000E+000  0.000000E+000  0.000000E+000  0.000000E+000  9.631775E-001  2.688665E-001  0.000000E+000 -2.688665E-001  9.631775E-001
  1.440000E+000  5.167377E-001  1.106633E-001  2.767754E-001  1.000000E+000  0.000000E+000  0.000000E+000  0.000000E+000  9.285309E-001  3.712552E-001  0.000000E+000 -3.712552E-001  9.285309E-001
  1.460000E+000  5.007361E-001  1.426158E-001  2.771140E-001  1.000000E+000  0.000000E+000  0.000000E+000  0.000000E+000  8.891572E-001  4.576019E-001  0.000000E+000 -4.576019E-001  8.891572E-001
  1.480000E+000  4.806829E-001  1.726004E-001  2.774788E-001  1.000000E+000  0.000000E+000  0.000000E+000  0.000000E+000  8.491295E-001  5.281846E-001  0.000000E+000 -5.281846E-001  8.491295E-001
  1.500000E+000  4.568800E-001  2.001218E-001  2.777623E-001  1.000000E+000  0.000000E+000  0.000000E+000  0.000000E+000  8.113502E-001  5.845604E-001  0.000000E+000 -5.845604E-001  8.113502E-001
  1.520000E+000  4.297151E-001  2.246802E-001  2.778872E-001  1.000000E+000  0.000000E+000  0.000000E+000  0.000000E+000  7.776225E-001  6.287314E-001  0.000000E+000 -6.287314E-001  7.776225E-001
  1.540000E+000  3.996490E-001  2.458056E-001  2.778215E-001  1.000000E+000  0.000000E+000  0.000000E+000  0.000000E+000  7.489425E-001  6.626349E-001  0.000000E+000 -6.626349E-001  7.489425E-001
  1.560000E+000  3.671967E-001  2.630865E-001  2.775796E-001  1.000000E+000  0.000000E+000  0.000000E+000  0.000000E+000  7.258008E-001  6.879049E-001  0.000000E+000 -6.879049E-001  7.258008E-001
  1.580000E+000  3.329081E-001  2.761880E-001  2.772119E-001  1.000000E+000  0.000000E+000  0.000000E+000  0.000000E+000  7.084138E-001  7.057973E-001  0.000000E+000 -7.057973E-001  7.084138E-001
  1.600000E+000  2.973516E-001  2.848594E-001  2.767904E-001  1.000000E+000  0.000000E+000  0.000000E+000  0.000000E+000  6.968762E-001  7.171915E-001  0.000000E+000 -7.171915E-001  6.968762E-001
  1.620000E+000  2.611028E-001  2.889349E-001  2.763935E-001  1.000000E+000  0.000000E+000  0.000000E+000  0.000000E+000  6.912500E-001  7.226157E-001  0.000000E+000 -7.226157E-001  6.912500E-001
  1.640000E+000  2.247364E-001  2.883317E-001  2.760916E-001  1.000000E+000  0.000000E+000  0.000000E+000  0.000000E+000  6.916099E-001  7.222712E-001  0.000000E+000 -7.222712E-001  6.916099E-001
  1.660000E+000  1.888211E-001  2.830473E-001  2.759372E-001  1.000000E+000  0.000000E+000  0.000000E+000  0.000000E+000  6.980561E-001  7.160430E-001  0.000000E+000 -7.160430E-001  6.980561E-001
  1.680000E+000  1.539149E-001  2.731587E-001  2.759565E-001  1.000000E+000  0.000000E+000  0.000000E+000  0.000000E+000  7.107003E-001  7.034949E-001  0.000000E+000 -7.034949E-001  7.107003E-001
  1.700000E+000  1.205596E-001  2.588219E-001  2.761456E-001  1.000000E+000  0.000000E+000  0.000000E+000  0.000000E+000  7.296223E-001  6.838504E-001  0.000000E+000 -6.838504E-001  7.296223E-001
  1.720000E+000  8.927365E-002  2.402737E-001  2.764698E-001  1.000000E+000  0.000000E+000  0.000000E+000  0.000000E+000  7.547877E-001  6.559691E-001  0.000000E+000 -6.559691E-001  7.547877E-001
  1.740000E+000  6.054414E-002  2.178319E-001  2.768677E-001  1.000000E+000  0.000000E+000  0.000000E+000  0.000000E+000  7.859141E-001  6.183357E-001  0.000000E+000 -6.183357E-001  7.859141E-001
  1.760000E+000  3.481684E-002  1.918944E-001  2.772594E-001  1.000000E+000  0.000000E+000  0.000000E+000  0.000000E+000  8.222677E-001  5.691009E-001  0.000000E+000 -5.691009E-001  8.222677E-001
  1.780000E+000  1.248690E-002  1.629342E-001  2.775608E-001  1.000000E+000  0.000000E+000  0.000000E+000  0.000000E+000  8.623913E-001  5.062423E-001  0.000000E+000 -5.062423E-001  8.623913E-001
  1.800000E+000 -6.109464E-003  1.314888E-001  2.777024E-001  1.000000E+000  0.000000E+000  0.000000E+000  0.000000E+000  9.038063E-001  4.279417E-001  0.000000E+000 -4.279417E-001  9.038063E-001
  1.820000E+000 -2.070056E-002  9.814189E-002  2.776497E-001  1.000000E+000  0.000000E+000  0.000000E+000  0.000000E+000  9.428326E-001  3.332666E-001  0.000000E+000 -3.332666E-001  9.428326E-001
  1.840000E+000 -3.108098E-002  6.349548E-002  2.774199E-001  1.000000E+000  0.000000E+000  0.000000E+000  0.000000E+000  9.747934E-001  2.231093E-001  0.000000E+000 -2.231093E-001  9.747934E-001
  1.860000E+000 -3.710888E-002  2.813551E-002  2.770864E-001  1.000000E+000  0.000000E+000  0.000000E+000  0.000000E+000  9.948843E-001  1.010211E-001  0.000000E+000 -1.010211E-001  9.948843E-001
  1.880000E+000 -3.869942E-002 -7.402632E-003  2.767632E-001  1.000000E+000  0.000000E+000  0.000000E+000  0.000000E+000  9.996425E-001 -2.673761E-002  0.000000E+000  2.673761E-002  9.996425E-001
  1.900000E+000 -3.581758E-002 -4.265228E-002  2.765666E-001  1.000000E+000  0.000000E+000  0.000000E+000  0.000000E+000  9.883160E-001 -1.524187E-001  0.000000E+000  1.524187E-001  9.883160E-001
  1.920000E+000 -2.847536E-002 -7.720331E-002  2.765703E-001  1.000000E+000  0.000000E+000  0.000000E+000  0.000000E+000  9.631775E-001 -2.688665E-001  0.000000E+000  2.688665E-001  9.631775E-001
  1.940000E+000 -1.673772E-002 -1.106633E-001  2.767754E-001  1.000000E+000  0.000000E+000  0.000000E+000  0.000000E+000  9.285309E-001 -3.712552E-001  0.000000E+000  3.712552E-001  9.285309E-001
  1.960000E+000 -7.360600E-004 -1.426158E-001  2.771140E-001  1.000000E+000  0.000000E+000  0.000000E+000  0.000000E+000  8.891572E-001 -4.576019E-001  0.000000E+000  4.576019E-001  8.891572E-001
  1.980000E+000  1.931707E-002 -1.726004E-001  2.774788E-001  1.000000E+000  0.000000E+000  0.000000E+000  0.000000E+000  8.491295E-001 -5.281846E-001  0.000000E+000  5.281846E-001  8.491295E-001
  2.000000E+000  4.311998E-002 -2.001218E-001  2.777623E-001  1.000000E+000  0.000000E+000  0.000000E+000  0.000000E+000  8.113502E-001 -5.845604E-001  0.000000E+000  5.845604E-001  8.113502E-001
  2.020000E+000  7.028488E-002 -2.246802E-001  2.778872E-001  1.000000E+000  0.000000E+000  0.000000E+000  0.000000E+000  7.776225E-001 -6.287314E-001  0.000000E+000  6.287314E-001  7.776225E-001
  2.040000E+000  1.003510E-001 -2.458056E-001  2.778215E-001  1.000000E+000  0.000000E+000  0.000000E+000  0.000000E+000  7.489425E-001 -6.626349E-001  0.000000E+000  6.626349E-001  7.489425E-001
  2.060000E+000  1.328033E-001 -2.630865E-001  2.775796E-001  1.000000E+000  0.000000E+000  0.000000E+000  0.000000E+000  7.258008E-001 -6.879049E-001  0.000000E+000  6.879049E-001  7.258008E-001
  2.080000E+000  1.670919E-001 -2.761880E-001  2.772119E-001  1.000000E+000  0.000000E+000  0.000000E+000  0.000000E+000  7.084138E-001 -7.057973E-001  0.000000E+000  7.057973E-001  7.084138E-001
  2.100000E+000  2.026484E-001 -2.848594E-001  2.767904E-001  1.000000E+000  0.000000E+000  0.000000E+000  0.000000E+000  6.968762E-001 -7.171915E-001  0.000000E+000  7.171915E-001  6.968762E-001
  2.120000E+000  2.388972E-001 -2.889349E-001  2.763935E-001  1.000000E+000  0.000000E+000  0.000000E+000  0.000000E+000  6.912500E-001 -7.226157E-001  0.000000E+000  7.226157E-001  6.912500E-001
  2.140000E+000  2.752636E-001 -2.883317E-001  2.760916E-001  1.000000E+000  0.000000E+000  0.000000E+000  0.000000E+000  6.916099E-001 -7.222712E-001  0.000000E+000  7.222712E-001  6.916099E-001
  2.160000E+000  3.111789E-001 -2.830473E-001  2.759372E-001  1.000000E+000  0.000000E+000  0.000000E+000  0.000000E+000  6.980561E-001 -7.160430E-001  0.000000E+000  7.160430E-001  6.980561E-001
  2.180000E+000  3.460851E-001 -2.731587E-001  2.759565E-001  1.000000E+000  0.000000E+000  0.000000E+000  0.000000E+000  7.107003E-001 -7.034949E-001  0.000000E+000  7.034949E-001  7.107003E-001
  2.200000E+000  3.794404E-001 -2.588219E-001  2.761456E-001  1.000000E+000  0.000000E+000  0.000000E+000  0.000000E+000  7.296223E-001 -6.838504E-001  0.000000E+000  6.838504E-001  7.296223E-001
  2.220000E+000  4.107264E-001 -2.402737E-001  2.764698E-001  1.000000E+000  0.000000E+000  0.000000E+000  0.000000E+000  7.547877E-001 -6.559691E-001  0.000000E+000  6.559691E-001  7.547877E-001
  2.240000E+000  4.394559E-001 -2.178319E-001  2.768677E-001  1.000000E+000  0.000000E+000  0.000000E+000  0.000000E+000  7.859141E-001 -6.183357E-001  0.000000E+000  6.183357E-001  7.859141E-001
  2.260000E+000  4.651832E-001 -1.918944E-001  2.772594E-001  1.000000E+000  0.000000E+000  0.000000E+000  0.000000E+000  8.222677E-001 -5.691009E-001  0.000000E+000  5.691009E-001  8.222677E-001
  2.280000E+000  4.875131E-001 -1.629342E-001  2.775608E-001  1.000000E+000  0.000000E+000  0.000000E+000  0.000000E+000  8.623913E-001 -5.062423E-001  0.000000E+000  5.062423E-001  8.623913E-001
  2.300000E+000  5.061095E-001 -1.314888E-001  2.777024E-001  1.000000E+000  0.000000E+000  0.000000E+000  0.000000E+000  9.038063E-001 -4.279417E-001  0.000000E+000  4.279417E-001  9.038063E-001
  2.320000E+000  5.207006E-001 -9.814189E-002  2.776497E-001  1.000000E+000  0.000000E+000  0.000000E+000  0.000000E+000  9.428326E-001 -3.332666E-001  0.000000E+000  3.332666E-001  9.428326E-001
  2.340000E+000  5.310810E-001 -6.349548E-002  2.774199E-001  1.000000E+000  0.000000E+000  0.000000E+000  0.000000E+000  9.747934E-001 -2.231093E-001  0.000000E+000  2.231093E-001  9.747934E-001
  2.360000E+000  5.371089E-001 -2.813551E-002  2.770864E-001  1.000000E+000  0.000000E+000  0.000000E+000  0.000000E+000  9.948843E-001 -1.010211E-001  0.000000E+000  1.010211E-001  9.948843E-001
  2.380000E+000  5.386994E-001  7.402632E-003  2.767632E-001  1.000000E+000  0.000000E+000  0.000000E+000  0.000000E+000  9.996425E-001  2.673761E-002  0.000000E+000 -2.673761E-002  9.996425E-001
  2.400000E+000  5.358176E-001  4.265228E-002  2.765666E-001  1.000000E+000  0.000000E+000  0.000000E+000  0.000000E+000  9.883160E-001  1.524187E-001  0.000000E+000 -1.524187E-001  9.883160E-001
  2.420000E+000  5.284754E-001  7.720331E-002  2.765703E-001  1.000000E+000  0.000000E+000  0.000000E+000  0.000000E+000  9.631775E-001  2.688665E-001  0.000000E+000 -2.688665E-001  9.631775E-001
  2.440000E+000  5.167377E-001  1.106633E-001  2.767754E-001  1.000000E+000  0.000000E+000  0.000000E+000  0.000000E+000  9.285309E-001  3.712552E-001  0.000000E+000 -3.712552E-001  9.285309E-001
  2.460000E+000  5.007361E-001  1.426158E-001  2.771140E-001  1.000000E+000  0.000000E+000  0.000000E+000  0.000000E+000  8.891572E-001  4.576019E-001  0.000000E+000 -4.576019E-001  8.891572E-001
  2.480000E+000  4.806829E-001  1.726004E-001  2.774788E-001  1.000000E+000  0.000000E+000  0.000000E+000  0.000000E+000  8.491295E-001  5.281846E-001  0.000000E+000 -5.281846E-001  8.491295E-001
  2.500000E+000  4.568800E-001  2.001218E-001  2.777623E-001  1.000000E+000  0.000000E+000  0.000000E+000  0.000000E+000  8.113502E-001  5.845604E-001  0.000000E+000 -5.845604E-001  8.113502E-001
  2.520000E+000  4.297151E-001  2.246802E-001  2.778872E-001  1.000000E+000  0.000000E+000  0.000000E+000  0.000000E+000  7.776225E-001  6.287314E-001  0.000000E+000 -6.287314E-001  7.776225E-001
  2.540000E+000  3.996490E-001  2.458056E-001  2.778215E-001  1.000000E+000  0.000000E+000  0.000000E+000  0.000000E+000  7.489425E-001  6.626349E-001  0.000000E+000 -6.626349E-001  7.489425E-001
  2.560000E+000  3.671967E-001  2.630865E-001  2.775796E-001  1.000000E+000  0.000000E+000  0.000000E+000  0.000000E+000  7.258008E-001  6.879049E-001  0.000000E+000 -6.879049E-001  7.258008E-001
  2.580000E+000  3.329081E-001  2.761880E-001  2.772119E-001  1.000000E+000  0.000000E+000  0.000000E+000  0.000000E+000  7.084138E-001  7.057973E-001  0.000000E+000 -7.057973E-001  7.084138E-001
  2.600000E+000  2.973516E-001  2.848594E-001  2.767904E-001  1.000000E+000  0.000000E+000  0.000000E+000  0.000000E+000  6.968762E-001  7.171915E-001  0.000000E+000 -7.171915E-001  6.968762E-001
  2.620000E+000  2.611028E-001  2.889349E-001  2.763935E-001  1.000000E+000  0.000000E+000  0.000000E+000  0.000000E+000  6.912500E-001  7.226157E-001  0.000000E+000 -7.226157E-001  6.912500E-001
  2.640000E+000  2.247364E-001  2.883317E-001  2.760916E-001  1.000000E+000  0.000000E+000  0.000000E+000  0.000000E+000  6.916099E-001  7.222712E-001  0.000000E+000 -7.222712E-001  6.916099E-001
  2.660000E+000  1.888211E-001  2.830473E-001  2.759372E-001  1.000000E+000  0.000000E+000  0.000000E+000  0.000000E+000  6.980561E-001  7.160430E-001  0.000000E+000 -7.160430E-001  6.980561E-001
  2.680000E+000  1.539149E-001  2.731587E-001  2.759565E-001  1.000000E+000  0.000000E+000  0.000000E+000  0.000000E+000  7.107003E-001  7.034949E-001  0.000000E+000 -7.034949E-001  7.107003E-001
  2.700000E+000  1.205596E-001  2.588219E-001  2.761456E-001  1.000000E+000  0.000000E+000  0.000000E+000  0.000000E+000  7.296223E-001  6.838504E-001  0.000000E+000 -6.838504E-001  7.296223E-001
  2.720000E+000  8.927365E-002  2.402737E-001  2.764698E-001  1.000000E+000  0.000000E+000  0.000000E+000  0.000000E+000  7.547877E-001  6.559691E-001  0.000000E+000 -6.559691E-001  7.547877E-001
  2.740000E+000  6.054414E-002  2.178319E-001  2.768677E-001  1.000000E+000  0.000000E+000  0.000000E+000  0.000000E+000  7.859141E-001  6.183357E-001  0.000000E+000 -6.183357E-001  7.859141E-001
  2.760000E+000  3.481684E-002  1.918944E-001  2.772594E-001  1.000000E+000  0.000000E+000  0.000000E+000  0.000000E+000  8.222677E-001  5.691009E-001  0.000000E+000 -5.691009E-001  8.222677E-001
  2.780000E+000  1.248690E-002  1.629342E-001  2.775608E-001  1.000000E+000  0.000000E+000  0.000000E+000  0.000000E+000  8.623913E-001  5.062423E-001  0.000000E+000 -5.062423E-001  8.623913E-001
  2.800000E+000 -6.109464E-003  1.314888E-001  2.777024E-001  1.000000E+000  0.000000E+000  0.000000E+000  0.000000E+000  9.038063E-001  4.279417E-001  0.000000E+000 -4.279417E-001  9.038063E-001
  2.820000E+000 -2.070056E-002  9.814189E-002  2.776497E-001  1.000000E+000  0.000000E+000  0.000000E+000  0.000000E+000  9.428326E-001  3.332666E-001  0.000000E+000 -3.332666E-001  9.428326E-001
  2.840000E+000 -3.108098E-002  6.349548E-002  2.774199E-001  1.000000E+000  0.000000E+000  0.000000E+000  0.000000E+000  9.747934E-001  2.231093E-001  0.000000E+000 -2.231093E-001  9.747934E-001
  2.860000E+000 -3.710888E-002  2.813551E-002  2.770864E-001  1.000000E+000  0.000000E+000  0.000000E+000  0.000000E+000  9.948843E-001  1.010211E-001  0.000000E+000 -1.010211E-001  9.948843E-001
  2.880000E+000 -3.869942E-002 -7.402632E-003  2.767632E-001  1.000000E+000  0.000000E+000  0.000000E+000  0.000000E+000  9.996425E-001 -2.673761E-002  0.000000E+000  2.673761E-002  9.996425E-001
  2.900000E+000 -3.581758E-002 -4.265228E-002  2.765666E-001  1.000000E+000  0.000000E+000  0.000000E+000  0.000000E+000  9.883160E-001 -1.524187E-001  0.000000E+000  1.524187E-001  9.883160E-001
  2.920000E+000 -2.847536E-002 -7.720331E-002  2.765703E-001  1.000000E+000  0.000000E+000  0.000000E+000  0.000000E+000  9.631775E-001 -2.688665E-001  0.000000E+000  2.688665E-001  9.631775E-001
  2.940000E+000 -1.673772E-002 -1.106633E-001  2.767754E-001  1.000000E+000  0.000000E+000  0.000000E+000  0.000000E+000  9.285309E-001 -3.712552E-001  0.000000E+000  3.712552E-001  9.285309E-001
  2.960000E+000 -7.360600E-004 -1.426158E-001  2.771140E-001  1.000000E+000  0.000000E+000  0.000000E+000  0.000000E+000  8.891572E-001 -4.576019E-001  0.000000E+000  4.576019E-001  8.891572E-001
  2.980000E+000  1.931707E-002 -1.726004E-001  2.774788E-001  1.000000E+000  0.000000E+000  0.000000E+000  0.000000E+000  8.491295E-001 -5.281846E-001  0.000000E+000  5.281846E-001  8.491295E-001
  3.000000E+000  4.311998E-002 -2.001218E-001  2.777623E-001  1.000000E+000  0.000000E+000  0.000000E+000  0.000000E+000  8.113502E-001 -5.845604E-001  0.000000E+000  5.845604E-001  8.113502E-001
  3.020000E+000  7.028488E-002 -2.246802E-001  2.778872E-001  1.000000E+000  0.000000E+000  0.000000E+000  0.000000E+000  7.776225E-001 -6.287314E-001  0.000000E+000  6.287314E-001  7.776225E-001
  3.040000E+000  1.003510E-001 -2.458056E-001  2.778215E-001  1.000000E+000  0.000000E+000  0.000000E+000  0.000000E+000  7.489425E-001 -6.626349E-001  0.000000E+000  6.626349E-001  7.489425E-001
  3.060000E+000  1.328033E-001 -2.630865E-001  2.775796E-001  1.000000E+000  0.000000E+000  0.000000E+000  0.000000E+000  7.258008E-001 -6.879049E-001  0.000000E+000  6.879049E-001  7.258008E-001
  3.080000E+000  1.670919E-001 -2.761880E-001  2.772119E-001  1.000000E+000  0.000000E+000  0.000000E+000  0.000000E+000  7.084138E-001 -7.057973E-001  0.000000E+000  7.057973E-001  7.084138E-001
  3.100000E+000  2.026484E-001 -2.848594E-001  2.767904E-001  1.000000E+000  0.000000E+000  0.000000E+000  0.000000E+000  6.968762E-001 -7.171915E-001  0.000000E+000  7.171915E-001  6.968762E-001
  3.120000E+000  2.388972E-001 -2.889349E-001  2.763935E-001  1.000000E+000  0.000000E+000  0.000000E+000  0.000000E+000  6.912500E-001 -7.226157E-001  0.000000E+000  7.226157E-001  6.912500E-001
  3.140000E+000  2.752636E-001 -2.883317E-001  2.760916E-001  1.000000E+000  0.000000E+000  0.000000E+000  0.000000E+000  6.916099E-001 -7.222712E-001  0.000000E+000  7.222712E-001  6.916099E-001
  3.160000E+000  3.111789E-001 -2.830473E-001  2.759372E-001  1.000000E+000  0.000000E+000  0.000000E+000  0.000000E+000  6.980561E-001 -7.160430E-001  0.000000E+000  7.160430E-001  6.980561E-001
  3.180000E+000  3.460851E-001 -2.731587E-001  2.759565E-001  1.000000E+000  0.000000E+000  0.000000E+000  0.000000E+000  7.107003E-001 -7.034949E-001  0.000000E+000  7.034949E-001  7.107003E-001
  3.200000E+000  3.794404E-001 -2.588219E-001  2.761456E-001  1.000000E+000  0.000000E+000  0.000000E+000  0.000000E+000  7.296223E-001 -6.838504E-001  0.000000E+000  6.838504E-001  7.296223E-001
  3.220000E+000  4.107264E-001 -2.402737E-001  2.764698E-001  1.000000E+000  0.000000E+000  0.000000E+000  0.000000E+000  7.547877E-001 -6.559691E-001  0.000000E+000  6.559691E-001  7.547877E-001
  3.240000E+000  4.394559E-001 -2.178319E-001  2.768677E-001  1.000000E+000  0.000000E+000  0.000000E+000  0.000000E+000  7.859141E-001 -6.183357E-001  0.000000E+000  6.183357E-001  7.859141E-001
  3.260000E+000  4.651832E-001 -1.918944E-001  2.772594E-001  1.000000E+000  0.000000E+000  0.000000E+000  0.000000E+000  8.222677E-001 -5.691009E-001  0.000000E+000  5.691009E-001  8.222677E-001
  3.280000E+000  4.875131E-001 -1.629342E-001  2.775608E-001  1.000000E+000  0.000000E+000  0.000000E+000  0.000000E+000  8.623913E-001 -5.062423E-001  0.000000E+000  5.062423E-001  8.623913E-001
  3.300000E+000  5.061095E-001 -1.314888E-001  2.777024E-001  1.000000E+000  0.000000E+000  0.000000E+000  0.000000E+000  9.038063E-001 -4.279417E-001  0.000000E+000  4.279417E-001  9.038063E-001
  3.320000E+000  5.207006E-001 -9.814189E-002  2.776497E-001  1.000000E+000  0.000000E+000  0.000000E+000  0.000000E+000  9.428326E-001 -3.332666E-001  0.000000E+000  3.332666E-001  9.428326E-001
  3.340000E+000  5.310810E-001 -6.349548E-002  2.774199E-001  1.000000E+000  0.000000E+000  0.000000E+000  0.000000E+000  9.747934E-001 -2.231093E-001  0.000000E+000  2.231093E-001  9.747934E-001
  3.360000E+000  5.371089E-001 -2.813551E-002  2.770864E-001  1.000000E+000  0.000000E+000  0.000000E+000  0.000000E+000  9.948843E-001 -1.010211E-001  0.000000E+000  1.010211E-001  9.948843E-001
  3.380000E+000  5.386994E-001  7.402632E-003  2.767632E-001  1.000000E+000  0.000000E+000  0.000000E+000  0.000000E+000  9.996425E-001  2.673761E-002  0.000000E+000 -2.673761E-002  9.996425E-001
  3.400000E+000  5.358176E-001  4.265228E-002  2.765666E-001  1.000000E+000  0.000000E+000  0.000000E+000  0.000000E+000  9.883160E-001  1.524187E-001  0.000000E+000 -1.524187E-001  9.883160E-001
  3.420000E+000  5.284754E-001  7.720331E-002  2.765703E-001  1.000000E+000  0.000000E+000  0.000000E+000  0.000000E+000  9.631775E-001  2.688665E-001  0.000000E+000 -2.688665E-001  9.631775E-001
  3.440000E+000  5.167377E-001  1.106633E-001  2.767754E-001  1.000000E+000  0.000000E+000  0.000000E+000  0.000000E+000  9.285309E-001  3.712552E-001  0.000000E+000 -3.712552E-001  9.285309E-001
  3.460000E+000  5.007361E-001  1.426158E-001  2.771140E-001  1.000000E+000  0.000000E+000  0.000000E+000  0.000000E+000  8.891572E-001  4.576019E-001  0.000000E+000 -4.576019E-001  8.891572E-001
  3.480000E+000  4.806829E-001  1.726004E-001  2.774788E-001  1.000000E+000  0.000000E+000  0.000000E+000  0.000000E+000  8.491295E-001  5.281846E-001  0.000000E+000 -5.281846E-001  8.491295E-001
  3.500000E+000  4.568800E-001  2.001218E-001  2.777623E-001  1.000000E+000  0.000000E+000  0.000000E+000  0.000000E+000  8.113502E-001  5.845604E-001  0.000000E+000 -5.845604E-001  8.113502E-001
  3.520000E+000  4.297151E-001  2.246802E-001  2.778872E-001  1.000000E+000  0.000000E+000  0.000000E+000  0.000000E+000  7.776225E-001  6.287314E-001  0.000000E+000 -6.287314E-001  7.776225E-001
  3.540000E+000  3.996490E-001  2.458056E-001  2.778215E-001  1.000000E+000  0.000000E+000  0.000000E+000  0.000000E+000  7.489425E-001  6.626349E-001  0.000000E+000 -6.626349E-001  7.489425E-001
  3.560000E+000  3.671967E-001  2.630865E-001  2.775796E-001  1.000000E+000  0.000000E+000  0.000000E+000  0.000000E+000  7.258008E-001  6.879049E-001  0.000000E+000 -6.879049E-001  7.258008E-001
  3.580000E+000  3.329081E-001  2.761880E-001  2.772119E-001  1.000000E+000  0.000000E+000  0.000000E+000  0.000000E+000  7.084138E-001  7.057973E-001  0.000000E+000 -7.057973E-001  7.084138E-001
  3.600000E+000  2.973516E-001  2.848594E-001  2.767904E-001  1.000000E+000  0.000000E+000  0.000000E+000  0.000000E+000  6.968762E-001  7.171915E-001  0.000000E+000 -7.171915E-001  6.968762E-001
  3.620000E+000  2.611028E-001  2.889349E-001  2.763935E-001  1.000000E+000  0.000000E+000  0.000000E+000  0.000000E+000  6.912500E-001  7.226157E-001  0.000000E+000 -7.226157E-001  6.912500E-001
  3.640000E+000  2.247364E-001  2.883317E-001  2.760916E-001  1.000000E+000  0.000000E+000  0.000000E+000  0.000000E+000  6.916099E-001  7.222712E-001  0.000000E+000 -7.222712E-001  6.916099E-001
  3.660000E+000  1.888211E-001  2.830473E-001  2.759372E-001  1.000000E+000  0.000000E+000  0.000000E+000  0.000000E+000  6.980561E-001  7.160430E-001  0.000000E+000 -7.160430E-001  6.980561E-001
  3.680000E+000  1.539149E-001  2.731587E-001  2.759565E-001  1.000000E+000  0.000000E+000  0.000000E+000  0.000000E+000  7.107003E-001  7.034949E-001  0.000000E+000 -7.034949E-001  7.107003E-001
  3.700000E+000  1.205596E-001  2.588219E-001  2.761456E-001  1.000000E+000  0.000000E+000  0.000000E+000  0.000000E+000  7.296223E-001  6.838504E-001  0.000000E+000 -6.838504E-001  7.296223E-001
  3.720000E+000  8.927365E-002  2.402737E-001  2.764698E-001  1.000000E+000  0.000000E+000  0.000000E+000  0.000000E+000  7.547877E-001  6.559691E-001  0.000000E+000 -6.559691E-001  7.547877E-001
  3.740000E+000  6.054414E-002  2.178319E-001  2.768677E-001  1.000000E+000  0.000000E+000  0.000000E+000  0.000000E+000  7.859141E-001  6.183357E-001  0.000000E+000 -6.183357E-001  7.859141E-001
  3.760000E+000  3.481684E-002  1.918944E-001  2.772594E-001  1.000000E+000  0.000000E+000  0.000000E+000  0.000000E+000  8.222677E-001  5.691009E-001  0.000000E+000 -5.691009E-001  8.222677E-001
  3.780000E+000  1.248690E-002  1.629342E-001  2.775608E-001  1.000000E+000  0.000000E+000  0.000000E+000  0.000000E+000  8.623913E-001  5.062423E-001  0.000000E+000 -5.062423E-001  8.623913E-001
  3.800000E+000 -6.109464E-003  1.314888E-001  2.777024E-001  1.000000E+000  0.000000E+000  0.000000E+000  0.000000E+000  9.038063E-001  4.279417E-001  0.000000E+000 -4.279417E-001  9.038063E-001
  3.820000E+000 -2.070056E-002  9.814189E-002  2.776497E-001  1.000000E+000  0.000000E+000  0.000000E+000  0.000000E+000  9.428326E-001  3.332666E-001  0.000000E+000 -3.332666E-001  9.428326E-001
  3.840000E+000 -3.108098E-002  6.349548E-002  2.774199E-001  1.000000E+000  0.000000E+000  0.000000E+000  0.000000E+000  9.747934E-001  2.231093E-001  0.000000E+000 -2.231093E-001  9.747934E-001
  3.860000E+000 -3.710888E-002  2.813551E-002  2.770864E-001  1.000000E+000  0.000000E+000  0.000000E+000  0.000000E+000  9.948843E-001  1.010211E-001  0.000000E+000 -1.010211E-001  9.948843E-001
  3.880000E+000 -3.869942E-002 -7.402632E-003  2.767632E-001  1.000000E+000  0.000000E+000  0.000000E+000  0.000000E+000  9.996425E-001 -2.673761E-002  0.000000E+000  2.673761E-002  9.996425E-001
  3.900000E+000 -3.581758E-002 -4.265228E-002  2.765666E-001  1.000000E+000  0.000000E+000  0.000000E+000  0.000000E+000  9.883160E-001 -1.524187E-001  0.000000E+000  1.524187E-001  9.883160E-001
  3.920000E+000 -2.847536E-002 -7.720331E-002  2.765703E-001  1.000000E+000  0.000000E+000  0.000000E+000  0.000000E+000  9.631775E-001 -2.688665E-001  0.000000E+000  2.688665E-001  9.631775E-001
  3.940000E+000 -1.673772E-002 -1.106633E-001  2.767754E-001  1.000000E+000  0.000000E+000  0.000000E+000  0.000000E+000  9.285309E-001 -3.712552E-001  0.000000E+000  3.712552E-001  9.285309E-001
  3.960000E+000 -7.360600E-004 -1.426158E-001  2.771140E-001  1.000000E+000  0.000000E+000  0.000000E+000  0.000000E+000  8.891572E-001 -4.576019E-001  0.000000E+000  4.576019E-001  8.891572E-001
  3.980000E+000  1.931707E-002 -1.726004E-001  2.774788E-001  1.000000E+000  0.000000E+000  0.000000E+000  0.000000E+000  8.491295E-001 -5.281846E-001  0.000000E+000  5.281846E-001  8.491295E-001
