% FILE: Link.4
%
%       t         P_No_Eo[1]     P_No_Eo[2]     P_No_Eo[3]      N_E[1,1]       N_E[1,2]       N_E[1,3]       N_E[2,1]       N_E[2,2]       N_E[2,3]       N_E[3,1]       N_E[3,2]       N_E[3,3]
%   (second)        (meter)        (meter)        (meter)       (NoUnits)      (NoUnits)      (NoUnits)      (NoUnits)      (NoUnits)      (NoUnits)      (NoUnits)      (NoUnits)      (NoUnits)

  0.000000E+000  5.000000E-001  0.000000E+000  0.000000E+000  8.660254E-001  0.000000E+000 -5.000000E-001 -2.500000E-001  8.660254E-001 -4.330127E-001  4.330127E-001  5.000000E-001  7.500000E-001
  2.000000E-002  5.003664E-001  3.502551E-004 -5.676658E-004  8.764468E-001  0.000000E+000 -4.814988E-001 -2.528350E-001  8.510406E-001 -4.602222E-001  4.097750E-001  5.251000E-001  7.458917E-001
  4.000000E-002  5.011577E-001  1.399041E-003 -1.989180E-003  9.029168E-001  0.000000E+000 -4.298153E-001 -2.472670E-001  8.179519E-001 -5.194359E-001  3.515683E-001  5.752866E-001  7.385426E-001
  6.000000E-002  5.018922E-001  3.145643E-003 -3.920536E-003  9.358820E-001  0.000000E+000 -3.523137E-001 -2.204822E-001  7.799738E-001 -5.856863E-001  2.747954E-001  6.258122E-001  7.299634E-001
  8.000000E-002  5.021856E-001  5.463749E-003 -6.106445E-003  9.662189E-001  0.000000E+000 -2.577229E-001 -1.718499E-001  7.452360E-001 -6.442755E-001  1.920644E-001  6.668008E-001  7.200611E-001
  1.000000E-001  5.018204E-001  8.108578E-003 -8.363569E-003  9.880088E-001  0.000000E+000 -1.543976E-001 -1.074726E-001  7.179668E-001 -6.877305E-001  1.108523E-001  6.960773E-001  7.093576E-001
  1.200000E-001  5.007409E-001  1.078817E-002 -1.057512E-002  9.987994E-001  0.000000E+000 -4.898745E-002 -3.498306E-002  7.000203E-001 -7.132656E-001  3.429221E-002  7.141229E-001  6.991799E-001
  1.400000E-001  4.990085E-001  1.322950E-002 -1.268079E-002  9.985395E-001  0.000000E+000  5.402589E-002  3.900234E-002  6.919770E-001 -7.208652E-001 -3.738467E-002  7.219195E-001  6.909664E-001
  1.600000E-001  4.967490E-001  1.521826E-002 -1.465733E-002  9.883689E-001  0.000000E+000  1.520754E-001  1.095332E-001  6.937081E-001 -7.118789E-001 -1.054959E-001  7.202562E-001  6.856395E-001
  1.800000E-001  4.941117E-001  1.661231E-002 -1.649719E-002  9.697978E-001  0.000000E+000  2.439104E-001  1.730694E-001  7.046438E-001 -6.881309E-001 -1.718700E-001  7.095612E-001  6.833620E-001
  2.000000E-001  4.912447E-001  1.733756E-002 -1.819359E-002  9.443351E-001  0.000000E+000  3.289852E-001  2.269573E-001  7.239325E-001 -6.514692E-001 -2.381631E-001  6.898708E-001  6.836348E-001
  2.200000E-001  4.882839E-001  1.737525E-002 -1.973514E-002  9.134262E-001  0.000000E+000  4.070043E-001  2.689510E-001  7.505564E-001 -6.035979E-001 -3.054797E-001  6.608064E-001  6.855779E-001
  2.400000E-001  4.853503E-001  1.674707E-002 -2.110808E-002  8.785446E-001  0.000000E+000  4.776602E-001  2.968829E-001  7.833859E-001 -5.460468E-001 -3.741923E-001  6.215356E-001  6.882395E-001
  2.600000E-001  4.825505E-001  1.550175E-002 -2.230167E-002  8.413273E-001  0.000000E+000  5.405260E-001  3.085080E-001  8.211202E-001 -4.801920E-001 -4.438368E-001  5.707553E-001  6.908309E-001
  2.800000E-001  4.799779E-001  1.370471E-002 -2.331265E-002  8.036910E-001  0.000000E+000  5.950469E-001  3.015599E-001  8.620734E-001 -4.072973E-001 -5.129741E-001  5.067835E-001  6.928406E-001
  3.000000E-001  4.777129E-001  1.143183E-002 -2.414660E-002  7.678854E-001  0.000000E+000  6.405873E-001  2.741085E-001  9.038252E-001 -3.285797E-001 -5.789789E-001  4.279020E-001  6.940341E-001
  3.200000E-001  4.758227E-001  8.766242E-003 -2.481668E-002  7.364418E-001  0.000000E+000  6.765009E-001  2.253225E-001  9.429019E-001 -2.452871E-001 -6.378740E-001  3.330706E-001  6.943924E-001
  3.400000E-001  4.743606E-001  5.796455E-003 -2.534170E-002  7.119753E-001  0.000000E+000  7.022045E-001  1.565729E-001  9.748245E-001 -1.587516E-001 -6.845262E-001  2.229734E-001  6.940510E-001
  3.600000E-001  4.733651E-001  2.613060E-003 -2.574482E-002  6.968301E-001  0.000000E+000  7.172363E-001  7.242626E-002  9.948885E-001 -7.036564E-002 -7.135701E-001  1.009796E-001  6.932682E-001
  3.800000E-001  4.728604E-001 -6.967517E-004 -2.605226E-002  6.926370E-001  0.000000E+000  7.212864E-001 -1.928347E-002  9.996426E-001  1.851753E-002 -7.210286E-001 -2.673482E-002  6.923894E-001
  4.000000E-001  4.728569E-001 -4.054617E-003 -2.629049E-002  6.999427E-001  0.000000E+000  7.141991E-001 -1.088594E-001  9.883156E-001  1.066864E-001 -7.058540E-001 -1.524217E-001  6.917642E-001
  4.200000E-001  4.733520E-001 -7.393121E-003 -2.648196E-002  7.180756E-001  0.000000E+000  6.959651E-001 -1.871406E-001  9.631699E-001  1.930860E-001 -6.703326E-001 -2.688936E-001  6.916288E-001
  4.400000E-001  4.743321E-001 -1.065368E-002 -2.664167E-002  7.453017E-001  0.000000E+000  6.667273E-001 -2.475563E-001  9.285127E-001  2.767311E-001 -6.190648E-001 -3.713007E-001  6.920221E-001
  4.600000E-001  4.757737E-001 -1.378239E-002 -2.677656E-002  7.791756E-001  0.000000E+000  6.268057E-001 -2.868592E-001  8.891312E-001  3.565916E-001 -5.573125E-001 -4.576524E-001  6.927893E-001
  4.800000E-001  4.776449E-001 -1.672686E-002 -2.688758E-002  8.169354E-001  0.000000E+000  5.767292E-001 -3.046452E-001  8.491018E-001  4.315292E-001 -4.897018E-001 -5.282293E-001  6.936613E-001
  5.000000E-001  4.799068E-001 -1.943517E-002 -2.697303E-002  8.558323E-001  0.000000E+000  5.172534E-001 -3.023831E-001  8.113261E-001  5.003142E-001 -4.196612E-001 -5.845938E-001  6.943591E-001
  5.200000E-001  4.825147E-001 -2.185691E-002 -2.703137E-002  8.933547E-001  0.000000E+000  4.493522E-001 -2.825315E-001  7.776053E-001  5.616992E-001 -3.494187E-001 -6.287528E-001  6.946773E-001
  5.400000E-001  4.854195E-001 -2.394504E-002 -2.706305E-002  9.273547E-001  0.000000E+000  3.741834E-001 -2.479512E-001  7.489327E-001  6.145080E-001 -2.802382E-001 -6.626461E-001  6.945263E-001
  5.600000E-001  4.885682E-001 -2.565792E-002 -2.707110E-002  9.561000E-001  0.000000E+000  2.930405E-001 -2.015851E-001  7.257972E-001  6.577095E-001 -2.126880E-001 -6.879087E-001  6.939347E-001
  5.800000E-001  4.919053E-001 -2.696087E-002 -2.706087E-002  9.782766E-001  0.000000E+000  2.073036E-001 -1.463142E-001  7.084145E-001  6.904643E-001 -1.468569E-001 -7.057966E-001  6.930254E-001
  6.000000E-001  4.953735E-001 -2.782735E-002 -2.703934E-002  9.929662E-001  0.000000E+000  1.183979E-001 -8.491361E-002  6.968792E-001  7.121440E-001 -8.250903E-002 -7.171885E-001  6.919775E-001
  6.200000E-001  4.989146E-001 -2.823952E-002 -2.701403E-002  9.996145E-001  0.000000E+000  2.776430E-002 -2.006282E-002  6.912537E-001  7.223336E-001 -1.919217E-002 -7.226122E-001  6.909872E-001
  6.400000E-001  5.024699E-001 -2.818848E-002 -2.699208E-002  9.980034E-001  0.000000E+000 -6.315950E-002  4.561809E-002  6.916132E-001  7.208261E-001  4.368194E-002 -7.222681E-001  6.902323E-001
  6.600000E-001  5.059818E-001 -2.767426E-002 -2.697926E-002  9.882336E-001  0.000000E+000 -1.529520E-001  1.095199E-001  6.980584E-001  7.076156E-001  1.067694E-001 -7.160408E-001  6.898448E-001
  6.800000E-001  5.093941E-001 -2.670560E-002 -2.697923E-002  9.707187E-001  0.000000E+000 -2.402190E-001  1.689925E-001  7.107016E-001  6.828944E-001  1.707241E-001 -7.034936E-001  6.898914E-001
  7.000000E-001  5.126530E-001 -2.529961E-002 -2.699301E-002  9.461915E-001  0.000000E+000 -3.236072E-001  2.212988E-001  7.296227E-001  6.470530E-001  2.361112E-001 -6.838499E-001  6.903628E-001
  7.200000E-001  5.157076E-001 -2.348139E-002 -2.701874E-002  9.157183E-001  0.000000E+000 -4.018209E-001  2.635821E-001  7.547877E-001  6.006830E-001  3.032895E-001 -6.559692E-001  6.911729E-001
  7.400000E-001  5.185113E-001 -2.128363E-002 -2.705179E-002  8.807168E-001  0.000000E+000 -4.736433E-001  2.928707E-001  7.859138E-001  5.445789E-001  3.722428E-001 -6.183361E-001  6.921675E-001
  7.600000E-001  5.210213E-001 -1.874614E-002 -2.708540E-002  8.429702E-001  0.000000E+000 -5.379603E-001  3.061539E-001  8.222674E-001  4.797355E-001  4.423472E-001 -5.691014E-001  6.931469E-001
  7.800000E-001  5.232000E-001 -1.591520E-002 -2.711175E-002  8.046244E-001  0.000000E+000 -5.937842E-001  3.005989E-001  8.623910E-001  4.073353E-001  5.120741E-001 -5.062427E-001  6.939008E-001
  8.000000E-001  5.250147E-001 -1.284276E-002 -2.712368E-002  7.681463E-001  0.000000E+000 -6.402744E-001  2.740003E-001  9.038062E-001  3.287221E-001  5.786840E-001 -4.279420E-001  6.942554E-001
  8.200000E-001  5.264379E-001 -9.585016E-003 -2.711661E-002  7.362113E-001  0.000000E+000 -6.767517E-001  2.255388E-001  9.428326E-001  2.453547E-001  6.380636E-001 -3.332667E-001  6.941240E-001
  8.400000E-001  5.274479E-001 -6.200411E-003 -2.709039E-002  7.114837E-001  0.000000E+000 -7.027026E-001  1.567795E-001  9.747934E-001  1.587387E-001  6.849898E-001 -2.231094E-001  6.935497E-001
  8.600000E-001  5.280286E-001 -2.746686E-003 -2.705016E-002  6.962780E-001  0.000000E+000 -7.177722E-001  7.251008E-002  9.948843E-001  7.033872E-002  7.141003E-001 -1.010210E-001  6.927160E-001
  8.800000E-001  5.281701E-001  7.223237E-004 -2.700546E-002  6.921554E-001  0.000000E+000 -7.217485E-001 -1.929794E-002  9.996425E-001 -1.850668E-002  7.214905E-001  2.673776E-002  6.919079E-001
  9.000000E-001  5.278693E-001  4.158916E-003 -2.696728E-002  6.995906E-001  0.000000E+000 -7.145439E-001 -1.089100E-001  9.883160E-001 -1.066308E-001  7.061952E-001  1.524189E-001  6.914166E-001
  9.200000E-001  5.271296E-001  7.521304E-003 -2.694402E-002  7.178591E-001  0.000000E+000 -6.961884E-001 -1.871819E-001  9.631774E-001 -1.930084E-001  6.705529E-001  2.688667E-001  6.914257E-001
  9.400000E-001  5.259616E-001  1.077088E-002 -2.693858E-002  7.451971E-001  0.000000E+000 -6.668443E-001 -2.475695E-001  9.285308E-001 -2.766584E-001  6.191855E-001  3.712554E-001  6.919385E-001
  9.600000E-001  5.243828E-001  1.386868E-002 -2.694795E-002  7.791479E-001  0.000000E+000 -6.268401E-001 -2.868433E-001  8.891571E-001 -3.565397E-001  5.573594E-001  4.576021E-001  6.927849E-001
  9.800000E-001  5.224176E-001  1.677317E-002 -2.696516E-002  8.169508E-001  0.000000E+000 -5.767073E-001 -3.046080E-001  8.491295E-001 -4.315010E-001  4.896992E-001  5.281848E-001  6.936970E-001
  1.000000E+000  5.200966E-001  1.944009E-002 -2.698218E-002  8.558646E-001  0.000000E+000 -5.172000E-001 -3.023347E-001  8.113501E-001 -5.003046E-001  4.196303E-001  5.845605E-001  6.944058E-001
  1.020000E+000  5.174565E-001  2.182412E-002 -2.699233E-002  8.933871E-001  0.000000E+000 -4.492878E-001 -2.824814E-001  7.776224E-001 -5.617006E-001  3.493763E-001  6.287315E-001  6.947179E-001
  1.040000E+000  5.145392E-001  2.388129E-002 -2.699180E-002  9.273793E-001  0.000000E+000 -3.741225E-001 -2.479067E-001  7.489425E-001 -6.145140E-001  2.801963E-001  6.626350E-001  6.945537E-001
  1.060000E+000  5.113912E-001  2.557137E-002 -2.698006E-002  9.561150E-001  0.000000E+000 -2.929918E-001 -2.015505E-001  7.258008E-001 -6.577162E-001  2.126537E-001  6.879050E-001  6.939490E-001
  1.080000E+000  5.080630E-001  2.685992E-002 -2.695949E-002  9.782837E-001  0.000000E+000 -2.072702E-001 -1.462908E-001  7.084138E-001 -6.904701E-001  1.468331E-001  7.057973E-001  6.930297E-001
  1.100000E+000  5.046078E-001  2.771977E-002 -2.693457E-002  9.929685E-001  0.000000E+000 -1.183790E-001 -8.490043E-002  6.968762E-001 -7.121485E-001  8.249552E-002  7.171915E-001  6.919761E-001
  1.120000E+000  5.010810E-001  2.813192E-002 -2.691083E-002  9.996147E-001  0.000000E+000 -2.775702E-002 -2.005766E-002  6.912500E-001 -7.223373E-001  1.918704E-002  7.226157E-001  6.909836E-001
  1.140000E+000  4.975391E-001  2.808608E-002 -2.689379E-002  9.980035E-001  0.000000E+000  6.315897E-002  4.561791E-002  6.916099E-001 -7.208292E-001 -4.368137E-002  7.222712E-001  6.902291E-001
  1.160000E+000  4.940386E-001  2.758080E-002 -2.688798E-002  9.882344E-001  0.000000E+000  1.529472E-001  1.095168E-001  6.980561E-001 -7.076183E-001 -1.067657E-001  7.160430E-001  6.898430E-001
  1.180000E+000  4.906351E-001  2.662344E-002 -2.689613E-002  9.707203E-001  0.000000E+000  2.402127E-001  1.689884E-001  7.107003E-001 -6.828967E-001 -1.707193E-001  7.034949E-001  6.898912E-001
  1.200000E+000  4.873822E-001  2.522990E-002 -2.691860E-002  9.461936E-001  0.000000E+000  3.236011E-001  2.212947E-001  7.296223E-001 -6.470549E-001 -2.361066E-001  6.838504E-001  6.903639E-001
  1.220000E+000  4.843308E-001  2.342429E-002 -2.695305E-002  9.157205E-001  0.000000E+000  4.018159E-001  2.635788E-001  7.547877E-001 -6.006843E-001 -3.032857E-001  6.559691E-001  6.911746E-001
  1.240000E+000  4.815281E-001  2.123856E-002 -2.699453E-002  8.807187E-001  0.000000E+000  4.736396E-001  2.928683E-001  7.859141E-001 -5.445798E-001 -3.722401E-001  6.183356E-001  6.921693E-001
  1.260000E+000  4.790171E-001  1.871198E-002 -2.703607E-002  8.429717E-001  0.000000E+000  5.379579E-001  3.061523E-001  8.222677E-001 -4.797359E-001 -4.423454E-001  5.691009E-001  6.931484E-001
  1.280000E+000  4.768360E-001  1.589052E-002 -2.706974E-002  8.046254E-001  0.000000E+000  5.937827E-001  3.005980E-001  8.623913E-001 -4.073354E-001 -5.120731E-001  5.062423E-001  6.939019E-001
  1.300000E+000  4.750180E-001  1.282599E-002 -2.708830E-002  7.681469E-001  0.000000E+000  6.402737E-001  2.739998E-001  9.038063E-001 -3.287221E-001 -5.786834E-001  4.279417E-001  6.942560E-001
  1.320000E+000  4.735908E-001  9.574598E-003 -2.708715E-002  7.362116E-001  0.000000E+000  6.767514E-001  2.255386E-001  9.428326E-001 -2.453547E-001 -6.380633E-001  3.332666E-001  6.941243E-001
  1.340000E+000  4.725767E-001  6.194859E-003 -2.706614E-002  7.114839E-001  0.000000E+000  7.027024E-001  1.567795E-001  9.747934E-001 -1.587387E-001 -6.849897E-001  2.231093E-001  6.935498E-001
  1.360000E+000  4.719919E-001  2.744683E-003 -2.703041E-002  6.962780E-001  0.000000E+000  7.177722E-001  7.251014E-002  9.948843E-001 -7.033878E-002 -7.141003E-001  1.010211E-001  6.927160E-001
  1.380000E+000  4.718464E-001 -7.218945E-004 -2.698956E-002  6.921553E-001  0.000000E+000  7.217486E-001 -1.929783E-002  9.996425E-001  1.850658E-002 -7.214905E-001 -2.673761E-002  6.919079E-001
  1.400000E+000  4.721437E-001 -4.156962E-003 -2.695464E-002  6.995906E-001  0.000000E+000  7.145439E-001 -1.089099E-001  9.883160E-001  1.066307E-001 -7.061952E-001 -1.524187E-001  6.914166E-001
  1.420000E+000  4.728804E-001 -7.518530E-003 -2.693410E-002  7.178591E-001  0.000000E+000  6.961884E-001 -1.871817E-001  9.631775E-001  1.930083E-001 -6.705530E-001 -2.688665E-001  6.914257E-001
  1.440000E+000  4.740458E-001 -1.076781E-002 -2.693091E-002  7.451971E-001  0.000000E+000  6.668443E-001 -2.475694E-001  9.285309E-001  2.766583E-001 -6.191855E-001 -3.712552E-001  6.919385E-001
  1.460000E+000  4.756224E-001 -1.386567E-002 -2.694212E-002  7.791479E-001  0.000000E+000  6.268401E-001 -2.868432E-001  8.891572E-001  3.565396E-001 -5.573594E-001 -4.576019E-001  6.927849E-001
  1.480000E+000  4.775860E-001 -1.677046E-002 -2.696082E-002  8.169508E-001  0.000000E+000  5.767073E-001 -3.046080E-001  8.491295E-001  4.315009E-001 -4.896992E-001 -5.281846E-001  6.936971E-001
  1.500000E+000  4.799058E-001 -1.943781E-002 -2.697903E-002  8.558645E-001  0.000000E+000  5.172001E-001 -3.023347E-001  8.113502E-001  5.003045E-001 -4.196304E-001 -5.845604E-001  6.944059E-001
  1.520000E+000  4.825450E-001 -2.182234E-002 -2.699013E-002  8.933871E-001  0.000000E+000  4.492878E-001 -2.824814E-001  7.776225E-001  5.617005E-001 -3.493763E-001 -6.287314E-001  6.947179E-001
  1.540000E+000  4.854616E-001 -2.387999E-002 -2.699034E-002  9.273793E-001  0.000000E+000  3.741226E-001 -2.479067E-001  7.489425E-001  6.145139E-001 -2.801963E-001 -6.626349E-001  6.945538E-001
  1.560000E+000  4.886091E-001 -2.557051E-002 -2.697916E-002  9.561149E-001  0.000000E+000  2.929918E-001 -2.015505E-001  7.258008E-001  6.577162E-001 -2.126537E-001 -6.879049E-001  6.939490E-001
  1.580000E+000  4.919371E-001 -2.685945E-002 -2.695902E-002  9.782837E-001  0.000000E+000  2.072702E-001 -1.462908E-001  7.084138E-001  6.904700E-001 -1.468331E-001 -7.057973E-001  6.930297E-001
  1.600000E+000  4.953922E-001 -2.771960E-002 -2.693441E-002  9.929685E-001  0.000000E+000  1.183791E-001 -8.490046E-002  6.968762E-001  7.121485E-001 -8.249556E-002 -7.171915E-001  6.919761E-001
  1.620000E+000  4.989190E-001 -2.813198E-002 -2.691089E-002  9.996147E-001  0.000000E+000  2.775706E-002 -2.005769E-002  6.912500E-001  7.223373E-001 -1.918707E-002 -7.226157E-001  6.909837E-001
  1.640000E+000  5.024609E-001 -2.808629E-002 -2.689400E-002  9.980035E-001  0.000000E+000 -6.315894E-002  4.561788E-002  6.916099E-001  7.208292E-001  4.368135E-002 -7.222712E-001  6.902291E-001
  1.660000E+000  5.059615E-001 -2.758112E-002 -2.688828E-002  9.882344E-001  0.000000E+000 -1.529472E-001  1.095168E-001  6.980561E-001  7.076184E-001  1.067657E-001 -7.160430E-001  6.898431E-001
  1.680000E+000  5.093651E-001 -2.662380E-002 -2.689649E-002  9.707203E-001  0.000000E+000 -2.402127E-001  1.689884E-001  7.107003E-001  6.828967E-001  1.707192E-001 -7.034949E-001  6.898912E-001
  1.700000E+000  5.126180E-001 -2.523026E-002 -2.691899E-002  9.461936E-001  0.000000E+000 -3.236011E-001  2.212947E-001  7.296223E-001  6.470549E-001  2.361066E-001 -6.838504E-001  6.903639E-001
  1.720000E+000  5.156694E-001 -2.342463E-002 -2.695344E-002  9.157205E-001  0.000000E+000 -4.018159E-001  2.635788E-001  7.547877E-001  6.006844E-001  3.032857E-001 -6.559691E-001  6.911746E-001
  1.740000E+000  5.184722E-001 -2.123886E-002 -2.699491E-002  8.807187E-001  0.000000E+000 -4.736396E-001  2.928683E-001  7.859141E-001  5.445798E-001  3.722401E-001 -6.183357E-001  6.921693E-001
  1.760000E+000  5.209832E-001 -1.871222E-002 -2.703643E-002  8.429717E-001  0.000000E+000 -5.379579E-001  3.061523E-001  8.222677E-001  4.797359E-001  4.423454E-001 -5.691009E-001  6.931484E-001
  1.780000E+000  5.231643E-001 -1.589072E-002 -2.707007E-002  8.046254E-001  0.000000E+000 -5.937827E-001  3.005980E-001  8.623913E-001  4.073354E-001  5.120731E-001 -5.062423E-001  6.939019E-001
  1.800000E+000  5.249823E-001 -1.282614E-002 -2.708860E-002  7.681469E-001  0.000000E+000 -6.402737E-001  2.739998E-001  9.038063E-001  3.287221E-001  5.786834E-001 -4.279417E-001  6.942560E-001
  1.820000E+000  5.264095E-001 -9.574691E-003 -2.708742E-002  7.362116E-001  0.000000E+000 -6.767514E-001  2.255386E-001  9.428326E-001  2.453547E-001  6.380633E-001 -3.332666E-001  6.941243E-001
  1.840000E+000  5.274236E-001 -6.194911E-003 -2.706637E-002  7.114838E-001  0.000000E+000 -7.027025E-001  1.567795E-001  9.747934E-001  1.587387E-001  6.849897E-001 -2.231093E-001  6.935498E-001
  1.860000E+000  5.280083E-001 -2.744703E-003 -2.703061E-002  6.962780E-001  0.000000E+000 -7.177722E-001  7.251014E-002  9.948843E-001  7.033877E-002  7.141003E-001 -1.010211E-001  6.927160E-001
  1.880000E+000  5.281538E-001  7.218991E-004 -2.698974E-002  6.921553E-001  0.000000E+000 -7.217486E-001 -1.929783E-002  9.996425E-001 -1.850658E-002  7.214905E-001  2.673761E-002  6.919079E-001
  1.900000E+000  5.278564E-001  4.156984E-003 -2.695479E-002  6.995906E-001  0.000000E+000 -7.145439E-001 -1.089099E-001  9.883160E-001 -1.066307E-001  7.061952E-001  1.524187E-001  6.914166E-001
  1.920000E+000  5.271198E-001  7.518564E-003 -2.693423E-002  7.178591E-001  0.000000E+000 -6.961884E-001 -1.871817E-001  9.631775E-001 -1.930083E-001  6.705530E-001  2.688665E-001  6.914257E-001
  1.940000E+000  5.259543E-001  1.076785E-002 -2.693101E-002  7.451971E-001  0.000000E+000 -6.668443E-001 -2.475694E-001  9.285309E-001 -2.766583E-001  6.191855E-001  3.712552E-001  6.919385E-001
  1.960000E+000  5.243776E-001  1.386572E-002 -2.694220E-002  7.791479E-001  0.000000E+000 -6.268401E-001 -2.868432E-001  8.891572E-001 -3.565396E-001  5.573594E-001  4.576019E-001  6.927849E-001
  1.980000E+000  5.224140E-001  1.677050E-002 -2.696089E-002  8.169508E-001  0.000000E+000 -5.767073E-001 -3.046080E-001  8.491295E-001 -4.315009E-001  4.896992E-001  5.281846E-001  6.936971E-001
  2.000000E+000  5.200943E-001  1.943785E-002 -2.697909E-002  8.558645E-001  0.000000E+000 -5.172001E-001 -3.023347E-001  8.113502E-001 -5.003045E-001  4.196304E-001  5.845604E-001  6.944059E-001
  2.020000E+000  5.174551E-001  2.182237E-002 -2.699017E-002  8.933871E-001  0.000000E+000 -4.492878E-001 -2.824814E-001  7.776225E-001 -5.617005E-001  3.493763E-001  6.287314E-001  6.947179E-001
  2.040000E+000  5.145384E-001  2.388002E-002 -2.699037E-002  9.273793E-001  0.000000E+000 -3.741226E-001 -2.479067E-001  7.489425E-001 -6.145139E-001  2.801963E-001  6.626349E-001  6.945538E-001
  2.060000E+000  5.113909E-001  2.557054E-002 -2.697919E-002  9.561149E-001  0.000000E+000 -2.929918E-001 -2.015505E-001  7.258008E-001 -6.577162E-001  2.126537E-001  6.879049E-001  6.939490E-001
  2.080000E+000  5.080629E-001  2.685947E-002 -2.695904E-002  9.782837E-001  0.000000E+000 -2.072702E-001 -1.462908E-001  7.084138E-001 -6.904700E-001  1.468331E-001  7.057973E-001  6.930297E-001
  2.100000E+000  5.046078E-001  2.771961E-002 -2.693442E-002  9.929685E-001  0.000000E+000 -1.183791E-001 -8.490046E-002  6.968762E-001 -7.121485E-001  8.249556E-002  7.171915E-001  6.919761E-001
  2.120000E+000  5.010810E-001  2.813199E-002 -2.691090E-002  9.996147E-001  0.000000E+000 -2.775706E-002 -2.005769E-002  6.912500E-001 -7.223373E-001  1.918707E-002  7.226157E-001  6.909837E-001
  2.140000E+000  4.975391E-001  2.808630E-002 -2.689400E-002  9.980035E-001  0.000000E+000  6.315894E-002  4.561789E-002  6.916099E-001 -7.208292E-001 -4.368135E-002  7.222712E-001  6.902291E-001
  2.160000E+000  4.940385E-001  2.758112E-002 -2.688829E-002  9.882344E-001  0.000000E+000  1.529472E-001  1.095168E-001  6.980561E-001 -7.076184E-001 -1.067657E-001  7.160430E-001  6.898431E-001
  2.180000E+000  4.906349E-001  2.662380E-002 -2.689649E-002  9.707203E-001  0.000000E+000  2.402127E-001  1.689884E-001  7.107003E-001 -6.828967E-001 -1.707192E-001  7.034949E-001  6.898912E-001
  2.200000E+000  4.873820E-001  2.523026E-002 -2.691899E-002  9.461936E-001  0.000000E+000  3.236011E-001  2.212947E-001  7.296223E-001 -6.470549E-001 -2.361066E-001  6.838504E-001  6.903639E-001
  2.220000E+000  4.843306E-001  2.342463E-002 -2.695344E-002  9.157205E-001  0.000000E+000  4.018159E-001  2.635788E-001  7.547877E-001 -6.006843E-001 -3.032857E-001  6.559691E-001  6.911746E-001
  2.240000E+000  4.815278E-001  2.123886E-002 -2.699491E-002  8.807187E-001  0.000000E+000  4.736396E-001  2.928683E-001  7.859141E-001 -5.445798E-001 -3.722401E-001  6.183357E-001  6.921693E-001
  2.260000E+000  4.790168E-001  1.871222E-002 -2.703643E-002  8.429717E-001  0.000000E+000  5.379579E-001  3.061523E-001  8.222677E-001 -4.797359E-001 -4.423454E-001  5.691009E-001  6.931484E-001
  2.280000E+000  4.768357E-001  1.589072E-002 -2.707007E-002  8.046254E-001  0.000000E+000  5.937827E-001  3.005980E-001  8.623913E-001 -4.073354E-001 -5.120731E-001  5.062423E-001  6.939019E-001
  2.300000E+000  4.750177E-001  1.282613E-002 -2.708860E-002  7.681469E-001  0.000000E+000  6.402737E-001  2.739998E-001  9.038063E-001 -3.287221E-001 -5.786834E-001  4.279417E-001  6.942560E-001
  2.320000E+000  4.735905E-001  9.574691E-003 -2.708742E-002  7.362116E-001  0.000000E+000  6.767514E-001  2.255386E-001  9.428326E-001 -2.453547E-001 -6.380633E-001  3.332666E-001  6.941243E-001
  2.340000E+000  4.725764E-001  6.194911E-003 -2.706636E-002  7.114838E-001  0.000000E+000  7.027025E-001  1.567795E-001  9.747934E-001 -1.587387E-001 -6.849897E-001  2.231093E-001  6.935498E-001
  2.360000E+000  4.719917E-001  2.744703E-003 -2.703061E-002  6.962780E-001  0.000000E+000  7.177722E-001  7.251014E-002  9.948843E-001 -7.033877E-002 -7.141003E-001  1.010211E-001  6.927160E-001
  2.380000E+000  4.718462E-001 -7.218991E-004 -2.698973E-002  6.921553E-001  0.000000E+000  7.217486E-001 -1.929783E-002  9.996425E-001  1.850658E-002 -7.214905E-001 -2.673761E-002  6.919079E-001
  2.400000E+000  4.721436E-001 -4.156984E-003 -2.695478E-002  6.995906E-001  0.000000E+000  7.145439E-001 -1.089099E-001  9.883160E-001  1.066307E-001 -7.061952E-001 -1.524187E-001  6.914166E-001
  2.420000E+000  4.728802E-001 -7.518563E-003 -2.693422E-002  7.178591E-001  0.000000E+000  6.961884E-001 -1.871817E-001  9.631775E-001  1.930083E-001 -6.705530E-001 -2.688665E-001  6.914257E-001
  2.440000E+000  4.740457E-001 -1.076784E-002 -2.693101E-002  7.451971E-001  0.000000E+000  6.668443E-001 -2.475694E-001  9.285309E-001  2.766583E-001 -6.191855E-001 -3.712552E-001  6.919385E-001
  2.460000E+000  4.756224E-001 -1.386572E-002 -2.694220E-002  7.791479E-001  0.000000E+000  6.268401E-001 -2.868432E-001  8.891572E-001  3.565396E-001 -5.573594E-001 -4.576019E-001  6.927849E-001
  2.480000E+000  4.775860E-001 -1.677050E-002 -2.696089E-002  8.169508E-001  0.000000E+000  5.767073E-001 -3.046080E-001  8.491295E-001  4.315009E-001 -4.896992E-001 -5.281846E-001  6.936971E-001
  2.500000E+000  4.799057E-001 -1.943785E-002 -2.697908E-002  8.558645E-001  0.000000E+000  5.172001E-001 -3.023347E-001  8.113502E-001  5.003045E-001 -4.196304E-001 -5.845604E-001  6.944059E-001
  2.520000E+000  4.825449E-001 -2.182237E-002 -2.699017E-002  8.933871E-001  0.000000E+000  4.492878E-001 -2.824814E-001  7.776225E-001  5.617005E-001 -3.493763E-001 -6.287314E-001  6.947179E-001
  2.540000E+000  4.854616E-001 -2.388002E-002 -2.699037E-002  9.273793E-001  0.000000E+000  3.741226E-001 -2.479067E-001  7.489425E-001  6.145139E-001 -2.801963E-001 -6.626349E-001  6.945538E-001
  2.560000E+000  4.886091E-001 -2.557054E-002 -2.697919E-002  9.561149E-001  0.000000E+000  2.929918E-001 -2.015505E-001  7.258008E-001  6.577162E-001 -2.126537E-001 -6.879049E-001  6.939490E-001
  2.580000E+000  4.919371E-001 -2.685947E-002 -2.695904E-002  9.782837E-001  0.000000E+000  2.072702E-001 -1.462908E-001  7.084138E-001  6.904700E-001 -1.468331E-001 -7.057973E-001  6.930297E-001
  2.600000E+000  4.953922E-001 -2.771961E-002 -2.693442E-002  9.929685E-001  0.000000E+000  1.183791E-001 -8.490046E-002  6.968762E-001  7.121485E-001 -8.249556E-002 -7.171915E-001  6.919761E-001
  2.620000E+000  4.989190E-001 -2.813199E-002 -2.691090E-002  9.996147E-001  0.000000E+000  2.775706E-002 -2.005769E-002  6.912500E-001  7.223373E-001 -1.918707E-002 -7.226157E-001  6.909837E-001
  2.640000E+000  5.024609E-001 -2.808630E-002 -2.689400E-002  9.980035E-001  0.000000E+000 -6.315894E-002  4.561789E-002  6.916099E-001  7.208292E-001  4.368135E-002 -7.222712E-001  6.902291E-001
  2.660000E+000  5.059615E-001 -2.758112E-002 -2.688828E-002  9.882344E-001  0.000000E+000 -1.529472E-001  1.095168E-001  6.980561E-001  7.076184E-001  1.067657E-001 -7.160430E-001  6.898431E-001
  2.680000E+000  5.093651E-001 -2.662380E-002 -2.689649E-002  9.707203E-001  0.000000E+000 -2.402127E-001  1.689884E-001  7.107003E-001  6.828967E-001  1.707192E-001 -7.034949E-001  6.898912E-001
  2.700000E+000  5.126180E-001 -2.523026E-002 -2.691899E-002  9.461936E-001  0.000000E+000 -3.236011E-001  2.212947E-001  7.296223E-001  6.470549E-001  2.361066E-001 -6.838504E-001  6.903639E-001
  2.720000E+000  5.156694E-001 -2.342463E-002 -2.695344E-002  9.157205E-001  0.000000E+000 -4.018159E-001  2.635788E-001  7.547877E-001  6.006843E-001  3.032857E-001 -6.559691E-001  6.911746E-001
  2.740000E+000  5.184722E-001 -2.123886E-002 -2.699491E-002  8.807187E-001  0.000000E+000 -4.736396E-001  2.928683E-001  7.859141E-001  5.445798E-001  3.722401E-001 -6.183357E-001  6.921693E-001
  2.760000E+000  5.209832E-001 -1.871222E-002 -2.703643E-002  8.429717E-001  0.000000E+000 -5.379579E-001  3.061523E-001  8.222677E-001  4.797359E-001  4.423454E-001 -5.691009E-001  6.931484E-001
  2.780000E+000  5.231643E-001 -1.589072E-002 -2.707007E-002  8.046254E-001  0.000000E+000 -5.937827E-001  3.005980E-001  8.623913E-001  4.073354E-001  5.120731E-001 -5.062423E-001  6.939019E-001
  2.800000E+000  5.249823E-001 -1.282613E-002 -2.708860E-002  7.681469E-001  0.000000E+000 -6.402737E-001  2.739998E-001  9.038063E-001  3.287221E-001  5.786834E-001 -4.279417E-001  6.942560E-001
  2.820000E+000  5.264095E-001 -9.574691E-003 -2.708742E-002  7.362116E-001  0.000000E+000 -6.767514E-001  2.255386E-001  9.428326E-001  2.453547E-001  6.380633E-001 -3.332666E-001  6.941243E-001
  2.840000E+000  5.274236E-001 -6.194911E-003 -2.706636E-002  7.114838E-001  0.000000E+000 -7.027025E-001  1.567795E-001  9.747934E-001  1.587387E-001  6.849897E-001 -2.231093E-001  6.935498E-001
  2.860000E+000  5.280083E-001 -2.744703E-003 -2.703061E-002  6.962780E-001  0.000000E+000 -7.177722E-001  7.251014E-002  9.948843E-001  7.033877E-002  7.141003E-001 -1.010211E-001  6.927160E-001
  2.880000E+000  5.281538E-001  7.218991E-004 -2.698973E-002  6.921553E-001  0.000000E+000 -7.217486E-001 -1.929783E-002  9.996425E-001 -1.850658E-002  7.214905E-001  2.673761E-002  6.919079E-001
  2.900000E+000  5.278564E-001  4.156984E-003 -2.695478E-002  6.995906E-001  0.000000E+000 -7.145439E-001 -1.089099E-001  9.883160E-001 -1.066307E-001  7.061952E-001  1.524187E-001  6.914166E-001
  2.920000E+000  5.271198E-001  7.518563E-003 -2.693422E-002  7.178591E-001  0.000000E+000 -6.961884E-001 -1.871817E-001  9.631775E-001 -1.930083E-001  6.705530E-001  2.688665E-001  6.914257E-001
  2.940000E+000  5.259543E-001  1.076784E-002 -2.693101E-002  7.451971E-001  0.000000E+000 -6.668443E-001 -2.475694E-001  9.285309E-001 -2.766583E-001  6.191855E-001  3.712552E-001  6.919385E-001
  2.960000E+000  5.243776E-001  1.386572E-002 -2.694220E-002  7.791479E-001  0.000000E+000 -6.268401E-001 -2.868432E-001  8.891572E-001 -3.565396E-001  5.573594E-001  4.576019E-001  6.927849E-001
  2.980000E+000  5.224140E-001  1.677050E-002 -2.696089E-002  8.169508E-001  0.000000E+000 -5.767073E-001 -3.046080E-001  8.491295E-001 -4.315009E-001  4.896992E-001  5.281846E-001  6.936971E-001
  3.000000E+000  5.200943E-001  1.943785E-002 -2.697908E-002  8.558645E-001  0.000000E+000 -5.172001E-001 -3.023347E-001  8.113502E-001 -5.003045E-001  4.196304E-001  5.845604E-001  6.944059E-001
  3.020000E+000  5.174551E-001  2.182237E-002 -2.699017E-002  8.933871E-001  0.000000E+000 -4.492878E-001 -2.824814E-001  7.776225E-001 -5.617005E-001  3.493763E-001  6.287314E-001  6.947179E-001
  3.040000E+000  5.145384E-001  2.388002E-002 -2.699037E-002  9.273793E-001  0.000000E+000 -3.741226E-001 -2.479067E-001  7.489425E-001 -6.145139E-001  2.801963E-001  6.626349E-001  6.945538E-001
  3.060000E+000  5.113909E-001  2.557054E-002 -2.697919E-002  9.561149E-001  0.000000E+000 -2.929918E-001 -2.015505E-001  7.258008E-001 -6.577162E-001  2.126537E-001  6.879049E-001  6.939490E-001
  3.080000E+000  5.080629E-001  2.685947E-002 -2.695904E-002  9.782837E-001  0.000000E+000 -2.072702E-001 -1.462908E-001  7.084138E-001 -6.904700E-001  1.468331E-001  7.057973E-001  6.930297E-001
  3.100000E+000  5.046078E-001  2.771961E-002 -2.693442E-002  9.929685E-001  0.000000E+000 -1.183791E-001 -8.490046E-002  6.968762E-001 -7.121485E-001  8.249556E-002  7.171915E-001  6.919761E-001
  3.120000E+000  5.010810E-001  2.813199E-002 -2.691090E-002  9.996147E-001  0.000000E+000 -2.775706E-002 -2.005769E-002  6.912500E-001 -7.223373E-001  1.918707E-002  7.226157E-001  6.909837E-001
  3.140000E+000  4.975391E-001  2.808630E-002 -2.689400E-002  9.980035E-001  0.000000E+000  6.315894E-002  4.561789E-002  6.916099E-001 -7.208292E-001 -4.368135E-002  7.222712E-001  6.902291E-001
  3.160000E+000  4.940385E-001  2.758112E-002 -2.688828E-002  9.882344E-001  0.000000E+000  1.529472E-001  1.095168E-001  6.980561E-001 -7.076184E-001 -1.067657E-001  7.160430E-001  6.898431E-001
  3.180000E+000  4.906349E-001  2.662380E-002 -2.689649E-002  9.707203E-001  0.000000E+000  2.402127E-001  1.689884E-001  7.107003E-001 -6.828967E-001 -1.707192E-001  7.034949E-001  6.898912E-001
  3.200000E+000  4.873820E-001  2.523026E-002 -2.691899E-002  9.461936E-001  0.000000E+000  3.236011E-001  2.212947E-001  7.296223E-001 -6.470549E-001 -2.361066E-001  6.838504E-001  6.903639E-001
  3.220000E+000  4.843306E-001  2.342463E-002 -2.695344E-002  9.157205E-001  0.000000E+000  4.018159E-001  2.635788E-001  7.547877E-001 -6.006843E-001 -3.032857E-001  6.559691E-001  6.911746E-001
  3.240000E+000  4.815278E-001  2.123886E-002 -2.699491E-002  8.807187E-001  0.000000E+000  4.736396E-001  2.928683E-001  7.859141E-001 -5.445798E-001 -3.722401E-001  6.183357E-001  6.921693E-001
  3.260000E+000  4.790168E-001  1.871222E-002 -2.703643E-002  8.429717E-001  0.000000E+000  5.379579E-001  3.061523E-001  8.222677E-001 -4.797359E-001 -4.423454E-001  5.691009E-001  6.931484E-001
  3.280000E+000  4.768357E-001  1.589072E-002 -2.707007E-002  8.046254E-001  0.000000E+000  5.937827E-001  3.005980E-001  8.623913E-001 -4.073354E-001 -5.120731E-001  5.062423E-001  6.939019E-001
  3.300000E+000  4.750177E-001  1.282613E-002 -2.708860E-002  7.681469E-001  0.000000E+000  6.402737E-001  2.739998E-001  9.038063E-001 -3.287221E-001 -5.786834E-001  4.279417E-001  6.942560E-001
  3.320000E+000  4.735905E-001  9.574691E-003 -2.708742E-002  7.362116E-001  0.000000E+000  6.767514E-001  2.255386E-001  9.428326E-001 -2.453547E-001 -6.380633E-001  3.332666E-001  6.941243E-001
  3.340000E+000  4.725764E-001  6.194911E-003 -2.706636E-002  7.114838E-001  0.000000E+000  7.027025E-001  1.567795E-001  9.747934E-001 -1.587387E-001 -6.849897E-001  2.231093E-001  6.935498E-001
  3.360000E+000  4.719917E-001  2.744703E-003 -2.703061E-002  6.962780E-001  0.000000E+000  7.177722E-001  7.251014E-002  9.948843E-001 -7.033877E-002 -7.141003E-001  1.010211E-001  6.927160E-001
  3.380000E+000  4.718462E-001 -7.218991E-004 -2.698973E-002  6.921553E-001  0.000000E+000  7.217486E-001 -1.929783E-002  9.996425E-001  1.850658E-002 -7.214905E-001 -2.673761E-002  6.919079E-001
  3.400000E+000  4.721436E-001 -4.156984E-003 -2.695478E-002  6.995906E-001  0.000000E+000  7.145439E-001 -1.089099E-001  9.883160E-001  1.066307E-001 -7.061952E-001 -1.524187E-001  6.914166E-001
  3.420000E+000  4.728802E-001 -7.518563E-003 -2.693422E-002  7.178591E-001  0.000000E+000  6.961884E-001 -1.871817E-001  9.631775E-001  1.930083E-001 -6.705530E-001 -2.688665E-001  6.914257E-001
  3.440000E+000  4.740457E-001 -1.076784E-002 -2.693101E-002  7.451971E-001  0.000000E+000  6.668443E-001 -2.475694E-001  9.285309E-001  2.766583E-001 -6.191855E-001 -3.712552E-001  6.919385E-001
  3.460000E+000  4.756224E-001 -1.386572E-002 -2.694220E-002  7.791479E-001  0.000000E+000  6.268401E-001 -2.868432E-001  8.891572E-001  3.565396E-001 -5.573594E-001 -4.576019E-001  6.927849E-001
  3.480000E+000  4.775860E-001 -1.677050E-002 -2.696089E-002  8.169508E-001  0.000000E+000  5.767073E-001 -3.046080E-001  8.491295E-001  4.315009E-001 -4.896992E-001 -5.281846E-001  6.936971E-001
  3.500000E+000  4.799057E-001 -1.943785E-002 -2.697908E-002  8.558645E-001  0.000000E+000  5.172001E-001 -3.023347E-001  8.113502E-001  5.003045E-001 -4.196304E-001 -5.845604E-001  6.944059E-001
  3.520000E+000  4.825449E-001 -2.182237E-002 -2.699017E-002  8.933871E-001  0.000000E+000  4.492878E-001 -2.824814E-001  7.776225E-001  5.617005E-001 -3.493763E-001 -6.287314E-001  6.947179E-001
  3.540000E+000  4.854616E-001 -2.388002E-002 -2.699037E-002  9.273793E-001  0.000000E+000  3.741226E-001 -2.479067E-001  7.489425E-001  6.145139E-001 -2.801963E-001 -6.626349E-001  6.945538E-001
  3.560000E+000  4.886091E-001 -2.557054E-002 -2.697919E-002  9.561149E-001  0.000000E+000  2.929918E-001 -2.015505E-001  7.258008E-001  6.577162E-001 -2.126537E-001 -6.879049E-001  6.939490E-001
  3.580000E+000  4.919371E-001 -2.685947E-002 -2.695904E-002  9.782837E-001  0.000000E+000  2.072702E-001 -1.462908E-001  7.084138E-001  6.904700E-001 -1.468331E-001 -7.057973E-001  6.930297E-001
  3.600000E+000  4.953922E-001 -2.771961E-002 -2.693442E-002  9.929685E-001  0.000000E+000  1.183791E-001 -8.490046E-002  6.968762E-001  7.121485E-001 -8.249556E-002 -7.171915E-001  6.919761E-001
  3.620000E+000  4.989190E-001 -2.813199E-002 -2.691090E-002  9.996147E-001  0.000000E+000  2.775706E-002 -2.005769E-002  6.912500E-001  7.223373E-001 -1.918707E-002 -7.226157E-001  6.909837E-001
  3.640000E+000  5.024609E-001 -2.808630E-002 -2.689400E-002  9.980035E-001  0.000000E+000 -6.315894E-002  4.561789E-002  6.916099E-001  7.208292E-001  4.368135E-002 -7.222712E-001  6.902291E-001
  3.660000E+000  5.059615E-001 -2.758112E-002 -2.688828E-002  9.882344E-001  0.000000E+000 -1.529472E-001  1.095168E-001  6.980561E-001  7.076184E-001  1.067657E-001 -7.160430E-001  6.898431E-001
  3.680000E+000  5.093651E-001 -2.662380E-002 -2.689649E-002  9.707203E-001  0.000000E+000 -2.402127E-001  1.689884E-001  7.107003E-001  6.828967E-001  1.707192E-001 -7.034949E-001  6.898912E-001
  3.700000E+000  5.126180E-001 -2.523026E-002 -2.691899E-002  9.461936E-001  0.000000E+000 -3.236011E-001  2.212947E-001  7.296223E-001  6.470549E-001  2.361066E-001 -6.838504E-001  6.903639E-001
  3.720000E+000  5.156694E-001 -2.342463E-002 -2.695344E-002  9.157205E-001  0.000000E+000 -4.018159E-001  2.635788E-001  7.547877E-001  6.006843E-001  3.032857E-001 -6.559691E-001  6.911746E-001
  3.740000E+000  5.184722E-001 -2.123886E-002 -2.699491E-002  8.807187E-001  0.000000E+000 -4.736396E-001  2.928683E-001  7.859141E-001  5.445798E-001  3.722401E-001 -6.183357E-001  6.921693E-001
  3.760000E+000  5.209832E-001 -1.871222E-002 -2.703643E-002  8.429717E-001  0.000000E+000 -5.379579E-001  3.061523E-001  8.222677E-001  4.797359E-001  4.423454E-001 -5.691009E-001  6.931484E-001
  3.780000E+000  5.231643E-001 -1.589072E-002 -2.707007E-002  8.046254E-001  0.000000E+000 -5.937827E-001  3.005980E-001  8.623913E-001  4.073354E-001  5.120731E-001 -5.062423E-001  6.939019E-001
  3.800000E+000  5.249823E-001 -1.282613E-002 -2.708860E-002  7.681469E-001  0.000000E+000 -6.402737E-001  2.739998E-001  9.038063E-001  3.287221E-001  5.786834E-001 -4.279417E-001  6.942560E-001
  3.820000E+000  5.264095E-001 -9.574691E-003 -2.708742E-002  7.362116E-001  0.000000E+000 -6.767514E-001  2.255386E-001  9.428326E-001  2.453547E-001  6.380633E-001 -3.332666E-001  6.941243E-001
  3.840000E+000  5.274236E-001 -6.194911E-003 -2.706636E-002  7.114838E-001  0.000000E+000 -7.027025E-001  1.567795E-001  9.747934E-001  1.587387E-001  6.849897E-001 -2.231093E-001  6.935498E-001
  3.860000E+000  5.280083E-001 -2.744703E-003 -2.703061E-002  6.962780E-001  0.000000E+000 -7.177722E-001  7.251014E-002  9.948843E-001  7.033877E-002  7.141003E-001 -1.010211E-001  6.927160E-001
  3.880000E+000  5.281538E-001  7.218991E-004 -2.698973E-002  6.921553E-001  0.000000E+000 -7.217486E-001 -1.929783E-002  9.996425E-001 -1.850658E-002  7.214905E-001  2.673761E-002  6.919079E-001
  3.900000E+000  5.278564E-001  4.156984E-003 -2.695478E-002  6.995906E-001  0.000000E+000 -7.145439E-001 -1.089099E-001  9.883160E-001 -1.066307E-001  7.061952E-001  1.524187E-001  6.914166E-001
  3.920000E+000  5.271198E-001  7.518563E-003 -2.693422E-002  7.178591E-001  0.000000E+000 -6.961884E-001 -1.871817E-001  9.631775E-001 -1.930083E-001  6.705530E-001  2.688665E-001  6.914257E-001
  3.940000E+000  5.259543E-001  1.076784E-002 -2.693101E-002  7.451971E-001  0.000000E+000 -6.668443E-001 -2.475694E-001  9.285309E-001 -2.766583E-001  6.191855E-001  3.712552E-001  6.919385E-001
  3.960000E+000  5.243776E-001  1.386572E-002 -2.694220E-002  7.791479E-001  0.000000E+000 -6.268401E-001 -2.868432E-001  8.891572E-001 -3.565396E-001  5.573594E-001  4.576019E-001  6.927849E-001
  3.980000E+000  5.224140E-001  1.677050E-002 -2.696089E-002  8.169508E-001  0.000000E+000 -5.767073E-001 -3.046080E-001  8.491295E-001 -4.315009E-001  4.896992E-001  5.281846E-001  6.936971E-001
