% FILE: Link.2
%
%       t         P_No_Co[1]     P_No_Co[2]     P_No_Co[3]      N_C[1,1]       N_C[1,2]       N_C[1,3]       N_C[2,1]       N_C[2,2]       N_C[2,3]       N_C[3,1]       N_C[3,2]       N_C[3,3]
%   (second)        (meter)        (meter)        (meter)       (NoUnits)      (NoUnits)      (NoUnits)      (NoUnits)      (NoUnits)      (NoUnits)      (NoUnits)      (NoUnits)      (NoUnits)

  0.000000E+000  2.775558E-017 -2.165064E-001  3.750000E-001  1.000000E+000  0.000000E+000  0.000000E+000  0.000000E+000  8.660254E-001 -5.000000E-001  0.000000E+000  5.000000E-001  8.660254E-001
  2.000000E-002  9.250611E-003 -2.301111E-001  3.729459E-001  1.000000E+000  0.000000E+000  0.000000E+000  0.000000E+000  8.510406E-001 -5.251000E-001  0.000000E+000  5.251000E-001  8.510406E-001
  4.000000E-002  3.509235E-002 -2.597180E-001  3.692713E-001  1.000000E+000  0.000000E+000  0.000000E+000  0.000000E+000  8.179519E-001 -5.752866E-001  0.000000E+000  5.752866E-001  8.179519E-001
  6.000000E-002  7.384316E-002 -2.928432E-001  3.649817E-001  1.000000E+000  0.000000E+000  0.000000E+000  0.000000E+000  7.799738E-001 -6.258122E-001  0.000000E+000  6.258122E-001  7.799738E-001
  8.000000E-002  1.211385E-001 -3.221378E-001  3.600305E-001  1.000000E+000  0.000000E+000  0.000000E+000  0.000000E+000  7.452360E-001 -6.668008E-001  0.000000E+000  6.668008E-001  7.452360E-001
  1.000000E-001  1.728012E-001 -3.438652E-001  3.546788E-001  1.000000E+000  0.000000E+000  0.000000E+000  0.000000E+000  7.179668E-001 -6.960773E-001  0.000000E+000  6.960773E-001  7.179668E-001
  1.200000E-001  2.255063E-001 -3.566328E-001  3.495899E-001  1.000000E+000  0.000000E+000  0.000000E+000  0.000000E+000  7.000203E-001 -7.141229E-001  0.000000E+000  7.141229E-001  7.000203E-001
  1.400000E-001  2.770129E-001 -3.604326E-001  3.454832E-001  1.000000E+000  0.000000E+000  0.000000E+000  0.000000E+000  6.919770E-001 -7.219195E-001  0.000000E+000  7.219195E-001  6.919770E-001
  1.600000E-001  3.260377E-001 -3.559394E-001  3.428198E-001  1.000000E+000  0.000000E+000  0.000000E+000  0.000000E+000  6.937081E-001 -7.202562E-001  0.000000E+000  7.202562E-001  6.937081E-001
  1.800000E-001  3.719552E-001 -3.440654E-001  3.416810E-001  1.000000E+000  0.000000E+000  0.000000E+000  0.000000E+000  7.046438E-001 -7.095612E-001  0.000000E+000  7.095612E-001  7.046438E-001
  2.000000E-001  4.144926E-001 -3.257346E-001  3.418174E-001  1.000000E+000  0.000000E+000  0.000000E+000  0.000000E+000  7.239325E-001 -6.898708E-001  0.000000E+000  6.898708E-001  7.239325E-001
  2.200000E-001  4.535022E-001 -3.017989E-001  3.427890E-001  1.000000E+000  0.000000E+000  0.000000E+000  0.000000E+000  7.505564E-001 -6.608064E-001  0.000000E+000  6.608064E-001  7.505564E-001
  2.400000E-001  4.888301E-001 -2.730234E-001  3.441197E-001  1.000000E+000  0.000000E+000  0.000000E+000  0.000000E+000  7.833859E-001 -6.215356E-001  0.000000E+000  6.215356E-001  7.833859E-001
  2.600000E-001  5.202630E-001 -2.400960E-001  3.454154E-001  1.000000E+000  0.000000E+000  0.000000E+000  0.000000E+000  8.211202E-001 -5.707553E-001  0.000000E+000  5.707553E-001  8.211202E-001
  2.800000E-001  5.475234E-001 -2.036487E-001  3.464203E-001  1.000000E+000  0.000000E+000  0.000000E+000  0.000000E+000  8.620734E-001 -5.067835E-001  0.000000E+000  5.067835E-001  8.620734E-001
  3.000000E-001  5.702936E-001 -1.642898E-001  3.470171E-001  1.000000E+000  0.000000E+000  0.000000E+000  0.000000E+000  9.038252E-001 -4.279020E-001  0.000000E+000  4.279020E-001  9.038252E-001
  3.200000E-001  5.882505E-001 -1.226435E-001  3.471962E-001  1.000000E+000  0.000000E+000  0.000000E+000  0.000000E+000  9.429019E-001 -3.330706E-001  0.000000E+000  3.330706E-001  9.429019E-001
  3.400000E-001  6.011022E-001 -7.937579E-002  3.470255E-001  1.000000E+000  0.000000E+000  0.000000E+000  0.000000E+000  9.748245E-001 -2.229734E-001  0.000000E+000  2.229734E-001  9.748245E-001
  3.600000E-001  6.086181E-001 -3.518282E-002  3.466341E-001  1.000000E+000  0.000000E+000  0.000000E+000  0.000000E+000  9.948885E-001 -1.009796E-001  0.000000E+000  1.009796E-001  9.948885E-001
  3.800000E-001  6.106432E-001  9.258764E-003  3.461947E-001  1.000000E+000  0.000000E+000  0.000000E+000  0.000000E+000  9.996426E-001  2.673482E-002  0.000000E+000 -2.673482E-002  9.996426E-001
  4.000000E-001  6.070995E-001  5.334322E-002  3.458821E-001  1.000000E+000  0.000000E+000  0.000000E+000  0.000000E+000  9.883156E-001  1.524217E-001  0.000000E+000 -1.524217E-001  9.883156E-001
  4.200000E-001  5.979826E-001  9.654298E-002  3.458144E-001  1.000000E+000  0.000000E+000  0.000000E+000  0.000000E+000  9.631699E-001  2.688936E-001  0.000000E+000 -2.688936E-001  9.631699E-001
  4.400000E-001  5.833637E-001  1.383655E-001  3.460110E-001  1.000000E+000  0.000000E+000  0.000000E+000  0.000000E+000  9.285127E-001  3.713007E-001  0.000000E+000 -3.713007E-001  9.285127E-001
  4.600000E-001  5.634029E-001  1.782958E-001  3.463947E-001  1.000000E+000  0.000000E+000  0.000000E+000  0.000000E+000  8.891312E-001  4.576524E-001  0.000000E+000 -4.576524E-001  8.891312E-001
  4.800000E-001  5.383646E-001  2.157646E-001  3.468307E-001  1.000000E+000  0.000000E+000  0.000000E+000  0.000000E+000  8.491018E-001  5.282293E-001  0.000000E+000 -5.282293E-001  8.491018E-001
  5.000000E-001  5.086267E-001  2.501571E-001  3.471796E-001  1.000000E+000  0.000000E+000  0.000000E+000  0.000000E+000  8.113261E-001  5.845938E-001  0.000000E+000 -5.845938E-001  8.113261E-001
  5.200000E-001  4.746761E-001  2.808496E-001  3.473386E-001  1.000000E+000  0.000000E+000  0.000000E+000  0.000000E+000  7.776053E-001  6.287528E-001  0.000000E+000 -6.287528E-001  7.776053E-001
  5.400000E-001  4.370917E-001  3.072540E-001  3.472631E-001  1.000000E+000  0.000000E+000  0.000000E+000  0.000000E+000  7.489327E-001  6.626461E-001  0.000000E+000 -6.626461E-001  7.489327E-001
  5.600000E-001  3.965203E-001  3.288548E-001  3.469674E-001  1.000000E+000  0.000000E+000  0.000000E+000  0.000000E+000  7.257972E-001  6.879087E-001  0.000000E+000 -6.879087E-001  7.257972E-001
  5.800000E-001  3.536518E-001  3.452322E-001  3.465127E-001  1.000000E+000  0.000000E+000  0.000000E+000  0.000000E+000  7.084145E-001  7.057966E-001  0.000000E+000 -7.057966E-001  7.084145E-001
  6.000000E-001  3.091989E-001  3.560720E-001  3.459887E-001  1.000000E+000  0.000000E+000  0.000000E+000  0.000000E+000  6.968792E-001  7.171885E-001  0.000000E+000 -7.171885E-001  6.968792E-001
  6.200000E-001  2.638821E-001  3.611668E-001  3.454936E-001  1.000000E+000  0.000000E+000  0.000000E+000  0.000000E+000  6.912537E-001  7.226122E-001  0.000000E+000 -7.226122E-001  6.912537E-001
  6.400000E-001  2.184203E-001  3.604130E-001  3.451162E-001  1.000000E+000  0.000000E+000  0.000000E+000  0.000000E+000  6.916132E-001  7.222681E-001  0.000000E+000 -7.222681E-001  6.916132E-001
  6.600000E-001  1.735240E-001  3.538078E-001  3.449224E-001  1.000000E+000  0.000000E+000  0.000000E+000  0.000000E+000  6.980584E-001  7.160408E-001  0.000000E+000 -7.160408E-001  6.980584E-001
  6.800000E-001  1.298905E-001  3.414472E-001  3.449457E-001  1.000000E+000  0.000000E+000  0.000000E+000  0.000000E+000  7.107016E-001  7.034936E-001  0.000000E+000 -7.034936E-001  7.107016E-001
  7.000000E-001  8.819638E-002  3.235265E-001  3.451814E-001  1.000000E+000  0.000000E+000  0.000000E+000  0.000000E+000  7.296227E-001  6.838499E-001  0.000000E+000 -6.838499E-001  7.296227E-001
  7.200000E-001  4.908955E-002  3.003415E-001  3.455864E-001  1.000000E+000  0.000000E+000  0.000000E+000  0.000000E+000  7.547877E-001  6.559692E-001  0.000000E+000 -6.559692E-001  7.547877E-001
  7.400000E-001  1.317835E-002  2.722895E-001  3.460837E-001  1.000000E+000  0.000000E+000  0.000000E+000  0.000000E+000  7.859138E-001  6.183361E-001  0.000000E+000 -6.183361E-001  7.859138E-001
  7.600000E-001 -1.898014E-002  2.398677E-001  3.465734E-001  1.000000E+000  0.000000E+000  0.000000E+000  0.000000E+000  8.222674E-001  5.691014E-001  0.000000E+000 -5.691014E-001  8.222674E-001
  7.800000E-001 -4.689208E-002  2.036676E-001  3.469504E-001  1.000000E+000  0.000000E+000  0.000000E+000  0.000000E+000  8.623910E-001  5.062427E-001  0.000000E+000 -5.062427E-001  8.623910E-001
  8.000000E-001 -7.013720E-002  1.643610E-001  3.471277E-001  1.000000E+000  0.000000E+000  0.000000E+000  0.000000E+000  9.038062E-001  4.279420E-001  0.000000E+000 -4.279420E-001  9.038062E-001
  8.200000E-001 -8.837586E-002  1.226774E-001  3.470620E-001  1.000000E+000  0.000000E+000  0.000000E+000  0.000000E+000  9.428326E-001  3.332667E-001  0.000000E+000 -3.332667E-001  9.428326E-001
  8.400000E-001 -1.013513E-001  7.936934E-002  3.467748E-001  1.000000E+000  0.000000E+000  0.000000E+000  0.000000E+000  9.747934E-001  2.231094E-001  0.000000E+000 -2.231094E-001  9.747934E-001
  8.600000E-001 -1.088861E-001  3.516936E-002  3.463580E-001  1.000000E+000  0.000000E+000  0.000000E+000  0.000000E+000  9.948843E-001  1.010210E-001  0.000000E+000 -1.010210E-001  9.948843E-001
  8.800000E-001 -1.108743E-001 -9.253342E-003  3.459540E-001  1.000000E+000  0.000000E+000  0.000000E+000  0.000000E+000  9.996425E-001 -2.673776E-002  0.000000E+000  2.673776E-002  9.996425E-001
  9.000000E-001 -1.072720E-001 -5.331542E-002  3.457083E-001  1.000000E+000  0.000000E+000  0.000000E+000  0.000000E+000  9.883160E-001 -1.524189E-001  0.000000E+000  1.524189E-001  9.883160E-001
  9.200000E-001 -9.809418E-002 -9.650421E-002  3.457129E-001  1.000000E+000  0.000000E+000  0.000000E+000  0.000000E+000  9.631774E-001 -2.688667E-001  0.000000E+000  2.688667E-001  9.631774E-001
  9.400000E-001 -8.342214E-002 -1.383292E-001  3.459692E-001  1.000000E+000  0.000000E+000  0.000000E+000  0.000000E+000  9.285308E-001 -3.712554E-001  0.000000E+000  3.712554E-001  9.285308E-001
  9.600000E-001 -6.342007E-002 -1.782698E-001  3.463924E-001  1.000000E+000  0.000000E+000  0.000000E+000  0.000000E+000  8.891571E-001 -4.576021E-001  0.000000E+000  4.576021E-001  8.891571E-001
  9.800000E-001 -3.835366E-002 -2.157505E-001  3.468485E-001  1.000000E+000  0.000000E+000  0.000000E+000  0.000000E+000  8.491295E-001 -5.281848E-001  0.000000E+000  5.281848E-001  8.491295E-001
  1.000000E+000 -8.600014E-003 -2.501523E-001  3.472029E-001  1.000000E+000  0.000000E+000  0.000000E+000  0.000000E+000  8.113501E-001 -5.845605E-001  0.000000E+000  5.845605E-001  8.113501E-001
  1.020000E+000  2.535611E-002 -2.808503E-001  3.473589E-001  1.000000E+000  0.000000E+000  0.000000E+000  0.000000E+000  7.776224E-001 -6.287315E-001  0.000000E+000  6.287315E-001  7.776224E-001
  1.040000E+000  6.293873E-002 -3.072570E-001  3.472769E-001  1.000000E+000  0.000000E+000  0.000000E+000  0.000000E+000  7.489425E-001 -6.626350E-001  0.000000E+000  6.626350E-001  7.489425E-001
  1.060000E+000  1.035041E-001 -3.288581E-001  3.469745E-001  1.000000E+000  0.000000E+000  0.000000E+000  0.000000E+000  7.258008E-001 -6.879050E-001  0.000000E+000  6.879050E-001  7.258008E-001
  1.080000E+000  1.463649E-001 -3.452350E-001  3.465148E-001  1.000000E+000  0.000000E+000  0.000000E+000  0.000000E+000  7.084138E-001 -7.057973E-001  0.000000E+000  7.057973E-001  7.084138E-001
  1.100000E+000  1.908105E-001 -3.560743E-001  3.459880E-001  1.000000E+000  0.000000E+000  0.000000E+000  0.000000E+000  6.968762E-001 -7.171915E-001  0.000000E+000  7.171915E-001  6.968762E-001
  1.120000E+000  2.361215E-001 -3.611686E-001  3.454918E-001  1.000000E+000  0.000000E+000  0.000000E+000  0.000000E+000  6.912500E-001 -7.226157E-001  0.000000E+000  7.226157E-001  6.912500E-001
  1.140000E+000  2.815795E-001 -3.604146E-001  3.451145E-001  1.000000E+000  0.000000E+000  0.000000E+000  0.000000E+000  6.916099E-001 -7.222712E-001  0.000000E+000  7.222712E-001  6.916099E-001
  1.160000E+000  3.264736E-001 -3.538092E-001  3.449215E-001  1.000000E+000  0.000000E+000  0.000000E+000  0.000000E+000  6.980561E-001 -7.160430E-001  0.000000E+000  7.160430E-001  6.980561E-001
  1.180000E+000  3.701064E-001 -3.414484E-001  3.449456E-001  1.000000E+000  0.000000E+000  0.000000E+000  0.000000E+000  7.107003E-001 -7.034949E-001  0.000000E+000  7.034949E-001  7.107003E-001
  1.200000E+000  4.118006E-001 -3.235274E-001  3.451820E-001  1.000000E+000  0.000000E+000  0.000000E+000  0.000000E+000  7.296223E-001 -6.838504E-001  0.000000E+000  6.838504E-001  7.296223E-001
  1.220000E+000  4.509079E-001 -3.003422E-001  3.455873E-001  1.000000E+000  0.000000E+000  0.000000E+000  0.000000E+000  7.547877E-001 -6.559691E-001  0.000000E+000  6.559691E-001  7.547877E-001
  1.240000E+000  4.868198E-001 -2.722899E-001  3.460846E-001  1.000000E+000  0.000000E+000  0.000000E+000  0.000000E+000  7.859141E-001 -6.183356E-001  0.000000E+000  6.183356E-001  7.859141E-001
  1.260000E+000  5.189789E-001 -2.398680E-001  3.465742E-001  1.000000E+000  0.000000E+000  0.000000E+000  0.000000E+000  8.222677E-001 -5.691009E-001  0.000000E+000  5.691009E-001  8.222677E-001
  1.280000E+000  5.468914E-001 -2.036677E-001  3.469510E-001  1.000000E+000  0.000000E+000  0.000000E+000  0.000000E+000  8.623913E-001 -5.062423E-001  0.000000E+000  5.062423E-001  8.623913E-001
  1.300000E+000  5.701368E-001 -1.643610E-001  3.471280E-001  1.000000E+000  0.000000E+000  0.000000E+000  0.000000E+000  9.038063E-001 -4.279417E-001  0.000000E+000  4.279417E-001  9.038063E-001
  1.320000E+000  5.883757E-001 -1.226774E-001  3.470622E-001  1.000000E+000  0.000000E+000  0.000000E+000  0.000000E+000  9.428326E-001 -3.332666E-001  0.000000E+000  3.332666E-001  9.428326E-001
  1.340000E+000  6.013512E-001 -7.936935E-002  3.467749E-001  1.000000E+000  0.000000E+000  0.000000E+000  0.000000E+000  9.747934E-001 -2.231093E-001  0.000000E+000  2.231093E-001  9.747934E-001
  1.360000E+000  6.088861E-001 -3.516939E-002  3.463580E-001  1.000000E+000  0.000000E+000  0.000000E+000  0.000000E+000  9.948843E-001 -1.010211E-001  0.000000E+000  1.010211E-001  9.948843E-001
  1.380000E+000  6.108743E-001  9.253289E-003  3.459539E-001  1.000000E+000  0.000000E+000  0.000000E+000  0.000000E+000  9.996425E-001  2.673761E-002  0.000000E+000 -2.673761E-002  9.996425E-001
  1.400000E+000  6.072720E-001  5.331535E-002  3.457083E-001  1.000000E+000  0.000000E+000  0.000000E+000  0.000000E+000  9.883160E-001  1.524187E-001  0.000000E+000 -1.524187E-001  9.883160E-001
  1.420000E+000  5.980942E-001  9.650414E-002  3.457129E-001  1.000000E+000  0.000000E+000  0.000000E+000  0.000000E+000  9.631775E-001  2.688665E-001  0.000000E+000 -2.688665E-001  9.631775E-001
  1.440000E+000  5.834221E-001  1.383291E-001  3.459693E-001  1.000000E+000  0.000000E+000  0.000000E+000  0.000000E+000  9.285309E-001  3.712552E-001  0.000000E+000 -3.712552E-001  9.285309E-001
  1.460000E+000  5.634201E-001  1.782698E-001  3.463925E-001  1.000000E+000  0.000000E+000  0.000000E+000  0.000000E+000  8.891572E-001  4.576019E-001  0.000000E+000 -4.576019E-001  8.891572E-001
  1.480000E+000  5.383537E-001  2.157504E-001  3.468485E-001  1.000000E+000  0.000000E+000  0.000000E+000  0.000000E+000  8.491295E-001  5.281846E-001  0.000000E+000 -5.281846E-001  8.491295E-001
  1.500000E+000  5.086000E-001  2.501523E-001  3.472029E-001  1.000000E+000  0.000000E+000  0.000000E+000  0.000000E+000  8.113502E-001  5.845604E-001  0.000000E+000 -5.845604E-001  8.113502E-001
  1.520000E+000  4.746439E-001  2.808503E-001  3.473590E-001  1.000000E+000  0.000000E+000  0.000000E+000  0.000000E+000  7.776225E-001  6.287314E-001  0.000000E+000 -6.287314E-001  7.776225E-001
  1.540000E+000  4.370613E-001  3.072569E-001  3.472769E-001  1.000000E+000  0.000000E+000  0.000000E+000  0.000000E+000  7.489425E-001  6.626349E-001  0.000000E+000 -6.626349E-001  7.489425E-001
  1.560000E+000  3.964959E-001  3.288581E-001  3.469745E-001  1.000000E+000  0.000000E+000  0.000000E+000  0.000000E+000  7.258008E-001  6.879049E-001  0.000000E+000 -6.879049E-001  7.258008E-001
  1.580000E+000  3.536351E-001  3.452350E-001  3.465149E-001  1.000000E+000  0.000000E+000  0.000000E+000  0.000000E+000  7.084138E-001  7.057973E-001  0.000000E+000 -7.057973E-001  7.084138E-001
  1.600000E+000  3.091895E-001  3.560743E-001  3.459880E-001  1.000000E+000  0.000000E+000  0.000000E+000  0.000000E+000  6.968762E-001  7.171915E-001  0.000000E+000 -7.171915E-001  6.968762E-001
  1.620000E+000  2.638785E-001  3.611686E-001  3.454918E-001  1.000000E+000  0.000000E+000  0.000000E+000  0.000000E+000  6.912500E-001  7.226157E-001  0.000000E+000 -7.226157E-001  6.912500E-001
  1.640000E+000  2.184205E-001  3.604146E-001  3.451145E-001  1.000000E+000  0.000000E+000  0.000000E+000  0.000000E+000  6.916099E-001  7.222712E-001  0.000000E+000 -7.222712E-001  6.916099E-001
  1.660000E+000  1.735264E-001  3.538092E-001  3.449215E-001  1.000000E+000  0.000000E+000  0.000000E+000  0.000000E+000  6.980561E-001  7.160430E-001  0.000000E+000 -7.160430E-001  6.980561E-001
  1.680000E+000  1.298937E-001  3.414484E-001  3.449456E-001  1.000000E+000  0.000000E+000  0.000000E+000  0.000000E+000  7.107003E-001  7.034949E-001  0.000000E+000 -7.034949E-001  7.107003E-001
  1.700000E+000  8.819945E-002  3.235274E-001  3.451820E-001  1.000000E+000  0.000000E+000  0.000000E+000  0.000000E+000  7.296223E-001  6.838504E-001  0.000000E+000 -6.838504E-001  7.296223E-001
  1.720000E+000  4.909206E-002  3.003422E-001  3.455873E-001  1.000000E+000  0.000000E+000  0.000000E+000  0.000000E+000  7.547877E-001  6.559691E-001  0.000000E+000 -6.559691E-001  7.547877E-001
  1.740000E+000  1.318018E-002  2.722899E-001  3.460846E-001  1.000000E+000  0.000000E+000  0.000000E+000  0.000000E+000  7.859141E-001  6.183357E-001  0.000000E+000 -6.183357E-001  7.859141E-001
  1.760000E+000 -1.897894E-002  2.398680E-001  3.465742E-001  1.000000E+000  0.000000E+000  0.000000E+000  0.000000E+000  8.222677E-001  5.691009E-001  0.000000E+000 -5.691009E-001  8.222677E-001
  1.780000E+000 -4.689137E-002  2.036677E-001  3.469510E-001  1.000000E+000  0.000000E+000  0.000000E+000  0.000000E+000  8.623913E-001  5.062423E-001  0.000000E+000 -5.062423E-001  8.623913E-001
  1.800000E+000 -7.013683E-002  1.643610E-001  3.471280E-001  1.000000E+000  0.000000E+000  0.000000E+000  0.000000E+000  9.038063E-001  4.279417E-001  0.000000E+000 -4.279417E-001  9.038063E-001
  1.820000E+000 -8.837570E-002  1.226774E-001  3.470622E-001  1.000000E+000  0.000000E+000  0.000000E+000  0.000000E+000  9.428326E-001  3.332666E-001  0.000000E+000 -3.332666E-001  9.428326E-001
  1.840000E+000 -1.013512E-001  7.936934E-002  3.467749E-001  1.000000E+000  0.000000E+000  0.000000E+000  0.000000E+000  9.747934E-001  2.231093E-001  0.000000E+000 -2.231093E-001  9.747934E-001
  1.860000E+000 -1.088861E-001  3.516939E-002  3.463580E-001  1.000000E+000  0.000000E+000  0.000000E+000  0.000000E+000  9.948843E-001  1.010211E-001  0.000000E+000 -1.010211E-001  9.948843E-001
  1.880000E+000 -1.108743E-001 -9.253290E-003  3.459539E-001  1.000000E+000  0.000000E+000  0.000000E+000  0.000000E+000  9.996425E-001 -2.673761E-002  0.000000E+000  2.673761E-002  9.996425E-001
  1.900000E+000 -1.072720E-001 -5.331535E-002  3.457083E-001  1.000000E+000  0.000000E+000  0.000000E+000  0.000000E+000  9.883160E-001 -1.524187E-001  0.000000E+000  1.524187E-001  9.883160E-001
  1.920000E+000 -9.809420E-002 -9.650414E-002  3.457129E-001  1.000000E+000  0.000000E+000  0.000000E+000  0.000000E+000  9.631775E-001 -2.688665E-001  0.000000E+000  2.688665E-001  9.631775E-001
  1.940000E+000 -8.342215E-002 -1.383291E-001  3.459693E-001  1.000000E+000  0.000000E+000  0.000000E+000  0.000000E+000  9.285309E-001 -3.712552E-001  0.000000E+000  3.712552E-001  9.285309E-001
  1.960000E+000 -6.342007E-002 -1.782698E-001  3.463925E-001  1.000000E+000  0.000000E+000  0.000000E+000  0.000000E+000  8.891572E-001 -4.576019E-001  0.000000E+000  4.576019E-001  8.891572E-001
  1.980000E+000 -3.835367E-002 -2.157504E-001  3.468485E-001  1.000000E+000  0.000000E+000  0.000000E+000  0.000000E+000  8.491295E-001 -5.281846E-001  0.000000E+000  5.281846E-001  8.491295E-001
  2.000000E+000 -8.600028E-003 -2.501523E-001  3.472029E-001  1.000000E+000  0.000000E+000  0.000000E+000  0.000000E+000  8.113502E-001 -5.845604E-001  0.000000E+000  5.845604E-001  8.113502E-001
  2.020000E+000  2.535609E-002 -2.808503E-001  3.473590E-001  1.000000E+000  0.000000E+000  0.000000E+000  0.000000E+000  7.776225E-001 -6.287314E-001  0.000000E+000  6.287314E-001  7.776225E-001
  2.040000E+000  6.293871E-002 -3.072569E-001  3.472769E-001  1.000000E+000  0.000000E+000  0.000000E+000  0.000000E+000  7.489425E-001 -6.626349E-001  0.000000E+000  6.626349E-001  7.489425E-001
  2.060000E+000  1.035041E-001 -3.288581E-001  3.469745E-001  1.000000E+000  0.000000E+000  0.000000E+000  0.000000E+000  7.258008E-001 -6.879049E-001  0.000000E+000  6.879049E-001  7.258008E-001
  2.080000E+000  1.463649E-001 -3.452350E-001  3.465149E-001  1.000000E+000  0.000000E+000  0.000000E+000  0.000000E+000  7.084138E-001 -7.057973E-001  0.000000E+000  7.057973E-001  7.084138E-001
  2.100000E+000  1.908105E-001 -3.560743E-001  3.459880E-001  1.000000E+000  0.000000E+000  0.000000E+000  0.000000E+000  6.968762E-001 -7.171915E-001  0.000000E+000  7.171915E-001  6.968762E-001
  2.120000E+000  2.361215E-001 -3.611686E-001  3.454918E-001  1.000000E+000  0.000000E+000  0.000000E+000  0.000000E+000  6.912500E-001 -7.226157E-001  0.000000E+000  7.226157E-001  6.912500E-001
  2.140000E+000  2.815795E-001 -3.604146E-001  3.451145E-001  1.000000E+000  0.000000E+000  0.000000E+000  0.000000E+000  6.916099E-001 -7.222712E-001  0.000000E+000  7.222712E-001  6.916099E-001
  2.160000E+000  3.264736E-001 -3.538092E-001  3.449215E-001  1.000000E+000  0.000000E+000  0.000000E+000  0.000000E+000  6.980561E-001 -7.160430E-001  0.000000E+000  7.160430E-001  6.980561E-001
  2.180000E+000  3.701063E-001 -3.414484E-001  3.449456E-001  1.000000E+000  0.000000E+000  0.000000E+000  0.000000E+000  7.107003E-001 -7.034949E-001  0.000000E+000  7.034949E-001  7.107003E-001
  2.200000E+000  4.118006E-001 -3.235274E-001  3.451820E-001  1.000000E+000  0.000000E+000  0.000000E+000  0.000000E+000  7.296223E-001 -6.838504E-001  0.000000E+000  6.838504E-001  7.296223E-001
  2.220000E+000  4.509079E-001 -3.003422E-001  3.455873E-001  1.000000E+000  0.000000E+000  0.000000E+000  0.000000E+000  7.547877E-001 -6.559691E-001  0.000000E+000  6.559691E-001  7.547877E-001
  2.240000E+000  4.868198E-001 -2.722899E-001  3.460846E-001  1.000000E+000  0.000000E+000  0.000000E+000  0.000000E+000  7.859141E-001 -6.183357E-001  0.000000E+000  6.183357E-001  7.859141E-001
  2.260000E+000  5.189789E-001 -2.398680E-001  3.465742E-001  1.000000E+000  0.000000E+000  0.000000E+000  0.000000E+000  8.222677E-001 -5.691009E-001  0.000000E+000  5.691009E-001  8.222677E-001
  2.280000E+000  5.468914E-001 -2.036677E-001  3.469510E-001  1.000000E+000  0.000000E+000  0.000000E+000  0.000000E+000  8.623913E-001 -5.062423E-001  0.000000E+000  5.062423E-001  8.623913E-001
  2.300000E+000  5.701368E-001 -1.643610E-001  3.471280E-001  1.000000E+000  0.000000E+000  0.000000E+000  0.000000E+000  9.038063E-001 -4.279417E-001  0.000000E+000  4.279417E-001  9.038063E-001
  2.320000E+000  5.883757E-001 -1.226774E-001  3.470622E-001  1.000000E+000  0.000000E+000  0.000000E+000  0.000000E+000  9.428326E-001 -3.332666E-001  0.000000E+000  3.332666E-001  9.428326E-001
  2.340000E+000  6.013512E-001 -7.936934E-002  3.467749E-001  1.000000E+000  0.000000E+000  0.000000E+000  0.000000E+000  9.747934E-001 -2.231093E-001  0.000000E+000  2.231093E-001  9.747934E-001
  2.360000E+000  6.088861E-001 -3.516939E-002  3.463580E-001  1.000000E+000  0.000000E+000  0.000000E+000  0.000000E+000  9.948843E-001 -1.010211E-001  0.000000E+000  1.010211E-001  9.948843E-001
  2.380000E+000  6.108743E-001  9.253290E-003  3.459539E-001  1.000000E+000  0.000000E+000  0.000000E+000  0.000000E+000  9.996425E-001  2.673761E-002  0.000000E+000 -2.673761E-002  9.996425E-001
  2.400000E+000  6.072720E-001  5.331535E-002  3.457083E-001  1.000000E+000  0.000000E+000  0.000000E+000  0.000000E+000  9.883160E-001  1.524187E-001  0.000000E+000 -1.524187E-001  9.883160E-001
  2.420000E+000  5.980942E-001  9.650414E-002  3.457129E-001  1.000000E+000  0.000000E+000  0.000000E+000  0.000000E+000  9.631775E-001  2.688665E-001  0.000000E+000 -2.688665E-001  9.631775E-001
  2.440000E+000  5.834221E-001  1.383291E-001  3.459693E-001  1.000000E+000  0.000000E+000  0.000000E+000  0.000000E+000  9.285309E-001  3.712552E-001  0.000000E+000 -3.712552E-001  9.285309E-001
  2.460000E+000  5.634201E-001  1.782698E-001  3.463925E-001  1.000000E+000  0.000000E+000  0.000000E+000  0.000000E+000  8.891572E-001  4.576019E-001  0.000000E+000 -4.576019E-001  8.891572E-001
  2.480000E+000  5.383537E-001  2.157504E-001  3.468485E-001  1.000000E+000  0.000000E+000  0.000000E+000  0.000000E+000  8.491295E-001  5.281846E-001  0.000000E+000 -5.281846E-001  8.491295E-001
  2.500000E+000  5.086000E-001  2.501523E-001  3.472029E-001  1.000000E+000  0.000000E+000  0.000000E+000  0.000000E+000  8.113502E-001  5.845604E-001  0.000000E+000 -5.845604E-001  8.113502E-001
  2.520000E+000  4.746439E-001  2.808503E-001  3.473590E-001  1.000000E+000  0.000000E+000  0.000000E+000  0.000000E+000  7.776225E-001  6.287314E-001  0.000000E+000 -6.287314E-001  7.776225E-001
  2.540000E+000  4.370613E-001  3.072569E-001  3.472769E-001  1.000000E+000  0.000000E+000  0.000000E+000  0.000000E+000  7.489425E-001  6.626349E-001  0.000000E+000 -6.626349E-001  7.489425E-001
  2.560000E+000  3.964959E-001  3.288581E-001  3.469745E-001  1.000000E+000  0.000000E+000  0.000000E+000  0.000000E+000  7.258008E-001  6.879049E-001  0.000000E+000 -6.879049E-001  7.258008E-001
  2.580000E+000  3.536351E-001  3.452350E-001  3.465149E-001  1.000000E+000  0.000000E+000  0.000000E+000  0.000000E+000  7.084138E-001  7.057973E-001  0.000000E+000 -7.057973E-001  7.084138E-001
  2.600000E+000  3.091895E-001  3.560743E-001  3.459880E-001  1.000000E+000  0.000000E+000  0.000000E+000  0.000000E+000  6.968762E-001  7.171915E-001  0.000000E+000 -7.171915E-001  6.968762E-001
  2.620000E+000  2.638785E-001  3.611686E-001  3.454918E-001  1.000000E+000  0.000000E+000  0.000000E+000  0.000000E+000  6.912500E-001  7.226157E-001  0.000000E+000 -7.226157E-001  6.912500E-001
  2.640000E+000  2.184205E-001  3.604146E-001  3.451145E-001  1.000000E+000  0.000000E+000  0.000000E+000  0.000000E+000  6.916099E-001  7.222712E-001  0.000000E+000 -7.222712E-001  6.916099E-001
  2.660000E+000  1.735264E-001  3.538092E-001  3.449215E-001  1.000000E+000  0.000000E+000  0.000000E+000  0.000000E+000  6.980561E-001  7.160430E-001  0.000000E+000 -7.160430E-001  6.980561E-001
  2.680000E+000  1.298937E-001  3.414484E-001  3.449456E-001  1.000000E+000  0.000000E+000  0.000000E+000  0.000000E+000  7.107003E-001  7.034949E-001  0.000000E+000 -7.034949E-001  7.107003E-001
  2.700000E+000  8.819945E-002  3.235274E-001  3.451820E-001  1.000000E+000  0.000000E+000  0.000000E+000  0.000000E+000  7.296223E-001  6.838504E-001  0.000000E+000 -6.838504E-001  7.296223E-001
  2.720000E+000  4.909206E-002  3.003422E-001  3.455873E-001  1.000000E+000  0.000000E+000  0.000000E+000  0.000000E+000  7.547877E-001  6.559691E-001  0.000000E+000 -6.559691E-001  7.547877E-001
  2.740000E+000  1.318018E-002  2.722899E-001  3.460846E-001  1.000000E+000  0.000000E+000  0.000000E+000  0.000000E+000  7.859141E-001  6.183357E-001  0.000000E+000 -6.183357E-001  7.859141E-001
  2.760000E+000 -1.897894E-002  2.398680E-001  3.465742E-001  1.000000E+000  0.000000E+000  0.000000E+000  0.000000E+000  8.222677E-001  5.691009E-001  0.000000E+000 -5.691009E-001  8.222677E-001
  2.780000E+000 -4.689137E-002  2.036677E-001  3.469510E-001  1.000000E+000  0.000000E+000  0.000000E+000  0.000000E+000  8.623913E-001  5.062423E-001  0.000000E+000 -5.062423E-001  8.623913E-001
  2.800000E+000 -7.013683E-002  1.643610E-001  3.471280E-001  1.000000E+000  0.000000E+000  0.000000E+000  0.000000E+000  9.038063E-001  4.279417E-001  0.000000E+000 -4.279417E-001  9.038063E-001
  2.820000E+000 -8.837570E-002  1.226774E-001  3.470622E-001  1.000000E+000  0.000000E+000  0.000000E+000  0.000000E+000  9.428326E-001  3.332666E-001  0.000000E+000 -3.332666E-001  9.428326E-001
  2.840000E+000 -1.013512E-001  7.936934E-002  3.467749E-001  1.000000E+000  0.000000E+000  0.000000E+000  0.000000E+000  9.747934E-001  2.231093E-001  0.000000E+000 -2.231093E-001  9.747934E-001
  2.860000E+000 -1.088861E-001  3.516939E-002  3.463580E-001  1.000000E+000  0.000000E+000  0.000000E+000  0.000000E+000  9.948843E-001  1.010211E-001  0.000000E+000 -1.010211E-001  9.948843E-001
  2.880000E+000 -1.108743E-001 -9.253290E-003  3.459539E-001  1.000000E+000  0.000000E+000  0.000000E+000  0.000000E+000  9.996425E-001 -2.673761E-002  0.000000E+000  2.673761E-002  9.996425E-001
  2.900000E+000 -1.072720E-001 -5.331535E-002  3.457083E-001  1.000000E+000  0.000000E+000  0.000000E+000  0.000000E+000  9.883160E-001 -1.524187E-001  0.000000E+000  1.524187E-001  9.883160E-001
  2.920000E+000 -9.809420E-002 -9.650414E-002  3.457129E-001  1.000000E+000  0.000000E+000  0.000000E+000  0.000000E+000  9.631775E-001 -2.688665E-001  0.000000E+000  2.688665E-001  9.631775E-001
  2.940000E+000 -8.342215E-002 -1.383291E-001  3.459693E-001  1.000000E+000  0.000000E+000  0.000000E+000  0.000000E+000  9.285309E-001 -3.712552E-001  0.000000E+000  3.712552E-001  9.285309E-001
  2.960000E+000 -6.342007E-002 -1.782698E-001  3.463925E-001  1.000000E+000  0.000000E+000  0.000000E+000  0.000000E+000  8.891572E-001 -4.576019E-001  0.000000E+000  4.576019E-001  8.891572E-001
  2.980000E+000 -3.835367E-002 -2.157504E-001  3.468485E-001  1.000000E+000  0.000000E+000  0.000000E+000  0.000000E+000  8.491295E-001 -5.281846E-001  0.000000E+000  5.281846E-001  8.491295E-001
  3.000000E+000 -8.600028E-003 -2.501523E-001  3.472029E-001  1.000000E+000  0.000000E+000  0.000000E+000  0.000000E+000  8.113502E-001 -5.845604E-001  0.000000E+000  5.845604E-001  8.113502E-001
  3.020000E+000  2.535609E-002 -2.808503E-001  3.473590E-001  1.000000E+000  0.000000E+000  0.000000E+000  0.000000E+000  7.776225E-001 -6.287314E-001  0.000000E+000  6.287314E-001  7.776225E-001
  3.040000E+000  6.293871E-002 -3.072569E-001  3.472769E-001  1.000000E+000  0.000000E+000  0.000000E+000  0.000000E+000  7.489425E-001 -6.626349E-001  0.000000E+000  6.626349E-001  7.489425E-001
  3.060000E+000  1.035041E-001 -3.288581E-001  3.469745E-001  1.000000E+000  0.000000E+000  0.000000E+000  0.000000E+000  7.258008E-001 -6.879049E-001  0.000000E+000  6.879049E-001  7.258008E-001
  3.080000E+000  1.463649E-001 -3.452350E-001  3.465149E-001  1.000000E+000  0.000000E+000  0.000000E+000  0.000000E+000  7.084138E-001 -7.057973E-001  0.000000E+000  7.057973E-001  7.084138E-001
  3.100000E+000  1.908105E-001 -3.560743E-001  3.459880E-001  1.000000E+000  0.000000E+000  0.000000E+000  0.000000E+000  6.968762E-001 -7.171915E-001  0.000000E+000  7.171915E-001  6.968762E-001
  3.120000E+000  2.361215E-001 -3.611686E-001  3.454918E-001  1.000000E+000  0.000000E+000  0.000000E+000  0.000000E+000  6.912500E-001 -7.226157E-001  0.000000E+000  7.226157E-001  6.912500E-001
  3.140000E+000  2.815795E-001 -3.604146E-001  3.451145E-001  1.000000E+000  0.000000E+000  0.000000E+000  0.000000E+000  6.916099E-001 -7.222712E-001  0.000000E+000  7.222712E-001  6.916099E-001
  3.160000E+000  3.264736E-001 -3.538092E-001  3.449215E-001  1.000000E+000  0.000000E+000  0.000000E+000  0.000000E+000  6.980561E-001 -7.160430E-001  0.000000E+000  7.160430E-001  6.980561E-001
  3.180000E+000  3.701063E-001 -3.414484E-001  3.449456E-001  1.000000E+000  0.000000E+000  0.000000E+000  0.000000E+000  7.107003E-001 -7.034949E-001  0.000000E+000  7.034949E-001  7.107003E-001
  3.200000E+000  4.118006E-001 -3.235274E-001  3.451820E-001  1.000000E+000  0.000000E+000  0.000000E+000  0.000000E+000  7.296223E-001 -6.838504E-001  0.000000E+000  6.838504E-001  7.296223E-001
  3.220000E+000  4.509079E-001 -3.003422E-001  3.455873E-001  1.000000E+000  0.000000E+000  0.000000E+000  0.000000E+000  7.547877E-001 -6.559691E-001  0.000000E+000  6.559691E-001  7.547877E-001
  3.240000E+000  4.868198E-001 -2.722899E-001  3.460846E-001  1.000000E+000  0.000000E+000  0.000000E+000  0.000000E+000  7.859141E-001 -6.183357E-001  0.000000E+000  6.183357E-001  7.859141E-001
  3.260000E+000  5.189789E-001 -2.398680E-001  3.465742E-001  1.000000E+000  0.000000E+000  0.000000E+000  0.000000E+000  8.222677E-001 -5.691009E-001  0.000000E+000  5.691009E-001  8.222677E-001
  3.280000E+000  5.468914E-001 -2.036677E-001  3.469510E-001  1.000000E+000  0.000000E+000  0.000000E+000  0.000000E+000  8.623913E-001 -5.062423E-001  0.000000E+000  5.062423E-001  8.623913E-001
  3.300000E+000  5.701368E-001 -1.643610E-001  3.471280E-001  1.000000E+000  0.000000E+000  0.000000E+000  0.000000E+000  9.038063E-001 -4.279417E-001  0.000000E+000  4.279417E-001  9.038063E-001
  3.320000E+000  5.883757E-001 -1.226774E-001  3.470622E-001  1.000000E+000  0.000000E+000  0.000000E+000  0.000000E+000  9.428326E-001 -3.332666E-001  0.000000E+000  3.332666E-001  9.428326E-001
  3.340000E+000  6.013512E-001 -7.936934E-002  3.467749E-001  1.000000E+000  0.000000E+000  0.000000E+000  0.000000E+000  9.747934E-001 -2.231093E-001  0.000000E+000  2.231093E-001  9.747934E-001
  3.360000E+000  6.088861E-001 -3.516939E-002  3.463580E-001  1.000000E+000  0.000000E+000  0.000000E+000  0.000000E+000  9.948843E-001 -1.010211E-001  0.000000E+000  1.010211E-001  9.948843E-001
  3.380000E+000  6.108743E-001  9.253290E-003  3.459539E-001  1.000000E+000  0.000000E+000  0.000000E+000  0.000000E+000  9.996425E-001  2.673761E-002  0.000000E+000 -2.673761E-002  9.996425E-001
  3.400000E+000  6.072720E-001  5.331535E-002  3.457083E-001  1.000000E+000  0.000000E+000  0.000000E+000  0.000000E+000  9.883160E-001  1.524187E-001  0.000000E+000 -1.524187E-001  9.883160E-001
  3.420000E+000  5.980942E-001  9.650414E-002  3.457129E-001  1.000000E+000  0.000000E+000  0.000000E+000  0.000000E+000  9.631775E-001  2.688665E-001  0.000000E+000 -2.688665E-001  9.631775E-001
  3.440000E+000  5.834221E-001  1.383291E-001  3.459693E-001  1.000000E+000  0.000000E+000  0.000000E+000  0.000000E+000  9.285309E-001  3.712552E-001  0.000000E+000 -3.712552E-001  9.285309E-001
  3.460000E+000  5.634201E-001  1.782698E-001  3.463925E-001  1.000000E+000  0.000000E+000  0.000000E+000  0.000000E+000  8.891572E-001  4.576019E-001  0.000000E+000 -4.576019E-001  8.891572E-001
  3.480000E+000  5.383537E-001  2.157504E-001  3.468485E-001  1.000000E+000  0.000000E+000  0.000000E+000  0.000000E+000  8.491295E-001  5.281846E-001  0.000000E+000 -5.281846E-001  8.491295E-001
  3.500000E+000  5.086000E-001  2.501523E-001  3.472029E-001  1.000000E+000  0.000000E+000  0.000000E+000  0.000000E+000  8.113502E-001  5.845604E-001  0.000000E+000 -5.845604E-001  8.113502E-001
  3.520000E+000  4.746439E-001  2.808503E-001  3.473590E-001  1.000000E+000  0.000000E+000  0.000000E+000  0.000000E+000  7.776225E-001  6.287314E-001  0.000000E+000 -6.287314E-001  7.776225E-001
  3.540000E+000  4.370613E-001  3.072569E-001  3.472769E-001  1.000000E+000  0.000000E+000  0.000000E+000  0.000000E+000  7.489425E-001  6.626349E-001  0.000000E+000 -6.626349E-001  7.489425E-001
  3.560000E+000  3.964959E-001  3.288581E-001  3.469745E-001  1.000000E+000  0.000000E+000  0.000000E+000  0.000000E+000  7.258008E-001  6.879049E-001  0.000000E+000 -6.879049E-001  7.258008E-001
  3.580000E+000  3.536351E-001  3.452350E-001  3.465149E-001  1.000000E+000  0.000000E+000  0.000000E+000  0.000000E+000  7.084138E-001  7.057973E-001  0.000000E+000 -7.057973E-001  7.084138E-001
  3.600000E+000  3.091895E-001  3.560743E-001  3.459880E-001  1.000000E+000  0.000000E+000  0.000000E+000  0.000000E+000  6.968762E-001  7.171915E-001  0.000000E+000 -7.171915E-001  6.968762E-001
  3.620000E+000  2.638785E-001  3.611686E-001  3.454918E-001  1.000000E+000  0.000000E+000  0.000000E+000  0.000000E+000  6.912500E-001  7.226157E-001  0.000000E+000 -7.226157E-001  6.912500E-001
  3.640000E+000  2.184205E-001  3.604146E-001  3.451145E-001  1.000000E+000  0.000000E+000  0.000000E+000  0.000000E+000  6.916099E-001  7.222712E-001  0.000000E+000 -7.222712E-001  6.916099E-001
  3.660000E+000  1.735264E-001  3.538092E-001  3.449215E-001  1.000000E+000  0.000000E+000  0.000000E+000  0.000000E+000  6.980561E-001  7.160430E-001  0.000000E+000 -7.160430E-001  6.980561E-001
  3.680000E+000  1.298937E-001  3.414484E-001  3.449456E-001  1.000000E+000  0.000000E+000  0.000000E+000  0.000000E+000  7.107003E-001  7.034949E-001  0.000000E+000 -7.034949E-001  7.107003E-001
  3.700000E+000  8.819945E-002  3.235274E-001  3.451820E-001  1.000000E+000  0.000000E+000  0.000000E+000  0.000000E+000  7.296223E-001  6.838504E-001  0.000000E+000 -6.838504E-001  7.296223E-001
  3.720000E+000  4.909206E-002  3.003422E-001  3.455873E-001  1.000000E+000  0.000000E+000  0.000000E+000  0.000000E+000  7.547877E-001  6.559691E-001  0.000000E+000 -6.559691E-001  7.547877E-001
  3.740000E+000  1.318018E-002  2.722899E-001  3.460846E-001  1.000000E+000  0.000000E+000  0.000000E+000  0.000000E+000  7.859141E-001  6.183357E-001  0.000000E+000 -6.183357E-001  7.859141E-001
  3.760000E+000 -1.897894E-002  2.398680E-001  3.465742E-001  1.000000E+000  0.000000E+000  0.000000E+000  0.000000E+000  8.222677E-001  5.691009E-001  0.000000E+000 -5.691009E-001  8.222677E-001
  3.780000E+000 -4.689137E-002  2.036677E-001  3.469510E-001  1.000000E+000  0.000000E+000  0.000000E+000  0.000000E+000  8.623913E-001  5.062423E-001  0.000000E+000 -5.062423E-001  8.623913E-001
  3.800000E+000 -7.013683E-002  1.643610E-001  3.471280E-001  1.000000E+000  0.000000E+000  0.000000E+000  0.000000E+000  9.038063E-001  4.279417E-001  0.000000E+000 -4.279417E-001  9.038063E-001
  3.820000E+000 -8.837570E-002  1.226774E-001  3.470622E-001  1.000000E+000  0.000000E+000  0.000000E+000  0.000000E+000  9.428326E-001  3.332666E-001  0.000000E+000 -3.332666E-001  9.428326E-001
  3.840000E+000 -1.013512E-001  7.936934E-002  3.467749E-001  1.000000E+000  0.000000E+000  0.000000E+000  0.000000E+000  9.747934E-001  2.231093E-001  0.000000E+000 -2.231093E-001  9.747934E-001
  3.860000E+000 -1.088861E-001  3.516939E-002  3.463580E-001  1.000000E+000  0.000000E+000  0.000000E+000  0.000000E+000  9.948843E-001  1.010211E-001  0.000000E+000 -1.010211E-001  9.948843E-001
  3.880000E+000 -1.108743E-001 -9.253290E-003  3.459539E-001  1.000000E+000  0.000000E+000  0.000000E+000  0.000000E+000  9.996425E-001 -2.673761E-002  0.000000E+000  2.673761E-002  9.996425E-001
  3.900000E+000 -1.072720E-001 -5.331535E-002  3.457083E-001  1.000000E+000  0.000000E+000  0.000000E+000  0.000000E+000  9.883160E-001 -1.524187E-001  0.000000E+000  1.524187E-001  9.883160E-001
  3.920000E+000 -9.809420E-002 -9.650414E-002  3.457129E-001  1.000000E+000  0.000000E+000  0.000000E+000  0.000000E+000  9.631775E-001 -2.688665E-001  0.000000E+000  2.688665E-001  9.631775E-001
  3.940000E+000 -8.342215E-002 -1.383291E-001  3.459693E-001  1.000000E+000  0.000000E+000  0.000000E+000  0.000000E+000  9.285309E-001 -3.712552E-001  0.000000E+000  3.712552E-001  9.285309E-001
  3.960000E+000 -6.342007E-002 -1.782698E-001  3.463925E-001  1.000000E+000  0.000000E+000  0.000000E+000  0.000000E+000  8.891572E-001 -4.576019E-001  0.000000E+000  4.576019E-001  8.891572E-001
  3.980000E+000 -3.835367E-002 -2.157504E-001  3.468485E-001  1.000000E+000  0.000000E+000  0.000000E+000  0.000000E+000  8.491295E-001 -5.281846E-001  0.000000E+000  5.281846E-001  8.491295E-001
