% FILE: gyro.2
%
%       t         P_No_Bo[1]     P_No_Bo[2]     P_No_Bo[3]      N_B[1,1]       N_B[1,2]       N_B[1,3]       N_B[2,1]       N_B[2,2]       N_B[2,3]       N_B[3,1]       N_B[3,2]       N_B[3,3]
%   (second)        (meter)        (meter)        (meter)       (NoUnits)      (NoUnits)      (NoUnits)      (NoUnits)      (NoUnits)      (NoUnits)      (NoUnits)      (NoUnits)      (NoUnits)

  0.000000E+000  0.000000E+000  0.000000E+000  0.000000E+000  1.000000E+000  0.000000E+000  0.000000E+000  0.000000E+000  1.736482E-001  9.848078E-001  0.000000E+000 -9.848078E-001  1.736482E-001
  5.000000E-002  0.000000E+000  0.000000E+000  0.000000E+000  9.999499E-001 -1.275580E-003 -9.932435E-003  1.001401E-002  1.273731E-001  9.918043E-001  0.000000E+000 -9.918540E-001  1.273795E-001
  1.000000E-001  0.000000E+000  0.000000E+000  0.000000E+000  9.971930E-001 -3.316656E-004 -7.487338E-002  7.487412E-002  4.417209E-003  9.971832E-001  0.000000E+000 -9.999902E-001  4.429643E-003
  1.500000E-001  0.000000E+000  0.000000E+000  0.000000E+000  9.735350E-001  3.379053E-002 -2.260261E-001  2.285379E-001 -1.439422E-001  9.628349E-001  0.000000E+000 -9.890090E-001 -1.478552E-001
  2.000000E-001  0.000000E+000  0.000000E+000  0.000000E+000  8.852612E-001  1.212032E-001 -4.490239E-001  4.650943E-001 -2.306984E-001  8.546728E-001  0.000000E+000 -9.654471E-001 -2.605993E-001
  2.500000E-001  0.000000E+000  0.000000E+000  0.000000E+000  7.031458E-001  1.960625E-001 -6.834804E-001  7.110457E-001 -1.938842E-001  6.758868E-001  0.000000E+000 -9.612328E-001 -2.757383E-001
  3.000000E-001  0.000000E+000  0.000000E+000  0.000000E+000  4.840121E-001  1.619103E-001 -8.599520E-001  8.750613E-001 -8.955550E-002  4.756548E-001  0.000000E+000 -9.827334E-001 -1.850274E-001
  3.500000E-001  0.000000E+000  0.000000E+000  0.000000E+000  3.168932E-001  3.441641E-002 -9.478366E-001  9.484612E-001 -1.149897E-002  3.166845E-001  0.000000E+000 -9.993414E-001 -3.628658E-002
  4.000000E-001  0.000000E+000  0.000000E+000  0.000000E+000  2.334751E-001 -9.766410E-002 -9.674457E-001  9.723628E-001  2.345024E-002  2.322945E-001  0.000000E+000 -9.949431E-001  1.004400E-001
  4.500000E-001  0.000000E+000  0.000000E+000  0.000000E+000  2.140188E-001 -1.662713E-001 -9.625746E-001  9.768295E-001  3.642926E-002  2.108956E-001  0.000000E+000 -9.854069E-001  1.702152E-001
  5.000000E-001  0.000000E+000  0.000000E+000  0.000000E+000  2.099549E-001 -1.452803E-001 -9.668571E-001  9.777111E-001  3.119767E-002  2.076240E-001  0.000000E+000 -9.888985E-001  1.485923E-001
  5.500000E-001  0.000000E+000  0.000000E+000  0.000000E+000  1.651022E-001 -4.229540E-002 -9.853691E-001  9.862765E-001  7.080231E-003  1.649504E-001  0.000000E+000 -9.990801E-001  4.288392E-002
  6.000000E-001  0.000000E+000  0.000000E+000  0.000000E+000  3.673067E-002  1.077003E-001 -9.935047E-001  9.993252E-001 -3.958577E-003  3.651674E-002  0.000000E+000 -9.941755E-001 -1.077731E-001
  6.500000E-001  0.000000E+000  0.000000E+000  0.000000E+000 -1.907360E-001  2.337240E-001 -9.534112E-001  9.816414E-001  4.541331E-002 -1.852507E-001  0.000000E+000 -9.712418E-001 -2.380951E-001
  7.000000E-001  0.000000E+000  0.000000E+000  0.000000E+000 -4.726815E-001  2.492775E-001 -8.452414E-001  8.812333E-001  1.337090E-001 -4.533759E-001  0.000000E+000 -9.591573E-001 -2.828734E-001
  7.500000E-001  0.000000E+000  0.000000E+000  0.000000E+000 -7.060606E-001  1.542917E-001 -6.911385E-001  7.081514E-001  1.538362E-001 -6.890980E-001  0.000000E+000 -9.759757E-001 -2.178796E-001
  8.000000E-001  0.000000E+000  0.000000E+000  0.000000E+000 -8.380684E-001  4.254168E-002 -5.439041E-001  5.455652E-001  6.535028E-002 -8.355166E-001  0.000000E+000 -9.969551E-001 -7.797726E-002
  8.500000E-001  0.000000E+000  0.000000E+000  0.000000E+000 -8.932606E-001 -3.078375E-002 -4.484840E-001  4.495393E-001 -6.116908E-002 -8.911637E-001  0.000000E+000 -9.976526E-001  6.847843E-002
  9.000000E-001  0.000000E+000  0.000000E+000  0.000000E+000 -9.078949E-001 -6.707073E-002 -4.137975E-001  4.191979E-001 -1.452612E-001 -8.961988E-001  0.000000E+000 -9.871174E-001  1.599978E-001
  9.500000E-001  0.000000E+000  0.000000E+000  0.000000E+000 -9.089795E-001 -6.817217E-002 -4.112285E-001  4.168409E-001 -1.486589E-001 -8.967409E-001  0.000000E+000 -9.865359E-001  1.635448E-001
  1.000000E+000  0.000000E+000  0.000000E+000  0.000000E+000 -9.208671E-001 -3.038085E-002 -3.886912E-001  3.898767E-001 -7.175787E-002 -9.180670E-001  0.000000E+000 -9.969593E-001  7.792424E-002
  1.050000E+000  0.000000E+000  0.000000E+000  0.000000E+000 -9.563290E-001  1.936045E-002 -2.916505E-001  2.922924E-001  6.334396E-002 -9.542288E-001  0.000000E+000 -9.978039E-001 -6.623658E-002
  1.100000E+000  0.000000E+000  0.000000E+000  0.000000E+000 -9.955527E-001  1.970407E-002 -9.212312E-002  9.420679E-002  2.082275E-001 -9.735330E-001  0.000000E+000 -9.778819E-001 -2.091577E-001
  1.150000E+000  0.000000E+000  0.000000E+000  0.000000E+000 -9.814376E-001 -5.402499E-002  1.840151E-001 -1.917818E-001  2.764713E-001 -9.416918E-001  0.000000E+000 -9.595024E-001 -2.817003E-001
  1.200000E+000  0.000000E+000  0.000000E+000  0.000000E+000 -8.795017E-001 -1.166503E-001  4.613778E-001 -4.758958E-001  2.155811E-001 -8.526711E-001  0.000000E+000 -9.694934E-001 -2.451173E-001
  1.250000E+000  0.000000E+000  0.000000E+000  0.000000E+000 -7.439966E-001 -7.968219E-002  6.634152E-001 -6.681834E-001  8.872308E-002 -7.386875E-001  0.000000E+000 -9.928640E-001 -1.192520E-001
  1.300000E+000  0.000000E+000  0.000000E+000  0.000000E+000 -6.461729E-001  2.470499E-002  7.627911E-001 -7.631910E-001 -2.091704E-002 -6.458343E-001  0.000000E+000 -9.994759E-001  3.237065E-002
  1.350000E+000  0.000000E+000  0.000000E+000  0.000000E+000 -6.065919E-001  1.138786E-001  7.868151E-001 -7.950134E-001 -8.688891E-002 -6.003366E-001  0.000000E+000 -9.896878E-001  1.432411E-001
  1.400000E+000  0.000000E+000  0.000000E+000  0.000000E+000 -6.023082E-001  1.371996E-001  7.863848E-001 -7.982636E-001 -1.035202E-001 -5.933454E-001  0.000000E+000 -9.851192E-001  1.718725E-001
  1.450000E+000  0.000000E+000  0.000000E+000  0.000000E+000 -5.888383E-001  8.773971E-002  8.034744E-001 -8.082508E-001 -6.392137E-002 -5.853586E-001  0.000000E+000 -9.940904E-001  1.085550E-001
  1.500000E+000  0.000000E+000  0.000000E+000  0.000000E+000 -5.220091E-001 -2.105317E-002  8.526800E-001 -8.529399E-001  1.288479E-002 -5.218501E-001  0.000000E+000 -9.996953E-001 -2.468307E-002
  1.550000E+000  0.000000E+000  0.000000E+000  0.000000E+000 -3.654165E-001 -1.628547E-001  9.164874E-001 -9.308441E-001  6.393101E-002 -3.597806E-001  0.000000E+000 -9.845766E-001 -1.749538E-001
  1.600000E+000  0.000000E+000  0.000000E+000  0.000000E+000 -1.049394E-001 -2.707658E-001  9.569083E-001 -9.944786E-001  2.857176E-002 -1.009749E-001  0.000000E+000 -9.622211E-001 -2.722691E-001
  1.650000E+000  0.000000E+000  0.000000E+000  0.000000E+000  2.014230E-001 -2.601889E-001  9.443148E-001 -9.795044E-001 -5.350464E-002  1.941867E-001  0.000000E+000 -9.640742E-001 -2.656332E-001
  1.700000E+000  0.000000E+000  0.000000E+000  0.000000E+000  4.460667E-001 -1.420028E-001  8.836626E-001 -8.949997E-001 -7.077402E-002  4.404164E-001  0.000000E+000 -9.873329E-001 -1.586624E-001
  1.750000E+000  0.000000E+000  0.000000E+000  0.000000E+000  5.855799E-001 -5.546472E-003  8.105957E-001 -8.106147E-001 -4.006716E-003  5.855662E-001  0.000000E+000 -9.999766E-001 -6.842304E-003
  1.800000E+000  0.000000E+000  0.000000E+000  0.000000E+000  6.414839E-001  9.233028E-002  7.615600E-001 -7.671365E-001  7.720710E-002  6.368207E-001  0.000000E+000 -9.927307E-001  1.203570E-001
  1.850000E+000  0.000000E+000  0.000000E+000  0.000000E+000  6.509539E-001  1.316130E-001  7.476209E-001 -7.591173E-001  1.128600E-001  6.410956E-001  0.000000E+000 -9.848556E-001  1.733763E-001
  1.900000E+000  0.000000E+000  0.000000E+000  0.000000E+000  6.569632E-001  1.009867E-001  7.471286E-001 -7.539227E-001  8.799911E-002  6.510428E-001  0.000000E+000 -9.909883E-001  1.339483E-001
  1.950000E+000  0.000000E+000  0.000000E+000  0.000000E+000  7.004404E-001  1.107820E-002  7.136249E-001 -7.137109E-001  1.087222E-002  7.003560E-001  0.000000E+000 -9.998795E-001  1.552197E-002
  2.000000E+000  0.000000E+000  0.000000E+000  0.000000E+000  7.980783E-001 -8.244005E-002  5.968875E-001 -6.025538E-001 -1.091913E-001  7.905733E-001  0.000000E+000 -9.905962E-001 -1.368177E-001
  2.050000E+000  0.000000E+000  0.000000E+000  0.000000E+000  9.209962E-001 -9.933347E-002  3.766946E-001 -3.895715E-001 -2.348369E-001  8.905536E-001  0.000000E+000 -9.669460E-001 -2.549813E-001
  2.100000E+000  0.000000E+000  0.000000E+000  0.000000E+000  9.955696E-001 -2.619340E-002  9.030510E-002 -9.402715E-002 -2.773385E-001  9.561602E-001  0.000000E+000 -9.604151E-001 -2.785727E-001
  2.150000E+000  0.000000E+000  0.000000E+000  0.000000E+000  9.828083E-001  3.595813E-002 -1.810936E-001  1.846290E-001 -1.914106E-001  9.639886E-001  0.000000E+000 -9.808512E-001 -1.947589E-001
  2.200000E+000  0.000000E+000  0.000000E+000  0.000000E+000  9.300950E-001  1.761947E-002 -3.668963E-001  3.673191E-001 -4.461456E-002  9.290243E-001  0.000000E+000 -9.988489E-001 -4.796775E-002
  2.250000E+000  0.000000E+000  0.000000E+000  0.000000E+000  8.918026E-001 -4.159001E-002 -4.505090E-001  4.524247E-001  8.198067E-002  8.880265E-001  0.000000E+000 -9.957658E-001  9.192692E-002
  2.300000E+000  0.000000E+000  0.000000E+000  0.000000E+000  8.809462E-001 -7.951013E-002 -4.664889E-001  4.732164E-001  1.480172E-001  8.684222E-001  0.000000E+000 -9.857835E-001  1.680207E-001
  2.350000E+000  0.000000E+000  0.000000E+000  0.000000E+000  8.793894E-001 -7.305690E-002 -4.704646E-001  4.761032E-001  1.349402E-001  8.689746E-001  0.000000E+000 -9.881568E-001  1.534476E-001
  2.400000E+000  0.000000E+000  0.000000E+000  0.000000E+000  8.592461E-001 -2.717747E-002 -5.108401E-001  5.115625E-001  4.564864E-002  8.580326E-001  0.000000E+000 -9.985878E-001  5.312639E-002
  2.450000E+000  0.000000E+000  0.000000E+000  0.000000E+000  7.906814E-001  5.888364E-002 -6.093896E-001  6.122278E-001 -7.604718E-002  7.870158E-001  0.000000E+000 -9.953640E-001 -9.617929E-002
  2.500000E+000  0.000000E+000  0.000000E+000  0.000000E+000  6.369596E-001  1.777404E-001 -7.501272E-001  7.708972E-001 -1.468593E-001  6.197982E-001  0.000000E+000 -9.730574E-001 -2.305630E-001
  2.550000E+000  0.000000E+000  0.000000E+000  0.000000E+000  3.831577E-001  2.617603E-001 -8.858170E-001  9.236830E-001 -1.085821E-001  3.674503E-001  0.000000E+000 -9.590055E-001 -2.833876E-001
  2.600000E+000  0.000000E+000  0.000000E+000  0.000000E+000  9.764754E-002  2.250758E-001 -9.694358E-001  9.952211E-001 -2.208363E-002  9.511758E-002  0.000000E+000 -9.740910E-001 -2.261566E-001
  2.650000E+000  0.000000E+000  0.000000E+000  0.000000E+000 -1.191799E-001  8.904622E-002 -9.888715E-001  9.928727E-001  1.068870E-002 -1.186996E-001  0.000000E+000 -9.959701E-001 -8.968544E-002
  2.700000E+000  0.000000E+000  0.000000E+000  0.000000E+000 -2.351253E-001 -5.705811E-002 -9.702889E-001  9.719651E-001 -1.380277E-002 -2.347198E-001  0.000000E+000 -9.982754E-001  5.870387E-002
  2.750000E+000  0.000000E+000  0.000000E+000  0.000000E+000 -2.720486E-001 -1.500516E-001 -9.505125E-001  9.622835E-001 -4.242131E-002 -2.687208E-001  0.000000E+000 -9.877677E-001  1.559328E-001
  2.800000E+000  0.000000E+000  0.000000E+000  0.000000E+000 -2.748756E-001 -1.601510E-001 -9.480480E-001  9.614798E-001 -4.578527E-002 -2.710356E-001  0.000000E+000 -9.860301E-001  1.665672E-001
  2.850000E+000  0.000000E+000  0.000000E+000  0.000000E+000 -2.993277E-001 -8.303065E-002 -9.505308E-001  9.541504E-001 -2.604765E-002 -2.981922E-001  0.000000E+000 -9.962065E-001  8.702051E-002
  2.900000E+000  0.000000E+000  0.000000E+000  0.000000E+000 -3.903991E-001  5.017056E-002 -9.192777E-001  9.206457E-001  2.127479E-002 -3.898190E-001  0.000000E+000 -9.985140E-001 -5.449497E-002
  2.950000E+000  0.000000E+000  0.000000E+000  0.000000E+000 -5.611250E-001  1.655615E-001 -8.110044E-001  8.277311E-001  1.122353E-001 -5.497859E-001  0.000000E+000 -9.797921E-001 -2.000184E-001
  3.000000E+000  0.000000E+000  0.000000E+000  0.000000E+000 -7.697088E-001  1.786691E-001 -6.128832E-001  6.383952E-001  2.154202E-001 -7.389491E-001  0.000000E+000 -9.600372E-001 -2.798723E-001
  3.050000E+000  0.000000E+000  0.000000E+000  0.000000E+000 -9.259186E-001  9.503767E-002 -3.655717E-001  3.777232E-001  2.329673E-001 -8.961314E-001  0.000000E+000 -9.678296E-001 -2.516067E-001
  3.100000E+000  0.000000E+000  0.000000E+000  0.000000E+000 -9.895643E-001  1.881603E-002 -1.428580E-001  1.440919E-001  1.292209E-001 -9.810910E-001  0.000000E+000 -9.914373E-001 -1.305836E-001
  3.150000E+000  0.000000E+000  0.000000E+000  0.000000E+000 -9.999998E-001 -1.480239E-005 -6.847873E-004  6.849473E-004 -2.161098E-002 -9.997662E-001  0.000000E+000 -9.997665E-001  2.161099E-002
  3.200000E+000  0.000000E+000  0.000000E+000  0.000000E+000 -9.984622E-001  7.617285E-003  5.491108E-002 -5.543690E-002 -1.371933E-001 -9.889918E-001  0.000000E+000 -9.905150E-001  1.374046E-001
  3.250000E+000  0.000000E+000  0.000000E+000  0.000000E+000 -9.980539E-001  1.078718E-002  6.141735E-002 -6.235747E-002 -1.726528E-001 -9.830069E-001  0.000000E+000 -9.849237E-001  1.729894E-001
  3.300000E+000  0.000000E+000  0.000000E+000  0.000000E+000 -9.970921E-001  8.859267E-003  7.568870E-002 -7.620542E-002 -1.159170E-001 -9.903312E-001  0.000000E+000 -9.932194E-001  1.162551E-001
  3.350000E+000  0.000000E+000  0.000000E+000  0.000000E+000 -9.886979E-001 -1.976992E-003  1.499088E-001 -1.499219E-001  1.303778E-002 -9.886119E-001  0.000000E+000 -9.999131E-001 -1.318682E-002
  3.400000E+000  0.000000E+000  0.000000E+000  0.000000E+000 -9.498731E-001 -5.145006E-002  3.083731E-001 -3.126356E-001  1.563194E-001 -9.369222E-001  0.000000E+000 -9.863656E-001 -1.645688E-001
  3.450000E+000  0.000000E+000  0.000000E+000  0.000000E+000 -8.359344E-001 -1.471834E-001  5.287255E-001 -5.488293E-001  2.241784E-001 -8.053139E-001  0.000000E+000 -9.633697E-001 -2.681770E-001
  3.500000E+000  0.000000E+000  0.000000E+000  0.000000E+000 -6.301427E-001 -2.097010E-001  7.476267E-001 -7.764794E-001  1.701804E-001 -6.067276E-001  0.000000E+000 -9.628417E-001 -2.700665E-001
  3.550000E+000  0.000000E+000  0.000000E+000  0.000000E+000 -4.041650E-001 -1.547715E-001  9.014968E-001 -9.146861E-001  6.838765E-002 -3.983371E-001  0.000000E+000 -9.855805E-001 -1.692073E-001
  3.600000E+000  0.000000E+000  0.000000E+000  0.000000E+000 -2.427523E-001 -1.771986E-002  9.699265E-001 -9.700883E-001  4.434169E-003 -2.427118E-001  0.000000E+000 -9.998332E-001 -1.826623E-002
  3.650000E+000  0.000000E+000  0.000000E+000  0.000000E+000 -1.674718E-001  1.113007E-001  9.795741E-001 -9.858769E-001 -1.890675E-002 -1.664011E-001  0.000000E+000 -9.936069E-001  1.128951E-001
  3.700000E+000  0.000000E+000  0.000000E+000  0.000000E+000 -1.525443E-001  1.705418E-001  9.734710E-001 -9.882966E-001 -2.632323E-002 -1.502559E-001  0.000000E+000 -9.849988E-001  1.725613E-001
  3.750000E+000  0.000000E+000  0.000000E+000  0.000000E+000 -1.464119E-001  1.385410E-001  9.794743E-001 -9.892237E-001 -2.050502E-002 -1.449689E-001  0.000000E+000 -9.901444E-001  1.400502E-001
  3.800000E+000  0.000000E+000  0.000000E+000  0.000000E+000 -9.305731E-002  2.629330E-002  9.953135E-001 -9.956608E-001 -2.457447E-003 -9.302485E-002  0.000000E+000 -9.996513E-001  2.640789E-002
  3.850000E+000  0.000000E+000  0.000000E+000  0.000000E+000  4.739451E-002 -1.254412E-001  9.909684E-001 -9.988762E-001 -5.951912E-003  4.701930E-002  0.000000E+000 -9.920832E-001 -1.255823E-001
  3.900000E+000  0.000000E+000  0.000000E+000  0.000000E+000  2.831649E-001 -2.386151E-001  9.289136E-001 -9.590712E-001 -7.045088E-002  2.742609E-001  0.000000E+000 -9.685554E-001 -2.487981E-001
  3.950000E+000  0.000000E+000  0.000000E+000  0.000000E+000  5.574531E-001 -2.330917E-001  7.968151E-001 -8.302084E-001 -1.565121E-001  5.350308E-001  0.000000E+000 -9.597772E-001 -2.807628E-001
  4.000000E+000  0.000000E+000  0.000000E+000  0.000000E+000  7.682359E-001 -1.306697E-001  6.266890E-001 -6.401669E-001 -1.568109E-001  7.520616E-001  0.000000E+000 -9.789463E-001 -2.041181E-001
  4.050000E+000  0.000000E+000  0.000000E+000  0.000000E+000  8.791773E-001 -2.844499E-002  4.756451E-001 -4.764949E-001 -5.248365E-002  8.776093E-001  0.000000E+000 -9.982166E-001 -5.969632E-002
  4.100000E+000  0.000000E+000  0.000000E+000  0.000000E+000  9.223827E-001  3.207414E-002  3.849435E-001 -3.862774E-001  7.658908E-002  9.191974E-001  0.000000E+000 -9.965467E-001  8.303395E-002
  4.150000E+000  0.000000E+000  0.000000E+000  0.000000E+000  9.325612E-001  5.967272E-002  3.560459E-001 -3.610118E-001  1.541458E-001  9.197334E-001  0.000000E+000 -9.862445E-001  1.652930E-001
  4.200000E+000  0.000000E+000  0.000000E+000  0.000000E+000  9.335483E-001  5.656281E-002  3.539607E-001 -3.584516E-001  1.473117E-001  9.218523E-001  0.000000E+000 -9.874715E-001  1.577976E-001
  4.250000E+000  0.000000E+000  0.000000E+000  0.000000E+000  9.458947E-001  2.046606E-002  3.238276E-001 -3.244737E-001  5.966196E-002  9.440113E-001  0.000000E+000 -9.980088E-001  6.307463E-002
  4.300000E+000  0.000000E+000  0.000000E+000  0.000000E+000  9.768226E-001 -1.808793E-002  2.132851E-001 -2.140507E-001 -8.254448E-002  9.733287E-001  0.000000E+000 -9.964232E-001 -8.450304E-002
  4.350000E+000  0.000000E+000  0.000000E+000  0.000000E+000  9.999985E-001 -3.881654E-004  1.700468E-003 -1.744208E-003 -2.225449E-001  9.749209E-001  0.000000E+000 -9.749224E-001 -2.225453E-001
  4.400000E+000  0.000000E+000  0.000000E+000  0.000000E+000  9.576620E-001  8.154374E-002 -2.761054E-001  2.878951E-001 -2.712493E-001  9.184445E-001  0.000000E+000 -9.590487E-001 -2.832412E-001
  4.450000E+000  0.000000E+000  0.000000E+000  0.000000E+000  8.305006E-001  1.303211E-001 -5.415580E-001  5.570177E-001 -1.943058E-001  8.074507E-001  0.000000E+000 -9.722457E-001 -2.339622E-001
  4.500000E+000  0.000000E+000  0.000000E+000  0.000000E+000  6.855735E-001  7.376795E-002 -7.242564E-001  7.280034E-001 -6.946857E-002  6.820448E-001  0.000000E+000 -9.948530E-001 -1.013291E-001
  4.550000E+000  0.000000E+000  0.000000E+000  0.000000E+000  5.894023E-001 -3.927911E-002 -8.068842E-001  8.078397E-001  2.865815E-002  5.887051E-001  0.000000E+000 -9.988172E-001  4.862240E-002
  4.600000E+000  0.000000E+000  0.000000E+000  0.000000E+000  5.541997E-001 -1.259878E-001 -8.227939E-001  8.323837E-001  8.388245E-002  5.478148E-001  0.000000E+000 -9.884790E-001  1.513578E-001
  4.650000E+000  0.000000E+000  0.000000E+000  0.000000E+000  5.511770E-001 -1.410611E-001 -8.223781E-001  8.343884E-001  9.318156E-002  5.432433E-001  0.000000E+000 -9.856059E-001  1.690592E-001
  4.700000E+000  0.000000E+000  0.000000E+000  0.000000E+000  5.327972E-001 -8.102560E-002 -8.423550E-001  8.462430E-001  5.101397E-002  5.303493E-001  0.000000E+000 -9.954057E-001  9.574744E-002
  4.750000E+000  0.000000E+000  0.000000E+000  0.000000E+000  4.541967E-001  3.811597E-002 -8.900857E-001  8.909014E-001 -1.943217E-002  4.537809E-001  0.000000E+000 -9.990844E-001 -4.278360E-002
  4.800000E+000  0.000000E+000  0.000000E+000  0.000000E+000  2.806076E-001  1.828371E-001 -9.422473E-001  9.598226E-001 -5.345310E-002  2.754694E-001  0.000000E+000 -9.816890E-001 -1.904906E-001
  4.850000E+000  0.000000E+000  0.000000E+000  0.000000E+000  6.862484E-003  2.773891E-001 -9.607332E-001  9.999765E-001 -1.903623E-003  6.593171E-003  0.000000E+000 -9.607558E-001 -2.773956E-001
  4.900000E+000  0.000000E+000  0.000000E+000  0.000000E+000 -2.952861E-001  2.460577E-001 -9.231802E-001  9.554089E-001  7.604851E-002 -2.853252E-001  0.000000E+000 -9.662672E-001 -2.575418E-001
  4.950000E+000  0.000000E+000  0.000000E+000  0.000000E+000 -5.220513E-001  1.208881E-001 -8.443036E-001  8.529141E-001  7.399311E-002 -5.167810E-001  0.000000E+000 -9.899046E-001 -1.417353E-001
  5.000000E+000  0.000000E+000  0.000000E+000  0.000000E+000 -6.447346E-001 -8.125893E-003 -7.643633E-001  7.644065E-001 -6.853741E-003 -6.446981E-001  0.000000E+000 -9.999435E-001  1.063033E-002
  5.050000E+000  0.000000E+000  0.000000E+000  0.000000E+000 -6.906636E-001 -9.480422E-002 -7.169351E-001  7.231762E-001 -9.054201E-002 -6.847031E-001  0.000000E+000 -9.913699E-001  1.310942E-001
  5.100000E+000  0.000000E+000  0.000000E+000  0.000000E+000 -6.970155E-001 -1.244550E-001 -7.061730E-001  7.170561E-001 -1.209767E-001 -6.864366E-001  0.000000E+000 -9.848226E-001  1.735639E-001
  5.150000E+000  0.000000E+000  0.000000E+000  0.000000E+000 -7.050795E-001 -8.759446E-002 -7.036975E-001  7.091283E-001 -8.709433E-002 -6.996797E-001  0.000000E+000 -9.923416E-001  1.235241E-001
  5.200000E+000  0.000000E+000  0.000000E+000  0.000000E+000 -7.517613E-001  1.204618E-003 -6.594342E-001  6.594353E-001  1.373274E-003 -7.517601E-001  0.000000E+000 -9.999983E-001 -1.826742E-003
  5.250000E+000  0.000000E+000  0.000000E+000  0.000000E+000 -8.471434E-001  8.177893E-002 -5.250336E-001  5.313643E-001  1.303785E-001 -8.370504E-001  0.000000E+000 -9.880859E-001 -1.539037E-001
  5.300000E+000  0.000000E+000  0.000000E+000  0.000000E+000 -9.543099E-001  7.873144E-002 -2.882603E-001  2.988187E-001  2.514374E-001 -9.205904E-001  0.000000E+000 -9.646661E-001 -2.634756E-001
  5.350000E+000  0.000000E+000  0.000000E+000  0.000000E+000 -9.999910E-001 -1.162885E-003  4.083549E-003 -4.245901E-003  2.738816E-001 -9.617540E-001  0.000000E+000 -9.617627E-001 -2.738841E-001
  5.400000E+000  0.000000E+000  0.000000E+000  0.000000E+000 -9.622268E-001 -4.885733E-002  2.678293E-001 -2.722491E-001  1.726795E-001 -9.466056E-001  0.000000E+000 -9.837656E-001 -1.794582E-001
  5.450000E+000  0.000000E+000  0.000000E+000  0.000000E+000 -8.985915E-001 -1.308182E-002  4.385911E-001 -4.387861E-001  2.679030E-002 -8.981921E-001  0.000000E+000 -9.995555E-001 -2.981365E-002
  5.500000E+000  0.000000E+000  0.000000E+000  0.000000E+000 -8.590058E-001  5.376107E-002  5.091354E-001 -5.119659E-001 -9.020341E-002 -8.542566E-001  0.000000E+000 -9.944713E-001  1.050091E-001
  5.550000E+000  0.000000E+000  0.000000E+000  0.000000E+000 -8.495743E-001  9.030510E-002  5.196811E-001 -5.274689E-001 -1.454510E-001 -8.370308E-001  0.000000E+000 -9.852355E-001  1.712046E-001
  5.600000E+000  0.000000E+000  0.000000E+000  0.000000E+000 -8.470352E-001  7.743058E-002  5.258668E-001 -5.315368E-001 -1.233902E-001 -8.379997E-001  0.000000E+000 -9.893328E-001  1.456730E-001
  5.650000E+000  0.000000E+000  0.000000E+000  0.000000E+000 -8.202744E-001  2.119806E-002  5.715773E-001 -5.719703E-001 -3.040058E-002 -8.197108E-001  0.000000E+000 -9.993130E-001  3.706148E-002
  5.700000E+000  0.000000E+000  0.000000E+000  0.000000E+000 -7.370443E-001 -7.716883E-002  6.714244E-001 -6.758445E-001  8.415671E-002 -7.322239E-001  0.000000E+000 -9.934599E-001 -1.141813E-001
  5.750000E+000  0.000000E+000  0.000000E+000  0.000000E+000 -5.613738E-001 -2.003279E-001  8.029497E-001 -8.275624E-001  1.358917E-001 -5.446779E-001  0.000000E+000 -9.702588E-001 -2.420699E-001
  5.800000E+000  0.000000E+000  0.000000E+000  0.000000E+000 -2.899008E-001 -2.701783E-001  9.181292E-001 -9.570567E-001  8.183935E-002 -2.781093E-001  0.000000E+000 -9.593258E-001 -2.823012E-001
  5.850000E+000  0.000000E+000  0.000000E+000  0.000000E+000 -4.856064E-003 -2.130734E-001  9.770241E-001 -9.999882E-001  1.034710E-003 -4.744548E-003  0.000000E+000 -9.770356E-001 -2.130759E-001
  5.900000E+000  0.000000E+000  0.000000E+000  0.000000E+000  1.994229E-001 -7.000643E-002  9.774096E-001 -9.799135E-001 -1.424706E-002  1.989133E-001  0.000000E+000 -9.974448E-001 -7.144143E-002
  5.950000E+000  0.000000E+000  0.000000E+000  0.000000E+000  3.028693E-001  7.031495E-002  9.504346E-001 -9.530321E-001  2.234577E-002  3.020438E-001  0.000000E+000 -9.972745E-001  7.378025E-002
  6.000000E+000  0.000000E+000  0.000000E+000  0.000000E+000  3.325509E-001  1.528150E-001  9.306221E-001 -9.430853E-001  5.388566E-002  3.281561E-001  0.000000E+000 -9.867846E-001  1.620373E-001
  6.050000E+000  0.000000E+000  0.000000E+000  0.000000E+000  3.349566E-001  1.522970E-001  9.298439E-001 -9.422336E-001  5.414037E-002  3.305522E-001  0.000000E+000 -9.868508E-001  1.616340E-001
  6.100000E+000  0.000000E+000  0.000000E+000  0.000000E+000  3.647312E-001  6.769766E-002  9.286486E-001 -9.311129E-001  2.651821E-002  3.637659E-001  0.000000E+000 -9.973534E-001  7.270618E-002
  6.150000E+000  0.000000E+000  0.000000E+000  0.000000E+000  4.627245E-001 -6.451650E-002  8.841514E-001 -8.865021E-001 -3.367546E-002  4.614975E-001  0.000000E+000 -9.973483E-001 -7.277648E-002
  6.200000E+000  0.000000E+000  0.000000E+000  0.000000E+000  6.346443E-001 -1.654325E-001  7.548899E-001 -7.728044E-001 -1.358568E-001  6.199325E-001  0.000000E+000 -9.768188E-001 -2.140677E-001
  6.250000E+000  0.000000E+000  0.000000E+000  0.000000E+000  8.289905E-001 -1.579552E-001  5.364932E-001 -5.592627E-001 -2.341356E-001  7.952394E-001  0.000000E+000 -9.592865E-001 -2.824346E-001
  6.300000E+000  0.000000E+000  0.000000E+000  0.000000E+000  9.577079E-001 -6.942394E-002  2.792416E-001 -2.877422E-001 -2.310675E-001  9.294150E-001  0.000000E+000 -9.704577E-001 -2.412713E-001
  6.350000E+000  0.000000E+000  0.000000E+000  0.000000E+000  9.981983E-001 -6.772764E-003  5.961831E-002 -6.000177E-002 -1.126727E-001  9.918189E-001  0.000000E+000 -9.936091E-001 -1.128761E-001
  6.400000E+000  0.000000E+000  0.000000E+000  0.000000E+000  9.973853E-001 -2.764730E-003 -7.221451E-002  7.226742E-002  3.815690E-002  9.966551E-001  0.000000E+000 -9.992679E-001  3.825693E-002
  6.450000E+000  0.000000E+000  0.000000E+000  0.000000E+000  9.927799E-001 -1.754648E-002 -1.186598E-001  1.199501E-001  1.452253E-001  9.821006E-001  0.000000E+000 -9.892430E-001  1.462815E-001
  6.500000E+000  0.000000E+000  0.000000E+000  0.000000E+000  9.922106E-001 -2.130381E-002 -1.227367E-001  1.245719E-001  1.696840E-001  9.775936E-001  0.000000E+000 -9.852682E-001  1.710162E-001
  6.550000E+000  0.000000E+000  0.000000E+000  0.000000E+000  9.897349E-001 -1.487553E-002 -1.421390E-001  1.429153E-001  1.030179E-001  9.843589E-001  0.000000E+000 -9.945683E-001  1.040863E-001
  6.600000E+000  0.000000E+000  0.000000E+000  0.000000E+000  9.742656E-001  7.017498E-003 -2.252940E-001  2.254032E-001 -3.033189E-002  9.737933E-001  0.000000E+000 -9.995152E-001 -3.113309E-002
  6.650000E+000  0.000000E+000  0.000000E+000  0.000000E+000  9.184133E-001  7.145082E-002 -3.891166E-001  3.956222E-001 -1.658688E-001  9.033109E-001  0.000000E+000 -9.835560E-001 -1.806037E-001
  6.700000E+000  0.000000E+000  0.000000E+000  0.000000E+000  7.782832E-001  1.722232E-001 -6.038332E-001  6.279135E-001 -2.134664E-001  7.484362E-001  0.000000E+000 -9.616503E-001 -2.742786E-001
  6.750000E+000  0.000000E+000  0.000000E+000  0.000000E+000  5.516208E-001  2.192862E-001 -8.047534E-001  8.340950E-001 -1.450228E-001  5.322160E-001  0.000000E+000 -9.648222E-001 -2.629032E-001
  6.800000E+000  0.000000E+000  0.000000E+000  0.000000E+000  3.224126E-001  1.445218E-001 -9.355018E-001  9.465992E-001 -4.922426E-002  3.186328E-001  0.000000E+000 -9.882765E-001 -1.526748E-001
  6.850000E+000  0.000000E+000  0.000000E+000  0.000000E+000  1.684766E-001  5.372233E-004 -9.857055E-001  9.857056E-001 -9.182210E-005  1.684766E-001  0.000000E+000 -9.999999E-001 -5.450139E-004
  6.900000E+000  0.000000E+000  0.000000E+000  0.000000E+000  1.015861E-001 -1.236795E-001 -9.871087E-001  9.948267E-001  1.262946E-002  1.007980E-001  0.000000E+000 -9.922418E-001  1.243226E-001
  6.950000E+000  0.000000E+000  0.000000E+000  0.000000E+000  9.060128E-002 -1.728808E-001 -9.807669E-001  9.958872E-001  1.572791E-002  8.922570E-002  0.000000E+000 -9.848172E-001  1.735948E-001
  7.000000E+000  0.000000E+000  0.000000E+000  0.000000E+000  8.157886E-002 -1.299129E-001 -9.881637E-001  9.966669E-001  1.063358E-002  8.088286E-002  0.000000E+000 -9.914684E-001  1.303473E-001
  7.050000E+000  0.000000E+000  0.000000E+000  0.000000E+000  1.929007E-002 -9.367292E-003 -9.997700E-001  9.998139E-001  1.807294E-004  1.928923E-002  0.000000E+000 -9.999561E-001  9.369035E-003
  7.100000E+000  0.000000E+000  0.000000E+000  0.000000E+000 -1.325969E-001  1.417278E-001 -9.809849E-001  9.911700E-001  1.896008E-002 -1.312343E-001  0.000000E+000 -9.897241E-001 -1.429904E-001
  7.150000E+000  0.000000E+000  0.000000E+000  0.000000E+000 -3.739296E-001  2.394515E-001 -8.960132E-001  9.274571E-001  9.654138E-002 -3.612521E-001  0.000000E+000 -9.660967E-001 -2.581806E-001
  7.200000E+000  0.000000E+000  0.000000E+000  0.000000E+000 -6.365381E-001  2.136914E-001 -7.410501E-001  7.712453E-001  1.763677E-001 -6.116169E-001  0.000000E+000 -9.608488E-001 -2.770733E-001
  7.250000E+000  0.000000E+000  0.000000E+000  0.000000E+000 -8.231663E-001  1.075323E-001 -5.575250E-001  5.678004E-001  1.558945E-001 -8.082695E-001  0.000000E+000 -9.819031E-001 -1.893840E-001
  7.300000E+000  0.000000E+000  0.000000E+000  0.000000E+000 -9.140415E-001  1.681514E-002 -4.052720E-001  4.056207E-001  3.789190E-002 -9.132558E-001  0.000000E+000 -9.991404E-001 -4.145534E-002
  7.350000E+000  0.000000E+000  0.000000E+000  0.000000E+000 -9.466979E-001 -3.115425E-002 -3.206127E-001  3.221228E-001 -9.156030E-002 -9.422598E-001  0.000000E+000 -9.953121E-001  9.671544E-002
  7.400000E+000  0.000000E+000  0.000000E+000  0.000000E+000 -9.533965E-001 -5.108390E-002 -2.973644E-001  3.017203E-001 -1.614184E-001 -9.396323E-001  0.000000E+000 -9.855631E-001  1.693088E-001
  7.450000E+000  0.000000E+000  0.000000E+000  0.000000E+000 -9.545144E-001 -4.496498E-002 -2.947549E-001  2.981649E-001 -1.439462E-001 -9.435980E-001  0.000000E+000 -9.885634E-001  1.508057E-001
  7.500000E+000  0.000000E+000  0.000000E+000  0.000000E+000 -9.665705E-001 -1.216822E-002 -2.561121E-001  2.564010E-001 -4.587127E-002 -9.654814E-001  0.000000E+000 -9.988732E-001  4.745776E-002
  7.550000E+000  0.000000E+000  0.000000E+000  0.000000E+000 -9.911154E-001  1.365260E-002 -1.323022E-001  1.330047E-001  1.017355E-001 -9.858801E-001  0.000000E+000 -9.947178E-001 -1.026475E-001
  7.600000E+000  0.000000E+000  0.000000E+000  0.000000E+000 -9.957671E-001 -2.158272E-002  8.934232E-002 -9.191226E-002  2.338248E-001 -9.679246E-001  0.000000E+000 -9.720392E-001 -2.348187E-001
  7.650000E+000  0.000000E+000  0.000000E+000  0.000000E+000 -9.244692E-001 -1.079653E-001  3.656503E-001 -3.812567E-001  2.617937E-001 -8.866270E-001  0.000000E+000 -9.590660E-001 -2.831827E-001
  7.700000E+000  0.000000E+000  0.000000E+000  0.000000E+000 -7.747397E-001 -1.401159E-001  6.165598E-001 -6.322804E-001  1.716855E-001 -7.554771E-001  0.000000E+000 -9.751367E-001 -2.216041E-001
  7.750000E+000  0.000000E+000  0.000000E+000  0.000000E+000 -6.234716E-001 -6.502747E-002  7.791371E-001 -7.818460E-001  5.185520E-002 -6.213114E-001  0.000000E+000 -9.965352E-001 -8.317171E-002
  7.800000E+000  0.000000E+000  0.000000E+000  0.000000E+000 -5.305452E-001  5.440774E-002  8.459087E-001 -8.476566E-001 -3.405361E-002 -5.294512E-001  0.000000E+000 -9.979379E-001  6.418607E-002
  7.850000E+000  0.000000E+000  0.000000E+000  0.000000E+000 -5.000013E-001  1.370569E-001  8.551106E-001 -8.660247E-001 -7.913013E-002 -4.937000E-001  0.000000E+000 -9.873975E-001  1.582598E-001
  7.900000E+000  0.000000E+000  0.000000E+000  0.000000E+000 -4.976571E-001  1.430727E-001  8.554926E-001 -8.673739E-001 -8.208820E-002 -4.908402E-001  0.000000E+000 -9.863020E-001  1.649493E-001
  7.950000E+000  0.000000E+000  0.000000E+000  0.000000E+000 -4.734537E-001  7.222683E-002  8.778524E-001 -8.808187E-001 -3.882304E-002 -4.718592E-001  0.000000E+000 -9.966324E-001  8.199965E-002
  8.000000E+000  0.000000E+000  0.000000E+000  0.000000E+000 -3.823734E-001 -5.639353E-002  9.222854E-001 -9.240079E-001  2.333680E-002 -3.816606E-001  0.000000E+000 -9.981358E-001 -6.103144E-002
  8.050000E+000  0.000000E+000  0.000000E+000  0.000000E+000 -1.922434E-001 -2.013306E-001  9.604730E-001 -9.813473E-001  3.944015E-002 -1.881542E-001  0.000000E+000 -9.787290E-001 -2.051573E-001
  8.100000E+000  0.000000E+000  0.000000E+000  0.000000E+000  9.172183E-002 -2.797863E-001  9.556708E-001 -9.957847E-001 -2.577114E-002  8.802694E-002  0.000000E+000 -9.597164E-001 -2.809707E-001
  8.150000E+000  0.000000E+000  0.000000E+000  0.000000E+000  3.855814E-001 -2.288786E-001  8.938353E-001 -9.226738E-001 -9.564737E-002  3.735299E-001  0.000000E+000 -9.687446E-001 -2.480602E-001
  8.200000E+000  0.000000E+000  0.000000E+000  0.000000E+000  5.929575E-001 -1.000855E-001  7.989896E-001 -8.052338E-001 -7.370092E-002  5.883594E-001  0.000000E+000 -9.922455E-001 -1.242938E-001
  8.250000E+000  0.000000E+000  0.000000E+000  0.000000E+000  6.993484E-001  1.975035E-002  7.145081E-001 -7.147810E-001  1.932393E-002  6.990814E-001  0.000000E+000 -9.996182E-001  2.763134E-002
  8.300000E+000  0.000000E+000  0.000000E+000  0.000000E+000  7.363259E-001  9.521080E-002  6.698948E-001 -6.766270E-001  1.036113E-001  7.289997E-001  0.000000E+000 -9.900503E-001  1.407139E-001
  8.350000E+000  0.000000E+000  0.000000E+000  0.000000E+000  7.403893E-001  1.159066E-001  6.621097E-001 -6.721783E-001  1.276685E-001  7.292991E-001  0.000000E+000 -9.850210E-001  1.724343E-001
  8.400000E+000  0.000000E+000  0.000000E+000  0.000000E+000  7.506863E-001  7.400672E-002  6.565007E-001 -6.606588E-001  8.409156E-002  7.459615E-001  0.000000E+000 -9.937060E-001  1.120196E-001
  8.450000E+000  0.000000E+000  0.000000E+000  0.000000E+000  7.996687E-001 -1.175270E-002  6.003265E-001 -6.004415E-001 -1.565226E-002  7.995155E-001  0.000000E+000 -9.998084E-001 -1.957343E-002
  8.500000E+000  0.000000E+000  0.000000E+000  0.000000E+000  8.905153E-001 -7.751865E-002  4.483006E-001 -4.549533E-001 -1.517332E-001  8.774933E-001  0.000000E+000 -9.853770E-001 -1.703881E-001
  8.550000E+000  0.000000E+000  0.000000E+000  0.000000E+000  9.788627E-001 -5.532879E-002  1.968924E-001 -2.045186E-001 -2.648134E-001  9.423619E-001  0.000000E+000 -9.627110E-001 -2.705318E-001
  8.600000E+000  0.000000E+000  0.000000E+000  0.000000E+000  9.947916E-001  2.728379E-002 -9.821015E-002  1.019296E-001 -2.662788E-001  9.584915E-001  0.000000E+000 -9.635098E-001 -2.676729E-001
  8.650000E+000  0.000000E+000  0.000000E+000  0.000000E+000  9.343349E-001  5.822436E-002 -3.516081E-001  3.563963E-001 -1.526420E-001  9.217820E-001  0.000000E+000 -9.865649E-001 -1.633697E-001
  8.700000E+000  0.000000E+000  0.000000E+000  0.000000E+000  8.622923E-001  6.020133E-003 -5.063750E-001  5.064108E-001 -1.025080E-002  8.622314E-001  0.000000E+000 -9.999293E-001 -1.188784E-002
  8.750000E+000  0.000000E+000  0.000000E+000  0.000000E+000  8.227674E-001 -6.655910E-002 -5.644676E-001  5.683782E-001  9.634897E-002  8.171065E-001  0.000000E+000 -9.931197E-001  1.171035E-001
  8.800000E+000  0.000000E+000  0.000000E+000  0.000000E+000  8.149773E-001 -1.002998E-001 -5.707468E-001  5.794929E-001  1.410580E-001  8.026772E-001  0.000000E+000 -9.849074E-001  1.730821E-001
  8.850000E+000  0.000000E+000  0.000000E+000  0.000000E+000  8.108245E-001 -8.001538E-002 -5.797941E-001  5.852894E-001  1.108485E-001  8.032116E-001  0.000000E+000 -9.906110E-001  1.367108E-001
  8.900000E+000  0.000000E+000  0.000000E+000  0.000000E+000  7.763069E-001 -1.284236E-002 -6.302243E-001  6.303552E-001  1.581587E-002  7.761458E-001  0.000000E+000 -9.997924E-001  2.037321E-002
  8.950000E+000  0.000000E+000  0.000000E+000  0.000000E+000  6.772547E-001  9.701664E-002 -7.293242E-001  7.357486E-001 -8.930357E-002  6.713411E-001  0.000000E+000 -9.912682E-001 -1.318611E-001
  9.000000E+000  0.000000E+000  0.000000E+000  0.000000E+000  4.798687E-001  2.213615E-001 -8.489553E-001  8.773403E-001 -1.210755E-001  4.643433E-001  0.000000E+000 -9.676465E-001 -2.523097E-001
  9.050000E+000  0.000000E+000  0.000000E+000  0.000000E+000  1.939897E-001  2.743114E-001 -9.418712E-001  9.810036E-001 -5.424402E-002  1.862514E-001  0.000000E+000 -9.601098E-001 -2.796232E-001
  9.100000E+000  0.000000E+000  0.000000E+000  0.000000E+000 -8.674605E-002  1.982042E-001 -9.763146E-001  9.962305E-001  1.725849E-002 -8.501189E-002  0.000000E+000 -9.800088E-001 -1.989542E-001
  9.150000E+000  0.000000E+000  0.000000E+000  0.000000E+000 -2.769975E-001  5.108119E-002 -9.595119E-001  9.608706E-001  1.472556E-002 -2.766058E-001  0.000000E+000 -9.985859E-001 -5.316136E-002
  9.200000E+000  0.000000E+000  0.000000E+000  0.000000E+000 -3.681158E-001 -8.185008E-002 -9.261703E-001  9.297800E-001 -3.240584E-002 -3.666866E-001  0.000000E+000 -9.961177E-001  8.803167E-002
  9.250000E+000  0.000000E+000  0.000000E+000  0.000000E+000 -3.913324E-001 -1.535688E-001 -9.073453E-001  9.202494E-001 -6.530453E-002 -3.858450E-001  0.000000E+000 -9.859777E-001  1.668774E-001
  9.300000E+000  0.000000E+000  0.000000E+000  0.000000E+000 -3.940914E-001 -1.428588E-001 -9.079005E-001  9.190713E-001 -6.125688E-002 -3.893015E-001  0.000000E+000 -9.878456E-001  1.554382E-001
  9.350000E+000  0.000000E+000  0.000000E+000  0.000000E+000 -4.293558E-001 -5.199598E-002 -9.016374E-001  9.031354E-001 -2.471919E-002 -4.286436E-001  0.000000E+000 -9.983413E-001  5.757273E-002
  9.400000E+000  0.000000E+000  0.000000E+000  0.000000E+000 -5.332812E-001  7.699142E-002 -8.424272E-001  8.459381E-001  4.853556E-002 -5.310679E-001  0.000000E+000 -9.958497E-001 -9.101307E-002
  9.450000E+000  0.000000E+000  0.000000E+000  0.000000E+000 -7.036937E-001  1.613328E-001 -6.919443E-001  7.105034E-001  1.597865E-001 -6.853124E-001  0.000000E+000 -9.738788E-001 -2.270682E-001
  9.500000E+000  0.000000E+000  0.000000E+000  0.000000E+000 -8.802540E-001  1.344761E-001 -4.550485E-001  4.745028E-001  2.494677E-001 -8.441640E-001  0.000000E+000 -9.590005E-001 -2.834042E-001
  9.550000E+000  0.000000E+000  0.000000E+000  0.000000E+000 -9.805710E-001  4.505422E-002 -1.909207E-001  1.961647E-001  2.252131E-001 -9.543576E-001  0.000000E+000 -9.732673E-001 -2.296754E-001
  9.600000E+000  0.000000E+000  0.000000E+000  0.000000E+000 -9.997334E-001 -2.190281E-003  2.298663E-002 -2.309075E-002  9.483005E-002 -9.952256E-001  0.000000E+000 -9.954911E-001 -9.485534E-002
  9.650000E+000  0.000000E+000  0.000000E+000  0.000000E+000 -9.896286E-001  7.796250E-003  1.434379E-001 -1.436496E-001 -5.370979E-002 -9.881700E-001  0.000000E+000 -9.985262E-001  5.427268E-002
  9.700000E+000  0.000000E+000  0.000000E+000  0.000000E+000 -9.830477E-001  2.822999E-002  1.811637E-001 -1.833500E-001 -1.513577E-001 -9.713257E-001  0.000000E+000 -9.880759E-001  1.539678E-001
  9.750000E+000  0.000000E+000  0.000000E+000  0.000000E+000 -9.824556E-001  3.128241E-002  1.838541E-001 -1.864964E-001 -1.647945E-001 -9.685359E-001  0.000000E+000 -9.858317E-001  1.677373E-001
  9.800000E+000  0.000000E+000  0.000000E+000  0.000000E+000 -9.777242E-001  1.908663E-002  2.090242E-001 -2.098939E-001 -8.890903E-002 -9.736733E-001  0.000000E+000 -9.958569E-001  9.093467E-002
  9.850000E+000  0.000000E+000  0.000000E+000  0.000000E+000 -9.536729E-001 -1.483149E-002  3.004798E-001 -3.008456E-001  4.701545E-002 -9.525132E-001  0.000000E+000 -9.987840E-001 -4.929935E-002
  9.900000E+000  0.000000E+000  0.000000E+000  0.000000E+000 -8.790750E-001 -9.335475E-002  4.674527E-001 -4.766835E-001  1.721600E-001 -8.620521E-001  0.000000E+000 -9.806354E-001 -1.958422E-001
  9.950000E+000  0.000000E+000  0.000000E+000  0.000000E+000 -7.127986E-001 -1.955797E-001  6.735478E-001 -7.013687E-001  1.987670E-001 -6.845244E-001  0.000000E+000 -9.603334E-001 -2.788543E-001
