% FILE: gyro.1
%
%       t         P_No_Ao[1]     P_No_Ao[2]     P_No_Ao[3]      N_A[1,1]       N_A[1,2]       N_A[1,3]       N_A[2,1]       N_A[2,2]       N_A[2,3]       N_A[3,1]       N_A[3,2]       N_A[3,3]
%   (second)        (meter)        (meter)        (meter)       (NoUnits)      (NoUnits)      (NoUnits)      (NoUnits)      (NoUnits)      (NoUnits)      (NoUnits)      (NoUnits)      (NoUnits)

  0.000000E+000  0.000000E+000  0.000000E+000  0.000000E+000  1.000000E+000  0.000000E+000  0.000000E+000  0.000000E+000  1.000000E+000  0.000000E+000  0.000000E+000  0.000000E+000  1.000000E+000
  5.000000E-002  0.000000E+000  0.000000E+000  0.000000E+000  9.999499E-001 -1.001401E-002  0.000000E+000  1.001401E-002  9.999499E-001  0.000000E+000  0.000000E+000  0.000000E+000  1.000000E+000
  1.000000E-001  0.000000E+000  0.000000E+000  0.000000E+000  9.971930E-001 -7.487412E-002  0.000000E+000  7.487412E-002  9.971930E-001  0.000000E+000  0.000000E+000  0.000000E+000  1.000000E+000
  1.500000E-001  0.000000E+000  0.000000E+000  0.000000E+000  9.735350E-001 -2.285379E-001  0.000000E+000  2.285379E-001  9.735350E-001  0.000000E+000  0.000000E+000  0.000000E+000  1.000000E+000
  2.000000E-001  0.000000E+000  0.000000E+000  0.000000E+000  8.852612E-001 -4.650943E-001  0.000000E+000  4.650943E-001  8.852612E-001  0.000000E+000  0.000000E+000  0.000000E+000  1.000000E+000
  2.500000E-001  0.000000E+000  0.000000E+000  0.000000E+000  7.031458E-001 -7.110457E-001  0.000000E+000  7.110457E-001  7.031458E-001  0.000000E+000  0.000000E+000  0.000000E+000  1.000000E+000
  3.000000E-001  0.000000E+000  0.000000E+000  0.000000E+000  4.840121E-001 -8.750613E-001  0.000000E+000  8.750613E-001  4.840121E-001  0.000000E+000  0.000000E+000  0.000000E+000  1.000000E+000
  3.500000E-001  0.000000E+000  0.000000E+000  0.000000E+000  3.168932E-001 -9.484612E-001  0.000000E+000  9.484612E-001  3.168932E-001  0.000000E+000  0.000000E+000  0.000000E+000  1.000000E+000
  4.000000E-001  0.000000E+000  0.000000E+000  0.000000E+000  2.334751E-001 -9.723628E-001  0.000000E+000  9.723628E-001  2.334751E-001  0.000000E+000  0.000000E+000  0.000000E+000  1.000000E+000
  4.500000E-001  0.000000E+000  0.000000E+000  0.000000E+000  2.140188E-001 -9.768295E-001  0.000000E+000  9.768295E-001  2.140188E-001  0.000000E+000  0.000000E+000  0.000000E+000  1.000000E+000
  5.000000E-001  0.000000E+000  0.000000E+000  0.000000E+000  2.099549E-001 -9.777111E-001  0.000000E+000  9.777111E-001  2.099549E-001  0.000000E+000  0.000000E+000  0.000000E+000  1.000000E+000
  5.500000E-001  0.000000E+000  0.000000E+000  0.000000E+000  1.651022E-001 -9.862765E-001  0.000000E+000  9.862765E-001  1.651022E-001  0.000000E+000  0.000000E+000  0.000000E+000  1.000000E+000
  6.000000E-001  0.000000E+000  0.000000E+000  0.000000E+000  3.673067E-002 -9.993252E-001  0.000000E+000  9.993252E-001  3.673067E-002  0.000000E+000  0.000000E+000  0.000000E+000  1.000000E+000
  6.500000E-001  0.000000E+000  0.000000E+000  0.000000E+000 -1.907360E-001 -9.816414E-001  0.000000E+000  9.816414E-001 -1.907360E-001  0.000000E+000  0.000000E+000  0.000000E+000  1.000000E+000
  7.000000E-001  0.000000E+000  0.000000E+000  0.000000E+000 -4.726815E-001 -8.812333E-001  0.000000E+000  8.812333E-001 -4.726815E-001  0.000000E+000  0.000000E+000  0.000000E+000  1.000000E+000
  7.500000E-001  0.000000E+000  0.000000E+000  0.000000E+000 -7.060606E-001 -7.081514E-001  0.000000E+000  7.081514E-001 -7.060606E-001  0.000000E+000  0.000000E+000  0.000000E+000  1.000000E+000
  8.000000E-001  0.000000E+000  0.000000E+000  0.000000E+000 -8.380684E-001 -5.455652E-001  0.000000E+000  5.455652E-001 -8.380684E-001  0.000000E+000  0.000000E+000  0.000000E+000  1.000000E+000
  8.500000E-001  0.000000E+000  0.000000E+000  0.000000E+000 -8.932606E-001 -4.495393E-001  0.000000E+000  4.495393E-001 -8.932606E-001  0.000000E+000  0.000000E+000  0.000000E+000  1.000000E+000
  9.000000E-001  0.000000E+000  0.000000E+000  0.000000E+000 -9.078949E-001 -4.191979E-001  0.000000E+000  4.191979E-001 -9.078949E-001  0.000000E+000  0.000000E+000  0.000000E+000  1.000000E+000
  9.500000E-001  0.000000E+000  0.000000E+000  0.000000E+000 -9.089795E-001 -4.168409E-001  0.000000E+000  4.168409E-001 -9.089795E-001  0.000000E+000  0.000000E+000  0.000000E+000  1.000000E+000
  1.000000E+000  0.000000E+000  0.000000E+000  0.000000E+000 -9.208671E-001 -3.898767E-001  0.000000E+000  3.898767E-001 -9.208671E-001  0.000000E+000  0.000000E+000  0.000000E+000  1.000000E+000
  1.050000E+000  0.000000E+000  0.000000E+000  0.000000E+000 -9.563290E-001 -2.922924E-001  0.000000E+000  2.922924E-001 -9.563290E-001  0.000000E+000  0.000000E+000  0.000000E+000  1.000000E+000
  1.100000E+000  0.000000E+000  0.000000E+000  0.000000E+000 -9.955527E-001 -9.420679E-002  0.000000E+000  9.420679E-002 -9.955527E-001  0.000000E+000  0.000000E+000  0.000000E+000  1.000000E+000
  1.150000E+000  0.000000E+000  0.000000E+000  0.000000E+000 -9.814376E-001  1.917818E-001  0.000000E+000 -1.917818E-001 -9.814376E-001  0.000000E+000  0.000000E+000  0.000000E+000  1.000000E+000
  1.200000E+000  0.000000E+000  0.000000E+000  0.000000E+000 -8.795017E-001  4.758958E-001  0.000000E+000 -4.758958E-001 -8.795017E-001  0.000000E+000  0.000000E+000  0.000000E+000  1.000000E+000
  1.250000E+000  0.000000E+000  0.000000E+000  0.000000E+000 -7.439966E-001  6.681834E-001  0.000000E+000 -6.681834E-001 -7.439966E-001  0.000000E+000  0.000000E+000  0.000000E+000  1.000000E+000
  1.300000E+000  0.000000E+000  0.000000E+000  0.000000E+000 -6.461729E-001  7.631910E-001  0.000000E+000 -7.631910E-001 -6.461729E-001  0.000000E+000  0.000000E+000  0.000000E+000  1.000000E+000
  1.350000E+000  0.000000E+000  0.000000E+000  0.000000E+000 -6.065919E-001  7.950134E-001  0.000000E+000 -7.950134E-001 -6.065919E-001  0.000000E+000  0.000000E+000  0.000000E+000  1.000000E+000
  1.400000E+000  0.000000E+000  0.000000E+000  0.000000E+000 -6.023082E-001  7.982636E-001  0.000000E+000 -7.982636E-001 -6.023082E-001  0.000000E+000  0.000000E+000  0.000000E+000  1.000000E+000
  1.450000E+000  0.000000E+000  0.000000E+000  0.000000E+000 -5.888383E-001  8.082508E-001  0.000000E+000 -8.082508E-001 -5.888383E-001  0.000000E+000  0.000000E+000  0.000000E+000  1.000000E+000
  1.500000E+000  0.000000E+000  0.000000E+000  0.000000E+000 -5.220091E-001  8.529399E-001  0.000000E+000 -8.529399E-001 -5.220091E-001  0.000000E+000  0.000000E+000  0.000000E+000  1.000000E+000
  1.550000E+000  0.000000E+000  0.000000E+000  0.000000E+000 -3.654165E-001  9.308441E-001  0.000000E+000 -9.308441E-001 -3.654165E-001  0.000000E+000  0.000000E+000  0.000000E+000  1.000000E+000
  1.600000E+000  0.000000E+000  0.000000E+000  0.000000E+000 -1.049394E-001  9.944786E-001  0.000000E+000 -9.944786E-001 -1.049394E-001  0.000000E+000  0.000000E+000  0.000000E+000  1.000000E+000
  1.650000E+000  0.000000E+000  0.000000E+000  0.000000E+000  2.014230E-001  9.795044E-001  0.000000E+000 -9.795044E-001  2.014230E-001  0.000000E+000  0.000000E+000  0.000000E+000  1.000000E+000
  1.700000E+000  0.000000E+000  0.000000E+000  0.000000E+000  4.460667E-001  8.949997E-001  0.000000E+000 -8.949997E-001  4.460667E-001  0.000000E+000  0.000000E+000  0.000000E+000  1.000000E+000
  1.750000E+000  0.000000E+000  0.000000E+000  0.000000E+000  5.855799E-001  8.106147E-001  0.000000E+000 -8.106147E-001  5.855799E-001  0.000000E+000  0.000000E+000  0.000000E+000  1.000000E+000
  1.800000E+000  0.000000E+000  0.000000E+000  0.000000E+000  6.414839E-001  7.671365E-001  0.000000E+000 -7.671365E-001  6.414839E-001  0.000000E+000  0.000000E+000  0.000000E+000  1.000000E+000
  1.850000E+000  0.000000E+000  0.000000E+000  0.000000E+000  6.509539E-001  7.591173E-001  0.000000E+000 -7.591173E-001  6.509539E-001  0.000000E+000  0.000000E+000  0.000000E+000  1.000000E+000
  1.900000E+000  0.000000E+000  0.000000E+000  0.000000E+000  6.569632E-001  7.539227E-001  0.000000E+000 -7.539227E-001  6.569632E-001  0.000000E+000  0.000000E+000  0.000000E+000  1.000000E+000
  1.950000E+000  0.000000E+000  0.000000E+000  0.000000E+000  7.004404E-001  7.137109E-001  0.000000E+000 -7.137109E-001  7.004404E-001  0.000000E+000  0.000000E+000  0.000000E+000  1.000000E+000
  2.000000E+000  0.000000E+000  0.000000E+000  0.000000E+000  7.980783E-001  6.025538E-001  0.000000E+000 -6.025538E-001  7.980783E-001  0.000000E+000  0.000000E+000  0.000000E+000  1.000000E+000
  2.050000E+000  0.000000E+000  0.000000E+000  0.000000E+000  9.209962E-001  3.895715E-001  0.000000E+000 -3.895715E-001  9.209962E-001  0.000000E+000  0.000000E+000  0.000000E+000  1.000000E+000
  2.100000E+000  0.000000E+000  0.000000E+000  0.000000E+000  9.955696E-001  9.402715E-002  0.000000E+000 -9.402715E-002  9.955696E-001  0.000000E+000  0.000000E+000  0.000000E+000  1.000000E+000
  2.150000E+000  0.000000E+000  0.000000E+000  0.000000E+000  9.828083E-001 -1.846290E-001  0.000000E+000  1.846290E-001  9.828083E-001  0.000000E+000  0.000000E+000  0.000000E+000  1.000000E+000
  2.200000E+000  0.000000E+000  0.000000E+000  0.000000E+000  9.300950E-001 -3.673191E-001  0.000000E+000  3.673191E-001  9.300950E-001  0.000000E+000  0.000000E+000  0.000000E+000  1.000000E+000
  2.250000E+000  0.000000E+000  0.000000E+000  0.000000E+000  8.918026E-001 -4.524247E-001  0.000000E+000  4.524247E-001  8.918026E-001  0.000000E+000  0.000000E+000  0.000000E+000  1.000000E+000
  2.300000E+000  0.000000E+000  0.000000E+000  0.000000E+000  8.809462E-001 -4.732164E-001  0.000000E+000  4.732164E-001  8.809462E-001  0.000000E+000  0.000000E+000  0.000000E+000  1.000000E+000
  2.350000E+000  0.000000E+000  0.000000E+000  0.000000E+000  8.793894E-001 -4.761032E-001  0.000000E+000  4.761032E-001  8.793894E-001  0.000000E+000  0.000000E+000  0.000000E+000  1.000000E+000
  2.400000E+000  0.000000E+000  0.000000E+000  0.000000E+000  8.592461E-001 -5.115625E-001  0.000000E+000  5.115625E-001  8.592461E-001  0.000000E+000  0.000000E+000  0.000000E+000  1.000000E+000
  2.450000E+000  0.000000E+000  0.000000E+000  0.000000E+000  7.906814E-001 -6.122278E-001  0.000000E+000  6.122278E-001  7.906814E-001  0.000000E+000  0.000000E+000  0.000000E+000  1.000000E+000
  2.500000E+000  0.000000E+000  0.000000E+000  0.000000E+000  6.369596E-001 -7.708972E-001  0.000000E+000  7.708972E-001  6.369596E-001  0.000000E+000  0.000000E+000  0.000000E+000  1.000000E+000
  2.550000E+000  0.000000E+000  0.000000E+000  0.000000E+000  3.831577E-001 -9.236830E-001  0.000000E+000  9.236830E-001  3.831577E-001  0.000000E+000  0.000000E+000  0.000000E+000  1.000000E+000
  2.600000E+000  0.000000E+000  0.000000E+000  0.000000E+000  9.764754E-002 -9.952211E-001  0.000000E+000  9.952211E-001  9.764754E-002  0.000000E+000  0.000000E+000  0.000000E+000  1.000000E+000
  2.650000E+000  0.000000E+000  0.000000E+000  0.000000E+000 -1.191799E-001 -9.928727E-001  0.000000E+000  9.928727E-001 -1.191799E-001  0.000000E+000  0.000000E+000  0.000000E+000  1.000000E+000
  2.700000E+000  0.000000E+000  0.000000E+000  0.000000E+000 -2.351253E-001 -9.719651E-001  0.000000E+000  9.719651E-001 -2.351253E-001  0.000000E+000  0.000000E+000  0.000000E+000  1.000000E+000
  2.750000E+000  0.000000E+000  0.000000E+000  0.000000E+000 -2.720486E-001 -9.622835E-001  0.000000E+000  9.622835E-001 -2.720486E-001  0.000000E+000  0.000000E+000  0.000000E+000  1.000000E+000
  2.800000E+000  0.000000E+000  0.000000E+000  0.000000E+000 -2.748756E-001 -9.614798E-001  0.000000E+000  9.614798E-001 -2.748756E-001  0.000000E+000  0.000000E+000  0.000000E+000  1.000000E+000
  2.850000E+000  0.000000E+000  0.000000E+000  0.000000E+000 -2.993277E-001 -9.541504E-001  0.000000E+000  9.541504E-001 -2.993277E-001  0.000000E+000  0.000000E+000  0.000000E+000  1.000000E+000
  2.900000E+000  0.000000E+000  0.000000E+000  0.000000E+000 -3.903991E-001 -9.206457E-001  0.000000E+000  9.206457E-001 -3.903991E-001  0.000000E+000  0.000000E+000  0.000000E+000  1.000000E+000
  2.950000E+000  0.000000E+000  0.000000E+000  0.000000E+000 -5.611250E-001 -8.277311E-001  0.000000E+000  8.277311E-001 -5.611250E-001  0.000000E+000  0.000000E+000  0.000000E+000  1.000000E+000
  3.000000E+000  0.000000E+000  0.000000E+000  0.000000E+000 -7.697088E-001 -6.383952E-001  0.000000E+000  6.383952E-001 -7.697088E-001  0.000000E+000  0.000000E+000  0.000000E+000  1.000000E+000
  3.050000E+000  0.000000E+000  0.000000E+000  0.000000E+000 -9.259186E-001 -3.777232E-001  0.000000E+000  3.777232E-001 -9.259186E-001  0.000000E+000  0.000000E+000  0.000000E+000  1.000000E+000
  3.100000E+000  0.000000E+000  0.000000E+000  0.000000E+000 -9.895643E-001 -1.440919E-001  0.000000E+000  1.440919E-001 -9.895643E-001  0.000000E+000  0.000000E+000  0.000000E+000  1.000000E+000
  3.150000E+000  0.000000E+000  0.000000E+000  0.000000E+000 -9.999998E-001 -6.849473E-004  0.000000E+000  6.849473E-004 -9.999998E-001  0.000000E+000  0.000000E+000  0.000000E+000  1.000000E+000
  3.200000E+000  0.000000E+000  0.000000E+000  0.000000E+000 -9.984622E-001  5.543690E-002  0.000000E+000 -5.543690E-002 -9.984622E-001  0.000000E+000  0.000000E+000  0.000000E+000  1.000000E+000
  3.250000E+000  0.000000E+000  0.000000E+000  0.000000E+000 -9.980539E-001  6.235747E-002  0.000000E+000 -6.235747E-002 -9.980539E-001  0.000000E+000  0.000000E+000  0.000000E+000  1.000000E+000
  3.300000E+000  0.000000E+000  0.000000E+000  0.000000E+000 -9.970921E-001  7.620542E-002  0.000000E+000 -7.620542E-002 -9.970921E-001  0.000000E+000  0.000000E+000  0.000000E+000  1.000000E+000
  3.350000E+000  0.000000E+000  0.000000E+000  0.000000E+000 -9.886979E-001  1.499219E-001  0.000000E+000 -1.499219E-001 -9.886979E-001  0.000000E+000  0.000000E+000  0.000000E+000  1.000000E+000
  3.400000E+000  0.000000E+000  0.000000E+000  0.000000E+000 -9.498731E-001  3.126356E-001  0.000000E+000 -3.126356E-001 -9.498731E-001  0.000000E+000  0.000000E+000  0.000000E+000  1.000000E+000
  3.450000E+000  0.000000E+000  0.000000E+000  0.000000E+000 -8.359344E-001  5.488293E-001  0.000000E+000 -5.488293E-001 -8.359344E-001  0.000000E+000  0.000000E+000  0.000000E+000  1.000000E+000
  3.500000E+000  0.000000E+000  0.000000E+000  0.000000E+000 -6.301427E-001  7.764794E-001  0.000000E+000 -7.764794E-001 -6.301427E-001  0.000000E+000  0.000000E+000  0.000000E+000  1.000000E+000
  3.550000E+000  0.000000E+000  0.000000E+000  0.000000E+000 -4.041650E-001  9.146861E-001  0.000000E+000 -9.146861E-001 -4.041650E-001  0.000000E+000  0.000000E+000  0.000000E+000  1.000000E+000
  3.600000E+000  0.000000E+000  0.000000E+000  0.000000E+000 -2.427523E-001  9.700883E-001  0.000000E+000 -9.700883E-001 -2.427523E-001  0.000000E+000  0.000000E+000  0.000000E+000  1.000000E+000
  3.650000E+000  0.000000E+000  0.000000E+000  0.000000E+000 -1.674718E-001  9.858769E-001  0.000000E+000 -9.858769E-001 -1.674718E-001  0.000000E+000  0.000000E+000  0.000000E+000  1.000000E+000
  3.700000E+000  0.000000E+000  0.000000E+000  0.000000E+000 -1.525443E-001  9.882966E-001  0.000000E+000 -9.882966E-001 -1.525443E-001  0.000000E+000  0.000000E+000  0.000000E+000  1.000000E+000
  3.750000E+000  0.000000E+000  0.000000E+000  0.000000E+000 -1.464119E-001  9.892237E-001  0.000000E+000 -9.892237E-001 -1.464119E-001  0.000000E+000  0.000000E+000  0.000000E+000  1.000000E+000
  3.800000E+000  0.000000E+000  0.000000E+000  0.000000E+000 -9.305731E-002  9.956608E-001  0.000000E+000 -9.956608E-001 -9.305731E-002  0.000000E+000  0.000000E+000  0.000000E+000  1.000000E+000
  3.850000E+000  0.000000E+000  0.000000E+000  0.000000E+000  4.739451E-002  9.988762E-001  0.000000E+000 -9.988762E-001  4.739451E-002  0.000000E+000  0.000000E+000  0.000000E+000  1.000000E+000
  3.900000E+000  0.000000E+000  0.000000E+000  0.000000E+000  2.831649E-001  9.590712E-001  0.000000E+000 -9.590712E-001  2.831649E-001  0.000000E+000  0.000000E+000  0.000000E+000  1.000000E+000
  3.950000E+000  0.000000E+000  0.000000E+000  0.000000E+000  5.574531E-001  8.302084E-001  0.000000E+000 -8.302084E-001  5.574531E-001  0.000000E+000  0.000000E+000  0.000000E+000  1.000000E+000
  4.000000E+000  0.000000E+000  0.000000E+000  0.000000E+000  7.682359E-001  6.401669E-001  0.000000E+000 -6.401669E-001  7.682359E-001  0.000000E+000  0.000000E+000  0.000000E+000  1.000000E+000
  4.050000E+000  0.000000E+000  0.000000E+000  0.000000E+000  8.791773E-001  4.764949E-001  0.000000E+000 -4.764949E-001  8.791773E-001  0.000000E+000  0.000000E+000  0.000000E+000  1.000000E+000
  4.100000E+000  0.000000E+000  0.000000E+000  0.000000E+000  9.223827E-001  3.862774E-001  0.000000E+000 -3.862774E-001  9.223827E-001  0.000000E+000  0.000000E+000  0.000000E+000  1.000000E+000
  4.150000E+000  0.000000E+000  0.000000E+000  0.000000E+000  9.325612E-001  3.610118E-001  0.000000E+000 -3.610118E-001  9.325612E-001  0.000000E+000  0.000000E+000  0.000000E+000  1.000000E+000
  4.200000E+000  0.000000E+000  0.000000E+000  0.000000E+000  9.335483E-001  3.584516E-001  0.000000E+000 -3.584516E-001  9.335483E-001  0.000000E+000  0.000000E+000  0.000000E+000  1.000000E+000
  4.250000E+000  0.000000E+000  0.000000E+000  0.000000E+000  9.458947E-001  3.244737E-001  0.000000E+000 -3.244737E-001  9.458947E-001  0.000000E+000  0.000000E+000  0.000000E+000  1.000000E+000
  4.300000E+000  0.000000E+000  0.000000E+000  0.000000E+000  9.768226E-001  2.140507E-001  0.000000E+000 -2.140507E-001  9.768226E-001  0.000000E+000  0.000000E+000  0.000000E+000  1.000000E+000
  4.350000E+000  0.000000E+000  0.000000E+000  0.000000E+000  9.999985E-001  1.744208E-003  0.000000E+000 -1.744208E-003  9.999985E-001  0.000000E+000  0.000000E+000  0.000000E+000  1.000000E+000
  4.400000E+000  0.000000E+000  0.000000E+000  0.000000E+000  9.576620E-001 -2.878951E-001  0.000000E+000  2.878951E-001  9.576620E-001  0.000000E+000  0.000000E+000  0.000000E+000  1.000000E+000
  4.450000E+000  0.000000E+000  0.000000E+000  0.000000E+000  8.305006E-001 -5.570177E-001  0.000000E+000  5.570177E-001  8.305006E-001  0.000000E+000  0.000000E+000  0.000000E+000  1.000000E+000
  4.500000E+000  0.000000E+000  0.000000E+000  0.000000E+000  6.855735E-001 -7.280034E-001  0.000000E+000  7.280034E-001  6.855735E-001  0.000000E+000  0.000000E+000  0.000000E+000  1.000000E+000
  4.550000E+000  0.000000E+000  0.000000E+000  0.000000E+000  5.894023E-001 -8.078397E-001  0.000000E+000  8.078397E-001  5.894023E-001  0.000000E+000  0.000000E+000  0.000000E+000  1.000000E+000
  4.600000E+000  0.000000E+000  0.000000E+000  0.000000E+000  5.541997E-001 -8.323837E-001  0.000000E+000  8.323837E-001  5.541997E-001  0.000000E+000  0.000000E+000  0.000000E+000  1.000000E+000
  4.650000E+000  0.000000E+000  0.000000E+000  0.000000E+000  5.511770E-001 -8.343884E-001  0.000000E+000  8.343884E-001  5.511770E-001  0.000000E+000  0.000000E+000  0.000000E+000  1.000000E+000
  4.700000E+000  0.000000E+000  0.000000E+000  0.000000E+000  5.327972E-001 -8.462430E-001  0.000000E+000  8.462430E-001  5.327972E-001  0.000000E+000  0.000000E+000  0.000000E+000  1.000000E+000
  4.750000E+000  0.000000E+000  0.000000E+000  0.000000E+000  4.541967E-001 -8.909014E-001  0.000000E+000  8.909014E-001  4.541967E-001  0.000000E+000  0.000000E+000  0.000000E+000  1.000000E+000
  4.800000E+000  0.000000E+000  0.000000E+000  0.000000E+000  2.806076E-001 -9.598226E-001  0.000000E+000  9.598226E-001  2.806076E-001  0.000000E+000  0.000000E+000  0.000000E+000  1.000000E+000
  4.850000E+000  0.000000E+000  0.000000E+000  0.000000E+000  6.862484E-003 -9.999765E-001  0.000000E+000  9.999765E-001  6.862484E-003  0.000000E+000  0.000000E+000  0.000000E+000  1.000000E+000
  4.900000E+000  0.000000E+000  0.000000E+000  0.000000E+000 -2.952861E-001 -9.554089E-001  0.000000E+000  9.554089E-001 -2.952861E-001  0.000000E+000  0.000000E+000  0.000000E+000  1.000000E+000
  4.950000E+000  0.000000E+000  0.000000E+000  0.000000E+000 -5.220513E-001 -8.529141E-001  0.000000E+000  8.529141E-001 -5.220513E-001  0.000000E+000  0.000000E+000  0.000000E+000  1.000000E+000
  5.000000E+000  0.000000E+000  0.000000E+000  0.000000E+000 -6.447346E-001 -7.644065E-001  0.000000E+000  7.644065E-001 -6.447346E-001  0.000000E+000  0.000000E+000  0.000000E+000  1.000000E+000
  5.050000E+000  0.000000E+000  0.000000E+000  0.000000E+000 -6.906636E-001 -7.231762E-001  0.000000E+000  7.231762E-001 -6.906636E-001  0.000000E+000  0.000000E+000  0.000000E+000  1.000000E+000
  5.100000E+000  0.000000E+000  0.000000E+000  0.000000E+000 -6.970155E-001 -7.170561E-001  0.000000E+000  7.170561E-001 -6.970155E-001  0.000000E+000  0.000000E+000  0.000000E+000  1.000000E+000
  5.150000E+000  0.000000E+000  0.000000E+000  0.000000E+000 -7.050795E-001 -7.091283E-001  0.000000E+000  7.091283E-001 -7.050795E-001  0.000000E+000  0.000000E+000  0.000000E+000  1.000000E+000
  5.200000E+000  0.000000E+000  0.000000E+000  0.000000E+000 -7.517613E-001 -6.594353E-001  0.000000E+000  6.594353E-001 -7.517613E-001  0.000000E+000  0.000000E+000  0.000000E+000  1.000000E+000
  5.250000E+000  0.000000E+000  0.000000E+000  0.000000E+000 -8.471434E-001 -5.313643E-001  0.000000E+000  5.313643E-001 -8.471434E-001  0.000000E+000  0.000000E+000  0.000000E+000  1.000000E+000
  5.300000E+000  0.000000E+000  0.000000E+000  0.000000E+000 -9.543099E-001 -2.988187E-001  0.000000E+000  2.988187E-001 -9.543099E-001  0.000000E+000  0.000000E+000  0.000000E+000  1.000000E+000
  5.350000E+000  0.000000E+000  0.000000E+000  0.000000E+000 -9.999910E-001  4.245901E-003  0.000000E+000 -4.245901E-003 -9.999910E-001  0.000000E+000  0.000000E+000  0.000000E+000  1.000000E+000
  5.400000E+000  0.000000E+000  0.000000E+000  0.000000E+000 -9.622268E-001  2.722491E-001  0.000000E+000 -2.722491E-001 -9.622268E-001  0.000000E+000  0.000000E+000  0.000000E+000  1.000000E+000
  5.450000E+000  0.000000E+000  0.000000E+000  0.000000E+000 -8.985915E-001  4.387861E-001  0.000000E+000 -4.387861E-001 -8.985915E-001  0.000000E+000  0.000000E+000  0.000000E+000  1.000000E+000
  5.500000E+000  0.000000E+000  0.000000E+000  0.000000E+000 -8.590058E-001  5.119659E-001  0.000000E+000 -5.119659E-001 -8.590058E-001  0.000000E+000  0.000000E+000  0.000000E+000  1.000000E+000
  5.550000E+000  0.000000E+000  0.000000E+000  0.000000E+000 -8.495743E-001  5.274689E-001  0.000000E+000 -5.274689E-001 -8.495743E-001  0.000000E+000  0.000000E+000  0.000000E+000  1.000000E+000
  5.600000E+000  0.000000E+000  0.000000E+000  0.000000E+000 -8.470352E-001  5.315368E-001  0.000000E+000 -5.315368E-001 -8.470352E-001  0.000000E+000  0.000000E+000  0.000000E+000  1.000000E+000
  5.650000E+000  0.000000E+000  0.000000E+000  0.000000E+000 -8.202744E-001  5.719703E-001  0.000000E+000 -5.719703E-001 -8.202744E-001  0.000000E+000  0.000000E+000  0.000000E+000  1.000000E+000
  5.700000E+000  0.000000E+000  0.000000E+000  0.000000E+000 -7.370443E-001  6.758445E-001  0.000000E+000 -6.758445E-001 -7.370443E-001  0.000000E+000  0.000000E+000  0.000000E+000  1.000000E+000
  5.750000E+000  0.000000E+000  0.000000E+000  0.000000E+000 -5.613738E-001  8.275624E-001  0.000000E+000 -8.275624E-001 -5.613738E-001  0.000000E+000  0.000000E+000  0.000000E+000  1.000000E+000
  5.800000E+000  0.000000E+000  0.000000E+000  0.000000E+000 -2.899008E-001  9.570567E-001  0.000000E+000 -9.570567E-001 -2.899008E-001  0.000000E+000  0.000000E+000  0.000000E+000  1.000000E+000
  5.850000E+000  0.000000E+000  0.000000E+000  0.000000E+000 -4.856064E-003  9.999882E-001  0.000000E+000 -9.999882E-001 -4.856064E-003  0.000000E+000  0.000000E+000  0.000000E+000  1.000000E+000
  5.900000E+000  0.000000E+000  0.000000E+000  0.000000E+000  1.994229E-001  9.799135E-001  0.000000E+000 -9.799135E-001  1.994229E-001  0.000000E+000  0.000000E+000  0.000000E+000  1.000000E+000
  5.950000E+000  0.000000E+000  0.000000E+000  0.000000E+000  3.028693E-001  9.530321E-001  0.000000E+000 -9.530321E-001  3.028693E-001  0.000000E+000  0.000000E+000  0.000000E+000  1.000000E+000
  6.000000E+000  0.000000E+000  0.000000E+000  0.000000E+000  3.325509E-001  9.430853E-001  0.000000E+000 -9.430853E-001  3.325509E-001  0.000000E+000  0.000000E+000  0.000000E+000  1.000000E+000
  6.050000E+000  0.000000E+000  0.000000E+000  0.000000E+000  3.349566E-001  9.422336E-001  0.000000E+000 -9.422336E-001  3.349566E-001  0.000000E+000  0.000000E+000  0.000000E+000  1.000000E+000
  6.100000E+000  0.000000E+000  0.000000E+000  0.000000E+000  3.647312E-001  9.311129E-001  0.000000E+000 -9.311129E-001  3.647312E-001  0.000000E+000  0.000000E+000  0.000000E+000  1.000000E+000
  6.150000E+000  0.000000E+000  0.000000E+000  0.000000E+000  4.627245E-001  8.865021E-001  0.000000E+000 -8.865021E-001  4.627245E-001  0.000000E+000  0.000000E+000  0.000000E+000  1.000000E+000
  6.200000E+000  0.000000E+000  0.000000E+000  0.000000E+000  6.346443E-001  7.728044E-001  0.000000E+000 -7.728044E-001  6.346443E-001  0.000000E+000  0.000000E+000  0.000000E+000  1.000000E+000
  6.250000E+000  0.000000E+000  0.000000E+000  0.000000E+000  8.289905E-001  5.592627E-001  0.000000E+000 -5.592627E-001  8.289905E-001  0.000000E+000  0.000000E+000  0.000000E+000  1.000000E+000
  6.300000E+000  0.000000E+000  0.000000E+000  0.000000E+000  9.577079E-001  2.877422E-001  0.000000E+000 -2.877422E-001  9.577079E-001  0.000000E+000  0.000000E+000  0.000000E+000  1.000000E+000
  6.350000E+000  0.000000E+000  0.000000E+000  0.000000E+000  9.981983E-001  6.000177E-002  0.000000E+000 -6.000177E-002  9.981983E-001  0.000000E+000  0.000000E+000  0.000000E+000  1.000000E+000
  6.400000E+000  0.000000E+000  0.000000E+000  0.000000E+000  9.973853E-001 -7.226742E-002  0.000000E+000  7.226742E-002  9.973853E-001  0.000000E+000  0.000000E+000  0.000000E+000  1.000000E+000
  6.450000E+000  0.000000E+000  0.000000E+000  0.000000E+000  9.927799E-001 -1.199501E-001  0.000000E+000  1.199501E-001  9.927799E-001  0.000000E+000  0.000000E+000  0.000000E+000  1.000000E+000
  6.500000E+000  0.000000E+000  0.000000E+000  0.000000E+000  9.922106E-001 -1.245719E-001  0.000000E+000  1.245719E-001  9.922106E-001  0.000000E+000  0.000000E+000  0.000000E+000  1.000000E+000
  6.550000E+000  0.000000E+000  0.000000E+000  0.000000E+000  9.897349E-001 -1.429153E-001  0.000000E+000  1.429153E-001  9.897349E-001  0.000000E+000  0.000000E+000  0.000000E+000  1.000000E+000
  6.600000E+000  0.000000E+000  0.000000E+000  0.000000E+000  9.742656E-001 -2.254032E-001  0.000000E+000  2.254032E-001  9.742656E-001  0.000000E+000  0.000000E+000  0.000000E+000  1.000000E+000
  6.650000E+000  0.000000E+000  0.000000E+000  0.000000E+000  9.184133E-001 -3.956222E-001  0.000000E+000  3.956222E-001  9.184133E-001  0.000000E+000  0.000000E+000  0.000000E+000  1.000000E+000
  6.700000E+000  0.000000E+000  0.000000E+000  0.000000E+000  7.782832E-001 -6.279135E-001  0.000000E+000  6.279135E-001  7.782832E-001  0.000000E+000  0.000000E+000  0.000000E+000  1.000000E+000
  6.750000E+000  0.000000E+000  0.000000E+000  0.000000E+000  5.516208E-001 -8.340950E-001  0.000000E+000  8.340950E-001  5.516208E-001  0.000000E+000  0.000000E+000  0.000000E+000  1.000000E+000
  6.800000E+000  0.000000E+000  0.000000E+000  0.000000E+000  3.224126E-001 -9.465992E-001  0.000000E+000  9.465992E-001  3.224126E-001  0.000000E+000  0.000000E+000  0.000000E+000  1.000000E+000
  6.850000E+000  0.000000E+000  0.000000E+000  0.000000E+000  1.684766E-001 -9.857056E-001  0.000000E+000  9.857056E-001  1.684766E-001  0.000000E+000  0.000000E+000  0.000000E+000  1.000000E+000
  6.900000E+000  0.000000E+000  0.000000E+000  0.000000E+000  1.015861E-001 -9.948267E-001  0.000000E+000  9.948267E-001  1.015861E-001  0.000000E+000  0.000000E+000  0.000000E+000  1.000000E+000
  6.950000E+000  0.000000E+000  0.000000E+000  0.000000E+000  9.060128E-002 -9.958872E-001  0.000000E+000  9.958872E-001  9.060128E-002  0.000000E+000  0.000000E+000  0.000000E+000  1.000000E+000
  7.000000E+000  0.000000E+000  0.000000E+000  0.000000E+000  8.157886E-002 -9.966669E-001  0.000000E+000  9.966669E-001  8.157886E-002  0.000000E+000  0.000000E+000  0.000000E+000  1.000000E+000
  7.050000E+000  0.000000E+000  0.000000E+000  0.000000E+000  1.929007E-002 -9.998139E-001  0.000000E+000  9.998139E-001  1.929007E-002  0.000000E+000  0.000000E+000  0.000000E+000  1.000000E+000
  7.100000E+000  0.000000E+000  0.000000E+000  0.000000E+000 -1.325969E-001 -9.911700E-001  0.000000E+000  9.911700E-001 -1.325969E-001  0.000000E+000  0.000000E+000  0.000000E+000  1.000000E+000
  7.150000E+000  0.000000E+000  0.000000E+000  0.000000E+000 -3.739296E-001 -9.274571E-001  0.000000E+000  9.274571E-001 -3.739296E-001  0.000000E+000  0.000000E+000  0.000000E+000  1.000000E+000
  7.200000E+000  0.000000E+000  0.000000E+000  0.000000E+000 -6.365381E-001 -7.712453E-001  0.000000E+000  7.712453E-001 -6.365381E-001  0.000000E+000  0.000000E+000  0.000000E+000  1.000000E+000
  7.250000E+000  0.000000E+000  0.000000E+000  0.000000E+000 -8.231663E-001 -5.678004E-001  0.000000E+000  5.678004E-001 -8.231663E-001  0.000000E+000  0.000000E+000  0.000000E+000  1.000000E+000
  7.300000E+000  0.000000E+000  0.000000E+000  0.000000E+000 -9.140415E-001 -4.056207E-001  0.000000E+000  4.056207E-001 -9.140415E-001  0.000000E+000  0.000000E+000  0.000000E+000  1.000000E+000
  7.350000E+000  0.000000E+000  0.000000E+000  0.000000E+000 -9.466979E-001 -3.221228E-001  0.000000E+000  3.221228E-001 -9.466979E-001  0.000000E+000  0.000000E+000  0.000000E+000  1.000000E+000
  7.400000E+000  0.000000E+000  0.000000E+000  0.000000E+000 -9.533965E-001 -3.017203E-001  0.000000E+000  3.017203E-001 -9.533965E-001  0.000000E+000  0.000000E+000  0.000000E+000  1.000000E+000
  7.450000E+000  0.000000E+000  0.000000E+000  0.000000E+000 -9.545144E-001 -2.981649E-001  0.000000E+000  2.981649E-001 -9.545144E-001  0.000000E+000  0.000000E+000  0.000000E+000  1.000000E+000
  7.500000E+000  0.000000E+000  0.000000E+000  0.000000E+000 -9.665705E-001 -2.564010E-001  0.000000E+000  2.564010E-001 -9.665705E-001  0.000000E+000  0.000000E+000  0.000000E+000  1.000000E+000
  7.550000E+000  0.000000E+000  0.000000E+000  0.000000E+000 -9.911154E-001 -1.330047E-001  0.000000E+000  1.330047E-001 -9.911154E-001  0.000000E+000  0.000000E+000  0.000000E+000  1.000000E+000
  7.600000E+000  0.000000E+000  0.000000E+000  0.000000E+000 -9.957671E-001  9.191226E-002  0.000000E+000 -9.191226E-002 -9.957671E-001  0.000000E+000  0.000000E+000  0.000000E+000  1.000000E+000
  7.650000E+000  0.000000E+000  0.000000E+000  0.000000E+000 -9.244692E-001  3.812567E-001  0.000000E+000 -3.812567E-001 -9.244692E-001  0.000000E+000  0.000000E+000  0.000000E+000  1.000000E+000
  7.700000E+000  0.000000E+000  0.000000E+000  0.000000E+000 -7.747397E-001  6.322804E-001  0.000000E+000 -6.322804E-001 -7.747397E-001  0.000000E+000  0.000000E+000  0.000000E+000  1.000000E+000
  7.750000E+000  0.000000E+000  0.000000E+000  0.000000E+000 -6.234716E-001  7.818460E-001  0.000000E+000 -7.818460E-001 -6.234716E-001  0.000000E+000  0.000000E+000  0.000000E+000  1.000000E+000
  7.800000E+000  0.000000E+000  0.000000E+000  0.000000E+000 -5.305452E-001  8.476566E-001  0.000000E+000 -8.476566E-001 -5.305452E-001  0.000000E+000  0.000000E+000  0.000000E+000  1.000000E+000
  7.850000E+000  0.000000E+000  0.000000E+000  0.000000E+000 -5.000013E-001  8.660247E-001  0.000000E+000 -8.660247E-001 -5.000013E-001  0.000000E+000  0.000000E+000  0.000000E+000  1.000000E+000
  7.900000E+000  0.000000E+000  0.000000E+000  0.000000E+000 -4.976571E-001  8.673739E-001  0.000000E+000 -8.673739E-001 -4.976571E-001  0.000000E+000  0.000000E+000  0.000000E+000  1.000000E+000
  7.950000E+000  0.000000E+000  0.000000E+000  0.000000E+000 -4.734537E-001  8.808187E-001  0.000000E+000 -8.808187E-001 -4.734537E-001  0.000000E+000  0.000000E+000  0.000000E+000  1.000000E+000
  8.000000E+000  0.000000E+000  0.000000E+000  0.000000E+000 -3.823734E-001  9.240079E-001  0.000000E+000 -9.240079E-001 -3.823734E-001  0.000000E+000  0.000000E+000  0.000000E+000  1.000000E+000
  8.050000E+000  0.000000E+000  0.000000E+000  0.000000E+000 -1.922434E-001  9.813473E-001  0.000000E+000 -9.813473E-001 -1.922434E-001  0.000000E+000  0.000000E+000  0.000000E+000  1.000000E+000
  8.100000E+000  0.000000E+000  0.000000E+000  0.000000E+000  9.172183E-002  9.957847E-001  0.000000E+000 -9.957847E-001  9.172183E-002  0.000000E+000  0.000000E+000  0.000000E+000  1.000000E+000
  8.150000E+000  0.000000E+000  0.000000E+000  0.000000E+000  3.855814E-001  9.226738E-001  0.000000E+000 -9.226738E-001  3.855814E-001  0.000000E+000  0.000000E+000  0.000000E+000  1.000000E+000
  8.200000E+000  0.000000E+000  0.000000E+000  0.000000E+000  5.929575E-001  8.052338E-001  0.000000E+000 -8.052338E-001  5.929575E-001  0.000000E+000  0.000000E+000  0.000000E+000  1.000000E+000
  8.250000E+000  0.000000E+000  0.000000E+000  0.000000E+000  6.993484E-001  7.147810E-001  0.000000E+000 -7.147810E-001  6.993484E-001  0.000000E+000  0.000000E+000  0.000000E+000  1.000000E+000
  8.300000E+000  0.000000E+000  0.000000E+000  0.000000E+000  7.363259E-001  6.766270E-001  0.000000E+000 -6.766270E-001  7.363259E-001  0.000000E+000  0.000000E+000  0.000000E+000  1.000000E+000
  8.350000E+000  0.000000E+000  0.000000E+000  0.000000E+000  7.403893E-001  6.721783E-001  0.000000E+000 -6.721783E-001  7.403893E-001  0.000000E+000  0.000000E+000  0.000000E+000  1.000000E+000
  8.400000E+000  0.000000E+000  0.000000E+000  0.000000E+000  7.506863E-001  6.606588E-001  0.000000E+000 -6.606588E-001  7.506863E-001  0.000000E+000  0.000000E+000  0.000000E+000  1.000000E+000
  8.450000E+000  0.000000E+000  0.000000E+000  0.000000E+000  7.996687E-001  6.004415E-001  0.000000E+000 -6.004415E-001  7.996687E-001  0.000000E+000  0.000000E+000  0.000000E+000  1.000000E+000
  8.500000E+000  0.000000E+000  0.000000E+000  0.000000E+000  8.905153E-001  4.549533E-001  0.000000E+000 -4.549533E-001  8.905153E-001  0.000000E+000  0.000000E+000  0.000000E+000  1.000000E+000
  8.550000E+000  0.000000E+000  0.000000E+000  0.000000E+000  9.788627E-001  2.045186E-001  0.000000E+000 -2.045186E-001  9.788627E-001  0.000000E+000  0.000000E+000  0.000000E+000  1.000000E+000
  8.600000E+000  0.000000E+000  0.000000E+000  0.000000E+000  9.947916E-001 -1.019296E-001  0.000000E+000  1.019296E-001  9.947916E-001  0.000000E+000  0.000000E+000  0.000000E+000  1.000000E+000
  8.650000E+000  0.000000E+000  0.000000E+000  0.000000E+000  9.343349E-001 -3.563963E-001  0.000000E+000  3.563963E-001  9.343349E-001  0.000000E+000  0.000000E+000  0.000000E+000  1.000000E+000
  8.700000E+000  0.000000E+000  0.000000E+000  0.000000E+000  8.622923E-001 -5.064108E-001  0.000000E+000  5.064108E-001  8.622923E-001  0.000000E+000  0.000000E+000  0.000000E+000  1.000000E+000
  8.750000E+000  0.000000E+000  0.000000E+000  0.000000E+000  8.227674E-001 -5.683782E-001  0.000000E+000  5.683782E-001  8.227674E-001  0.000000E+000  0.000000E+000  0.000000E+000  1.000000E+000
  8.800000E+000  0.000000E+000  0.000000E+000  0.000000E+000  8.149773E-001 -5.794929E-001  0.000000E+000  5.794929E-001  8.149773E-001  0.000000E+000  0.000000E+000  0.000000E+000  1.000000E+000
  8.850000E+000  0.000000E+000  0.000000E+000  0.000000E+000  8.108245E-001 -5.852894E-001  0.000000E+000  5.852894E-001  8.108245E-001  0.000000E+000  0.000000E+000  0.000000E+000  1.000000E+000
  8.900000E+000  0.000000E+000  0.000000E+000  0.000000E+000  7.763069E-001 -6.303552E-001  0.000000E+000  6.303552E-001  7.763069E-001  0.000000E+000  0.000000E+000  0.000000E+000  1.000000E+000
  8.950000E+000  0.000000E+000  0.000000E+000  0.000000E+000  6.772547E-001 -7.357486E-001  0.000000E+000  7.357486E-001  6.772547E-001  0.000000E+000  0.000000E+000  0.000000E+000  1.000000E+000
  9.000000E+000  0.000000E+000  0.000000E+000  0.000000E+000  4.798687E-001 -8.773403E-001  0.000000E+000  8.773403E-001  4.798687E-001  0.000000E+000  0.000000E+000  0.000000E+000  1.000000E+000
  9.050000E+000  0.000000E+000  0.000000E+000  0.000000E+000  1.939897E-001 -9.810036E-001  0.000000E+000  9.810036E-001  1.939897E-001  0.000000E+000  0.000000E+000  0.000000E+000  1.000000E+000
  9.100000E+000  0.000000E+000  0.000000E+000  0.000000E+000 -8.674605E-002 -9.962305E-001  0.000000E+000  9.962305E-001 -8.674605E-002  0.000000E+000  0.000000E+000  0.000000E+000  1.000000E+000
  9.150000E+000  0.000000E+000  0.000000E+000  0.000000E+000 -2.769975E-001 -9.608706E-001  0.000000E+000  9.608706E-001 -2.769975E-001  0.000000E+000  0.000000E+000  0.000000E+000  1.000000E+000
  9.200000E+000  0.000000E+000  0.000000E+000  0.000000E+000 -3.681158E-001 -9.297800E-001  0.000000E+000  9.297800E-001 -3.681158E-001  0.000000E+000  0.000000E+000  0.000000E+000  1.000000E+000
  9.250000E+000  0.000000E+000  0.000000E+000  0.000000E+000 -3.913324E-001 -9.202494E-001  0.000000E+000  9.202494E-001 -3.913324E-001  0.000000E+000  0.000000E+000  0.000000E+000  1.000000E+000
  9.300000E+000  0.000000E+000  0.000000E+000  0.000000E+000 -3.940914E-001 -9.190713E-001  0.000000E+000  9.190713E-001 -3.940914E-001  0.000000E+000  0.000000E+000  0.000000E+000  1.000000E+000
  9.350000E+000  0.000000E+000  0.000000E+000  0.000000E+000 -4.293558E-001 -9.031354E-001  0.000000E+000  9.031354E-001 -4.293558E-001  0.000000E+000  0.000000E+000  0.000000E+000  1.000000E+000
  9.400000E+000  0.000000E+000  0.000000E+000  0.000000E+000 -5.332812E-001 -8.459381E-001  0.000000E+000  8.459381E-001 -5.332812E-001  0.000000E+000  0.000000E+000  0.000000E+000  1.000000E+000
  9.450000E+000  0.000000E+000  0.000000E+000  0.000000E+000 -7.036937E-001 -7.105034E-001  0.000000E+000  7.105034E-001 -7.036937E-001  0.000000E+000  0.000000E+000  0.000000E+000  1.000000E+000
  9.500000E+000  0.000000E+000  0.000000E+000  0.000000E+000 -8.802540E-001 -4.745028E-001  0.000000E+000  4.745028E-001 -8.802540E-001  0.000000E+000  0.000000E+000  0.000000E+000  1.000000E+000
  9.550000E+000  0.000000E+000  0.000000E+000  0.000000E+000 -9.805710E-001 -1.961647E-001  0.000000E+000  1.961647E-001 -9.805710E-001  0.000000E+000  0.000000E+000  0.000000E+000  1.000000E+000
  9.600000E+000  0.000000E+000  0.000000E+000  0.000000E+000 -9.997334E-001  2.309075E-002  0.000000E+000 -2.309075E-002 -9.997334E-001  0.000000E+000  0.000000E+000  0.000000E+000  1.000000E+000
  9.650000E+000  0.000000E+000  0.000000E+000  0.000000E+000 -9.896286E-001  1.436496E-001  0.000000E+000 -1.436496E-001 -9.896286E-001  0.000000E+000  0.000000E+000  0.000000E+000  1.000000E+000
  9.700000E+000  0.000000E+000  0.000000E+000  0.000000E+000 -9.830477E-001  1.833500E-001  0.000000E+000 -1.833500E-001 -9.830477E-001  0.000000E+000  0.000000E+000  0.000000E+000  1.000000E+000
  9.750000E+000  0.000000E+000  0.000000E+000  0.000000E+000 -9.824556E-001  1.864964E-001  0.000000E+000 -1.864964E-001 -9.824556E-001  0.000000E+000  0.000000E+000  0.000000E+000  1.000000E+000
  9.800000E+000  0.000000E+000  0.000000E+000  0.000000E+000 -9.777242E-001  2.098939E-001  0.000000E+000 -2.098939E-001 -9.777242E-001  0.000000E+000  0.000000E+000  0.000000E+000  1.000000E+000
  9.850000E+000  0.000000E+000  0.000000E+000  0.000000E+000 -9.536729E-001  3.008456E-001  0.000000E+000 -3.008456E-001 -9.536729E-001  0.000000E+000  0.000000E+000  0.000000E+000  1.000000E+000
  9.900000E+000  0.000000E+000  0.000000E+000  0.000000E+000 -8.790750E-001  4.766835E-001  0.000000E+000 -4.766835E-001 -8.790750E-001  0.000000E+000  0.000000E+000  0.000000E+000  1.000000E+000
  9.950000E+000  0.000000E+000  0.000000E+000  0.000000E+000 -7.127986E-001  7.013687E-001  0.000000E+000 -7.013687E-001 -7.127986E-001  0.000000E+000  0.000000E+000  0.000000E+000  1.000000E+000
