% FILE: babyboot.2
%
%       t         P_No_Bo[1]     P_No_Bo[2]     P_No_Bo[3]      N_B[1,1]       N_B[1,2]       N_B[1,3]       N_B[2,1]       N_B[2,2]       N_B[2,3]       N_B[3,1]       N_B[3,2]       N_B[3,3]
%   (second)        (meter)        (meter)        (meter)       (NoUnits)      (NoUnits)      (NoUnits)      (NoUnits)      (NoUnits)      (NoUnits)      (NoUnits)      (NoUnits)      (NoUnits)

  0.000000E+000  0.000000E+000  2.000000E-001  0.000000E+000  9.999619E-001 -8.726535E-003  0.000000E+000  0.000000E+000  0.000000E+000 -1.000000E+000  8.726535E-003  9.999619E-001  0.000000E+000
  5.000000E-002  0.000000E+000  1.996519E-001 -1.179571E-002  9.999620E-001 -8.716408E-003  0.000000E+000  5.140811E-004  5.897631E-002 -9.982593E-001  8.701234E-003  9.982213E-001  5.897855E-002
  1.000000E-001  0.000000E+000  1.944730E-001 -4.669320E-002  9.999633E-001 -8.565455E-003  0.000000E+000  1.999743E-003  2.334574E-001 -9.723650E-001  8.328749E-003  9.723293E-001  2.334660E-001
  1.500000E-001  0.000000E+000  1.729395E-001 -1.004587E-001  9.999685E-001 -7.931571E-003  0.000000E+000  3.983976E-003  5.022776E-001 -8.646973E-001  6.858408E-003  8.646701E-001  5.022934E-001
  2.000000E-001  0.000000E+000  1.215726E-001 -1.588084E-001  9.999797E-001 -6.374483E-003  0.000000E+000  5.061608E-003  7.940260E-001 -6.078628E-001  3.874811E-003  6.078504E-001  7.940421E-001
  2.500000E-001  0.000000E+000  3.817870E-002 -1.963222E-001  9.999932E-001 -3.674743E-003  0.000000E+000  3.607167E-003  9.816041E-001 -1.908935E-001  7.014845E-004  1.908922E-001  9.816108E-001
  3.000000E-001  0.000000E+000 -5.740565E-002 -1.915844E-001  1.000000E+000 -1.655503E-004  0.000000E+000  1.585843E-004  9.579221E-001  2.870282E-001 -4.751762E-005 -2.870282E-001  9.579221E-001
  3.500000E-001  0.000000E+000 -1.350590E-001 -1.475095E-001  9.999942E-001  3.398194E-003  0.000000E+000 -2.506330E-003  7.375435E-001  6.752950E-001  2.294784E-003 -6.752911E-001  7.375477E-001
  4.000000E-001  0.000000E+000 -1.794579E-001 -8.828857E-002  9.999794E-001  6.419023E-003  0.000000E+000 -2.833632E-003  4.414337E-001  8.972894E-001  5.759721E-003 -8.972709E-001  4.414428E-001
  4.500000E-001  0.000000E+000 -1.964187E-001 -3.767888E-002  9.999613E-001  8.800812E-003  0.000000E+000 -1.658024E-003  1.883871E-001  9.820935E-001  8.643220E-003 -9.820554E-001  1.883944E-001
  5.000000E-001  0.000000E+000 -1.998622E-001 -7.422307E-003  9.999418E-001  1.079217E-002  0.000000E+000 -4.005140E-004  3.710937E-002  9.993111E-001  1.078474E-002 -9.992529E-001  3.711153E-002
  5.500000E-001  0.000000E+000 -1.999994E-001 -5.056457E-004  9.999197E-001  1.267121E-002  0.000000E+000 -3.203572E-005  2.528026E-003  9.999968E-001  1.267117E-002 -9.999165E-001  2.528229E-003
  6.000000E-001  0.000000E+000 -1.992617E-001 -1.716945E-002  9.998947E-001  1.451146E-002  0.000000E+000 -1.245769E-003  8.583821E-002  9.963083E-001  1.445789E-002 -9.962034E-001  8.584725E-002
  6.500000E-001  0.000000E+000 -1.918381E-001 -5.655227E-002  9.998717E-001  1.601598E-002  0.000000E+000 -4.528699E-003  2.827251E-001  9.591903E-001  1.536237E-002 -9.590673E-001  2.827613E-001
  7.000000E-001  0.000000E+000 -1.651048E-001 -1.128734E-001  9.998652E-001  1.642025E-002  0.000000E+000 -9.267050E-003  5.642911E-001  8.255239E-001  1.355531E-002 -8.254126E-001  5.643672E-001
  7.500000E-001  0.000000E+000 -1.066248E-001 -1.692074E-001  9.998924E-001  1.466706E-002  0.000000E+000 -1.240888E-002  8.459461E-001  5.331240E-001  7.819364E-003 -5.330667E-001  8.460371E-001
  8.000000E-001  0.000000E+000 -1.838345E-002 -1.991533E-001  9.999490E-001  1.009834E-002  0.000000E+000 -1.005560E-002  9.957159E-001  9.191725E-002  9.282121E-004 -9.191256E-002  9.957666E-001
  8.500000E-001  0.000000E+000  7.580343E-002 -1.850779E-001  9.999947E-001  3.254348E-003  0.000000E+000 -3.011540E-003  9.253848E-001 -3.790171E-001 -1.233454E-003  3.790151E-001  9.253897E-001
  9.000000E-001  0.000000E+000  1.470396E-001 -1.355704E-001  9.999906E-001 -4.325739E-003  0.000000E+000  2.932212E-003  6.778458E-001 -7.351982E-001  3.180276E-003  7.351913E-001  6.778522E-001
  9.500000E-001  0.000000E+000  1.847764E-001 -7.653551E-002  9.999361E-001 -1.130853E-002  0.000000E+000  4.327521E-003  3.826531E-001 -9.238820E-001  1.044775E-002  9.238229E-001  3.826776E-001
  1.000000E+000  0.000000E+000  1.978025E-001 -2.956631E-002  9.998498E-001 -1.733257E-002  0.000000E+000  2.562301E-003  1.478093E-001 -9.890126E-001  1.714213E-002  9.888640E-001  1.478315E-001
  1.050000E+000  0.000000E+000  1.999589E-001 -4.055716E-003  9.997410E-001 -2.275709E-002  0.000000E+000  4.614815E-004  2.027333E-002 -9.997944E-001  2.275241E-002  9.995354E-001  2.027858E-002
  1.100000E+000  0.000000E+000  1.999898E-001 -2.023328E-003  9.996070E-001 -2.803397E-002  0.000000E+000  2.836096E-004  1.011266E-002 -9.999488E-001  2.803254E-002  9.995558E-001  1.011664E-002
  1.150000E+000  0.000000E+000  1.986106E-001 -2.353382E-002  9.994498E-001 -3.316827E-002  0.000000E+000  3.902880E-003  1.176043E-001 -9.930529E-001  3.293785E-002  9.925065E-001  1.176691E-001
  1.200000E+000  0.000000E+000  1.883785E-001 -6.718294E-002  9.993049E-001 -3.728023E-002  0.000000E+000  1.252298E-002  3.356812E-001 -9.418924E-001  3.511396E-002  9.412377E-001  3.359147E-001
  1.250000E+000  0.000000E+000  1.558537E-001 -1.253381E-001  9.992634E-001 -3.837514E-002  0.000000E+000  2.404934E-002  6.262289E-001 -7.792683E-001  2.990453E-002  7.786943E-001  6.266905E-001
  1.300000E+000  0.000000E+000  9.030207E-002 -1.784532E-001  9.994251E-001 -3.390261E-002  0.000000E+000  3.025014E-002  8.917530E-001 -4.515103E-001  1.530738E-002  4.512508E-001  8.922659E-001
  1.350000E+000  0.000000E+000 -1.701771E-003 -1.999928E-001  9.997450E-001 -2.258228E-002  0.000000E+000  2.258147E-002  9.997088E-001  8.508853E-003 -1.921493E-004 -8.506683E-003  9.999638E-001
  1.400000E+000  0.000000E+000 -9.315078E-002 -1.769829E-001  9.999812E-001 -6.128724E-003  0.000000E+000  5.423395E-003  8.848977E-001  4.657539E-001 -2.854477E-003 -4.657452E-001  8.849143E-001
  1.450000E+000  0.000000E+000 -1.575164E-001 -1.232419E-001  9.999315E-001  1.170630E-002  0.000000E+000 -7.213533E-003  6.161673E-001  7.875822E-001  9.219672E-003 -7.875283E-001  6.162095E-001
  1.500000E+000  0.000000E+000 -1.890243E-001 -6.534394E-002  9.996063E-001  2.805747E-002  0.000000E+000 -9.166927E-003  3.265911E-001  9.451213E-001  2.651771E-002 -9.447492E-001  3.267197E-001
  1.550000E+000  0.000000E+000 -1.987420E-001 -2.239708E-002  9.991021E-001  4.236654E-002  0.000000E+000 -4.744434E-003  1.118848E-001  9.937099E-001  4.210005E-002 -9.928176E-001  1.119854E-001
  1.600000E+000  0.000000E+000 -1.999928E-001 -1.701818E-003  9.984562E-001  5.554504E-002  0.000000E+000 -4.726377E-004  8.495952E-003  9.999638E-001  5.554303E-002 -9.984200E-001  8.509089E-003
  1.650000E+000  0.000000E+000 -1.999480E-001 -4.560214E-003  9.976513E-001  6.849767E-002  0.000000E+000 -1.561820E-003  2.274752E-002  9.997400E-001  6.847986E-002 -9.973919E-001  2.280107E-002
  1.700000E+000  0.000000E+000 -1.976010E-001 -3.088468E-002  9.967239E-001  8.087879E-002  0.000000E+000 -1.248958E-002  1.539175E-001  9.880048E-001  7.990863E-002 -9.847680E-001  1.544234E-001
  1.750000E+000  0.000000E+000 -1.839451E-001 -7.851250E-002  9.959347E-001  9.007842E-002  0.000000E+000 -3.536141E-002  3.909666E-001  9.197253E-001  8.284741E-002 -9.159864E-001  3.925625E-001
  1.800000E+000  0.000000E+000 -1.450839E-001 -1.376614E-001  9.958610E-001  9.088903E-002  0.000000E+000 -6.255955E-002  6.854581E-001  7.254196E-001  6.593268E-002 -7.224171E-001  6.883069E-001
  1.850000E+000  0.000000E+000 -7.269068E-002 -1.863225E-001  9.970013E-001  7.738486E-002  0.000000E+000 -7.209269E-002  9.288188E-001  3.634534E-001  2.812579E-002 -3.623635E-001  9.316124E-001
  1.900000E+000  0.000000E+000  2.183685E-002 -1.988043E-001  9.988648E-001  4.763461E-002  0.000000E+000 -4.734983E-002  9.928931E-001 -1.091843E-001 -5.200950E-003  1.090603E-001  9.940215E-001
  1.950000E+000  0.000000E+000  1.093006E-001 -1.674914E-001  9.999753E-001  7.028717E-003  0.000000E+000 -5.886249E-003  8.374364E-001 -5.465030E-001 -3.841215E-003  5.464895E-001  8.374571E-001
  2.000000E+000  0.000000E+000  1.665428E-001 -1.107407E-001  9.993760E-001 -3.532287E-002  0.000000E+000  1.955840E-002  5.533581E-001 -8.327138E-001  2.941384E-002  8.321941E-001  5.537036E-001
  2.050000E+000  0.000000E+000  1.923393E-001 -5.482331E-002  9.972935E-001 -7.352313E-002  0.000000E+000  2.015391E-002  2.733747E-001 -9.616965E-001  7.070694E-002  9.590937E-001  2.741165E-001
  2.100000E+000  0.000000E+000  1.993426E-001 -1.620287E-002  9.942443E-001 -1.071371E-001  0.000000E+000  8.679647E-003  8.054807E-002 -9.967129E-001  1.067850E-001  9.909761E-001  8.101437E-002
  2.150000E+000  0.000000E+000  1.999996E-001 -3.826701E-004  9.903552E-001 -1.385514E-001  0.000000E+000  2.650975E-004  1.894897E-003 -9.999982E-001  1.385512E-001  9.903534E-001  1.913350E-003
  2.200000E+000  0.000000E+000  1.998332E-001 -8.166035E-003  9.855334E-001 -1.694815E-001  0.000000E+000  6.919961E-003  4.023950E-002 -9.991661E-001  1.693402E-001  9.847115E-001  4.083018E-002
  2.250000E+000  0.000000E+000  1.961018E-001 -3.929461E-002  9.801640E-001 -1.981881E-001  0.000000E+000  3.893862E-002  1.925758E-001 -9.805092E-001  1.943253E-001  9.610599E-001  1.964731E-001
  2.300000E+000  0.000000E+000  1.783101E-001 -9.058419E-002  9.760842E-001 -2.173929E-001  0.000000E+000  9.846178E-002  4.420890E-001 -8.915507E-001  1.938168E-001  8.702285E-001  4.529209E-001
  2.350000E+000  0.000000E+000  1.325315E-001 -1.497845E-001  9.767736E-001 -2.142741E-001  0.000000E+000  1.604747E-001  7.315278E-001 -6.626575E-001  1.419904E-001  6.472664E-001  7.489226E-001
  2.400000E+000  0.000000E+000  5.362428E-002 -1.926770E-001  9.844294E-001 -1.757804E-001  0.000000E+000  1.693442E-001  9.483846E-001 -2.681214E-001  4.713049E-002  2.639466E-001  9.633851E-001
  2.450000E+000  0.000000E+000 -4.206070E-002 -1.955272E-001  9.950303E-001 -9.957284E-002  0.000000E+000  9.734601E-002  9.727776E-001  2.103035E-001 -2.094052E-002 -2.092583E-001  9.776361E-001
  2.500000E+000  0.000000E+000 -1.243080E-001 -1.566765E-001  9.999999E-001 -4.798788E-004  0.000000E+000  3.759287E-004  7.833825E-001  6.215398E-001 -2.982638E-004 -6.215397E-001  7.833826E-001
  2.550000E+000  0.000000E+000 -1.742551E-001 -9.815888E-002  9.950156E-001  9.971908E-002  0.000000E+000 -4.894156E-002  4.883481E-001  8.712754E-001  8.688278E-002 -8.669327E-001  4.907944E-001
  2.600000E+000  0.000000E+000 -1.948661E-001 -4.502431E-002  9.820167E-001  1.887942E-001  0.000000E+000 -4.250165E-002  2.210731E-001  9.743307E-001  1.839480E-001 -9.568090E-001  2.251216E-001
  2.650000E+000  0.000000E+000 -1.996948E-001 -1.104406E-002  9.636179E-001  2.672835E-001  0.000000E+000 -1.475948E-002  5.321128E-002  9.984742E-001  2.668757E-001 -9.621476E-001  5.522031E-002
  2.700000E+000  0.000000E+000 -1.999998E-001 -2.553795E-004  9.401804E-001  3.406769E-001  0.000000E+000 -4.350095E-004  1.200514E-003  9.999992E-001  3.406766E-001 -9.401797E-001  1.276898E-003
  2.750000E+000  0.000000E+000 -1.995647E-001 -1.318873E-002  9.114791E-001  4.113464E-001  0.000000E+000 -2.712569E-002  6.010628E-002  9.978233E-001  4.104510E-001 -9.094951E-001  6.594367E-002
  2.800000E+000  0.000000E+000 -1.938073E-001 -4.938365E-002  8.807552E-001  4.735718E-001  0.000000E+000 -1.169335E-001  2.174745E-001  9.690363E-001  4.589082E-001 -8.534838E-001  2.469182E-001
  2.850000E+000  0.000000E+000 -1.706865E-001 -1.042407E-001  8.591215E-001  5.117717E-001  0.000000E+000 -2.667372E-001  4.477771E-001  8.534324E-001  4.367626E-001 -7.332021E-001  5.212035E-001
  2.900000E+000  0.000000E+000 -1.167191E-001 -1.624089E-001  8.646189E-001  5.024282E-001  0.000000E+000 -4.079940E-001  7.021091E-001  5.835955E-001  2.932148E-001 -5.045878E-001  8.120445E-001
  2.950000E+000  0.000000E+000 -3.119359E-002 -1.975524E-001  9.075446E-001  4.199557E-001  0.000000E+000 -4.148163E-001  8.964382E-001  1.559679E-001  6.549962E-002 -1.415479E-001  9.877621E-001
  3.000000E+000  0.000000E+000  6.401124E-002 -1.894797E-001  9.677451E-001  2.519315E-001  0.000000E+000 -2.386796E-001  9.168403E-001 -3.200562E-001 -8.063225E-002  3.097328E-001  9.473986E-001
  3.050000E+000  0.000000E+000  1.391221E-001 -1.436839E-001  9.997321E-001  2.314514E-002  0.000000E+000 -1.662792E-002  7.182269E-001 -6.956103E-001 -1.610000E-002  6.954239E-001  7.184193E-001
  3.100000E+000  0.000000E+000  1.810555E-001 -8.496404E-002  9.770542E-001 -2.129906E-001  0.000000E+000  9.048271E-002  4.150724E-001 -9.052777E-001  1.928156E-001  8.845055E-001  4.248202E-001
  3.150000E+000  0.000000E+000  1.967487E-001 -3.591576E-002  9.070612E-001 -4.209988E-001  0.000000E+000  7.560247E-002  1.628890E-001 -9.837436E-001  4.141549E-001  8.923156E-001  1.795788E-001
  3.200000E+000  0.000000E+000  1.998601E-001 -7.479474E-003  8.023971E-001 -5.967905E-001  0.000000E+000  2.231840E-002  3.000754E-002 -9.993005E-001  5.963731E-001  8.018358E-001  3.739737E-002
  3.250000E+000  0.000000E+000  1.999822E-001 -2.667863E-003  6.672979E-001 -7.447909E-001  0.000000E+000  9.934999E-003  8.901297E-003 -9.999110E-001  7.447246E-001  6.672386E-001  1.333931E-002
  3.300000E+000  0.000000E+000  1.987757E-001 -2.209560E-002  5.069581E-001 -8.619707E-001  0.000000E+000  9.522879E-002  5.600771E-002 -9.938786E-001  8.566942E-001  5.038548E-001  1.104780E-001
  3.350000E+000  0.000000E+000  1.891839E-001 -6.488040E-002  3.373074E-001 -9.413946E-001  0.000000E+000  3.053903E-001  1.094232E-001 -9.459193E-001  8.904833E-001  3.190656E-001  3.244020E-001
  3.400000E+000  0.000000E+000  1.571653E-001 -1.236895E-001  1.793234E-001 -9.837902E-001  0.000000E+000  6.084224E-001  1.109021E-001 -7.858263E-001  7.730882E-001  1.409170E-001  6.184473E-001
  3.450000E+000  0.000000E+000  9.082576E-002 -1.781872E-001  4.161405E-002 -9.991338E-001  0.000000E+000  8.901643E-001  3.707546E-002 -4.541288E-001  4.537354E-001  1.889814E-002  8.909360E-001
  3.500000E+000  0.000000E+000 -3.236289E-003 -1.999738E-001 -8.894593E-002 -9.960365E-001  0.000000E+000  9.959060E-001 -8.893428E-002  1.618145E-002 -1.611731E-002  1.439274E-003  9.998691E-001
  3.550000E+000  0.000000E+000 -9.609859E-002 -1.753997E-001 -2.390352E-001 -9.710109E-001  0.000000E+000  8.515752E-001 -2.096335E-001  4.804929E-001 -4.665639E-001  1.148547E-001  8.769986E-001
  3.600000E+000  0.000000E+000 -1.599313E-001 -1.200916E-001 -4.274778E-001 -9.040258E-001  0.000000E+000  5.428296E-001 -2.566825E-001  7.996563E-001 -7.229099E-001  3.418353E-001  6.004580E-001
  3.650000E+000  0.000000E+000 -1.899749E-001 -6.252636E-002 -6.408859E-001 -7.676362E-001  0.000000E+000  2.399875E-001 -2.003613E-001  9.498744E-001 -7.291580E-001  6.087611E-001  3.126318E-001
  3.700000E+000  0.000000E+000 -1.988060E-001 -2.182112E-002 -8.331259E-001 -5.530834E-001  0.000000E+000  6.034450E-002 -9.089870E-002  9.940302E-001 -5.497816E-001  8.281523E-001  1.091056E-001
  3.750000E+000  0.000000E+000 -1.999547E-001 -4.254510E-003 -9.595402E-001 -2.815717E-001  0.000000E+000  5.989747E-003 -2.041186E-002  9.997737E-001 -2.815080E-001  9.593231E-001  2.127255E-002
  3.800000E+000  0.000000E+000 -1.997292E-001 -1.040412E-002 -9.998675E-001  1.628056E-002  0.000000E+000 -8.469247E-004 -5.201373E-002  9.986460E-001  1.625851E-002  9.985137E-001  5.202062E-002
  3.850000E+000  0.000000E+000 -1.959805E-001 -3.989535E-002 -9.502391E-001  3.115214E-001  0.000000E+000 -6.214129E-002 -1.895506E-001  9.799026E-001  3.052607E-001  9.311417E-001  1.994768E-001
  3.900000E+000  0.000000E+000 -1.785906E-001 -9.003005E-002 -8.239672E-001  5.666374E-001  0.000000E+000 -2.550720E-001 -3.709091E-001  8.929528E-001  5.059805E-001  7.357639E-001  4.501502E-001
  3.950000E+000  0.000000E+000 -1.331606E-001 -1.492255E-001 -6.683008E-001  7.438911E-001  0.000000E+000 -5.550376E-001 -4.986377E-001  6.658030E-001  4.952850E-001  4.449567E-001  7.461275E-001
  4.000000E+000  0.000000E+000 -5.348258E-002 -1.927164E-001 -5.501030E-001  8.350968E-001  0.000000E+000 -8.046843E-001 -5.300694E-001  2.674129E-001  2.233156E-001  1.471046E-001  9.635820E-001
  4.050000E+000  0.000000E+000  4.380863E-002 -1.951430E-001 -5.132973E-001  8.582109E-001  0.000000E+000 -8.373694E-001 -5.008319E-001 -2.190431E-001 -1.879852E-001 -1.124342E-001  9.757152E-001
  4.100000E+000  0.000000E+000  1.267225E-001 -1.547301E-001 -5.641740E-001  8.256559E-001  0.000000E+000 -6.387692E-001 -4.364736E-001 -6.336124E-001 -5.231458E-001 -3.574677E-001  7.736506E-001
  4.150000E+000  0.000000E+000  1.758426E-001 -9.528572E-002 -6.789012E-001  7.342297E-001  0.000000E+000 -3.498080E-001 -3.234479E-001 -8.792132E-001 -6.455444E-001 -5.968989E-001  4.764286E-001
  4.200000E+000  0.000000E+000  1.953429E-001 -4.290883E-002 -8.131676E-001  5.820296E-001  0.000000E+000 -1.248710E-001 -1.744604E-001 -9.767143E-001 -5.684766E-001 -7.942324E-001  2.145442E-001
  4.250000E+000  0.000000E+000  1.997045E-001 -1.086752E-002 -9.236075E-001  3.833396E-001  0.000000E+000 -2.082976E-002 -5.018663E-002 -9.985226E-001 -3.827733E-001 -9.222429E-001  5.433762E-002
  4.300000E+000  0.000000E+000  1.999859E-001 -2.372337E-003 -9.871452E-001  1.598259E-001  0.000000E+000 -1.895804E-003 -1.170921E-002 -9.999296E-001 -1.598146E-001 -9.870758E-001  1.186169E-002
  4.350000E+000  0.000000E+000  1.992334E-001 -1.749438E-002 -9.973634E-001 -7.256925E-002  0.000000E+000  6.347772E-003 -8.724128E-002 -9.961670E-001  7.229109E-002 -9.935405E-001  8.747191E-002
  4.400000E+000  0.000000E+000  1.921570E-001 -5.545885E-002 -9.544044E-001 -2.985167E-001  0.000000E+000  8.277697E-002 -2.646509E-001 -9.607850E-001  2.868104E-001 -9.169775E-001  2.772943E-001
  4.450000E+000  0.000000E+000  1.663152E-001 -1.110822E-001 -8.709316E-001 -4.914042E-001  0.000000E+000  2.729312E-001 -4.837249E-001 -8.315761E-001  4.086400E-001 -7.242459E-001  5.554108E-001
  4.500000E+000  0.000000E+000  1.085723E-001 -1.679644E-001 -7.851371E-001 -6.193220E-001  0.000000E+000  5.201204E-001 -6.593756E-001 -5.428615E-001  3.362060E-001 -4.262207E-001  8.398222E-001
  4.550000E+000  0.000000E+000  1.997307E-002 -1.990002E-001 -7.478458E-001 -6.638725E-001  0.000000E+000  6.605538E-001 -7.441073E-001 -9.986533E-002  6.629785E-002 -7.468387E-002  9.950010E-001
  4.600000E+000  0.000000E+000 -7.519628E-002 -1.853254E-001 -7.852041E-001 -6.192371E-001  0.000000E+000  5.738019E-001 -7.275915E-001  3.759814E-001 -2.328216E-001  2.952221E-001  9.266272E-001
  4.650000E+000  0.000000E+000 -1.468702E-001 -1.357540E-001 -8.755995E-001 -4.830378E-001  0.000000E+000  3.278715E-001 -5.943305E-001  7.343511E-001 -3.547193E-001  6.429974E-001  6.787698E-001
  4.700000E+000  0.000000E+000 -1.845433E-001 -7.709587E-002 -9.629190E-001 -2.697905E-001  0.000000E+000  1.039987E-001 -3.711854E-001  9.227165E-001 -2.489402E-001  8.885012E-001  3.854793E-001
  4.750000E+000  0.000000E+000 -1.975952E-001 -3.092162E-002 -9.998512E-001 -1.724817E-002  0.000000E+000  2.666707E-003 -1.545851E-001  9.879759E-001 -1.704078E-002  9.878289E-001  1.546081E-001
  4.800000E+000  0.000000E+000 -1.999033E-001 -6.217068E-003 -9.710842E-001  2.387372E-001  0.000000E+000 -7.421227E-003 -3.018648E-002  9.995167E-001  2.386218E-001  9.706149E-001  3.108534E-002
  4.850000E+000  0.000000E+000 -1.999377E-001 -4.991061E-003 -8.783105E-001  4.780906E-001  0.000000E+000 -1.193090E-002 -2.191851E-002  9.996886E-001  4.779418E-001  8.780370E-001  2.495530E-002
  4.900000E+000  0.000000E+000 -1.980807E-001 -2.764113E-002 -7.293211E-001  6.841716E-001  0.000000E+000 -9.455638E-002 -1.007963E-001  9.904036E-001  6.776059E-001  7.223222E-001  1.382057E-001
  4.950000E+000  0.000000E+000 -1.862218E-001 -7.294813E-002 -5.467364E-001  8.373048E-001  0.000000E+000 -3.053991E-001 -1.994170E-001  9.311091E-001  7.796221E-001  5.090713E-001  3.647407E-001
  5.000000E+000  0.000000E+000 -1.499490E-001 -1.323453E-001 -3.695014E-001  9.292302E-001  0.000000E+000 -6.148964E-001 -2.445089E-001  7.497452E-001  6.966858E-001  2.770319E-001  6.617267E-001
  5.050000E+000  0.000000E+000 -7.886679E-002 -1.837934E-001 -2.299756E-001  9.731964E-001  0.000000E+000 -8.943356E-001 -2.113400E-001  3.943339E-001  3.837644E-001  9.068718E-002  9.189672E-001
  5.100000E+000  0.000000E+000  1.709258E-002 -1.992683E-001 -1.347507E-001  9.908795E-001  0.000000E+000 -9.872543E-001 -1.342576E-001 -8.546290E-002 -8.468344E-002 -1.151618E-002  9.963414E-001
  5.150000E+000  0.000000E+000  1.073769E-001 -1.687312E-001 -7.108424E-002  9.974703E-001  0.000000E+000 -8.415217E-001 -5.997063E-002 -5.368843E-001 -5.355261E-001 -3.816401E-002  8.436559E-001
  5.200000E+000  0.000000E+000  1.664704E-001 -1.108495E-001 -2.247453E-002  9.997474E-001  0.000000E+000 -5.541073E-001 -1.245645E-002 -8.323521E-001 -8.321418E-001 -1.870672E-002  5.542473E-001
  5.250000E+000  0.000000E+000  1.926415E-001 -5.375181E-002  2.250177E-002  9.997468E-001  0.000000E+000 -2.686910E-001  6.047555E-003 -9.632074E-001 -9.629636E-001  2.167388E-002  2.687590E-001
  5.300000E+000  0.000000E+000  1.994378E-001 -1.498582E-002  6.851782E-002  9.976499E-001  0.000000E+000 -7.475303E-002  5.133980E-003 -9.971889E-001 -9.948454E-001  6.832521E-002  7.492912E-002
  5.350000E+000  0.000000E+000  1.999999E-001 -2.069707E-004  1.155554E-001  9.933010E-001  0.000000E+000 -1.027921E-003  1.195829E-004 -9.999995E-001 -9.933005E-001  1.155554E-001  1.034853E-003
  5.400000E+000  0.000000E+000  1.997425E-001 -1.014602E-002  1.626174E-001  9.866892E-001  0.000000E+000 -5.005482E-002  8.249593E-003 -9.987124E-001 -9.854187E-001  1.624080E-001  5.073008E-002
  5.450000E+000  0.000000E+000  1.950197E-001 -4.435452E-002  2.118608E-001  9.772999E-001  0.000000E+000 -2.167384E-001  4.698492E-002 -9.750984E-001 -9.529635E-001  2.065851E-001  2.217726E-001
  5.500000E+000  0.000000E+000  1.739755E-001 -9.865361E-002  2.723787E-001  9.621901E-001  0.000000E+000 -4.746176E-001  1.343557E-001 -8.698774E-001 -8.369874E-001  2.369361E-001  4.932680E-001
  5.550000E+000  0.000000E+000  1.222723E-001 -1.582703E-001  3.627404E-001  9.318902E-001  0.000000E+000 -7.374526E-001  2.870551E-001 -6.113616E-001 -5.697219E-001  2.217656E-001  7.913514E-001
  5.600000E+000  0.000000E+000  3.758346E-002 -1.964370E-001  5.078084E-001  8.614701E-001  0.000000E+000 -8.461228E-001  4.987617E-001 -1.879173E-001 -1.618851E-001  9.542598E-002  9.821849E-001
  5.650000E+000  0.000000E+000 -5.868411E-002 -1.911967E-001  7.144222E-001  6.997149E-001  0.000000E+000 -6.689159E-001  6.829758E-001  2.934205E-001  2.053107E-001 -2.096261E-001  9.559835E-001
  5.700000E+000  0.000000E+000 -1.353820E-001 -1.472132E-001  9.193259E-001  3.934969E-001  0.000000E+000 -2.896396E-001  6.766843E-001  6.769100E-001  2.663620E-001 -6.223010E-001  7.360658E-001
  5.750000E+000  0.000000E+000 -1.787192E-001 -8.977438E-002  9.996705E-001 -2.566936E-002  0.000000E+000  1.152225E-002  4.487240E-001  8.935961E-001 -2.293804E-002 -8.933017E-001  4.488719E-001
  5.800000E+000  0.000000E+000 -1.956863E-001 -4.131443E-002  8.969970E-001 -4.420367E-001  0.000000E+000  9.131248E-002  1.852946E-001  9.784314E-001 -4.325026E-001 -8.776500E-001  2.065722E-001
  5.850000E+000  0.000000E+000 -1.995923E-001 -1.276367E-002  6.401502E-001 -7.682497E-001  0.000000E+000  4.902841E-002  4.085332E-002  9.979615E-001 -7.666837E-001 -6.388453E-001  6.381833E-002
  5.900000E+000  0.000000E+000 -1.998482E-001 -7.791257E-003  2.773804E-001 -9.607602E-001  0.000000E+000  3.742765E-002  1.080571E-002  9.992409E-001 -9.600309E-001 -2.771699E-001  3.895629E-002
  5.950000E+000  0.000000E+000 -1.981213E-001 -2.734876E-002 -1.317596E-001 -9.912817E-001  0.000000E+000  1.355516E-001 -1.801732E-002  9.906064E-001 -9.819700E-001  1.305219E-001  1.367438E-001
  6.000000E+000  0.000000E+000 -1.874466E-001 -6.974088E-002 -5.237148E-001 -8.518936E-001  0.000000E+000  2.970591E-001 -1.826217E-001  9.372328E-001 -7.984226E-001  4.908427E-001  3.487044E-001
  6.050000E+000  0.000000E+000 -1.550656E-001 -1.263118E-001 -8.439177E-001 -5.364727E-001  0.000000E+000  3.388141E-001 -5.329836E-001  7.753280E-001 -4.159423E-001  6.543130E-001  6.315588E-001
  6.100000E+000  0.000000E+000 -9.154280E-002 -1.778199E-001 -9.983884E-001 -5.675005E-002  0.000000E+000  5.045644E-002 -8.876666E-001  4.577140E-001 -2.597529E-002  4.569764E-001  8.890995E-001
  6.150000E+000  0.000000E+000 -2.327957E-003 -1.999865E-001 -8.964983E-001  4.430473E-001  0.000000E+000 -4.430172E-001 -8.964375E-001  1.163978E-002  5.156974E-003  1.043505E-002  9.999323E-001
  6.200000E+000  0.000000E+000  8.894542E-002 -1.791332E-001 -6.270636E-001  7.789681E-001  0.000000E+000 -6.976953E-001 -5.616396E-001 -4.447271E-001 -3.464282E-001 -2.788722E-001  8.956661E-001
  6.250000E+000  0.000000E+000  1.552135E-001 -1.261300E-001 -3.342805E-001  9.424736E-001  0.000000E+000 -5.943710E-001 -2.108140E-001 -7.760673E-001 -7.314230E-001 -2.594242E-001  6.306500E-001
  6.300000E+000  0.000000E+000  1.882219E-001 -6.762033E-002 -5.272159E-002  9.986093E-001  0.000000E+000 -3.376314E-001 -1.782525E-002 -9.411096E-001 -9.398008E-001 -4.961679E-002  3.381016E-001
  6.350000E+000  0.000000E+000  1.985114E-001 -2.435615E-002  2.262289E-001  9.740742E-001  0.000000E+000 -1.186235E-001  2.755033E-002 -9.925570E-001 -9.668242E-001  2.245451E-001  1.217808E-001
  6.400000E+000  0.000000E+000  1.999510E-001 -4.425466E-003  4.913561E-001  8.709588E-001  0.000000E+000 -1.927199E-002  1.087240E-002 -9.997552E-001 -8.707456E-001  4.912358E-001  2.212733E-002
  6.450000E+000  0.000000E+000  1.997998E-001 -8.947458E-003  7.176888E-001  6.963639E-001  0.000000E+000 -3.115343E-002  3.210745E-002 -9.989988E-001 -6.956667E-001  7.169703E-001  4.473729E-002
  6.500000E+000  0.000000E+000  1.965213E-001 -3.713992E-002  8.874172E-001  4.609672E-001  0.000000E+000 -8.560143E-002  1.647930E-001 -9.826066E-001 -4.529494E-001  8.719819E-001  1.856996E-001
  6.550000E+000  0.000000E+000  1.806708E-001 -8.577924E-002  9.851628E-001  1.716223E-001  0.000000E+000 -7.360817E-002  4.225326E-001 -9.033538E-001 -1.550357E-001  8.899505E-001  4.288962E-001
  6.600000E+000  0.000000E+000  1.387650E-001 -1.440288E-001  9.892276E-001 -1.463857E-001  0.000000E+000  1.054188E-001  7.123861E-001 -6.938249E-001  1.015661E-001  6.863507E-001  7.201438E-001
  6.650000E+000  0.000000E+000  6.367986E-002 -1.895913E-001  9.046194E-001 -4.262203E-001  0.000000E+000  4.040384E-001  8.575400E-001 -3.183993E-001  1.357082E-001  2.880302E-001  9.479567E-001
  6.700000E+000  0.000000E+000 -3.177739E-002 -1.974594E-001  7.954695E-001 -6.059936E-001  0.000000E+000  5.982955E-001  7.853645E-001  1.588870E-001 -9.628448E-002 -1.263897E-001  9.872968E-001
  6.750000E+000  0.000000E+000 -1.174857E-001 -1.618552E-001  7.304467E-001 -6.829697E-001  0.000000E+000  5.527110E-001  5.911331E-001  5.874285E-001 -4.011958E-001 -4.290852E-001  8.092761E-001
  6.800000E+000  0.000000E+000 -1.712630E-001 -1.032908E-001  7.270513E-001 -6.865832E-001  0.000000E+000  3.545885E-001  3.754884E-001  8.563151E-001 -5.879315E-001 -6.225849E-001  5.164538E-001
  6.850000E+000  0.000000E+000 -1.940448E-001 -4.844180E-002  7.652472E-001 -6.437365E-001  0.000000E+000  1.559188E-001  1.853497E-001  9.702241E-001 -6.245687E-001 -7.424613E-001  2.422090E-001
  6.900000E+000  0.000000E+000 -1.995997E-001 -1.264806E-002  8.182991E-001 -5.747927E-001  0.000000E+000  3.635005E-002  5.174947E-002  9.979983E-001 -5.736421E-001 -8.166611E-001  6.324029E-002
  6.950000E+000  0.000000E+000 -1.999997E-001 -3.628920E-004  8.692344E-001 -4.944001E-001  0.000000E+000  8.970691E-004  1.577191E-003  9.999984E-001 -4.943993E-001 -8.692330E-001  1.814460E-003
  7.000000E+000  0.000000E+000 -1.996432E-001 -1.194122E-002  9.127134E-001 -4.086004E-001  0.000000E+000  2.439594E-002  5.449457E-002  9.982160E-001 -4.078715E-001 -9.110851E-001  5.970611E-002
  7.050000E+000  0.000000E+000 -1.944650E-001 -4.672635E-002  9.495374E-001 -3.136537E-001  0.000000E+000  7.327946E-002  2.218421E-001  9.723252E-001 -3.049734E-001 -9.232591E-001  2.336317E-001
  7.100000E+000  0.000000E+000 -1.729944E-001 -1.003640E-001  9.798344E-001 -1.998114E-001  0.000000E+000  1.002694E-001  4.917005E-001  8.649721E-001 -1.728313E-001 -8.475294E-001  5.018200E-001
  7.150000E+000  0.000000E+000 -1.218550E-001 -1.585918E-001  9.980920E-001 -6.174385E-002  0.000000E+000  4.896035E-002  7.914461E-001  6.092749E-001 -3.761898E-002 -6.081124E-001  7.929591E-001
  7.200000E+000  0.000000E+000 -3.879282E-002 -1.962017E-001  9.961938E-001  8.716637E-002  0.000000E+000 -8.551096E-002  9.772747E-001  1.939641E-001  1.690715E-002 -1.932258E-001  9.810086E-001
  7.250000E+000  0.000000E+000  5.671359E-002 -1.917904E-001  9.766225E-001  2.149615E-001  0.000000E+000 -2.061377E-001  9.365343E-001 -2.835679E-001 -6.095618E-002  2.769388E-001  9.589521E-001
  7.300000E+000  0.000000E+000  1.346382E-001 -1.478937E-001  9.551038E-001  2.962715E-001  0.000000E+000 -2.190835E-001  7.062692E-001 -6.731911E-001 -1.994474E-001  6.429674E-001  7.394685E-001
  7.350000E+000  0.000000E+000  1.793233E-001 -8.856152E-002  9.437606E-001  3.306296E-001  0.000000E+000 -1.464053E-001  4.179044E-001 -8.966167E-001 -2.964480E-001  8.461915E-001  4.428076E-001
  7.400000E+000  0.000000E+000  1.964018E-001 -3.776700E-002  9.425919E-001  3.339470E-001  0.000000E+000 -6.306088E-002  1.779943E-001 -9.820088E-001 -3.279389E-001  9.256335E-001  1.888350E-001
  7.450000E+000  0.000000E+000  1.998624E-001 -7.418220E-003  9.462811E-001  3.233451E-001  0.000000E+000 -1.199323E-002  3.509861E-002 -9.993119E-001 -3.231226E-001  9.456300E-001  3.709110E-002
  7.500000E+000  0.000000E+000  1.999993E-001 -5.291176E-004  9.509210E-001  3.094337E-001  0.000000E+000 -8.186340E-004  2.515745E-003 -9.999965E-001 -3.094326E-001  9.509177E-001  2.645588E-003
  7.550000E+000  0.000000E+000  1.992484E-001 -1.732290E-002  9.556097E-001  2.946356E-001  0.000000E+000 -2.551971E-002  8.276963E-002 -9.962419E-001 -2.935283E-001  9.520184E-001  8.661448E-002
  7.600000E+000  0.000000E+000  1.917352E-001 -5.690003E-002  9.618173E-001  2.736922E-001  0.000000E+000 -7.786548E-002  2.736372E-001 -9.586760E-001 -2.623822E-001  9.220712E-001  2.845001E-001
  7.650000E+000  0.000000E+000  1.647673E-001 -1.133655E-001  9.719195E-001  2.353136E-001  0.000000E+000 -1.333822E-001  5.509109E-001 -8.238364E-001 -1.938599E-001  8.007026E-001  5.668277E-001
  7.700000E+000  0.000000E+000  1.059832E-001 -1.696100E-001  9.859076E-001  1.672908E-001  0.000000E+000 -1.418710E-001  8.360992E-001 -5.299158E-001 -8.865007E-002  5.224481E-001  8.480502E-001
  7.750000E+000  0.000000E+000  1.763443E-002 -1.992210E-001  9.977330E-001  6.729718E-002  0.000000E+000 -6.703507E-002  9.938471E-001 -8.817217E-002 -5.933738E-003  8.797228E-002  9.961052E-001
  7.800000E+000  0.000000E+000 -7.636014E-002 -1.848489E-001  9.988325E-001 -4.830727E-002  0.000000E+000  4.464774E-002  9.231657E-001  3.818007E-001 -1.844375E-002 -3.813549E-001  9.242447E-001
  7.850000E+000  0.000000E+000 -1.473288E-001 -1.352561E-001  9.880676E-001 -1.540211E-001  0.000000E+000  1.041615E-001  6.682110E-001  7.366440E-001 -1.134587E-001 -7.278541E-001  6.762807E-001
  7.900000E+000  0.000000E+000 -1.848900E-001 -7.626071E-002  9.717629E-001 -2.359595E-001  0.000000E+000  8.997220E-002  3.705366E-001  9.244499E-001 -2.181327E-001 -8.983461E-001  3.813036E-001
  7.950000E+000  0.000000E+000 -1.978301E-001 -2.938110E-002  9.548259E-001 -2.971657E-001  0.000000E+000  4.365529E-002  1.402692E-001  9.891505E-001 -2.939417E-001 -9.444666E-001  1.469055E-001
  8.000000E+000  0.000000E+000 -1.999596E-001 -4.022071E-003  9.375860E-001 -3.477536E-001  0.000000E+000  6.993448E-003  1.885519E-002  9.997978E-001 -3.476832E-001 -9.373964E-001  2.011036E-002
  8.050000E+000  0.000000E+000 -1.999873E-001 -2.255571E-003  9.185269E-001 -3.953584E-001  0.000000E+000  4.458794E-003  1.035901E-002  9.999364E-001 -3.953332E-001 -9.184685E-001  1.127785E-002
  8.100000E+000  0.000000E+000 -1.985286E-001 -2.421552E-002  8.978703E-001 -4.402602E-001  0.000000E+000  5.330565E-002  1.087120E-001  9.926430E-001 -4.370212E-001 -8.912647E-001  1.210776E-001
  8.150000E+000  0.000000E+000 -1.879063E-001 -6.849242E-002  8.809604E-001 -4.731900E-001  0.000000E+000  1.620496E-001  3.016955E-001  9.395316E-001 -4.445770E-001 -8.276902E-001  3.424621E-001
  8.200000E+000  0.000000E+000 -1.543989E-001 -1.271258E-001  8.798397E-001 -4.752706E-001  0.000000E+000  3.020958E-001  5.592518E-001  7.719945E-001 -3.669063E-001 -6.792314E-001  6.356292E-001
  8.250000E+000  0.000000E+000 -8.748798E-002 -1.798495E-001  9.068195E-001 -4.215191E-001  0.000000E+000  3.790501E-001  8.154553E-001  4.374399E-001 -1.843893E-001 -3.966790E-001  8.992477E-001
  8.300000E+000  0.000000E+000  5.127509E-003 -1.999343E-001  9.564287E-001 -2.919660E-001  0.000000E+000  2.918700E-001  9.561143E-001 -2.563754E-002  7.485290E-003  2.452048E-002  9.996713E-001
  8.350000E+000  0.000000E+000  9.572618E-002 -1.756032E-001  9.955433E-001 -9.430592E-002  0.000000E+000  8.280213E-002  8.741031E-001 -4.786309E-001  4.513773E-002  4.764978E-001  8.780162E-001
  8.400000E+000  0.000000E+000  1.587095E-001 -1.217017E-001  9.918780E-001  1.271929E-001  0.000000E+000 -7.739792E-002  6.035660E-001 -7.935475E-001 -1.009336E-001  7.871023E-001  6.085083E-001
  8.450000E+000  0.000000E+000  1.893404E-001 -6.442228E-002  9.445739E-001  3.282988E-001  0.000000E+000 -1.057488E-001  3.042580E-001 -9.467018E-001 -3.108011E-001  8.942298E-001  3.221114E-001
  8.500000E+000  0.000000E+000  1.987566E-001 -2.226722E-002  8.679237E-001  4.966976E-001  0.000000E+000 -5.530037E-002  9.663124E-002 -9.937828E-001 -4.936095E-001  8.625276E-001  1.113361E-001
  8.550000E+000  0.000000E+000  1.999847E-001 -2.471471E-003  7.686824E-001  6.396306E-001  0.000000E+000 -7.904141E-003  9.498880E-003 -9.999236E-001 -6.395818E-001  7.686238E-001  1.235735E-002
  8.600000E+000  0.000000E+000  1.998903E-001 -6.622497E-003  6.475835E-001  7.619945E-001  0.000000E+000 -2.523153E-002  2.144310E-002 -9.994516E-001 -7.615767E-001  6.472284E-001  3.311249E-002
  8.650000E+000  0.000000E+000  1.969234E-001 -3.494540E-002  5.110353E-001  8.595597E-001  0.000000E+000 -1.501883E-001  8.929168E-002 -9.846169E-001 -8.463370E-001  5.031740E-001  1.747270E-001
  8.700000E+000  0.000000E+000  1.810226E-001 -8.503427E-002  3.772674E-001  9.261044E-001  0.000000E+000 -3.937530E-001  1.604033E-001 -9.051129E-001 -8.382290E-001  3.414696E-001  4.251713E-001
  8.750000E+000  0.000000E+000  1.373372E-001 -1.453908E-001  2.694495E-001  9.630145E-001  0.000000E+000 -7.000672E-001  1.958774E-001 -6.866862E-001 -6.612888E-001  1.850273E-001  7.269539E-001
  8.800000E+000  0.000000E+000  5.879970E-002 -1.911612E-001  2.029584E-001  9.791874E-001  0.000000E+000 -9.359130E-001  1.939889E-001 -2.939985E-001 -2.878796E-001  5.966947E-002  9.558059E-001
  8.850000E+000  0.000000E+000 -3.891140E-002 -1.961782E-001  1.815079E-001  9.833895E-001  0.000000E+000 -9.645981E-001  1.780395E-001  1.945570E-001  1.913253E-001 -3.531362E-002  9.808912E-001
  8.900000E+000  0.000000E+000 -1.236764E-001 -1.571755E-001  2.024582E-001  9.792909E-001  0.000000E+000 -7.696029E-001  1.591074E-001  6.183819E-001  6.055758E-001 -1.251965E-001  7.858777E-001
  8.950000E+000  0.000000E+000 -1.747284E-001 -9.731394E-002  2.603543E-001  9.655132E-001  0.000000E+000 -4.697894E-001  1.266805E-001  8.736418E-001  8.435126E-001 -2.274564E-001  4.865697E-001
  9.000000E+000  0.000000E+000 -1.952232E-001 -4.345012E-002  3.453481E-001  9.384747E-001  0.000000E+000 -2.038842E-001  7.502707E-002  9.761159E-001  9.160600E-001 -3.370998E-001  2.172506E-001
  9.050000E+000  0.000000E+000 -1.997517E-001 -9.962115E-003  4.430729E-001  8.964856E-001  0.000000E+000 -4.465447E-002  2.206972E-002  9.987587E-001  8.953728E-001 -4.425229E-001  4.981058E-002
  9.100000E+000  0.000000E+000 -1.999989E-001 -6.703825E-004  5.402514E-001  8.415036E-001  0.000000E+000 -2.820647E-003  1.810876E-003  9.999944E-001  8.414989E-001 -5.402484E-001  3.351912E-003
  9.150000E+000  0.000000E+000 -1.993792E-001 -1.574606E-002  6.316562E-001  7.752486E-001  0.000000E+000 -6.103557E-002  4.973049E-002  9.968960E-001  7.728422E-001 -6.296955E-001  7.873031E-002
  9.200000E+000  0.000000E+000 -1.925248E-001 -5.416825E-002  7.221536E-001  6.917327E-001  0.000000E+000 -1.873497E-001  1.955890E-001  9.626240E-001  6.658785E-001 -6.951624E-001  2.708412E-001
  9.250000E+000  0.000000E+000 -1.669273E-001 -1.101602E-001  8.208684E-001  5.711174E-001  0.000000E+000 -3.145721E-001  4.521353E-001  8.346365E-001  4.766754E-001 -6.851267E-001  5.508012E-001
  9.300000E+000  0.000000E+000 -1.100775E-001 -1.669819E-001  9.240046E-001  3.823814E-001  0.000000E+000 -3.192538E-001  7.714600E-001  5.503876E-001  2.104580E-001 -5.085607E-001  8.349093E-001
  9.350000E+000  0.000000E+000 -2.347304E-002 -1.986178E-001  9.936931E-001  1.121341E-001  0.000000E+000 -1.113591E-001  9.868255E-001  1.173652E-001  1.316064E-002 -1.166250E-001  9.930888E-001
  9.400000E+000  0.000000E+000  7.040685E-002 -1.871974E-001  9.817840E-001 -1.900006E-001  0.000000E+000  1.778381E-001  9.189372E-001 -3.520342E-001  6.688672E-002  3.456216E-001  9.359871E-001
  9.450000E+000  0.000000E+000  1.432809E-001 -1.395370E-001  8.969226E-001 -4.421875E-001  0.000000E+000  3.085076E-001  6.257696E-001 -7.164045E-001  3.167851E-001  6.425594E-001  6.976852E-001
  9.500000E+000  0.000000E+000  1.831353E-001 -8.038314E-002  7.876862E-001 -6.160767E-001  0.000000E+000  2.476109E-001  3.165834E-001 -9.156767E-001  5.641271E-001  7.212658E-001  4.019157E-001
  9.550000E+000  0.000000E+000  1.974047E-001 -3.211493E-002  6.793333E-001 -7.338299E-001  0.000000E+000  1.178345E-001  1.090837E-001 -9.870237E-001  7.243075E-001  6.705180E-001  1.605747E-001
  9.600000E+000  0.000000E+000  1.999299E-001 -5.293506E-003  5.700099E-001 -8.216378E-001  0.000000E+000  2.174672E-002  1.508676E-002 -9.996497E-001  8.213500E-001  5.698102E-001  2.646753E-002
  9.650000E+000  0.000000E+000  1.999834E-001 -2.579636E-003  4.529128E-001 -8.915548E-001  0.000000E+000  1.149943E-002  5.841750E-003 -9.999168E-001  8.914806E-001  4.528752E-001  1.289818E-002
  9.700000E+000  0.000000E+000  1.985125E-001 -2.434692E-002  3.290506E-001 -9.443123E-001  0.000000E+000  1.149555E-001  4.005684E-002 -9.925627E-001  9.372892E-001  3.266033E-001  1.217346E-001
  9.750000E+000  0.000000E+000  1.876298E-001 -6.924636E-002  2.080960E-001 -9.781084E-001  0.000000E+000  3.386522E-001  7.204943E-002 -9.381490E-001  9.176114E-001  1.952250E-001  3.462318E-001
  9.800000E+000  0.000000E+000  1.529233E-001 -1.288971E-001  1.002288E-001 -9.949644E-001  0.000000E+000  6.412399E-001  6.459600E-002 -7.646167E-001  7.607664E-001  7.663662E-002  6.444853E-001
  9.850000E+000  0.000000E+000  8.346976E-002 -1.817493E-001  5.891896E-003 -9.999826E-001  0.000000E+000  9.087306E-001  5.354239E-003 -4.173488E-001  4.173416E-001  2.458976E-003  9.087464E-001
  9.900000E+000  0.000000E+000 -1.192573E-002 -1.996441E-001 -8.790229E-002 -9.961291E-001  0.000000E+000  9.943566E-001 -8.774588E-002  5.962867E-002 -5.939786E-002  5.241497E-003  9.982206E-001
  9.950000E+000  0.000000E+000 -1.032142E-001 -1.713092E-001 -2.018917E-001 -9.794079E-001  0.000000E+000  8.389078E-001 -1.729295E-001  5.160709E-001 -5.054439E-001  1.041904E-001  8.565459E-001
