% FILE: babyboot.1
%
%       t         P_No_Ao[1]     P_No_Ao[2]     P_No_Ao[3]      N_A[1,1]       N_A[1,2]       N_A[1,3]       N_A[2,1]       N_A[2,2]       N_A[2,3]       N_A[3,1]       N_A[3,2]       N_A[3,3]
%   (second)        (meter)        (meter)        (meter)       (NoUnits)      (NoUnits)      (NoUnits)      (NoUnits)      (NoUnits)      (NoUnits)      (NoUnits)      (NoUnits)      (NoUnits)

  0.000000E+000  0.000000E+000  7.500000E-002  0.000000E+000  1.000000E+000  0.000000E+000  0.000000E+000  0.000000E+000  0.000000E+000 -1.000000E+000  0.000000E+000  1.000000E+000  0.000000E+000
  5.000000E-002  0.000000E+000  7.486944E-002 -4.423391E-003  1.000000E+000  0.000000E+000  0.000000E+000  0.000000E+000  5.897855E-002 -9.982593E-001  0.000000E+000  9.982593E-001  5.897855E-002
  1.000000E-001  0.000000E+000  7.292737E-002 -1.750995E-002  1.000000E+000  0.000000E+000  0.000000E+000  0.000000E+000  2.334660E-001 -9.723650E-001  0.000000E+000  9.723650E-001  2.334660E-001
  1.500000E-001  0.000000E+000  6.485230E-002 -3.767200E-002  1.000000E+000  0.000000E+000  0.000000E+000  0.000000E+000  5.022934E-001 -8.646973E-001  0.000000E+000  8.646973E-001  5.022934E-001
  2.000000E-001  0.000000E+000  4.558971E-002 -5.955316E-002  1.000000E+000  0.000000E+000  0.000000E+000  0.000000E+000  7.940421E-001 -6.078628E-001  0.000000E+000  6.078628E-001  7.940421E-001
  2.500000E-001  0.000000E+000  1.431701E-002 -7.362081E-002  1.000000E+000  0.000000E+000  0.000000E+000  0.000000E+000  9.816108E-001 -1.908935E-001  0.000000E+000  1.908935E-001  9.816108E-001
  3.000000E-001  0.000000E+000 -2.152712E-002 -7.184416E-002  1.000000E+000  0.000000E+000  0.000000E+000  0.000000E+000  9.579221E-001  2.870282E-001  0.000000E+000 -2.870282E-001  9.579221E-001
  3.500000E-001  0.000000E+000 -5.064713E-002 -5.531608E-002  1.000000E+000  0.000000E+000  0.000000E+000  0.000000E+000  7.375477E-001  6.752950E-001  0.000000E+000 -6.752950E-001  7.375477E-001
  4.000000E-001  0.000000E+000 -6.729670E-002 -3.310821E-002  1.000000E+000  0.000000E+000  0.000000E+000  0.000000E+000  4.414428E-001  8.972894E-001  0.000000E+000 -8.972894E-001  4.414428E-001
  4.500000E-001  0.000000E+000 -7.365701E-002 -1.412958E-002  1.000000E+000  0.000000E+000  0.000000E+000  0.000000E+000  1.883944E-001  9.820935E-001  0.000000E+000 -9.820935E-001  1.883944E-001
  5.000000E-001  0.000000E+000 -7.494833E-002 -2.783365E-003  1.000000E+000  0.000000E+000  0.000000E+000  0.000000E+000  3.711153E-002  9.993111E-001  0.000000E+000 -9.993111E-001  3.711153E-002
  5.500000E-001  0.000000E+000 -7.499976E-002 -1.896171E-004  1.000000E+000  0.000000E+000  0.000000E+000  0.000000E+000  2.528229E-003  9.999968E-001  0.000000E+000 -9.999968E-001  2.528229E-003
  6.000000E-001  0.000000E+000 -7.472312E-002 -6.438544E-003  1.000000E+000  0.000000E+000  0.000000E+000  0.000000E+000  8.584725E-002  9.963083E-001  0.000000E+000 -9.963083E-001  8.584725E-002
  6.500000E-001  0.000000E+000 -7.193927E-002 -2.120710E-002  1.000000E+000  0.000000E+000  0.000000E+000  0.000000E+000  2.827613E-001  9.591903E-001  0.000000E+000 -9.591903E-001  2.827613E-001
  7.000000E-001  0.000000E+000 -6.191429E-002 -4.232754E-002  1.000000E+000  0.000000E+000  0.000000E+000  0.000000E+000  5.643672E-001  8.255239E-001  0.000000E+000 -8.255239E-001  5.643672E-001
  7.500000E-001  0.000000E+000 -3.998430E-002 -6.345278E-002  1.000000E+000  0.000000E+000  0.000000E+000  0.000000E+000  8.460371E-001  5.331240E-001  0.000000E+000 -5.331240E-001  8.460371E-001
  8.000000E-001  0.000000E+000 -6.893794E-003 -7.468250E-002  1.000000E+000  0.000000E+000  0.000000E+000  0.000000E+000  9.957666E-001  9.191725E-002  0.000000E+000 -9.191725E-002  9.957666E-001
  8.500000E-001  0.000000E+000  2.842629E-002 -6.940422E-002  1.000000E+000  0.000000E+000  0.000000E+000  0.000000E+000  9.253897E-001 -3.790171E-001  0.000000E+000  3.790171E-001  9.253897E-001
  9.000000E-001  0.000000E+000  5.513987E-002 -5.083891E-002  1.000000E+000  0.000000E+000  0.000000E+000  0.000000E+000  6.778522E-001 -7.351982E-001  0.000000E+000  7.351982E-001  6.778522E-001
  9.500000E-001  0.000000E+000  6.929115E-002 -2.870082E-002  1.000000E+000  0.000000E+000  0.000000E+000  0.000000E+000  3.826776E-001 -9.238820E-001  0.000000E+000  9.238820E-001  3.826776E-001
  1.000000E+000  0.000000E+000  7.417594E-002 -1.108736E-002  1.000000E+000  0.000000E+000  0.000000E+000  0.000000E+000  1.478315E-001 -9.890126E-001  0.000000E+000  9.890126E-001  1.478315E-001
  1.050000E+000  0.000000E+000  7.498458E-002 -1.520894E-003  1.000000E+000  0.000000E+000  0.000000E+000  0.000000E+000  2.027858E-002 -9.997944E-001  0.000000E+000  9.997944E-001  2.027858E-002
  1.100000E+000  0.000000E+000  7.499616E-002 -7.587480E-004  1.000000E+000  0.000000E+000  0.000000E+000  0.000000E+000  1.011664E-002 -9.999488E-001  0.000000E+000  9.999488E-001  1.011664E-002
  1.150000E+000  0.000000E+000  7.447896E-002 -8.825181E-003  1.000000E+000  0.000000E+000  0.000000E+000  0.000000E+000  1.176691E-001 -9.930529E-001  0.000000E+000  9.930529E-001  1.176691E-001
  1.200000E+000  0.000000E+000  7.064193E-002 -2.519360E-002  1.000000E+000  0.000000E+000  0.000000E+000  0.000000E+000  3.359147E-001 -9.418924E-001  0.000000E+000  9.418924E-001  3.359147E-001
  1.250000E+000  0.000000E+000  5.844512E-002 -4.700179E-002  1.000000E+000  0.000000E+000  0.000000E+000  0.000000E+000  6.266905E-001 -7.792683E-001  0.000000E+000  7.792683E-001  6.266905E-001
  1.300000E+000  0.000000E+000  3.386328E-002 -6.691994E-002  1.000000E+000  0.000000E+000  0.000000E+000  0.000000E+000  8.922659E-001 -4.515103E-001  0.000000E+000  4.515103E-001  8.922659E-001
  1.350000E+000  0.000000E+000 -6.381639E-004 -7.499728E-002  1.000000E+000  0.000000E+000  0.000000E+000  0.000000E+000  9.999638E-001  8.508853E-003  0.000000E+000 -8.508853E-003  9.999638E-001
  1.400000E+000  0.000000E+000 -3.493154E-002 -6.636857E-002  1.000000E+000  0.000000E+000  0.000000E+000  0.000000E+000  8.849143E-001  4.657539E-001  0.000000E+000 -4.657539E-001  8.849143E-001
  1.450000E+000  0.000000E+000 -5.906867E-002 -4.621572E-002  1.000000E+000  0.000000E+000  0.000000E+000  0.000000E+000  6.162095E-001  7.875822E-001  0.000000E+000 -7.875822E-001  6.162095E-001
  1.500000E+000  0.000000E+000 -7.088410E-002 -2.450398E-002  1.000000E+000  0.000000E+000  0.000000E+000  0.000000E+000  3.267197E-001  9.451213E-001  0.000000E+000 -9.451213E-001  3.267197E-001
  1.550000E+000  0.000000E+000 -7.452824E-002 -8.398905E-003  1.000000E+000  0.000000E+000  0.000000E+000  0.000000E+000  1.119854E-001  9.937099E-001  0.000000E+000 -9.937099E-001  1.119854E-001
  1.600000E+000  0.000000E+000 -7.499728E-002 -6.381817E-004  1.000000E+000  0.000000E+000  0.000000E+000  0.000000E+000  8.509089E-003  9.999638E-001  0.000000E+000 -9.999638E-001  8.509089E-003
  1.650000E+000  0.000000E+000 -7.498050E-002 -1.710080E-003  1.000000E+000  0.000000E+000  0.000000E+000  0.000000E+000  2.280107E-002  9.997400E-001  0.000000E+000 -9.997400E-001  2.280107E-002
  1.700000E+000  0.000000E+000 -7.410036E-002 -1.158176E-002  1.000000E+000  0.000000E+000  0.000000E+000  0.000000E+000  1.544234E-001  9.880048E-001  0.000000E+000 -9.880048E-001  1.544234E-001
  1.750000E+000  0.000000E+000 -6.897940E-002 -2.944219E-002  1.000000E+000  0.000000E+000  0.000000E+000  0.000000E+000  3.925625E-001  9.197253E-001  0.000000E+000 -9.197253E-001  3.925625E-001
  1.800000E+000  0.000000E+000 -5.440647E-002 -5.162302E-002  1.000000E+000  0.000000E+000  0.000000E+000  0.000000E+000  6.883069E-001  7.254196E-001  0.000000E+000 -7.254196E-001  6.883069E-001
  1.850000E+000  0.000000E+000 -2.725900E-002 -6.987093E-002  1.000000E+000  0.000000E+000  0.000000E+000  0.000000E+000  9.316124E-001  3.634534E-001  0.000000E+000 -3.634534E-001  9.316124E-001
  1.900000E+000  0.000000E+000  8.188820E-003 -7.455161E-002  1.000000E+000  0.000000E+000  0.000000E+000  0.000000E+000  9.940215E-001 -1.091843E-001  0.000000E+000  1.091843E-001  9.940215E-001
  1.950000E+000  0.000000E+000  4.098773E-002 -6.280928E-002  1.000000E+000  0.000000E+000  0.000000E+000  0.000000E+000  8.374571E-001 -5.465030E-001  0.000000E+000  5.465030E-001  8.374571E-001
  2.000000E+000  0.000000E+000  6.245354E-002 -4.152777E-002  1.000000E+000  0.000000E+000  0.000000E+000  0.000000E+000  5.537036E-001 -8.327138E-001  0.000000E+000  8.327138E-001  5.537036E-001
  2.050000E+000  0.000000E+000  7.212724E-002 -2.055874E-002  1.000000E+000  0.000000E+000  0.000000E+000  0.000000E+000  2.741165E-001 -9.616965E-001  0.000000E+000  9.616965E-001  2.741165E-001
  2.100000E+000  0.000000E+000  7.475347E-002 -6.076078E-003  1.000000E+000  0.000000E+000  0.000000E+000  0.000000E+000  8.101437E-002 -9.967129E-001  0.000000E+000  9.967129E-001  8.101437E-002
  2.150000E+000  0.000000E+000  7.499986E-002 -1.435013E-004  1.000000E+000  0.000000E+000  0.000000E+000  0.000000E+000  1.913350E-003 -9.999982E-001  0.000000E+000  9.999982E-001  1.913350E-003
  2.200000E+000  0.000000E+000  7.493746E-002 -3.062263E-003  1.000000E+000  0.000000E+000  0.000000E+000  0.000000E+000  4.083018E-002 -9.991661E-001  0.000000E+000  9.991661E-001  4.083018E-002
  2.250000E+000  0.000000E+000  7.353819E-002 -1.473548E-002  1.000000E+000  0.000000E+000  0.000000E+000  0.000000E+000  1.964731E-001 -9.805092E-001  0.000000E+000  9.805092E-001  1.964731E-001
  2.300000E+000  0.000000E+000  6.686630E-002 -3.396907E-002  1.000000E+000  0.000000E+000  0.000000E+000  0.000000E+000  4.529209E-001 -8.915507E-001  0.000000E+000  8.915507E-001  4.529209E-001
  2.350000E+000  0.000000E+000  4.969931E-002 -5.616919E-002  1.000000E+000  0.000000E+000  0.000000E+000  0.000000E+000  7.489226E-001 -6.626575E-001  0.000000E+000  6.626575E-001  7.489226E-001
  2.400000E+000  0.000000E+000  2.010911E-002 -7.225388E-002  1.000000E+000  0.000000E+000  0.000000E+000  0.000000E+000  9.633851E-001 -2.681214E-001  0.000000E+000  2.681214E-001  9.633851E-001
  2.450000E+000  0.000000E+000 -1.577276E-002 -7.332271E-002  1.000000E+000  0.000000E+000  0.000000E+000  0.000000E+000  9.776361E-001  2.103035E-001  0.000000E+000 -2.103035E-001  9.776361E-001
  2.500000E+000  0.000000E+000 -4.661548E-002 -5.875370E-002  1.000000E+000  0.000000E+000  0.000000E+000  0.000000E+000  7.833826E-001  6.215398E-001  0.000000E+000 -6.215398E-001  7.833826E-001
  2.550000E+000  0.000000E+000 -6.534566E-002 -3.680958E-002  1.000000E+000  0.000000E+000  0.000000E+000  0.000000E+000  4.907944E-001  8.712754E-001  0.000000E+000 -8.712754E-001  4.907944E-001
  2.600000E+000  0.000000E+000 -7.307480E-002 -1.688412E-002  1.000000E+000  0.000000E+000  0.000000E+000  0.000000E+000  2.251216E-001  9.743307E-001  0.000000E+000 -9.743307E-001  2.251216E-001
  2.650000E+000  0.000000E+000 -7.488556E-002 -4.141523E-003  1.000000E+000  0.000000E+000  0.000000E+000  0.000000E+000  5.522031E-002  9.984742E-001  0.000000E+000 -9.984742E-001  5.522031E-002
  2.700000E+000  0.000000E+000 -7.499994E-002 -9.576732E-005  1.000000E+000  0.000000E+000  0.000000E+000  0.000000E+000  1.276898E-003  9.999992E-001  0.000000E+000 -9.999992E-001  1.276898E-003
  2.750000E+000  0.000000E+000 -7.483675E-002 -4.945775E-003  1.000000E+000  0.000000E+000  0.000000E+000  0.000000E+000  6.594367E-002  9.978233E-001  0.000000E+000 -9.978233E-001  6.594367E-002
  2.800000E+000  0.000000E+000 -7.267772E-002 -1.851887E-002  1.000000E+000  0.000000E+000  0.000000E+000  0.000000E+000  2.469182E-001  9.690363E-001  0.000000E+000 -9.690363E-001  2.469182E-001
  2.850000E+000  0.000000E+000 -6.400743E-002 -3.909026E-002  1.000000E+000  0.000000E+000  0.000000E+000  0.000000E+000  5.212035E-001  8.534324E-001  0.000000E+000 -8.534324E-001  5.212035E-001
  2.900000E+000  0.000000E+000 -4.376966E-002 -6.090334E-002  1.000000E+000  0.000000E+000  0.000000E+000  0.000000E+000  8.120445E-001  5.835955E-001  0.000000E+000 -5.835955E-001  8.120445E-001
  2.950000E+000  0.000000E+000 -1.169760E-002 -7.408216E-002  1.000000E+000  0.000000E+000  0.000000E+000  0.000000E+000  9.877621E-001  1.559679E-001  0.000000E+000 -1.559679E-001  9.877621E-001
  3.000000E+000  0.000000E+000  2.400421E-002 -7.105489E-002  1.000000E+000  0.000000E+000  0.000000E+000  0.000000E+000  9.473986E-001 -3.200562E-001  0.000000E+000  3.200562E-001  9.473986E-001
  3.050000E+000  0.000000E+000  5.217077E-002 -5.388145E-002  1.000000E+000  0.000000E+000  0.000000E+000  0.000000E+000  7.184193E-001 -6.956103E-001  0.000000E+000  6.956103E-001  7.184193E-001
  3.100000E+000  0.000000E+000  6.789583E-002 -3.186152E-002  1.000000E+000  0.000000E+000  0.000000E+000  0.000000E+000  4.248202E-001 -9.052777E-001  0.000000E+000  9.052777E-001  4.248202E-001
  3.150000E+000  0.000000E+000  7.378077E-002 -1.346841E-002  1.000000E+000  0.000000E+000  0.000000E+000  0.000000E+000  1.795788E-001 -9.837436E-001  0.000000E+000  9.837436E-001  1.795788E-001
  3.200000E+000  0.000000E+000  7.494754E-002 -2.804803E-003  1.000000E+000  0.000000E+000  0.000000E+000  0.000000E+000  3.739737E-002 -9.993005E-001  0.000000E+000  9.993005E-001  3.739737E-002
  3.250000E+000  0.000000E+000  7.499333E-002 -1.000449E-003  1.000000E+000  0.000000E+000  0.000000E+000  0.000000E+000  1.333931E-002 -9.999110E-001  0.000000E+000  9.999110E-001  1.333931E-002
  3.300000E+000  0.000000E+000  7.454089E-002 -8.285850E-003  1.000000E+000  0.000000E+000  0.000000E+000  0.000000E+000  1.104780E-001 -9.938786E-001  0.000000E+000  9.938786E-001  1.104780E-001
  3.350000E+000  0.000000E+000  7.094395E-002 -2.433015E-002  1.000000E+000  0.000000E+000  0.000000E+000  0.000000E+000  3.244020E-001 -9.459193E-001  0.000000E+000  9.459193E-001  3.244020E-001
  3.400000E+000  0.000000E+000  5.893697E-002 -4.638355E-002  1.000000E+000  0.000000E+000  0.000000E+000  0.000000E+000  6.184473E-001 -7.858263E-001  0.000000E+000  7.858263E-001  6.184473E-001
  3.450000E+000  0.000000E+000  3.405966E-002 -6.682020E-002  1.000000E+000  0.000000E+000  0.000000E+000  0.000000E+000  8.909360E-001 -4.541288E-001  0.000000E+000  4.541288E-001  8.909360E-001
  3.500000E+000  0.000000E+000 -1.213608E-003 -7.499018E-002  1.000000E+000  0.000000E+000  0.000000E+000  0.000000E+000  9.998691E-001  1.618145E-002  0.000000E+000 -1.618145E-002  9.998691E-001
  3.550000E+000  0.000000E+000 -3.603697E-002 -6.577489E-002  1.000000E+000  0.000000E+000  0.000000E+000  0.000000E+000  8.769986E-001  4.804929E-001  0.000000E+000 -4.804929E-001  8.769986E-001
  3.600000E+000  0.000000E+000 -5.997422E-002 -4.503435E-002  1.000000E+000  0.000000E+000  0.000000E+000  0.000000E+000  6.004580E-001  7.996563E-001  0.000000E+000 -7.996563E-001  6.004580E-001
  3.650000E+000  0.000000E+000 -7.124058E-002 -2.344738E-002  1.000000E+000  0.000000E+000  0.000000E+000  0.000000E+000  3.126318E-001  9.498744E-001  0.000000E+000 -9.498744E-001  3.126318E-001
  3.700000E+000  0.000000E+000 -7.455226E-002 -8.182920E-003  1.000000E+000  0.000000E+000  0.000000E+000  0.000000E+000  1.091056E-001  9.940302E-001  0.000000E+000 -9.940302E-001  1.091056E-001
  3.750000E+000  0.000000E+000 -7.498303E-002 -1.595441E-003  1.000000E+000  0.000000E+000  0.000000E+000  0.000000E+000  2.127255E-002  9.997737E-001  0.000000E+000 -9.997737E-001  2.127255E-002
  3.800000E+000  0.000000E+000 -7.489845E-002 -3.901547E-003  1.000000E+000  0.000000E+000  0.000000E+000  0.000000E+000  5.202062E-002  9.986460E-001  0.000000E+000 -9.986460E-001  5.202062E-002
  3.850000E+000  0.000000E+000 -7.349269E-002 -1.496076E-002  1.000000E+000  0.000000E+000  0.000000E+000  0.000000E+000  1.994768E-001  9.799026E-001  0.000000E+000 -9.799026E-001  1.994768E-001
  3.900000E+000  0.000000E+000 -6.697146E-002 -3.376127E-002  1.000000E+000  0.000000E+000  0.000000E+000  0.000000E+000  4.501502E-001  8.929528E-001  0.000000E+000 -8.929528E-001  4.501502E-001
  3.950000E+000  0.000000E+000 -4.993523E-002 -5.595957E-002  1.000000E+000  0.000000E+000  0.000000E+000  0.000000E+000  7.461275E-001  6.658030E-001  0.000000E+000 -6.658030E-001  7.461275E-001
  4.000000E+000  0.000000E+000 -2.005597E-002 -7.226865E-002  1.000000E+000  0.000000E+000  0.000000E+000  0.000000E+000  9.635820E-001  2.674129E-001  0.000000E+000 -2.674129E-001  9.635820E-001
  4.050000E+000  0.000000E+000  1.642824E-002 -7.317864E-002  1.000000E+000  0.000000E+000  0.000000E+000  0.000000E+000  9.757152E-001 -2.190431E-001  0.000000E+000  2.190431E-001  9.757152E-001
  4.100000E+000  0.000000E+000  4.752093E-002 -5.802380E-002  1.000000E+000  0.000000E+000  0.000000E+000  0.000000E+000  7.736506E-001 -6.336124E-001  0.000000E+000  6.336124E-001  7.736506E-001
  4.150000E+000  0.000000E+000  6.594099E-002 -3.573214E-002  1.000000E+000  0.000000E+000  0.000000E+000  0.000000E+000  4.764286E-001 -8.792132E-001  0.000000E+000  8.792132E-001  4.764286E-001
  4.200000E+000  0.000000E+000  7.325357E-002 -1.609081E-002  1.000000E+000  0.000000E+000  0.000000E+000  0.000000E+000  2.145442E-001 -9.767143E-001  0.000000E+000  9.767143E-001  2.145442E-001
  4.250000E+000  0.000000E+000  7.488920E-002 -4.075322E-003  1.000000E+000  0.000000E+000  0.000000E+000  0.000000E+000  5.433762E-002 -9.985226E-001  0.000000E+000  9.985226E-001  5.433762E-002
  4.300000E+000  0.000000E+000  7.499472E-002 -8.896265E-004  1.000000E+000  0.000000E+000  0.000000E+000  0.000000E+000  1.186169E-002 -9.999296E-001  0.000000E+000  9.999296E-001  1.186169E-002
  4.350000E+000  0.000000E+000  7.471252E-002 -6.560394E-003  1.000000E+000  0.000000E+000  0.000000E+000  0.000000E+000  8.747191E-002 -9.961670E-001  0.000000E+000  9.961670E-001  8.747191E-002
  4.400000E+000  0.000000E+000  7.205888E-002 -2.079707E-002  1.000000E+000  0.000000E+000  0.000000E+000  0.000000E+000  2.772943E-001 -9.607850E-001  0.000000E+000  9.607850E-001  2.772943E-001
  4.450000E+000  0.000000E+000  6.236821E-002 -4.165581E-002  1.000000E+000  0.000000E+000  0.000000E+000  0.000000E+000  5.554108E-001 -8.315761E-001  0.000000E+000  8.315761E-001  5.554108E-001
  4.500000E+000  0.000000E+000  4.071461E-002 -6.298667E-002  1.000000E+000  0.000000E+000  0.000000E+000  0.000000E+000  8.398222E-001 -5.428615E-001  0.000000E+000  5.428615E-001  8.398222E-001
  4.550000E+000  0.000000E+000  7.489900E-003 -7.462507E-002  1.000000E+000  0.000000E+000  0.000000E+000  0.000000E+000  9.950010E-001 -9.986533E-002  0.000000E+000  9.986533E-002  9.950010E-001
  4.600000E+000  0.000000E+000 -2.819861E-002 -6.949704E-002  1.000000E+000  0.000000E+000  0.000000E+000  0.000000E+000  9.266272E-001  3.759814E-001  0.000000E+000 -3.759814E-001  9.266272E-001
  4.650000E+000  0.000000E+000 -5.507633E-002 -5.090774E-002  1.000000E+000  0.000000E+000  0.000000E+000  0.000000E+000  6.787698E-001  7.343511E-001  0.000000E+000 -7.343511E-001  6.787698E-001
  4.700000E+000  0.000000E+000 -6.920374E-002 -2.891095E-002  1.000000E+000  0.000000E+000  0.000000E+000  0.000000E+000  3.854793E-001  9.227165E-001  0.000000E+000 -9.227165E-001  3.854793E-001
  4.750000E+000  0.000000E+000 -7.409819E-002 -1.159561E-002  1.000000E+000  0.000000E+000  0.000000E+000  0.000000E+000  1.546081E-001  9.879759E-001  0.000000E+000 -9.879759E-001  1.546081E-001
  4.800000E+000  0.000000E+000 -7.496376E-002 -2.331400E-003  1.000000E+000  0.000000E+000  0.000000E+000  0.000000E+000  3.108534E-002  9.995167E-001  0.000000E+000 -9.995167E-001  3.108534E-002
  4.850000E+000  0.000000E+000 -7.497664E-002 -1.871648E-003  1.000000E+000  0.000000E+000  0.000000E+000  0.000000E+000  2.495530E-002  9.996886E-001  0.000000E+000 -9.996886E-001  2.495530E-002
  4.900000E+000  0.000000E+000 -7.428027E-002 -1.036542E-002  1.000000E+000  0.000000E+000  0.000000E+000  0.000000E+000  1.382057E-001  9.904036E-001  0.000000E+000 -9.904036E-001  1.382057E-001
  4.950000E+000  0.000000E+000 -6.983319E-002 -2.735555E-002  1.000000E+000  0.000000E+000  0.000000E+000  0.000000E+000  3.647407E-001  9.311091E-001  0.000000E+000 -9.311091E-001  3.647407E-001
  5.000000E+000  0.000000E+000 -5.623089E-002 -4.962950E-002  1.000000E+000  0.000000E+000  0.000000E+000  0.000000E+000  6.617267E-001  7.497452E-001  0.000000E+000 -7.497452E-001  6.617267E-001
  5.050000E+000  0.000000E+000 -2.957504E-002 -6.892254E-002  1.000000E+000  0.000000E+000  0.000000E+000  0.000000E+000  9.189672E-001  3.943339E-001  0.000000E+000 -3.943339E-001  9.189672E-001
  5.100000E+000  0.000000E+000  6.409717E-003 -7.472560E-002  1.000000E+000  0.000000E+000  0.000000E+000  0.000000E+000  9.963414E-001 -8.546290E-002  0.000000E+000  8.546290E-002  9.963414E-001
  5.150000E+000  0.000000E+000  4.026632E-002 -6.327419E-002  1.000000E+000  0.000000E+000  0.000000E+000  0.000000E+000  8.436559E-001 -5.368843E-001  0.000000E+000  5.368843E-001  8.436559E-001
  5.200000E+000  0.000000E+000  6.242640E-002 -4.156855E-002  1.000000E+000  0.000000E+000  0.000000E+000  0.000000E+000  5.542473E-001 -8.323521E-001  0.000000E+000  8.323521E-001  5.542473E-001
  5.250000E+000  0.000000E+000  7.224056E-002 -2.015693E-002  1.000000E+000  0.000000E+000  0.000000E+000  0.000000E+000  2.687590E-001 -9.632074E-001  0.000000E+000  9.632074E-001  2.687590E-001
  5.300000E+000  0.000000E+000  7.478916E-002 -5.619684E-003  1.000000E+000  0.000000E+000  0.000000E+000  0.000000E+000  7.492912E-002 -9.971889E-001  0.000000E+000  9.971889E-001  7.492912E-002
  5.350000E+000  0.000000E+000  7.499996E-002 -7.761401E-005  1.000000E+000  0.000000E+000  0.000000E+000  0.000000E+000  1.034853E-003 -9.999995E-001  0.000000E+000  9.999995E-001  1.034853E-003
  5.400000E+000  0.000000E+000  7.490343E-002 -3.804756E-003  1.000000E+000  0.000000E+000  0.000000E+000  0.000000E+000  5.073008E-002 -9.987124E-001  0.000000E+000  9.987124E-001  5.073008E-002
  5.450000E+000  0.000000E+000  7.313238E-002 -1.663295E-002  1.000000E+000  0.000000E+000  0.000000E+000  0.000000E+000  2.217726E-001 -9.750984E-001  0.000000E+000  9.750984E-001  2.217726E-001
  5.500000E+000  0.000000E+000  6.524080E-002 -3.699510E-002  1.000000E+000  0.000000E+000  0.000000E+000  0.000000E+000  4.932680E-001 -8.698774E-001  0.000000E+000  8.698774E-001  4.932680E-001
  5.550000E+000  0.000000E+000  4.585212E-002 -5.935135E-002  1.000000E+000  0.000000E+000  0.000000E+000  0.000000E+000  7.913514E-001 -6.113616E-001  0.000000E+000  6.113616E-001  7.913514E-001
  5.600000E+000  0.000000E+000  1.409380E-002 -7.366386E-002  1.000000E+000  0.000000E+000  0.000000E+000  0.000000E+000  9.821849E-001 -1.879173E-001  0.000000E+000  1.879173E-001  9.821849E-001
  5.650000E+000  0.000000E+000 -2.200654E-002 -7.169876E-002  1.000000E+000  0.000000E+000  0.000000E+000  0.000000E+000  9.559835E-001  2.934205E-001  0.000000E+000 -2.934205E-001  9.559835E-001
  5.700000E+000  0.000000E+000 -5.076825E-002 -5.520493E-002  1.000000E+000  0.000000E+000  0.000000E+000  0.000000E+000  7.360658E-001  6.769100E-001  0.000000E+000 -6.769100E-001  7.360658E-001
  5.750000E+000  0.000000E+000 -6.701971E-002 -3.366539E-002  1.000000E+000  0.000000E+000  0.000000E+000  0.000000E+000  4.488719E-001  8.935961E-001  0.000000E+000 -8.935961E-001  4.488719E-001
  5.800000E+000  0.000000E+000 -7.338235E-002 -1.549291E-002  1.000000E+000  0.000000E+000  0.000000E+000  0.000000E+000  2.065722E-001  9.784314E-001  0.000000E+000 -9.784314E-001  2.065722E-001
  5.850000E+000  0.000000E+000 -7.484711E-002 -4.786375E-003  1.000000E+000  0.000000E+000  0.000000E+000  0.000000E+000  6.381833E-002  9.979615E-001  0.000000E+000 -9.979615E-001  6.381833E-002
  5.900000E+000  0.000000E+000 -7.494307E-002 -2.921721E-003  1.000000E+000  0.000000E+000  0.000000E+000  0.000000E+000  3.895629E-002  9.992409E-001  0.000000E+000 -9.992409E-001  3.895629E-002
  5.950000E+000  0.000000E+000 -7.429548E-002 -1.025579E-002  1.000000E+000  0.000000E+000  0.000000E+000  0.000000E+000  1.367438E-001  9.906064E-001  0.000000E+000 -9.906064E-001  1.367438E-001
  6.000000E+000  0.000000E+000 -7.029246E-002 -2.615283E-002  1.000000E+000  0.000000E+000  0.000000E+000  0.000000E+000  3.487044E-001  9.372328E-001  0.000000E+000 -9.372328E-001  3.487044E-001
  6.050000E+000  0.000000E+000 -5.814960E-002 -4.736691E-002  1.000000E+000  0.000000E+000  0.000000E+000  0.000000E+000  6.315588E-001  7.753280E-001  0.000000E+000 -7.753280E-001  6.315588E-001
  6.100000E+000  0.000000E+000 -3.432855E-002 -6.668246E-002  1.000000E+000  0.000000E+000  0.000000E+000  0.000000E+000  8.890995E-001  4.577140E-001  0.000000E+000 -4.577140E-001  8.890995E-001
  6.150000E+000  0.000000E+000 -8.729837E-004 -7.499492E-002  1.000000E+000  0.000000E+000  0.000000E+000  0.000000E+000  9.999323E-001  1.163978E-002  0.000000E+000 -1.163978E-002  9.999323E-001
  6.200000E+000  0.000000E+000  3.335453E-002 -6.717496E-002  1.000000E+000  0.000000E+000  0.000000E+000  0.000000E+000  8.956661E-001 -4.447271E-001  0.000000E+000  4.447271E-001  8.956661E-001
  6.250000E+000  0.000000E+000  5.820505E-002 -4.729875E-002  1.000000E+000  0.000000E+000  0.000000E+000  0.000000E+000  6.306500E-001 -7.760673E-001  0.000000E+000  7.760673E-001  6.306500E-001
  6.300000E+000  0.000000E+000  7.058322E-002 -2.535762E-002  1.000000E+000  0.000000E+000  0.000000E+000  0.000000E+000  3.381016E-001 -9.411096E-001  0.000000E+000  9.411096E-001  3.381016E-001
  6.350000E+000  0.000000E+000  7.444178E-002 -9.133557E-003  1.000000E+000  0.000000E+000  0.000000E+000  0.000000E+000  1.217808E-001 -9.925570E-001  0.000000E+000  9.925570E-001  1.217808E-001
  6.400000E+000  0.000000E+000  7.498164E-002 -1.659550E-003  1.000000E+000  0.000000E+000  0.000000E+000  0.000000E+000  2.212733E-002 -9.997552E-001  0.000000E+000  9.997552E-001  2.212733E-002
  6.450000E+000  0.000000E+000  7.492491E-002 -3.355297E-003  1.000000E+000  0.000000E+000  0.000000E+000  0.000000E+000  4.473729E-002 -9.989988E-001  0.000000E+000  9.989988E-001  4.473729E-002
  6.500000E+000  0.000000E+000  7.369549E-002 -1.392747E-002  1.000000E+000  0.000000E+000  0.000000E+000  0.000000E+000  1.856996E-001 -9.826066E-001  0.000000E+000  9.826066E-001  1.856996E-001
  6.550000E+000  0.000000E+000  6.775153E-002 -3.216722E-002  1.000000E+000  0.000000E+000  0.000000E+000  0.000000E+000  4.288962E-001 -9.033538E-001  0.000000E+000  9.033538E-001  4.288962E-001
  6.600000E+000  0.000000E+000  5.203687E-002 -5.401078E-002  1.000000E+000  0.000000E+000  0.000000E+000  0.000000E+000  7.201438E-001 -6.938249E-001  0.000000E+000  6.938249E-001  7.201438E-001
  6.650000E+000  0.000000E+000  2.387995E-002 -7.109675E-002  1.000000E+000  0.000000E+000  0.000000E+000  0.000000E+000  9.479567E-001 -3.183993E-001  0.000000E+000  3.183993E-001  9.479567E-001
  6.700000E+000  0.000000E+000 -1.191652E-002 -7.404726E-002  1.000000E+000  0.000000E+000  0.000000E+000  0.000000E+000  9.872968E-001  1.588870E-001  0.000000E+000 -1.588870E-001  9.872968E-001
  6.750000E+000  0.000000E+000 -4.405713E-002 -6.069571E-002  1.000000E+000  0.000000E+000  0.000000E+000  0.000000E+000  8.092761E-001  5.874285E-001  0.000000E+000 -5.874285E-001  8.092761E-001
  6.800000E+000  0.000000E+000 -6.422363E-002 -3.873403E-002  1.000000E+000  0.000000E+000  0.000000E+000  0.000000E+000  5.164538E-001  8.563151E-001  0.000000E+000 -8.563151E-001  5.164538E-001
  6.850000E+000  0.000000E+000 -7.276681E-002 -1.816567E-002  1.000000E+000  0.000000E+000  0.000000E+000  0.000000E+000  2.422090E-001  9.702241E-001  0.000000E+000 -9.702241E-001  2.422090E-001
  6.900000E+000  0.000000E+000 -7.484987E-002 -4.743021E-003  1.000000E+000  0.000000E+000  0.000000E+000  0.000000E+000  6.324029E-002  9.979983E-001  0.000000E+000 -9.979983E-001  6.324029E-002
  6.950000E+000  0.000000E+000 -7.499988E-002 -1.360845E-004  1.000000E+000  0.000000E+000  0.000000E+000  0.000000E+000  1.814460E-003  9.999984E-001  0.000000E+000 -9.999984E-001  1.814460E-003
  7.000000E+000  0.000000E+000 -7.486620E-002 -4.477958E-003  1.000000E+000  0.000000E+000  0.000000E+000  0.000000E+000  5.970611E-002  9.982160E-001  0.000000E+000 -9.982160E-001  5.970611E-002
  7.050000E+000  0.000000E+000 -7.292439E-002 -1.752238E-002  1.000000E+000  0.000000E+000  0.000000E+000  0.000000E+000  2.336317E-001  9.723252E-001  0.000000E+000 -9.723252E-001  2.336317E-001
  7.100000E+000  0.000000E+000 -6.487291E-002 -3.763650E-002  1.000000E+000  0.000000E+000  0.000000E+000  0.000000E+000  5.018200E-001  8.649721E-001  0.000000E+000 -8.649721E-001  5.018200E-001
  7.150000E+000  0.000000E+000 -4.569562E-002 -5.947193E-002  1.000000E+000  0.000000E+000  0.000000E+000  0.000000E+000  7.929591E-001  6.092749E-001  0.000000E+000 -6.092749E-001  7.929591E-001
  7.200000E+000  0.000000E+000 -1.454731E-002 -7.357565E-002  1.000000E+000  0.000000E+000  0.000000E+000  0.000000E+000  9.810086E-001  1.939641E-001  0.000000E+000 -1.939641E-001  9.810086E-001
  7.250000E+000  0.000000E+000  2.126760E-002 -7.192141E-002  1.000000E+000  0.000000E+000  0.000000E+000  0.000000E+000  9.589521E-001 -2.835679E-001  0.000000E+000  2.835679E-001  9.589521E-001
  7.300000E+000  0.000000E+000  5.048934E-002 -5.546014E-002  1.000000E+000  0.000000E+000  0.000000E+000  0.000000E+000  7.394685E-001 -6.731911E-001  0.000000E+000  6.731911E-001  7.394685E-001
  7.350000E+000  0.000000E+000  6.724625E-002 -3.321057E-002  1.000000E+000  0.000000E+000  0.000000E+000  0.000000E+000  4.428076E-001 -8.966167E-001  0.000000E+000  8.966167E-001  4.428076E-001
  7.400000E+000  0.000000E+000  7.365066E-002 -1.416263E-002  1.000000E+000  0.000000E+000  0.000000E+000  0.000000E+000  1.888350E-001 -9.820088E-001  0.000000E+000  9.820088E-001  1.888350E-001
  7.450000E+000  0.000000E+000  7.494839E-002 -2.781832E-003  1.000000E+000  0.000000E+000  0.000000E+000  0.000000E+000  3.709110E-002 -9.993119E-001  0.000000E+000  9.993119E-001  3.709110E-002
  7.500000E+000  0.000000E+000  7.499974E-002 -1.984191E-004  1.000000E+000  0.000000E+000  0.000000E+000  0.000000E+000  2.645588E-003 -9.999965E-001  0.000000E+000  9.999965E-001  2.645588E-003
  7.550000E+000  0.000000E+000  7.471814E-002 -6.496086E-003  1.000000E+000  0.000000E+000  0.000000E+000  0.000000E+000  8.661448E-002 -9.962419E-001  0.000000E+000  9.962419E-001  8.661448E-002
  7.600000E+000  0.000000E+000  7.190070E-002 -2.133751E-002  1.000000E+000  0.000000E+000  0.000000E+000  0.000000E+000  2.845001E-001 -9.586760E-001  0.000000E+000  9.586760E-001  2.845001E-001
  7.650000E+000  0.000000E+000  6.178773E-002 -4.251208E-002  1.000000E+000  0.000000E+000  0.000000E+000  0.000000E+000  5.668277E-001 -8.238364E-001  0.000000E+000  8.238364E-001  5.668277E-001
  7.700000E+000  0.000000E+000  3.974369E-002 -6.360377E-002  1.000000E+000  0.000000E+000  0.000000E+000  0.000000E+000  8.480502E-001 -5.299158E-001  0.000000E+000  5.299158E-001  8.480502E-001
  7.750000E+000  0.000000E+000  6.612913E-003 -7.470789E-002  1.000000E+000  0.000000E+000  0.000000E+000  0.000000E+000  9.961052E-001 -8.817217E-002  0.000000E+000  8.817217E-002  9.961052E-001
  7.800000E+000  0.000000E+000 -2.863505E-002 -6.931835E-002  1.000000E+000  0.000000E+000  0.000000E+000  0.000000E+000  9.242447E-001  3.818007E-001  0.000000E+000 -3.818007E-001  9.242447E-001
  7.850000E+000  0.000000E+000 -5.524830E-002 -5.072105E-002  1.000000E+000  0.000000E+000  0.000000E+000  0.000000E+000  6.762807E-001  7.366440E-001  0.000000E+000 -7.366440E-001  6.762807E-001
  7.900000E+000  0.000000E+000 -6.933374E-002 -2.859777E-002  1.000000E+000  0.000000E+000  0.000000E+000  0.000000E+000  3.813036E-001  9.244499E-001  0.000000E+000 -9.244499E-001  3.813036E-001
  7.950000E+000  0.000000E+000 -7.418629E-002 -1.101791E-002  1.000000E+000  0.000000E+000  0.000000E+000  0.000000E+000  1.469055E-001  9.891505E-001  0.000000E+000 -9.891505E-001  1.469055E-001
  8.000000E+000  0.000000E+000 -7.498483E-002 -1.508277E-003  1.000000E+000  0.000000E+000  0.000000E+000  0.000000E+000  2.011036E-002  9.997978E-001  0.000000E+000 -9.997978E-001  2.011036E-002
  8.050000E+000  0.000000E+000 -7.499523E-002 -8.458390E-004  1.000000E+000  0.000000E+000  0.000000E+000  0.000000E+000  1.127785E-002  9.999364E-001  0.000000E+000 -9.999364E-001  1.127785E-002
  8.100000E+000  0.000000E+000 -7.444823E-002 -9.080822E-003  1.000000E+000  0.000000E+000  0.000000E+000  0.000000E+000  1.210776E-001  9.926430E-001  0.000000E+000 -9.926430E-001  1.210776E-001
  8.150000E+000  0.000000E+000 -7.046487E-002 -2.568466E-002  1.000000E+000  0.000000E+000  0.000000E+000  0.000000E+000  3.424621E-001  9.395316E-001  0.000000E+000 -9.395316E-001  3.424621E-001
  8.200000E+000  0.000000E+000 -5.789959E-002 -4.767219E-002  1.000000E+000  0.000000E+000  0.000000E+000  0.000000E+000  6.356292E-001  7.719945E-001  0.000000E+000 -7.719945E-001  6.356292E-001
  8.250000E+000  0.000000E+000 -3.280799E-002 -6.744357E-002  1.000000E+000  0.000000E+000  0.000000E+000  0.000000E+000  8.992477E-001  4.374399E-001  0.000000E+000 -4.374399E-001  8.992477E-001
  8.300000E+000  0.000000E+000  1.922816E-003 -7.497535E-002  1.000000E+000  0.000000E+000  0.000000E+000  0.000000E+000  9.996713E-001 -2.563754E-002  0.000000E+000  2.563754E-002  9.996713E-001
  8.350000E+000  0.000000E+000  3.589732E-002 -6.585121E-002  1.000000E+000  0.000000E+000  0.000000E+000  0.000000E+000  8.780162E-001 -4.786309E-001  0.000000E+000  4.786309E-001  8.780162E-001
  8.400000E+000  0.000000E+000  5.951606E-002 -4.563812E-002  1.000000E+000  0.000000E+000  0.000000E+000  0.000000E+000  6.085083E-001 -7.935475E-001  0.000000E+000  7.935475E-001  6.085083E-001
  8.450000E+000  0.000000E+000  7.100263E-002 -2.415835E-002  1.000000E+000  0.000000E+000  0.000000E+000  0.000000E+000  3.221114E-001 -9.467018E-001  0.000000E+000  9.467018E-001  3.221114E-001
  8.500000E+000  0.000000E+000  7.453371E-002 -8.350207E-003  1.000000E+000  0.000000E+000  0.000000E+000  0.000000E+000  1.113361E-001 -9.937828E-001  0.000000E+000  9.937828E-001  1.113361E-001
  8.550000E+000  0.000000E+000  7.499427E-002 -9.268014E-004  1.000000E+000  0.000000E+000  0.000000E+000  0.000000E+000  1.235735E-002 -9.999236E-001  0.000000E+000  9.999236E-001  1.235735E-002
  8.600000E+000  0.000000E+000  7.495887E-002 -2.483436E-003  1.000000E+000  0.000000E+000  0.000000E+000  0.000000E+000  3.311249E-002 -9.994516E-001  0.000000E+000  9.994516E-001  3.311249E-002
  8.650000E+000  0.000000E+000  7.384627E-002 -1.310453E-002  1.000000E+000  0.000000E+000  0.000000E+000  0.000000E+000  1.747270E-001 -9.846169E-001  0.000000E+000  9.846169E-001  1.747270E-001
  8.700000E+000  0.000000E+000  6.788347E-002 -3.188785E-002  1.000000E+000  0.000000E+000  0.000000E+000  0.000000E+000  4.251713E-001 -9.051129E-001  0.000000E+000  9.051129E-001  4.251713E-001
  8.750000E+000  0.000000E+000  5.150147E-002 -5.452154E-002  1.000000E+000  0.000000E+000  0.000000E+000  0.000000E+000  7.269539E-001 -6.866862E-001  0.000000E+000  6.866862E-001  7.269539E-001
  8.800000E+000  0.000000E+000  2.204989E-002 -7.168544E-002  1.000000E+000  0.000000E+000  0.000000E+000  0.000000E+000  9.558059E-001 -2.939985E-001  0.000000E+000  2.939985E-001  9.558059E-001
  8.850000E+000  0.000000E+000 -1.459177E-002 -7.356684E-002  1.000000E+000  0.000000E+000  0.000000E+000  0.000000E+000  9.808912E-001  1.945570E-001  0.000000E+000 -1.945570E-001  9.808912E-001
  8.900000E+000  0.000000E+000 -4.637865E-002 -5.894083E-002  1.000000E+000  0.000000E+000  0.000000E+000  0.000000E+000  7.858777E-001  6.183819E-001  0.000000E+000 -6.183819E-001  7.858777E-001
  8.950000E+000  0.000000E+000 -6.552313E-002 -3.649273E-002  1.000000E+000  0.000000E+000  0.000000E+000  0.000000E+000  4.865697E-001  8.736418E-001  0.000000E+000 -8.736418E-001  4.865697E-001
  9.000000E+000  0.000000E+000 -7.320869E-002 -1.629379E-002  1.000000E+000  0.000000E+000  0.000000E+000  0.000000E+000  2.172506E-001  9.761159E-001  0.000000E+000 -9.761159E-001  2.172506E-001
  9.050000E+000  0.000000E+000 -7.490690E-002 -3.735793E-003  1.000000E+000  0.000000E+000  0.000000E+000  0.000000E+000  4.981058E-002  9.987587E-001  0.000000E+000 -9.987587E-001  4.981058E-002
  9.100000E+000  0.000000E+000 -7.499958E-002 -2.513934E-004  1.000000E+000  0.000000E+000  0.000000E+000  0.000000E+000  3.351912E-003  9.999944E-001  0.000000E+000 -9.999944E-001  3.351912E-003
  9.150000E+000  0.000000E+000 -7.476720E-002 -5.904773E-003  1.000000E+000  0.000000E+000  0.000000E+000  0.000000E+000  7.873031E-002  9.968960E-001  0.000000E+000 -9.968960E-001  7.873031E-002
  9.200000E+000  0.000000E+000 -7.219680E-002 -2.031309E-002  1.000000E+000  0.000000E+000  0.000000E+000  0.000000E+000  2.708412E-001  9.626240E-001  0.000000E+000 -9.626240E-001  2.708412E-001
  9.250000E+000  0.000000E+000 -6.259774E-002 -4.131009E-002  1.000000E+000  0.000000E+000  0.000000E+000  0.000000E+000  5.508012E-001  8.346365E-001  0.000000E+000 -8.346365E-001  5.508012E-001
  9.300000E+000  0.000000E+000 -4.127907E-002 -6.261819E-002  1.000000E+000  0.000000E+000  0.000000E+000  0.000000E+000  8.349093E-001  5.503876E-001  0.000000E+000 -5.503876E-001  8.349093E-001
  9.350000E+000  0.000000E+000 -8.802392E-003 -7.448166E-002  1.000000E+000  0.000000E+000  0.000000E+000  0.000000E+000  9.930888E-001  1.173652E-001  0.000000E+000 -1.173652E-001  9.930888E-001
  9.400000E+000  0.000000E+000  2.640257E-002 -7.019903E-002  1.000000E+000  0.000000E+000  0.000000E+000  0.000000E+000  9.359871E-001 -3.520342E-001  0.000000E+000  3.520342E-001  9.359871E-001
  9.450000E+000  0.000000E+000  5.373034E-002 -5.232639E-002  1.000000E+000  0.000000E+000  0.000000E+000  0.000000E+000  6.976852E-001 -7.164045E-001  0.000000E+000  7.164045E-001  6.976852E-001
  9.500000E+000  0.000000E+000  6.867575E-002 -3.014368E-002  1.000000E+000  0.000000E+000  0.000000E+000  0.000000E+000  4.019157E-001 -9.156767E-001  0.000000E+000  9.156767E-001  4.019157E-001
  9.550000E+000  0.000000E+000  7.402678E-002 -1.204310E-002  1.000000E+000  0.000000E+000  0.000000E+000  0.000000E+000  1.605747E-001 -9.870237E-001  0.000000E+000  9.870237E-001  1.605747E-001
  9.600000E+000  0.000000E+000  7.497373E-002 -1.985065E-003  1.000000E+000  0.000000E+000  0.000000E+000  0.000000E+000  2.646753E-002 -9.996497E-001  0.000000E+000  9.996497E-001  2.646753E-002
  9.650000E+000  0.000000E+000  7.499376E-002 -9.673633E-004  1.000000E+000  0.000000E+000  0.000000E+000  0.000000E+000  1.289818E-002 -9.999168E-001  0.000000E+000  9.999168E-001  1.289818E-002
  9.700000E+000  0.000000E+000  7.444220E-002 -9.130094E-003  1.000000E+000  0.000000E+000  0.000000E+000  0.000000E+000  1.217346E-001 -9.925627E-001  0.000000E+000  9.925627E-001  1.217346E-001
  9.750000E+000  0.000000E+000  7.036118E-002 -2.596738E-002  1.000000E+000  0.000000E+000  0.000000E+000  0.000000E+000  3.462318E-001 -9.381490E-001  0.000000E+000  9.381490E-001  3.462318E-001
  9.800000E+000  0.000000E+000  5.734625E-002 -4.833640E-002  1.000000E+000  0.000000E+000  0.000000E+000  0.000000E+000  6.444853E-001 -7.646167E-001  0.000000E+000  7.646167E-001  6.444853E-001
  9.850000E+000  0.000000E+000  3.130116E-002 -6.815598E-002  1.000000E+000  0.000000E+000  0.000000E+000  0.000000E+000  9.087464E-001 -4.173488E-001  0.000000E+000  4.173488E-001  9.087464E-001
  9.900000E+000  0.000000E+000 -4.472150E-003 -7.486655E-002  1.000000E+000  0.000000E+000  0.000000E+000  0.000000E+000  9.982206E-001  5.962867E-002  0.000000E+000 -5.962867E-002  9.982206E-001
  9.950000E+000  0.000000E+000 -3.870531E-002 -6.424094E-002  1.000000E+000  0.000000E+000  0.000000E+000  0.000000E+000  8.565459E-001  5.160709E-001  0.000000E+000 -5.160709E-001  8.565459E-001
