% FILE: chaotic/Data.3
%
%       t         P_No_Bo[1]     P_No_Bo[2]     P_No_Bo[3]      N_B[1,1]       N_B[1,2]       N_B[1,3]       N_B[2,1]       N_B[2,2]       N_B[2,3]       N_B[3,1]       N_B[3,2]       N_B[3,3]
%   (second)        (meter)        (meter)        (meter)       (NoUnits)      (NoUnits)      (NoUnits)      (NoUnits)      (NoUnits)      (NoUnits)      (NoUnits)      (NoUnits)      (NoUnits)

  0.000000E+000  0.000000E+000  2.000000E-001  0.000000E+000  9.999619E-001 -8.726535E-003  0.000000E+000  0.000000E+000  0.000000E+000 -1.000000E+000  8.726535E-003  9.999619E-001  0.000000E+000
  2.000000E-002  0.000000E+000  1.999911E-001 -1.888592E-003  9.999619E-001 -8.726276E-003  0.000000E+000  8.240188E-005  9.442601E-003 -9.999554E-001  8.725887E-003  9.999173E-001  9.442960E-003
  4.000000E-002  0.000000E+000  1.998574E-001 -7.552348E-003  9.999620E-001 -8.722386E-003  0.000000E+000  3.293725E-004  3.776030E-002 -9.992868E-001  8.716165E-003  9.992488E-001  3.776174E-002
  6.000000E-002  0.000000E+000  1.992785E-001 -1.697310E-002  9.999621E-001 -8.705544E-003  0.000000E+000  7.388003E-004  8.486229E-002 -9.963924E-001  8.674138E-003  9.963547E-001  8.486550E-002
  8.000000E-002  0.000000E+000  1.977250E-001 -3.008047E-002  9.999625E-001 -8.660308E-003  0.000000E+000  1.302531E-003  1.503967E-001 -9.886249E-001  8.561796E-003  9.885878E-001  1.504023E-001
  1.000000E-001  0.000000E+000  1.944730E-001 -4.669323E-002  9.999633E-001 -8.565453E-003  0.000000E+000  1.999743E-003  2.334576E-001 -9.723649E-001  8.328746E-003  9.723293E-001  2.334662E-001
  1.200000E-001  0.000000E+000  1.886408E-001 -6.644291E-002  9.999648E-001 -8.394772E-003  0.000000E+000  2.788865E-003  3.322028E-001 -9.432038E-001  7.917982E-003  9.431706E-001  3.322145E-001
  1.400000E-001  0.000000E+000  1.792597E-001 -8.869029E-002  9.999670E-001 -8.118680E-003  0.000000E+000  3.600240E-003  4.434368E-001 -8.962984E-001  7.276760E-003  8.962689E-001  4.434514E-001
  1.600000E-001  0.000000E+000  1.653902E-001 -1.124548E-001  9.999703E-001 -7.706847E-003  0.000000E+000  4.333361E-003  5.622575E-001 -8.269509E-001  6.373184E-003  8.269263E-001  5.622742E-001
  1.800000E-001  0.000000E+000  1.462836E-001 -1.363859E-001  9.999746E-001 -7.131978E-003  0.000000E+000  4.863505E-003  6.819121E-001 -7.314180E-001  5.216457E-003  7.313994E-001  6.819294E-001
  2.000000E-001  0.000000E+000  1.215725E-001 -1.588085E-001  9.999797E-001 -6.374459E-003  0.000000E+000  5.061591E-003  7.940263E-001 -6.078624E-001  3.874794E-003  6.078500E-001  7.940424E-001
  2.200000E-001  0.000000E+000  9.144906E-002 -1.778681E-001  9.999853E-001 -5.427133E-003  0.000000E+000  4.826570E-003  8.893275E-001 -4.572453E-001  2.481531E-003  4.572385E-001  8.893406E-001
  2.400000E-001  0.000000E+000  5.677355E-002 -1.917727E-001  9.999908E-001 -4.298993E-003  0.000000E+000  4.122147E-003  9.588546E-001 -2.838678E-001  1.220345E-003  2.838651E-001  9.588634E-001
  2.600000E-001  0.000000E+000  1.905474E-002 -1.990902E-001  9.999955E-001 -3.016466E-003  0.000000E+000  3.002745E-003  9.954466E-001 -9.527370E-002  2.873899E-004  9.527327E-002  9.954511E-001
  2.800000E-001  0.000000E+000 -1.972377E-002 -1.990251E-001  9.999987E-001 -1.621374E-003  0.000000E+000  1.613470E-003  9.951240E-001  9.861885E-002 -1.598980E-004 -9.861872E-002  9.951253E-001
  3.000000E-001  0.000000E+000 -5.740570E-002 -1.915844E-001  1.000000E+000 -1.655420E-004  0.000000E+000  1.585763E-004  9.579220E-001  2.870285E-001 -4.751526E-005 -2.870285E-001  9.579220E-001
  3.200000E-001  0.000000E+000 -9.201344E-002 -1.775768E-001  9.999992E-001  1.296744E-003  0.000000E+000 -1.151359E-003  8.878834E-001  4.600672E-001  5.965895E-004 -4.600668E-001  8.878841E-001
  3.400000E-001  0.000000E+000 -1.220484E-001 -1.584430E-001  9.999963E-001  2.716525E-003  0.000000E+000 -2.152073E-003  7.922123E-001  6.102418E-001  1.657737E-003 -6.102395E-001  7.922152E-001
  3.600000E-001  0.000000E+000 -1.466621E-001 -1.359788E-001  9.999918E-001  4.056270E-003  0.000000E+000 -2.757833E-003  6.798883E-001  7.333105E-001  2.974505E-003 -7.333045E-001  6.798939E-001
  3.800000E-001  0.000000E+000 -1.656734E-001 -1.120372E-001  9.999860E-001  5.293105E-003  0.000000E+000 -2.965123E-003  5.601781E-001  8.283669E-001  4.384633E-003 -8.283553E-001  5.601859E-001
  4.000000E-001  0.000000E+000 -1.794579E-001 -8.828854E-002  9.999794E-001  6.419008E-003  0.000000E+000 -2.833624E-003  4.414336E-001  8.972895E-001  5.759708E-003 -8.972710E-001  4.414427E-001
  4.200000E-001  0.000000E+000 -1.887692E-001 -6.607721E-002  9.999723E-001  7.438646E-003  0.000000E+000 -2.457625E-003  3.303769E-001  9.438459E-001  7.020936E-003 -9.438198E-001  3.303860E-001
  4.400000E-001  0.000000E+000 -1.945485E-001 -4.637739E-002  9.999650E-001  8.365897E-003  0.000000E+000 -1.939942E-003  2.318788E-001  9.727427E-001  8.137866E-003 -9.727087E-001  2.318869E-001
  4.600000E-001  0.000000E+000 -1.977640E-001 -2.982292E-002  9.999575E-001  9.220018E-003  0.000000E+000 -1.374839E-003  1.491083E-001  9.888199E-001  9.116937E-003 -9.887779E-001  1.491146E-001
  4.800000E-001  0.000000E+000 -1.992950E-001 -1.677833E-002  9.999498E-001  1.002210E-002  0.000000E+000 -8.407711E-004  8.388745E-002  9.964749E-001  9.986776E-003 -9.964248E-001  8.389167E-002
  5.000000E-001  0.000000E+000 -1.998622E-001 -7.422317E-003  9.999418E-001  1.079213E-002  0.000000E+000 -4.005132E-004  3.710942E-002  9.993111E-001  1.078470E-002 -9.992529E-001  3.711158E-002
  5.200000E-001  0.000000E+000 -1.999917E-001 -1.823916E-003  9.999333E-001  1.154657E-002  0.000000E+000 -1.052999E-004  9.118971E-003  9.999584E-001  1.154609E-002 -9.998918E-001  9.119579E-003
  5.400000E-001  0.000000E+000 -2.000000E-001 -7.844934E-007  9.999244E-001  1.229643E-002  0.000000E+000 -4.823235E-008  3.922170E-006  1.000000E+000  1.229643E-002 -9.999244E-001  3.922467E-006
  5.600000E-001  0.000000E+000 -1.999904E-001 -1.954846E-003  9.999149E-001  1.304555E-002  0.000000E+000 -1.275102E-004  9.773400E-003  9.999522E-001  1.304493E-002 -9.998671E-001  9.774232E-003
  5.800000E-001  0.000000E+000 -1.998523E-001 -7.683981E-003  9.999049E-001  1.378898E-002  0.000000E+000 -5.297713E-004  3.841625E-002  9.992617E-001  1.377880E-002 -9.991667E-001  3.841990E-002
  6.000000E-001  0.000000E+000 -1.992617E-001 -1.716950E-002  9.998947E-001  1.451141E-002  0.000000E+000 -1.245768E-003  8.583845E-002  9.963083E-001  1.445784E-002 -9.962034E-001  8.584749E-002
  6.200000E-001  0.000000E+000 -1.976854E-001 -3.033966E-002  9.998847E-001  1.518570E-002  0.000000E+000 -2.303645E-003  1.516808E-001  9.884268E-001  1.500996E-002 -9.883129E-001  1.516983E-001
  6.400000E-001  0.000000E+000 -1.943965E-001 -4.701070E-002  9.998756E-001  1.577190E-002  0.000000E+000 -3.707241E-003  2.350243E-001  9.719824E-001  1.533001E-002 -9.718615E-001  2.350535E-001
  6.600000E-001  0.000000E+000 -1.885110E-001 -6.681014E-002  9.998685E-001  1.621713E-002  0.000000E+000 -5.417342E-003  3.340068E-001  9.425551E-001  1.528553E-002 -9.424312E-001  3.340507E-001
  6.800000E-001  0.000000E+000 -1.790597E-001 -8.909337E-002  9.998646E-001  1.645712E-002  0.000000E+000 -7.331101E-003  4.454065E-001  8.952984E-001  1.473403E-002 -8.951772E-001  4.454669E-001
  7.000000E-001  0.000000E+000 -1.651047E-001 -1.128735E-001  9.998652E-001  1.642019E-002  0.000000E+000 -9.267021E-003  5.642914E-001  8.255237E-001  1.355525E-002 -8.254124E-001  5.643675E-001
  7.200000E-001  0.000000E+000 -1.459024E-001 -1.367936E-001  9.998714E-001  1.603404E-002  0.000000E+000 -1.096677E-002  6.838798E-001  7.295122E-001  1.169703E-002 -7.294185E-001  6.839678E-001
  7.400000E-001  0.000000E+000 -1.210937E-001 -1.591739E-001  9.998839E-001  1.523546E-002  0.000000E+000 -1.212544E-002  7.957770E-001  6.054684E-001  9.224590E-003 -6.053981E-001  7.958693E-001
  7.600000E-001  0.000000E+000 -9.088167E-002 -1.781587E-001  9.999023E-001  1.398158E-002  0.000000E+000 -1.245470E-002  8.907064E-001  4.544084E-001  6.353348E-003 -4.543640E-001  8.907935E-001
  7.800000E-001  0.000000E+000 -5.613854E-002 -1.919595E-001  9.999248E-001  1.226055E-002  0.000000E+000 -1.176765E-002  9.597255E-001  2.806927E-001  3.441446E-003 -2.806716E-001  9.597977E-001
  8.000000E-001  0.000000E+000 -1.838335E-002 -1.991533E-001  9.999490E-001  1.009830E-002  0.000000E+000 -1.005555E-002  9.957159E-001  9.191675E-002  9.282031E-004 -9.191206E-002  9.957667E-001
  8.200000E-001  0.000000E+000  2.039446E-002 -1.989574E-001  9.999714E-001  7.558843E-003  0.000000E+000 -7.519440E-003  9.947588E-001 -1.019723E-001 -7.707926E-004  1.019694E-001  9.947872E-001
  8.400000E-001  0.000000E+000  5.803872E-002 -1.913936E-001  9.999888E-001  4.736752E-003  0.000000E+000 -4.532920E-003  9.569572E-001 -2.901936E-001 -1.374575E-003  2.901904E-001  9.569680E-001
  8.600000E-001  0.000000E+000  9.257790E-002 -1.772832E-001  9.999985E-001  1.743405E-003  0.000000E+000 -1.545382E-003  8.864146E-001 -4.628895E-001 -8.070037E-004  4.628888E-001  8.864160E-001
  8.800000E-001  0.000000E+000  1.225237E-001 -1.580758E-001  9.999991E-001 -1.309633E-003  0.000000E+000  1.035106E-003  7.903781E-001 -6.126185E-001  8.023056E-004  6.126180E-001  7.903788E-001
  9.000000E-001  0.000000E+000  1.470397E-001 -1.355704E-001  9.999906E-001 -4.325741E-003  0.000000E+000  2.932211E-003  6.778455E-001 -7.351985E-001  3.180278E-003  7.351917E-001  6.778518E-001
  9.200000E-001  0.000000E+000  1.659555E-001 -1.116188E-001  9.999738E-001 -7.233577E-003  0.000000E+000  4.037017E-003  5.580796E-001 -8.297776E-001  6.002260E-003  8.297559E-001  5.580942E-001
  9.400000E-001  0.000000E+000  1.796551E-001 -8.788663E-002  9.999501E-001 -9.991260E-003  0.000000E+000  4.390491E-003  4.394112E-001 -8.982753E-001  8.974902E-003  8.982305E-001  4.394332E-001
  9.600000E-001  0.000000E+000  1.888967E-001 -6.571180E-002  9.999208E-001 -1.258498E-002  0.000000E+000  4.134907E-003  3.285330E-001 -9.444835E-001  1.188630E-002  9.444087E-001  3.285590E-001
  9.800000E-001  0.000000E+000  1.946234E-001 -4.606218E-002  9.998871E-001 -1.502377E-002  0.000000E+000  3.460139E-003  2.302849E-001 -9.731171E-001  1.461989E-002  9.730073E-001  2.303109E-001
  1.000000E+000  0.000000E+000  1.978025E-001 -2.956628E-002  9.998498E-001 -1.733252E-002  0.000000E+000  2.562291E-003  1.478092E-001 -9.890126E-001  1.714208E-002  9.888640E-001  1.478314E-001
  1.020000E+000  0.000000E+000  1.993112E-001 -1.658470E-002  9.998090E-001 -1.954457E-002  0.000000E+000  1.620704E-003  8.290766E-002 -9.965559E-001  1.947725E-002  9.963656E-001  8.292350E-002
  1.040000E+000  0.000000E+000  1.998670E-001 -7.293636E-003  9.997646E-001 -2.169497E-002  0.000000E+000  7.911760E-004  3.645960E-002 -9.993348E-001  2.168054E-002  9.990996E-001  3.646818E-002
  1.060000E+000  0.000000E+000  1.999922E-001 -1.760831E-003  9.997164E-001 -2.381462E-002  0.000000E+000  2.096676E-004  8.801656E-003 -9.999612E-001  2.381370E-002  9.996776E-001  8.804153E-003
  1.080000E+000  0.000000E+000  2.000000E-001 -3.455137E-006  9.996639E-001 -2.592509E-002  0.000000E+000  4.478737E-007  1.726988E-005 -1.000000E+000  2.592509E-002  9.996639E-001  1.727569E-005
  1.100000E+000  0.000000E+000  1.999898E-001 -2.023364E-003  9.996070E-001 -2.803388E-002  0.000000E+000  2.836137E-004  1.011284E-002 -9.999488E-001  2.803244E-002  9.995558E-001  1.011682E-002
  1.120000E+000  0.000000E+000  1.998471E-001 -7.818358E-003  9.995460E-001 -3.012992E-002  0.000000E+000  1.177833E-003  3.907404E-002 -9.992356E-001  3.010689E-002  9.987820E-001  3.909179E-002
  1.140000E+000  0.000000E+000  1.992443E-001 -1.736924E-002  9.994821E-001 -3.217912E-002  0.000000E+000  2.794634E-003  8.680121E-002 -9.962217E-001  3.205754E-002  9.957058E-001  8.684619E-002
  1.160000E+000  0.000000E+000  1.976448E-001 -3.060290E-002  9.994177E-001 -3.412018E-002  0.000000E+000  5.220884E-003  1.529254E-001 -9.882239E-001  3.371838E-002  9.876485E-001  1.530145E-001
  1.180000E+000  0.000000E+000  1.943183E-001 -4.733301E-002  9.993568E-001 -3.586150E-002  0.000000E+000  8.487163E-003  2.365128E-001 -9.715913E-001  3.484272E-002  9.709663E-001  2.366651E-001
  1.200000E+000  0.000000E+000  1.883785E-001 -6.718302E-002  9.993049E-001 -3.728009E-002  0.000000E+000  1.252295E-002  3.356816E-001 -9.418923E-001  3.511383E-002  9.412375E-001  3.359151E-001
  1.220000E+000  0.000000E+000  1.788554E-001 -8.950278E-002  9.992692E-001 -3.822450E-002  0.000000E+000  1.710599E-002  4.471869E-001 -8.942770E-001  3.418329E-002  8.936234E-001  4.475139E-001
  1.240000E+000  0.000000E+000  1.648131E-001 -1.132989E-001  9.992577E-001 -3.852319E-002  0.000000E+000  2.182317E-002  5.660738E-001 -8.240657E-001  3.174564E-002  8.234540E-001  5.664943E-001
  1.260000E+000  0.000000E+000  1.455130E-001 -1.372077E-001  9.992777E-001 -3.800020E-002  0.000000E+000  2.606960E-002  6.855432E-001 -7.275650E-001  2.764761E-002  7.270395E-001  6.860387E-001
  1.280000E+000  0.000000E+000  1.206044E-001 -1.595449E-001  9.993337E-001 -3.649757E-002  0.000000E+000  2.911501E-002  7.971930E-001 -6.030221E-001  2.200884E-002  6.026203E-001  7.977245E-001
  1.300000E+000  0.000000E+000  9.030195E-002 -1.784532E-001  9.994251E-001 -3.390249E-002  0.000000E+000  3.025004E-002  8.917533E-001 -4.515098E-001  1.530730E-002  4.512502E-001  8.922662E-001
  1.320000E+000  0.000000E+000  5.549003E-002 -1.921480E-001  9.995447E-001 -3.017331E-002  0.000000E+000  2.898871E-002  9.603026E-001 -2.774502E-001  8.371591E-003  2.773238E-001  9.607400E-001
  1.340000E+000  0.000000E+000  1.769825E-002 -1.992154E-001  9.996784E-001 -2.535745E-002  0.000000E+000  2.525797E-002  9.957567E-001 -8.849127E-002  2.243913E-003  8.846282E-002  9.960770E-001
  1.360000E+000  0.000000E+000 -2.107795E-002 -1.988862E-001  9.998080E-001 -1.959394E-002  0.000000E+000  1.948482E-002  9.942401E-001  1.053898E-001 -2.065001E-003 -1.053695E-001  9.944310E-001
  1.380000E+000  0.000000E+000 -5.868270E-002 -1.911971E-001  9.999142E-001 -1.309781E-002  0.000000E+000  1.252132E-002  9.559036E-001  2.934135E-001 -3.843075E-003 -2.933883E-001  9.559856E-001
  1.400000E+000  0.000000E+000 -9.315091E-002 -1.769828E-001  9.999812E-001 -6.128661E-003  0.000000E+000  5.423338E-003  8.848973E-001  4.657546E-001 -2.854452E-003 -4.657458E-001  8.849139E-001
  1.420000E+000  0.000000E+000 -1.230051E-001 -1.577015E-001  9.999995E-001  1.048339E-003  0.000000E+000 -8.266226E-004  7.885069E-001  6.150254E-001  6.447548E-004 -6.150251E-001  7.885073E-001
  1.440000E+000  0.000000E+000 -1.474211E-001 -1.351556E-001  9.999664E-001  8.198964E-003  0.000000E+000 -5.540678E-003  6.757551E-001  7.371054E-001  6.043501E-003 -7.370806E-001  6.757778E-001
  1.460000E+000  0.000000E+000 -1.662397E-001 -1.111952E-001  9.998853E-001  1.514577E-002  0.000000E+000 -8.420684E-003  5.559122E-001  8.311984E-001  1.258914E-002 -8.311030E-001  5.559760E-001
  1.480000E+000  0.000000E+000 -1.798530E-001 -8.748079E-002  9.997628E-001  2.177954E-002  0.000000E+000 -9.526458E-003  4.373002E-001  8.992651E-001  1.958558E-002 -8.990518E-001  4.374040E-001
  1.500000E+000  0.000000E+000 -1.890243E-001 -6.534386E-002  9.996063E-001  2.805741E-002  0.000000E+000 -9.166898E-003  3.265907E-001  9.451214E-001  2.651766E-002 -9.447493E-001  3.267193E-001
  1.520000E+000  0.000000E+000 -1.946980E-001 -4.574580E-002  9.994221E-001  3.399154E-002  0.000000E+000 -7.774852E-003  2.285968E-001  9.734901E-001  3.309043E-002 -9.729276E-001  2.287290E-001
  1.540000E+000  0.000000E+000 -1.978407E-001 -2.930974E-002  9.992143E-001  3.963304E-002  0.000000E+000 -5.808171E-003  1.464336E-001  9.892035E-001  3.920514E-002 -9.884262E-001  1.465487E-001
  1.560000E+000  0.000000E+000 -1.993271E-001 -1.639241E-002  9.989845E-001  4.505478E-002  0.000000E+000 -3.692782E-003  8.187880E-002  9.966355E-001  4.490319E-002 -9.956234E-001  8.196203E-002
  1.580000E+000  0.000000E+000 -1.998715E-001 -7.167583E-003  9.987324E-001  5.033536E-002  0.000000E+000 -1.803914E-003  3.579248E-002  9.993576E-001  5.030302E-002 -9.980908E-001  3.583791E-002
  1.600000E+000  0.000000E+000 -1.999928E-001 -1.701823E-003  9.984562E-001  5.554488E-002  0.000000E+000 -4.726379E-004  8.495981E-003  9.999638E-001  5.554286E-002 -9.984200E-001  8.509117E-003
  1.620000E+000  0.000000E+000 -2.000000E-001 -1.195215E-005  9.981541E-001  6.073245E-002  0.000000E+000 -3.629416E-006  5.965042E-005  1.000000E+000  6.073245E-002 -9.981541E-001  5.976073E-005
  1.640000E+000  0.000000E+000 -1.999890E-001 -2.099899E-003  9.978253E-001  6.591470E-002  0.000000E+000 -6.920709E-004  1.047666E-002  9.999449E-001  6.591106E-002 -9.977703E-001  1.049949E-002
  1.660000E+000  0.000000E+000 -1.998414E-001 -7.963534E-003  9.974717E-001  7.106469E-002  0.000000E+000 -2.829630E-003  3.971700E-002  9.992070E-001  7.100833E-002 -9.966807E-001  3.981767E-002
  1.680000E+000  0.000000E+000 -1.992256E-001 -1.758328E-002  9.971001E-001  7.610114E-002  0.000000E+000 -6.690537E-003  8.766143E-002  9.961279E-001  7.580647E-002 -9.932392E-001  8.791638E-002
  1.700000E+000  0.000000E+000 -1.976009E-001 -3.088474E-002  9.967240E-001  8.087844E-002  0.000000E+000 -1.248955E-002  1.539178E-001  9.880047E-001  7.990828E-002 -9.847680E-001  1.544237E-001
  1.720000E+000  0.000000E+000 -1.942337E-001 -4.767891E-002  9.963657E-001  8.517900E-002  0.000000E+000 -2.030621E-002  2.375282E-001  9.711684E-001  8.272315E-002 -9.676388E-001  2.383946E-001
  1.740000E+000  0.000000E+000 -1.882346E-001 -6.758490E-002  9.960574E-001  8.871074E-002  0.000000E+000 -2.997753E-002  3.365922E-001  9.411732E-001  8.349218E-002 -9.374626E-001  3.379245E-001
  1.760000E+000  0.000000E+000 -1.786327E-001 -8.994639E-002  9.958405E-001  9.111369E-002  0.000000E+000 -4.097673E-002  4.478613E-001  8.931636E-001  8.137943E-002 -8.894485E-001  4.497319E-001
  1.780000E+000  0.000000E+000 -1.644935E-001 -1.137624E-001  9.957609E-001  9.197966E-002  0.000000E+000 -5.231912E-002  5.664006E-001  8.224677E-001  7.565030E-002 -8.189811E-001  5.688118E-001
  1.800000E+000  0.000000E+000 -1.450838E-001 -1.376615E-001  9.958611E-001  9.088864E-002  0.000000E+000 -6.255934E-002  6.854587E-001  7.254190E-001  6.593235E-002 -7.224166E-001  6.883075E-001
  1.820000E+000  0.000000E+000 -1.200625E-001 -1.599531E-001  9.961679E-001  8.746154E-002  0.000000E+000 -6.994872E-002  7.967007E-001  6.003126E-001  5.250426E-002 -5.980122E-001  7.997654E-001
  1.840000E+000  0.000000E+000 -8.965749E-002 -1.787779E-001  9.966796E-001  8.142385E-002  0.000000E+000 -7.278392E-002  8.909214E-001  4.482874E-001  3.650129E-002 -4.467989E-001  8.938895E-001
  1.860000E+000  0.000000E+000 -5.476772E-002 -1.923551E-001  9.973562E-001  7.266803E-002  0.000000E+000 -6.989034E-002  9.592329E-001  2.738386E-001  1.989931E-002 -2.731146E-001  9.617757E-001
  1.880000E+000  0.000000E+000 -1.693537E-002 -1.992817E-001  9.981196E-001  6.129728E-002  0.000000E+000 -6.107713E-002  9.945348E-001  8.467685E-002  5.190461E-003 -8.451762E-002  9.964085E-001
  1.900000E+000  0.000000E+000  2.183709E-002 -1.988043E-001  9.988648E-001  4.763432E-002  0.000000E+000 -4.734953E-002  9.928930E-001 -1.091854E-001 -5.200974E-003  1.090615E-001  9.940214E-001
  1.920000E+000  0.000000E+000  5.939448E-002 -1.909772E-001  9.994819E-001  3.218646E-002  0.000000E+000 -3.073440E-002  9.543913E-001 -2.969724E-001 -9.558491E-003  2.968186E-001  9.548861E-001
  1.940000E+000  0.000000E+000  9.377993E-002 -1.766503E-001  9.998787E-001  1.557226E-002  0.000000E+000 -1.375422E-002  8.831443E-001 -4.688997E-001 -7.301829E-003  4.688428E-001  8.832514E-001
  1.960000E+000  0.000000E+000  1.235291E-001 -1.572914E-001  9.999988E-001 -1.571846E-003  0.000000E+000  1.236189E-003  7.864558E-001 -6.176453E-001  9.708431E-004  6.176446E-001  7.864568E-001
  1.980000E+000  0.000000E+000  1.478323E-001 -1.347057E-001  9.998255E-001 -1.868046E-002  0.000000E+000  1.258182E-002  6.734109E-001 -7.391613E-001  1.380787E-002  7.390323E-001  6.735285E-001
  2.000000E+000  0.000000E+000  1.665429E-001 -1.107406E-001  9.993760E-001 -3.532289E-002  0.000000E+000  1.955838E-002  5.533572E-001 -8.327144E-001  2.941388E-002  8.321947E-001  5.537028E-001
  2.020000E+000  0.000000E+000  1.800619E-001 -8.704996E-002  9.986868E-001 -5.123203E-002  0.000000E+000  2.229873E-002  4.346782E-001 -9.003097E-001  4.612469E-002  8.991274E-001  4.352498E-001
  2.040000E+000  0.000000E+000  1.891573E-001 -6.495776E-002  9.977997E-001 -6.630040E-002  0.000000E+000  2.153363E-002  3.240742E-001 -9.457866E-001  6.270603E-002  9.437056E-001  3.247888E-001
  2.060000E+000  0.000000E+000  1.947747E-001 -4.541823E-002  9.967503E-001 -8.055300E-002  0.000000E+000  1.829288E-002  2.263532E-001 -9.738735E-001  7.844843E-002  9.707087E-001  2.270912E-001
  2.080000E+000  0.000000E+000  1.978792E-001 -2.904891E-002  9.955620E-001 -9.410831E-002  0.000000E+000  1.366872E-002  1.446000E-001 -9.893958E-001  9.311037E-002  9.850048E-001  1.452446E-001
  2.100000E+000  0.000000E+000  1.993426E-001 -1.620277E-002  9.942443E-001 -1.071368E-001  0.000000E+000  8.679565E-003  8.054755E-002 -9.967130E-001  1.067846E-001  9.909762E-001  8.101384E-002
  2.120000E+000  0.000000E+000  1.998756E-001 -7.051576E-003  9.927954E-001 -1.198223E-001  0.000000E+000  4.224679E-003  3.500386E-002 -9.993782E-001  1.197478E-001  9.921781E-001  3.525788E-002
  2.140000E+000  0.000000E+000  1.999931E-001 -1.661268E-003  9.912060E-001 -1.323278E-001  0.000000E+000  1.099160E-003  8.233296E-003 -9.999655E-001  1.323232E-001  9.911718E-001  8.306342E-003
  2.160000E+000  0.000000E+000  2.000000E-001 -4.903124E-005  9.894659E-001 -1.447660E-001  0.000000E+000  3.549029E-005  2.425737E-004 -1.000000E+000  1.447660E-001  9.894659E-001  2.451562E-004
  2.180000E+000  0.000000E+000  1.999877E-001 -2.217686E-003  9.875711E-001 -1.571727E-001  0.000000E+000  1.742798E-003  1.095061E-002 -9.999385E-001  1.571630E-001  9.875104E-001  1.108843E-002
  2.200000E+000  0.000000E+000  1.998332E-001 -8.166034E-003  9.855335E-001 -1.694809E-001  0.000000E+000  6.919936E-003  4.023950E-002 -9.991661E-001  1.693396E-001  9.847116E-001  4.083017E-002
  2.220000E+000  0.000000E+000  1.991996E-001 -1.787489E-002  9.833914E-001 -1.814978E-001  0.000000E+000  1.622126E-002  8.789006E-002 -9.959981E-001  1.807715E-001  9.794559E-001  8.937444E-002
  2.240000E+000  0.000000E+000  1.975405E-001 -3.126900E-002  9.812218E-001 -1.928827E-001  0.000000E+000  3.015624E-002  1.534091E-001 -9.877025E-001  1.905107E-001  9.691553E-001  1.563450E-001
  2.260000E+000  0.000000E+000  1.941158E-001 -4.815640E-002  9.791513E-001 -2.031321E-001  0.000000E+000  4.891055E-002  2.357620E-001 -9.705792E-001  1.971558E-001  9.503440E-001  2.407820E-001
  2.280000E+000  0.000000E+000  1.880307E-001 -6.815017E-002  9.773616E-001 -2.115757E-001  0.000000E+000  7.209461E-002  3.330368E-001 -9.401536E-001  1.989137E-001  9.188701E-001  3.407508E-001
  2.300000E+000  0.000000E+000  1.783101E-001 -9.058427E-002  9.760844E-001 -2.173920E-001  0.000000E+000  9.846149E-002  4.420895E-001 -8.915505E-001  1.938160E-001  8.702285E-001  4.529213E-001
  2.320000E+000  0.000000E+000  1.640198E-001 -1.144444E-001  9.755787E-001 -2.196501E-001  0.000000E+000  1.256886E-001  5.582475E-001 -8.200988E-001  1.801348E-001  8.000710E-001  5.722219E-001
  2.340000E+000  0.000000E+000  1.444333E-001 -1.383439E-001  9.760858E-001 -2.173856E-001  0.000000E+000  1.503699E-001  6.751774E-001 -7.221664E-001  1.569886E-001  7.048964E-001  6.917193E-001
  2.360000E+000  0.000000E+000  1.192251E-001 -1.605783E-001  9.777636E-001 -2.097104E-001  0.000000E+000  1.683746E-001  7.850379E-001 -5.961254E-001  1.250137E-001  5.828697E-001  8.028914E-001
  2.380000E+000  0.000000E+000  8.864645E-002 -1.792814E-001  9.806142E-001 -1.959486E-001  0.000000E+000  1.756497E-001  8.790292E-001 -4.432322E-001  8.685075E-002  4.346398E-001  8.964068E-001
  2.400000E+000  0.000000E+000  5.362411E-002 -1.926771E-001  9.844295E-001 -1.757796E-001  0.000000E+000  1.693435E-001  9.483850E-001 -2.681206E-001  4.713012E-002  2.639458E-001  9.633854E-001
  2.420000E+000  0.000000E+000  1.572488E-002 -1.993809E-001  9.887840E-001 -1.493526E-001  0.000000E+000  1.488903E-001  9.857230E-001 -7.862442E-002  1.174276E-002  7.774257E-002  9.969043E-001
  2.440000E+000  0.000000E+000 -2.303520E-002 -1.986690E-001  9.930923E-001 -1.173359E-001  0.000000E+000  1.165551E-001  9.864833E-001  1.151760E-001 -1.351429E-002 -1.143804E-001  9.933451E-001
  2.460000E+000  0.000000E+000 -6.050338E-002 -1.906288E-001  9.967249E-001 -8.086690E-002  0.000000E+000  7.707780E-002  9.500224E-001  3.025169E-001 -2.446360E-002 -3.015261E-001  9.531440E-001
  2.480000E+000  0.000000E+000 -9.474031E-002 -1.761371E-001  9.991427E-001 -4.139903E-002  0.000000E+000  3.645952E-002  8.799304E-001  4.737015E-001 -1.961079E-002 -4.732954E-001  8.806854E-001
  2.500000E+000  0.000000E+000 -1.243081E-001 -1.566764E-001  9.999999E-001 -4.794240E-004  0.000000E+000  3.755721E-004  7.833819E-001  6.215405E-001 -2.979814E-004 -6.215405E-001  7.833820E-001
  2.520000E+000  0.000000E+000 -1.484243E-001 -1.340530E-001  9.991802E-001  4.048245E-002  0.000000E+000 -2.713398E-002  6.697158E-001  7.421216E-001  3.004290E-002 -7.415133E-001  6.702652E-001
  2.540000E+000  0.000000E+000 -1.669637E-001 -1.101050E-001  9.967633E-001  8.039184E-002  0.000000E+000 -4.425772E-002  5.487431E-001  8.348187E-001  6.711261E-002 -8.321166E-001  5.505250E-001
  2.560000E+000  0.000000E+000 -1.803401E-001 -8.647214E-002  9.929474E-001  1.185556E-001  0.000000E+000 -5.125879E-002  4.293114E-001  9.017007E-001  1.069017E-001 -8.953414E-001  4.323607E-001
  2.580000E+000  0.000000E+000 -1.893261E-001 -6.446417E-002  9.879649E-001  1.546785E-001  0.000000E+000 -4.985610E-002  3.184417E-001  9.466305E-001  1.464234E-001 -9.352377E-001  3.223208E-001
  2.600000E+000  0.000000E+000 -1.948662E-001 -4.502419E-002  9.820167E-001  1.887939E-001  0.000000E+000 -4.250145E-002  2.210725E-001  9.743308E-001  1.839477E-001 -9.568092E-001  2.251209E-001
  2.620000E+000  0.000000E+000 -1.979210E-001 -2.876259E-002  9.752370E-001  2.211625E-001  0.000000E+000 -3.180603E-002  1.402517E-001  9.896049E-001  2.188635E-001 -9.650993E-001  1.438129E-001
  2.640000E+000  0.000000E+000 -1.993566E-001 -1.602915E-002  9.676841E-001  2.521655E-001  0.000000E+000 -2.020999E-002  7.755576E-002  9.967832E-001  2.513543E-001 -9.645712E-001  8.014574E-002
  2.660000E+000  0.000000E+000 -1.998776E-001 -6.995660E-003  9.593533E-001  2.822077E-001  0.000000E+000 -9.871146E-003  3.355655E-002  9.993881E-001  2.820350E-001 -9.587663E-001  3.497830E-002
  2.680000E+000  0.000000E+000 -1.999925E-001 -1.730570E-003  9.502014E-001  3.116364E-001  0.000000E+000 -2.696543E-003  8.221950E-003  9.999626E-001  3.116248E-001 -9.501658E-001  8.652849E-003
  2.700000E+000  0.000000E+000 -1.999998E-001 -2.553343E-004  9.401808E-001  3.406759E-001  0.000000E+000 -4.349313E-004  1.200302E-003  9.999992E-001  3.406756E-001 -9.401800E-001  1.276672E-003
  2.720000E+000  0.000000E+000 -1.999834E-001 -2.578117E-003  9.292807E-001  3.693743E-001  0.000000E+000 -4.761451E-003  1.197897E-002  9.999169E-001  3.693436E-001 -9.292035E-001  1.289058E-002
  2.740000E+000  0.000000E+000 -1.998105E-001 -8.703243E-003  9.175751E-001  3.975625E-001  0.000000E+000 -1.730041E-002  3.992940E-002  9.990527E-001  3.971859E-001 -9.167059E-001  4.351622E-002
  2.760000E+000  0.000000E+000 -1.991317E-001 -1.861588E-002  9.052764E-001  4.248232E-001  0.000000E+000 -3.954228E-002  8.426256E-002  9.956587E-001  4.229789E-001 -9.013463E-001  9.307938E-002
  2.780000E+000  0.000000E+000 -1.973841E-001 -3.224180E-002  8.927892E-001  4.504747E-001  0.000000E+000 -7.262057E-002  1.439256E-001  9.869203E-001  4.445826E-001 -8.811118E-001  1.612090E-001
  2.800000E+000  0.000000E+000 -1.938073E-001 -4.938368E-002  8.807561E-001  4.735702E-001  0.000000E+000 -1.169332E-001  2.174749E-001  9.690363E-001  4.589067E-001 -8.534846E-001  2.469184E-001
  2.820000E+000  0.000000E+000 -1.874844E-001 -6.963904E-002  8.700775E-001  4.929150E-001  0.000000E+000 -1.716306E-001  3.029568E-001  9.374221E-001  4.620694E-001 -8.156298E-001  3.481952E-001
  2.840000E+000  0.000000E+000 -1.774215E-001 -9.231263E-002  8.618871E-001  5.071001E-001  0.000000E+000 -2.340587E-001  3.978153E-001  8.871074E-001  4.498523E-001 -7.645864E-001  4.615631E-001
  2.860000E+000  0.000000E+000 -1.626764E-001 -1.163461E-001  8.574617E-001  5.145478E-001  0.000000E+000 -2.993280E-001  4.988114E-001  8.133818E-001  4.185238E-001 -6.974437E-001  5.817303E-001
  2.880000E+000  0.000000E+000 -1.425361E-001 -1.402977E-001  8.580494E-001  5.135671E-001  0.000000E+000 -3.602616E-001  6.019120E-001  7.126805E-001  3.660093E-001 -6.115151E-001  7.014887E-001
  2.900000E+000  0.000000E+000 -1.167190E-001 -1.624090E-001  8.646201E-001  5.024262E-001  0.000000E+000 -4.079926E-001  7.021102E-001  5.835952E-001  2.932135E-001 -5.045881E-001  8.120448E-001
  2.920000E+000  0.000000E+000 -8.555269E-002 -1.807781E-001  8.775604E-001  4.794661E-001  0.000000E+000 -4.333850E-001  7.932187E-001  4.277634E-001  2.050981E-001 -3.753882E-001  9.038907E-001
  2.940000E+000  0.000000E+000 -5.006150E-002 -1.936333E-001  8.963777E-001  4.432911E-001  0.000000E+000 -4.291795E-001  8.678428E-001  2.503075E-001  1.109591E-001 -2.243701E-001  9.681664E-001
  2.960000E+000  0.000000E+000 -1.190677E-002 -1.996453E-001  9.195129E-001  3.930597E-001  0.000000E+000 -3.923626E-001  9.178820E-001  5.953386E-002  2.340036E-002 -5.474215E-002  9.982263E-001
  2.980000E+000  0.000000E+000  2.683562E-002 -1.981914E-001  9.443844E-001  3.288437E-001  0.000000E+000 -3.258700E-001  9.358445E-001 -1.341781E-001 -4.412362E-002  1.267157E-001  9.909572E-001
  3.000000E+000  0.000000E+000  6.401137E-002 -1.894797E-001  9.677456E-001  2.519294E-001  0.000000E+000 -2.386775E-001  9.168406E-001 -3.200568E-001 -8.063175E-002  3.097336E-001  9.473983E-001
  3.020000E+000  0.000000E+000  9.774033E-002 -1.744902E-001  9.863136E-001  1.648804E-001  0.000000E+000 -1.438500E-001  8.605102E-001 -4.887016E-001 -8.057730E-002  4.820131E-001  8.724510E-001
  3.040000E+000  0.000000E+000  1.266833E-001 -1.547622E-001  9.974600E-001  7.122833E-002  0.000000E+000 -5.511728E-002  7.718458E-001 -6.334163E-001 -4.511719E-002  6.318075E-001  7.738112E-001
  3.060000E+000  0.000000E+000  1.501622E-001 -1.321034E-001  9.996836E-001 -2.515363E-002  0.000000E+000  1.661441E-002  6.603081E-001 -7.508110E-001  1.888562E-002  7.505734E-001  6.605171E-001
  3.080000E+000  0.000000E+000  1.681333E-001 -1.083106E-001  9.926813E-001 -1.207633E-001  0.000000E+000  6.539977E-002  5.375897E-001 -8.406665E-001  1.015217E-001  8.345140E-001  5.415531E-001
  3.100000E+000  0.000000E+000  1.810556E-001 -8.496393E-002  9.770541E-001 -2.129915E-001  0.000000E+000  9.048296E-002  4.150718E-001 -9.052780E-001  1.928165E-001  8.845055E-001  4.248197E-001
  3.120000E+000  0.000000E+000  1.897131E-001 -6.331622E-002  9.538426E-001 -3.003069E-001  0.000000E+000  9.507149E-002  3.019685E-001 -9.485654E-001  2.848608E-001  9.047822E-001  3.165811E-001
  3.140000E+000  0.000000E+000  1.950390E-001 -4.426941E-002  9.241069E-001 -3.821341E-001  0.000000E+000  8.458426E-002  2.045483E-001 -9.751951E-001  3.726553E-001  9.011845E-001  2.213470E-001
  3.160000E+000  0.000000E+000  1.979716E-001 -2.841191E-002  8.886666E-001 -4.585539E-001  0.000000E+000  6.514196E-002  1.262436E-001 -9.898581E-001  4.539033E-001  8.796539E-001  1.420596E-001
  3.180000E+000  0.000000E+000  1.993518E-001 -1.608863E-002  8.480202E-001 -5.299639E-001  0.000000E+000  4.263196E-002  6.821741E-002 -9.967592E-001  5.282464E-001  8.452719E-001  8.044314E-002
  3.200000E+000  0.000000E+000  1.998601E-001 -7.479397E-003  8.023977E-001 -5.967897E-001  0.000000E+000  2.231813E-002  3.000725E-002 -9.993005E-001  5.963722E-001  8.018364E-001  3.739698E-002
  3.220000E+000  0.000000E+000  1.999822E-001 -2.669319E-003  7.518935E-001 -6.592846E-001  0.000000E+000  8.799206E-003  1.003522E-002 -9.999109E-001  6.592259E-001  7.518265E-001  1.334660E-002
  3.240000E+000  0.000000E+000  1.999928E-001 -1.701310E-003  6.966301E-001 -7.174305E-001  0.000000E+000  6.102857E-003  5.925917E-003 -9.999638E-001  7.174045E-001  6.966049E-001  8.506548E-003
  3.260000E+000  0.000000E+000  1.999470E-001 -4.605946E-003  6.369168E-001 -7.709325E-001  0.000000E+000  1.775437E-002  1.466802E-002 -9.997348E-001  7.707281E-001  6.367479E-001  2.302973E-002
  3.280000E+000  0.000000E+000  1.996745E-001 -1.140619E-002  5.733692E-001 -8.192971E-001  0.000000E+000  4.672531E-002  3.269981E-002 -9.983724E-001  8.179636E-001  5.724360E-001  5.703097E-002
  3.300000E+000  0.000000E+000  1.987757E-001 -2.209556E-002  5.069606E-001 -8.619692E-001  0.000000E+000  9.522848E-002  5.600790E-002 -9.938786E-001  8.566928E-001  5.038573E-001  1.104778E-001
  3.320000E+000  0.000000E+000  1.966246E-001 -3.658923E-002  4.389831E-001 -8.984953E-001  0.000000E+000  1.643763E-001  8.031027E-002 -9.831229E-001  8.833313E-001  4.315744E-001  1.829461E-001
  3.340000E+000  0.000000E+000  1.923886E-001 -5.465018E-002  3.709153E-001 -9.286667E-001  0.000000E+000  2.537590E-001  1.013529E-001 -9.619428E-001  8.933242E-001  3.567993E-001  2.732509E-001
  3.360000E+000  0.000000E+000  1.850802E-001 -7.579796E-002  3.042176E-001 -9.526026E-001  0.000000E+000  3.610267E-001  1.152954E-001 -9.254008E-001  8.815392E-001  2.815232E-001  3.789898E-001
  3.380000E+000  0.000000E+000  1.736551E-001 -9.921653E-002  2.401019E-001 -9.707477E-001  0.000000E+000  4.815711E-001  1.191104E-001 -8.682753E-001  8.428763E-001  2.084746E-001  4.960826E-001
  3.400000E+000  0.000000E+000  1.571653E-001 -1.236895E-001  1.793284E-001 -9.837893E-001  0.000000E+000  6.084218E-001  1.109051E-001 -7.858263E-001  7.730875E-001  1.409209E-001  6.184473E-001
  3.420000E+000  0.000000E+000  1.349604E-001 -1.475997E-001  1.220712E-001 -9.925213E-001  0.000000E+000  7.324795E-001  9.008843E-002 -6.748021E-001  6.697555E-001  8.237394E-002  7.379987E-001
  3.440000E+000  0.000000E+000  1.069047E-001 -1.690307E-001  6.787578E-002 -9.976938E-001  0.000000E+000  8.432044E-001  5.736545E-002 -5.345237E-001  5.332909E-001  3.628121E-002  8.451535E-001
  3.460000E+000  0.000000E+000  7.355001E-002 -1.859849E-001  1.570112E-002 -9.998767E-001  0.000000E+000  9.298101E-001  1.460086E-002 -3.677500E-001  3.677047E-001  5.774088E-003  9.299247E-001
  3.480000E+000  0.000000E+000  3.619309E-002 -1.966979E-001 -3.596485E-002 -9.993531E-001  0.000000E+000  9.828532E-001 -3.537106E-002 -1.809655E-001  1.808484E-001 -6.508397E-003  9.834894E-001
  3.500000E+000  0.000000E+000 -3.236347E-003 -1.999738E-001 -8.893538E-002 -9.960374E-001  0.000000E+000  9.959070E-001 -8.892374E-002  1.618173E-002 -1.611761E-002  1.439129E-003  9.998691E-001
  3.520000E+000  0.000000E+000 -4.245853E-002 -1.954412E-001 -1.451081E-001 -9.894158E-001  0.000000E+000  9.668632E-001 -1.418005E-001  2.122926E-001 -2.100457E-001  3.080538E-002  9.772061E-001
  3.540000E+000  0.000000E+000 -7.922940E-002 -1.836374E-001 -2.062055E-001 -9.785087E-001  0.000000E+000  8.984541E-001 -1.893352E-001  3.961470E-001 -3.876333E-001  8.168767E-002  9.181871E-001
  3.560000E+000  0.000000E+000 -1.117165E-001 -1.658898E-001 -2.734797E-001 -9.618778E-001  0.000000E+000  7.978287E-001 -2.268375E-001  5.585823E-001 -5.372879E-001  1.527609E-001  8.294491E-001
  3.580000E+000  0.000000E+000 -1.387555E-001 -1.440379E-001 -3.474105E-001 -9.377131E-001  0.000000E+000  6.753311E-001 -2.502014E-001  6.937774E-001 -6.505642E-001  2.410256E-001  7.201895E-001
  3.600000E+000  0.000000E+000 -1.599314E-001 -1.200915E-001 -4.274546E-001 -9.040368E-001  0.000000E+000  5.428356E-001 -2.566682E-001  7.996568E-001 -7.229192E-001  3.418170E-001  6.004574E-001
  3.620000E+000  0.000000E+000 -1.754939E-001 -9.592648E-002 -5.119339E-001 -8.590248E-001  0.000000E+000  4.120161E-001 -2.455401E-001  8.774695E-001 -7.537681E-001  4.492064E-001  4.796324E-001
  3.640000E+000  0.000000E+000 -1.861686E-001 -7.308382E-002 -5.981452E-001 -8.013878E-001  0.000000E+000  2.928424E-001 -2.185737E-001  9.308431E-001 -7.459663E-001  5.567793E-001  3.654191E-001
  3.660000E+000  0.000000E+000 -1.929351E-001 -5.268820E-002 -6.827108E-001 -7.306887E-001  0.000000E+000  1.924934E-001 -1.798540E-001  9.646755E-001 -7.048774E-001  6.585944E-001  2.634410E-001
  3.680000E+000  0.000000E+000 -1.968303E-001 -3.546567E-002 -7.620919E-001 -6.474688E-001  0.000000E+000  1.148146E-001 -1.351405E-001  9.841517E-001 -6.372076E-001  7.500141E-001  1.773283E-001
  3.700000E+000  0.000000E+000 -1.988061E-001 -2.182082E-002 -8.330991E-001 -5.531238E-001  0.000000E+000  6.034807E-002 -9.089451E-002  9.940303E-001 -5.498219E-001  8.281257E-001  1.091041E-001
  3.720000E+000  0.000000E+000 -1.996435E-001 -1.193567E-002 -8.932365E-001 -4.495871E-001  0.000000E+000  2.683061E-002 -5.330687E-002  9.982177E-001 -4.487858E-001  8.916444E-001  5.967834E-002
  3.740000E+000  0.000000E+000 -1.999141E-001 -5.862405E-003 -9.407995E-001 -3.389637E-001  0.000000E+000  9.935711E-003 -2.757674E-002  9.995703E-001 -3.388180E-001  9.403952E-001  2.931202E-002
  3.760000E+000  0.000000E+000 -1.999677E-001 -3.594945E-003 -9.747589E-001 -2.232602E-001  0.000000E+000  4.013040E-003 -1.752102E-002  9.998384E-001 -2.232241E-001  9.746014E-001  1.797472E-002
  3.780000E+000  0.000000E+000 -1.999346E-001 -5.113797E-003 -9.945463E-001 -1.042955E-001  0.000000E+000  2.666731E-003 -2.542954E-002  9.996731E-001 -1.042615E-001  9.942212E-001  2.556898E-002
  3.800000E+000  0.000000E+000 -1.997292E-001 -1.040383E-002 -9.998686E-001  1.620940E-002  0.000000E+000 -8.431991E-004 -5.201231E-002  9.986461E-001  1.618746E-002  9.985149E-001  5.201914E-002
  3.820000E+000  0.000000E+000 -1.990524E-001 -1.944594E-002 -9.906497E-001  1.364301E-001  0.000000E+000 -1.326505E-002 -9.632055E-002  9.952620E-001  1.357837E-001  9.859560E-001  9.722968E-002
  3.840000E+000  0.000000E+000 -1.973936E-001 -3.218310E-002 -9.671436E-001  2.542308E-001  0.000000E+000 -4.090967E-002 -1.556284E-001  9.869682E-001  2.509177E-001  9.545399E-001  1.609155E-001
  3.860000E+000  0.000000E+000 -1.940400E-001 -4.846108E-002 -9.301934E-001  3.670698E-001  0.000000E+000 -8.894300E-002 -2.253909E-001  9.702000E-001  3.561312E-001  9.024736E-001  2.423054E-001
  3.880000E+000  0.000000E+000 -1.881045E-001 -6.794621E-002 -8.815389E-001  4.721113E-001  0.000000E+000 -1.603909E-001 -2.994862E-001  9.405226E-001  4.440314E-001  8.291073E-001  3.397311E-001
  3.900000E+000  0.000000E+000 -1.785908E-001 -9.002963E-002 -8.240179E-001  5.665638E-001  0.000000E+000 -2.550377E-001 -3.709301E-001  8.929539E-001  5.059153E-001  7.358100E-001  4.501482E-001
  3.920000E+000  0.000000E+000 -1.645097E-001 -1.137390E-001 -7.615082E-001  6.481553E-001  0.000000E+000 -3.686027E-001 -4.330659E-001  8.225485E-001  5.331391E-001  6.263774E-001  5.686950E-001
  3.940000E+000  0.000000E+000 -1.450541E-001 -1.376928E-001 -6.985551E-001  7.155562E-001  0.000000E+000 -4.926346E-001 -4.809300E-001  7.252706E-001  5.189719E-001  5.066415E-001  6.884639E-001
  3.960000E+000  0.000000E+000 -1.198137E-001 -1.601395E-001 -6.397790E-001  7.685590E-001  0.000000E+000 -6.153834E-001 -5.122696E-001  5.990686E-001  4.604195E-001  3.832715E-001  8.006977E-001
  3.980000E+000  0.000000E+000 -8.898200E-002 -1.791151E-001 -5.892726E-001  8.079343E-001  0.000000E+000 -7.235660E-001 -5.277380E-001  4.449100E-001  3.594580E-001  2.621733E-001  8.955753E-001
