% FILE: chaotic/Data.2
%
%       t         P_No_Ao[1]     P_No_Ao[2]     P_No_Ao[3]      N_A[1,1]       N_A[1,2]       N_A[1,3]       N_A[2,1]       N_A[2,2]       N_A[2,3]       N_A[3,1]       N_A[3,2]       N_A[3,3]
%   (second)        (meter)        (meter)        (meter)       (NoUnits)      (NoUnits)      (NoUnits)      (NoUnits)      (NoUnits)      (NoUnits)      (NoUnits)      (NoUnits)      (NoUnits)

  0.000000E+000  0.000000E+000  7.500000E-002  0.000000E+000  1.000000E+000  0.000000E+000  0.000000E+000  0.000000E+000  0.000000E+000 -1.000000E+000  0.000000E+000  1.000000E+000  0.000000E+000
  2.000000E-002  0.000000E+000  7.499666E-002 -7.082220E-004  1.000000E+000  0.000000E+000  0.000000E+000  0.000000E+000  9.442960E-003 -9.999554E-001  0.000000E+000  9.999554E-001  9.442960E-003
  4.000000E-002  0.000000E+000  7.494651E-002 -2.832130E-003  1.000000E+000  0.000000E+000  0.000000E+000  0.000000E+000  3.776174E-002 -9.992868E-001  0.000000E+000  9.992868E-001  3.776174E-002
  6.000000E-002  0.000000E+000  7.472943E-002 -6.364913E-003  1.000000E+000  0.000000E+000  0.000000E+000  0.000000E+000  8.486550E-002 -9.963924E-001  0.000000E+000  9.963924E-001  8.486550E-002
  8.000000E-002  0.000000E+000  7.414687E-002 -1.128017E-002  1.000000E+000  0.000000E+000  0.000000E+000  0.000000E+000  1.504023E-001 -9.886249E-001  0.000000E+000  9.886249E-001  1.504023E-001
  1.000000E-001  0.000000E+000  7.292737E-002 -1.750996E-002  1.000000E+000  0.000000E+000  0.000000E+000  0.000000E+000  2.334662E-001 -9.723649E-001  0.000000E+000  9.723649E-001  2.334662E-001
  1.200000E-001  0.000000E+000  7.074029E-002 -2.491609E-002  1.000000E+000  0.000000E+000  0.000000E+000  0.000000E+000  3.322145E-001 -9.432038E-001  0.000000E+000  9.432038E-001  3.322145E-001
  1.400000E-001  0.000000E+000  6.722238E-002 -3.325886E-002  1.000000E+000  0.000000E+000  0.000000E+000  0.000000E+000  4.434514E-001 -8.962984E-001  0.000000E+000  8.962984E-001  4.434514E-001
  1.600000E-001  0.000000E+000  6.202132E-002 -4.217056E-002  1.000000E+000  0.000000E+000  0.000000E+000  0.000000E+000  5.622742E-001 -8.269509E-001  0.000000E+000  8.269509E-001  5.622742E-001
  1.800000E-001  0.000000E+000  5.485635E-002 -5.114471E-002  1.000000E+000  0.000000E+000  0.000000E+000  0.000000E+000  6.819294E-001 -7.314180E-001  0.000000E+000  7.314180E-001  6.819294E-001
  2.000000E-001  0.000000E+000  4.558968E-002 -5.955318E-002  1.000000E+000  0.000000E+000  0.000000E+000  0.000000E+000  7.940424E-001 -6.078624E-001  0.000000E+000  6.078624E-001  7.940424E-001
  2.200000E-001  0.000000E+000  3.429340E-002 -6.670055E-002  1.000000E+000  0.000000E+000  0.000000E+000  0.000000E+000  8.893406E-001 -4.572453E-001  0.000000E+000  4.572453E-001  8.893406E-001
  2.400000E-001  0.000000E+000  2.129008E-002 -7.191476E-002  1.000000E+000  0.000000E+000  0.000000E+000  0.000000E+000  9.588634E-001 -2.838678E-001  0.000000E+000  2.838678E-001  9.588634E-001
  2.600000E-001  0.000000E+000  7.145528E-003 -7.465883E-002  1.000000E+000  0.000000E+000  0.000000E+000  0.000000E+000  9.954511E-001 -9.527370E-002  0.000000E+000  9.527370E-002  9.954511E-001
  2.800000E-001  0.000000E+000 -7.396414E-003 -7.463440E-002  1.000000E+000  0.000000E+000  0.000000E+000  0.000000E+000  9.951253E-001  9.861885E-002  0.000000E+000 -9.861885E-002  9.951253E-001
  3.000000E-001  0.000000E+000 -2.152714E-002 -7.184415E-002  1.000000E+000  0.000000E+000  0.000000E+000  0.000000E+000  9.579220E-001  2.870285E-001  0.000000E+000 -2.870285E-001  9.579220E-001
  3.200000E-001  0.000000E+000 -3.450504E-002 -6.659131E-002  1.000000E+000  0.000000E+000  0.000000E+000  0.000000E+000  8.878841E-001  4.600672E-001  0.000000E+000 -4.600672E-001  8.878841E-001
  3.400000E-001  0.000000E+000 -4.576813E-002 -5.941614E-002  1.000000E+000  0.000000E+000  0.000000E+000  0.000000E+000  7.922152E-001  6.102418E-001  0.000000E+000 -6.102418E-001  7.922152E-001
  3.600000E-001  0.000000E+000 -5.499829E-002 -5.099204E-002  1.000000E+000  0.000000E+000  0.000000E+000  0.000000E+000  6.798939E-001  7.333105E-001  0.000000E+000 -7.333105E-001  6.798939E-001
  3.800000E-001  0.000000E+000 -6.212752E-002 -4.201394E-002  1.000000E+000  0.000000E+000  0.000000E+000  0.000000E+000  5.601859E-001  8.283669E-001  0.000000E+000 -8.283669E-001  5.601859E-001
  4.000000E-001  0.000000E+000 -6.729671E-002 -3.310820E-002  1.000000E+000  0.000000E+000  0.000000E+000  0.000000E+000  4.414427E-001  8.972895E-001  0.000000E+000 -8.972895E-001  4.414427E-001
  4.200000E-001  0.000000E+000 -7.078844E-002 -2.477895E-002  1.000000E+000  0.000000E+000  0.000000E+000  0.000000E+000  3.303860E-001  9.438459E-001  0.000000E+000 -9.438459E-001  3.303860E-001
  4.400000E-001  0.000000E+000 -7.295571E-002 -1.739152E-002  1.000000E+000  0.000000E+000  0.000000E+000  0.000000E+000  2.318869E-001  9.727427E-001  0.000000E+000 -9.727427E-001  2.318869E-001
  4.600000E-001  0.000000E+000 -7.416149E-002 -1.118359E-002  1.000000E+000  0.000000E+000  0.000000E+000  0.000000E+000  1.491146E-001  9.888199E-001  0.000000E+000 -9.888199E-001  1.491146E-001
  4.800000E-001  0.000000E+000 -7.473562E-002 -6.291875E-003  1.000000E+000  0.000000E+000  0.000000E+000  0.000000E+000  8.389167E-002  9.964749E-001  0.000000E+000 -9.964749E-001  8.389167E-002
  5.000000E-001  0.000000E+000 -7.494833E-002 -2.783369E-003  1.000000E+000  0.000000E+000  0.000000E+000  0.000000E+000  3.711158E-002  9.993111E-001  0.000000E+000 -9.993111E-001  3.711158E-002
  5.200000E-001  0.000000E+000 -7.499688E-002 -6.839684E-004  1.000000E+000  0.000000E+000  0.000000E+000  0.000000E+000  9.119579E-003  9.999584E-001  0.000000E+000 -9.999584E-001  9.119579E-003
  5.400000E-001  0.000000E+000 -7.500000E-002 -2.941850E-007  1.000000E+000  0.000000E+000  0.000000E+000  0.000000E+000  3.922467E-006  1.000000E+000  0.000000E+000 -1.000000E+000  3.922467E-006
  5.600000E-001  0.000000E+000 -7.499642E-002 -7.330674E-004  1.000000E+000  0.000000E+000  0.000000E+000  0.000000E+000  9.774232E-003  9.999522E-001  0.000000E+000 -9.999522E-001  9.774232E-003
  5.800000E-001  0.000000E+000 -7.494463E-002 -2.881493E-003  1.000000E+000  0.000000E+000  0.000000E+000  0.000000E+000  3.841990E-002  9.992617E-001  0.000000E+000 -9.992617E-001  3.841990E-002
  6.000000E-001  0.000000E+000 -7.472312E-002 -6.438562E-003  1.000000E+000  0.000000E+000  0.000000E+000  0.000000E+000  8.584749E-002  9.963083E-001  0.000000E+000 -9.963083E-001  8.584749E-002
  6.200000E-001  0.000000E+000 -7.413201E-002 -1.137737E-002  1.000000E+000  0.000000E+000  0.000000E+000  0.000000E+000  1.516983E-001  9.884268E-001  0.000000E+000 -9.884268E-001  1.516983E-001
  6.400000E-001  0.000000E+000 -7.289868E-002 -1.762901E-002  1.000000E+000  0.000000E+000  0.000000E+000  0.000000E+000  2.350535E-001  9.719824E-001  0.000000E+000 -9.719824E-001  2.350535E-001
  6.600000E-001  0.000000E+000 -7.069163E-002 -2.505380E-002  1.000000E+000  0.000000E+000  0.000000E+000  0.000000E+000  3.340507E-001  9.425551E-001  0.000000E+000 -9.425551E-001  3.340507E-001
  6.800000E-001  0.000000E+000 -6.714738E-002 -3.341001E-002  1.000000E+000  0.000000E+000  0.000000E+000  0.000000E+000  4.454669E-001  8.952984E-001  0.000000E+000 -8.952984E-001  4.454669E-001
  7.000000E-001  0.000000E+000 -6.191427E-002 -4.232756E-002  1.000000E+000  0.000000E+000  0.000000E+000  0.000000E+000  5.643675E-001  8.255237E-001  0.000000E+000 -8.255237E-001  5.643675E-001
  7.200000E-001  0.000000E+000 -5.471342E-002 -5.129758E-002  1.000000E+000  0.000000E+000  0.000000E+000  0.000000E+000  6.839678E-001  7.295122E-001  0.000000E+000 -7.295122E-001  6.839678E-001
  7.400000E-001  0.000000E+000 -4.541013E-002 -5.969020E-002  1.000000E+000  0.000000E+000  0.000000E+000  0.000000E+000  7.958693E-001  6.054684E-001  0.000000E+000 -6.054684E-001  7.958693E-001
  7.600000E-001  0.000000E+000 -3.408063E-002 -6.680951E-002  1.000000E+000  0.000000E+000  0.000000E+000  0.000000E+000  8.907935E-001  4.544084E-001  0.000000E+000 -4.544084E-001  8.907935E-001
  7.800000E-001  0.000000E+000 -2.105195E-002 -7.198483E-002  1.000000E+000  0.000000E+000  0.000000E+000  0.000000E+000  9.597977E-001  2.806927E-001  0.000000E+000 -2.806927E-001  9.597977E-001
  8.000000E-001  0.000000E+000 -6.893756E-003 -7.468250E-002  1.000000E+000  0.000000E+000  0.000000E+000  0.000000E+000  9.957667E-001  9.191675E-002  0.000000E+000 -9.191675E-002  9.957667E-001
  8.200000E-001  0.000000E+000  7.647922E-003 -7.460904E-002  1.000000E+000  0.000000E+000  0.000000E+000  0.000000E+000  9.947872E-001 -1.019723E-001  0.000000E+000  1.019723E-001  9.947872E-001
  8.400000E-001  0.000000E+000  2.176452E-002 -7.177260E-002  1.000000E+000  0.000000E+000  0.000000E+000  0.000000E+000  9.569680E-001 -2.901936E-001  0.000000E+000  2.901936E-001  9.569680E-001
  8.600000E-001  0.000000E+000  3.471671E-002 -6.648120E-002  1.000000E+000  0.000000E+000  0.000000E+000  0.000000E+000  8.864160E-001 -4.628895E-001  0.000000E+000  4.628895E-001  8.864160E-001
  8.800000E-001  0.000000E+000  4.594639E-002 -5.927841E-002  1.000000E+000  0.000000E+000  0.000000E+000  0.000000E+000  7.903788E-001 -6.126185E-001  0.000000E+000  6.126185E-001  7.903788E-001
  9.000000E-001  0.000000E+000  5.513989E-002 -5.083889E-002  1.000000E+000  0.000000E+000  0.000000E+000  0.000000E+000  6.778518E-001 -7.351985E-001  0.000000E+000  7.351985E-001  6.778518E-001
  9.200000E-001  0.000000E+000  6.223332E-002 -4.185706E-002  1.000000E+000  0.000000E+000  0.000000E+000  0.000000E+000  5.580942E-001 -8.297776E-001  0.000000E+000  8.297776E-001  5.580942E-001
  9.400000E-001  0.000000E+000  6.737065E-002 -3.295749E-002  1.000000E+000  0.000000E+000  0.000000E+000  0.000000E+000  4.394332E-001 -8.982753E-001  0.000000E+000  8.982753E-001  4.394332E-001
  9.600000E-001  0.000000E+000  7.083626E-002 -2.464192E-002  1.000000E+000  0.000000E+000  0.000000E+000  0.000000E+000  3.285590E-001 -9.444835E-001  0.000000E+000  9.444835E-001  3.285590E-001
  9.800000E-001  0.000000E+000  7.298378E-002 -1.727332E-002  1.000000E+000  0.000000E+000  0.000000E+000  0.000000E+000  2.303109E-001 -9.731171E-001  0.000000E+000  9.731171E-001  2.303109E-001
  1.000000E+000  0.000000E+000  7.417594E-002 -1.108735E-002  1.000000E+000  0.000000E+000  0.000000E+000  0.000000E+000  1.478314E-001 -9.890126E-001  0.000000E+000  9.890126E-001  1.478314E-001
  1.020000E+000  0.000000E+000  7.474169E-002 -6.219263E-003  1.000000E+000  0.000000E+000  0.000000E+000  0.000000E+000  8.292350E-002 -9.965559E-001  0.000000E+000  9.965559E-001  8.292350E-002
  1.040000E+000  0.000000E+000  7.495011E-002 -2.735114E-003  1.000000E+000  0.000000E+000  0.000000E+000  0.000000E+000  3.646818E-002 -9.993348E-001  0.000000E+000  9.993348E-001  3.646818E-002
  1.060000E+000  0.000000E+000  7.499709E-002 -6.603115E-004  1.000000E+000  0.000000E+000  0.000000E+000  0.000000E+000  8.804153E-003 -9.999612E-001  0.000000E+000  9.999612E-001  8.804153E-003
  1.080000E+000  0.000000E+000  7.500000E-002 -1.295676E-006  1.000000E+000  0.000000E+000  0.000000E+000  0.000000E+000  1.727569E-005 -1.000000E+000  0.000000E+000  1.000000E+000  1.727569E-005
  1.100000E+000  0.000000E+000  7.499616E-002 -7.587615E-004  1.000000E+000  0.000000E+000  0.000000E+000  0.000000E+000  1.011682E-002 -9.999488E-001  0.000000E+000  9.999488E-001  1.011682E-002
  1.120000E+000  0.000000E+000  7.494267E-002 -2.931884E-003  1.000000E+000  0.000000E+000  0.000000E+000  0.000000E+000  3.909179E-002 -9.992356E-001  0.000000E+000  9.992356E-001  3.909179E-002
  1.140000E+000  0.000000E+000  7.471663E-002 -6.513464E-003  1.000000E+000  0.000000E+000  0.000000E+000  0.000000E+000  8.684619E-002 -9.962217E-001  0.000000E+000  9.962217E-001  8.684619E-002
  1.160000E+000  0.000000E+000  7.411680E-002 -1.147609E-002  1.000000E+000  0.000000E+000  0.000000E+000  0.000000E+000  1.530145E-001 -9.882239E-001  0.000000E+000  9.882239E-001  1.530145E-001
  1.180000E+000  0.000000E+000  7.286935E-002 -1.774988E-002  1.000000E+000  0.000000E+000  0.000000E+000  0.000000E+000  2.366651E-001 -9.715913E-001  0.000000E+000  9.715913E-001  2.366651E-001
  1.200000E+000  0.000000E+000  7.064192E-002 -2.519363E-002  1.000000E+000  0.000000E+000  0.000000E+000  0.000000E+000  3.359151E-001 -9.418923E-001  0.000000E+000  9.418923E-001  3.359151E-001
  1.220000E+000  0.000000E+000  6.707077E-002 -3.356354E-002  1.000000E+000  0.000000E+000  0.000000E+000  0.000000E+000  4.475139E-001 -8.942770E-001  0.000000E+000  8.942770E-001  4.475139E-001
  1.240000E+000  0.000000E+000  6.180492E-002 -4.248707E-002  1.000000E+000  0.000000E+000  0.000000E+000  0.000000E+000  5.664943E-001 -8.240657E-001  0.000000E+000  8.240657E-001  5.664943E-001
  1.260000E+000  0.000000E+000  5.456738E-002 -5.145290E-002  1.000000E+000  0.000000E+000  0.000000E+000  0.000000E+000  6.860387E-001 -7.275650E-001  0.000000E+000  7.275650E-001  6.860387E-001
  1.280000E+000  0.000000E+000  4.522666E-002 -5.982934E-002  1.000000E+000  0.000000E+000  0.000000E+000  0.000000E+000  7.977245E-001 -6.030221E-001  0.000000E+000  6.030221E-001  7.977245E-001
  1.300000E+000  0.000000E+000  3.386323E-002 -6.691996E-002  1.000000E+000  0.000000E+000  0.000000E+000  0.000000E+000  8.922662E-001 -4.515098E-001  0.000000E+000  4.515098E-001  8.922662E-001
  1.320000E+000  0.000000E+000  2.080876E-002 -7.205550E-002  1.000000E+000  0.000000E+000  0.000000E+000  0.000000E+000  9.607400E-001 -2.774502E-001  0.000000E+000  2.774502E-001  9.607400E-001
  1.340000E+000  0.000000E+000  6.636845E-003 -7.470577E-002  1.000000E+000  0.000000E+000  0.000000E+000  0.000000E+000  9.960770E-001 -8.849127E-002  0.000000E+000  8.849127E-002  9.960770E-001
  1.360000E+000  0.000000E+000 -7.904232E-003 -7.458232E-002  1.000000E+000  0.000000E+000  0.000000E+000  0.000000E+000  9.944310E-001  1.053898E-001  0.000000E+000 -1.053898E-001  9.944310E-001
  1.380000E+000  0.000000E+000 -2.200601E-002 -7.169892E-002  1.000000E+000  0.000000E+000  0.000000E+000  0.000000E+000  9.559856E-001  2.934135E-001  0.000000E+000 -2.934135E-001  9.559856E-001
  1.400000E+000  0.000000E+000 -3.493159E-002 -6.636855E-002  1.000000E+000  0.000000E+000  0.000000E+000  0.000000E+000  8.849139E-001  4.657546E-001  0.000000E+000 -4.657546E-001  8.849139E-001
  1.420000E+000  0.000000E+000 -4.612690E-002 -5.913805E-002  1.000000E+000  0.000000E+000  0.000000E+000  0.000000E+000  7.885073E-001  6.150254E-001  0.000000E+000 -6.150254E-001  7.885073E-001
  1.440000E+000  0.000000E+000 -5.528290E-002 -5.068333E-002  1.000000E+000  0.000000E+000  0.000000E+000  0.000000E+000  6.757778E-001  7.371054E-001  0.000000E+000 -7.371054E-001  6.757778E-001
  1.460000E+000  0.000000E+000 -6.233988E-002 -4.169820E-002  1.000000E+000  0.000000E+000  0.000000E+000  0.000000E+000  5.559760E-001  8.311984E-001  0.000000E+000 -8.311984E-001  5.559760E-001
  1.480000E+000  0.000000E+000 -6.744488E-002 -3.280530E-002  1.000000E+000  0.000000E+000  0.000000E+000  0.000000E+000  4.374040E-001  8.992651E-001  0.000000E+000 -8.992651E-001  4.374040E-001
  1.500000E+000  0.000000E+000 -7.088411E-002 -2.450395E-002  1.000000E+000  0.000000E+000  0.000000E+000  0.000000E+000  3.267193E-001  9.451214E-001  0.000000E+000 -9.451214E-001  3.267193E-001
  1.520000E+000  0.000000E+000 -7.301176E-002 -1.715468E-002  1.000000E+000  0.000000E+000  0.000000E+000  0.000000E+000  2.287290E-001  9.734901E-001  0.000000E+000 -9.734901E-001  2.287290E-001
  1.540000E+000  0.000000E+000 -7.419026E-002 -1.099115E-002  1.000000E+000  0.000000E+000  0.000000E+000  0.000000E+000  1.465487E-001  9.892035E-001  0.000000E+000 -9.892035E-001  1.465487E-001
  1.560000E+000  0.000000E+000 -7.474766E-002 -6.147153E-003  1.000000E+000  0.000000E+000  0.000000E+000  0.000000E+000  8.196203E-002  9.966355E-001  0.000000E+000 -9.966355E-001  8.196203E-002
  1.580000E+000  0.000000E+000 -7.495182E-002 -2.687843E-003  1.000000E+000  0.000000E+000  0.000000E+000  0.000000E+000  3.583791E-002  9.993576E-001  0.000000E+000 -9.993576E-001  3.583791E-002
  1.600000E+000  0.000000E+000 -7.499728E-002 -6.381838E-004  1.000000E+000  0.000000E+000  0.000000E+000  0.000000E+000  8.509117E-003  9.999638E-001  0.000000E+000 -9.999638E-001  8.509117E-003
  1.620000E+000  0.000000E+000 -7.500000E-002 -4.482055E-006  1.000000E+000  0.000000E+000  0.000000E+000  0.000000E+000  5.976073E-005  1.000000E+000  0.000000E+000 -1.000000E+000  5.976073E-005
  1.640000E+000  0.000000E+000 -7.499587E-002 -7.874620E-004  1.000000E+000  0.000000E+000  0.000000E+000  0.000000E+000  1.049949E-002  9.999449E-001  0.000000E+000 -9.999449E-001  1.049949E-002
  1.660000E+000  0.000000E+000 -7.494052E-002 -2.986325E-003  1.000000E+000  0.000000E+000  0.000000E+000  0.000000E+000  3.981767E-002  9.992070E-001  0.000000E+000 -9.992070E-001  3.981767E-002
  1.680000E+000  0.000000E+000 -7.470959E-002 -6.593729E-003  1.000000E+000  0.000000E+000  0.000000E+000  0.000000E+000  8.791638E-002  9.961279E-001  0.000000E+000 -9.961279E-001  8.791638E-002
  1.700000E+000  0.000000E+000 -7.410035E-002 -1.158178E-002  1.000000E+000  0.000000E+000  0.000000E+000  0.000000E+000  1.544237E-001  9.880047E-001  0.000000E+000 -9.880047E-001  1.544237E-001
  1.720000E+000  0.000000E+000 -7.283763E-002 -1.787959E-002  1.000000E+000  0.000000E+000  0.000000E+000  0.000000E+000  2.383946E-001  9.711684E-001  0.000000E+000 -9.711684E-001  2.383946E-001
  1.740000E+000  0.000000E+000 -7.058799E-002 -2.534434E-002  1.000000E+000  0.000000E+000  0.000000E+000  0.000000E+000  3.379245E-001  9.411732E-001  0.000000E+000 -9.411732E-001  3.379245E-001
  1.760000E+000  0.000000E+000 -6.698727E-002 -3.372990E-002  1.000000E+000  0.000000E+000  0.000000E+000  0.000000E+000  4.497319E-001  8.931636E-001  0.000000E+000 -8.931636E-001  4.497319E-001
  1.780000E+000  0.000000E+000 -6.168508E-002 -4.266089E-002  1.000000E+000  0.000000E+000  0.000000E+000  0.000000E+000  5.688118E-001  8.224677E-001  0.000000E+000 -8.224677E-001  5.688118E-001
  1.800000E+000  0.000000E+000 -5.440643E-002 -5.162306E-002  1.000000E+000  0.000000E+000  0.000000E+000  0.000000E+000  6.883075E-001  7.254190E-001  0.000000E+000 -7.254190E-001  6.883075E-001
  1.820000E+000  0.000000E+000 -4.502345E-002 -5.998241E-002  1.000000E+000  0.000000E+000  0.000000E+000  0.000000E+000  7.997654E-001  6.003126E-001  0.000000E+000 -6.003126E-001  7.997654E-001
  1.840000E+000  0.000000E+000 -3.362156E-002 -6.704171E-002  1.000000E+000  0.000000E+000  0.000000E+000  0.000000E+000  8.938895E-001  4.482874E-001  0.000000E+000 -4.482874E-001  8.938895E-001
  1.860000E+000  0.000000E+000 -2.053789E-002 -7.213318E-002  1.000000E+000  0.000000E+000  0.000000E+000  0.000000E+000  9.617757E-001  2.738386E-001  0.000000E+000 -2.738386E-001  9.617757E-001
  1.880000E+000  0.000000E+000 -6.350764E-003 -7.473063E-002  1.000000E+000  0.000000E+000  0.000000E+000  0.000000E+000  9.964085E-001  8.467685E-002  0.000000E+000 -8.467685E-002  9.964085E-001
  1.900000E+000  0.000000E+000  8.188908E-003 -7.455160E-002  1.000000E+000  0.000000E+000  0.000000E+000  0.000000E+000  9.940214E-001 -1.091854E-001  0.000000E+000  1.091854E-001  9.940214E-001
  1.920000E+000  0.000000E+000  2.227293E-002 -7.161645E-002  1.000000E+000  0.000000E+000  0.000000E+000  0.000000E+000  9.548861E-001 -2.969724E-001  0.000000E+000  2.969724E-001  9.548861E-001
  1.940000E+000  0.000000E+000  3.516747E-002 -6.624386E-002  1.000000E+000  0.000000E+000  0.000000E+000  0.000000E+000  8.832514E-001 -4.688997E-001  0.000000E+000  4.688997E-001  8.832514E-001
  1.960000E+000  0.000000E+000  4.632340E-002 -5.898426E-002  1.000000E+000  0.000000E+000  0.000000E+000  0.000000E+000  7.864568E-001 -6.176453E-001  0.000000E+000  6.176453E-001  7.864568E-001
  1.980000E+000  0.000000E+000  5.543710E-002 -5.051463E-002  1.000000E+000  0.000000E+000  0.000000E+000  0.000000E+000  6.735285E-001 -7.391613E-001  0.000000E+000  7.391613E-001  6.735285E-001
  2.000000E+000  0.000000E+000  6.245358E-002 -4.152771E-002  1.000000E+000  0.000000E+000  0.000000E+000  0.000000E+000  5.537028E-001 -8.327144E-001  0.000000E+000  8.327144E-001  5.537028E-001
  2.020000E+000  0.000000E+000  6.752323E-002 -3.264374E-002  1.000000E+000  0.000000E+000  0.000000E+000  0.000000E+000  4.352498E-001 -9.003097E-001  0.000000E+000  9.003097E-001  4.352498E-001
  2.040000E+000  0.000000E+000  7.093399E-002 -2.435916E-002  1.000000E+000  0.000000E+000  0.000000E+000  0.000000E+000  3.247888E-001 -9.457866E-001  0.000000E+000  9.457866E-001  3.247888E-001
  2.060000E+000  0.000000E+000  7.304051E-002 -1.703184E-002  1.000000E+000  0.000000E+000  0.000000E+000  0.000000E+000  2.270912E-001 -9.738735E-001  0.000000E+000  9.738735E-001  2.270912E-001
  2.080000E+000  0.000000E+000  7.420468E-002 -1.089334E-002  1.000000E+000  0.000000E+000  0.000000E+000  0.000000E+000  1.452446E-001 -9.893958E-001  0.000000E+000  9.893958E-001  1.452446E-001
  2.100000E+000  0.000000E+000  7.475347E-002 -6.076038E-003  1.000000E+000  0.000000E+000  0.000000E+000  0.000000E+000  8.101384E-002 -9.967130E-001  0.000000E+000  9.967130E-001  8.101384E-002
  2.120000E+000  0.000000E+000  7.495337E-002 -2.644341E-003  1.000000E+000  0.000000E+000  0.000000E+000  0.000000E+000  3.525788E-002 -9.993782E-001  0.000000E+000  9.993782E-001  3.525788E-002
  2.140000E+000  0.000000E+000  7.499741E-002 -6.229757E-004  1.000000E+000  0.000000E+000  0.000000E+000  0.000000E+000  8.306342E-003 -9.999655E-001  0.000000E+000  9.999655E-001  8.306342E-003
  2.160000E+000  0.000000E+000  7.500000E-002 -1.838672E-005  1.000000E+000  0.000000E+000  0.000000E+000  0.000000E+000  2.451562E-004 -1.000000E+000  0.000000E+000  1.000000E+000  2.451562E-004
  2.180000E+000  0.000000E+000  7.499539E-002 -8.316322E-004  1.000000E+000  0.000000E+000  0.000000E+000  0.000000E+000  1.108843E-002 -9.999385E-001  0.000000E+000  9.999385E-001  1.108843E-002
  2.200000E+000  0.000000E+000  7.493746E-002 -3.062263E-003  1.000000E+000  0.000000E+000  0.000000E+000  0.000000E+000  4.083017E-002 -9.991661E-001  0.000000E+000  9.991661E-001  4.083017E-002
  2.220000E+000  0.000000E+000  7.469986E-002 -6.703083E-003  1.000000E+000  0.000000E+000  0.000000E+000  0.000000E+000  8.937444E-002 -9.959981E-001  0.000000E+000  9.959981E-001  8.937444E-002
  2.240000E+000  0.000000E+000  7.407769E-002 -1.172588E-002  1.000000E+000  0.000000E+000  0.000000E+000  0.000000E+000  1.563450E-001 -9.877025E-001  0.000000E+000  9.877025E-001  1.563450E-001
  2.260000E+000  0.000000E+000  7.279344E-002 -1.805865E-002  1.000000E+000  0.000000E+000  0.000000E+000  0.000000E+000  2.407820E-001 -9.705792E-001  0.000000E+000  9.705792E-001  2.407820E-001
  2.280000E+000  0.000000E+000  7.051152E-002 -2.555631E-002  1.000000E+000  0.000000E+000  0.000000E+000  0.000000E+000  3.407508E-001 -9.401536E-001  0.000000E+000  9.401536E-001  3.407508E-001
  2.300000E+000  0.000000E+000  6.686629E-002 -3.396910E-002  1.000000E+000  0.000000E+000  0.000000E+000  0.000000E+000  4.529213E-001 -8.915505E-001  0.000000E+000  8.915505E-001  4.529213E-001
  2.320000E+000  0.000000E+000  6.150741E-002 -4.291664E-002  1.000000E+000  0.000000E+000  0.000000E+000  0.000000E+000  5.722219E-001 -8.200988E-001  0.000000E+000  8.200988E-001  5.722219E-001
  2.340000E+000  0.000000E+000  5.416248E-002 -5.187895E-002  1.000000E+000  0.000000E+000  0.000000E+000  0.000000E+000  6.917193E-001 -7.221664E-001  0.000000E+000  7.221664E-001  6.917193E-001
  2.360000E+000  0.000000E+000  4.470940E-002 -6.021685E-002  1.000000E+000  0.000000E+000  0.000000E+000  0.000000E+000  8.028914E-001 -5.961254E-001  0.000000E+000  5.961254E-001  8.028914E-001
  2.380000E+000  0.000000E+000  3.324242E-002 -6.723051E-002  1.000000E+000  0.000000E+000  0.000000E+000  0.000000E+000  8.964068E-001 -4.432322E-001  0.000000E+000  4.432322E-001  8.964068E-001
  2.400000E+000  0.000000E+000  2.010904E-002 -7.225390E-002  1.000000E+000  0.000000E+000  0.000000E+000  0.000000E+000  9.633854E-001 -2.681206E-001  0.000000E+000  2.681206E-001  9.633854E-001
  2.420000E+000  0.000000E+000  5.896832E-003 -7.476782E-002  1.000000E+000  0.000000E+000  0.000000E+000  0.000000E+000  9.969043E-001 -7.862442E-002  0.000000E+000  7.862442E-002  9.969043E-001
  2.440000E+000  0.000000E+000 -8.638200E-003 -7.450088E-002  1.000000E+000  0.000000E+000  0.000000E+000  0.000000E+000  9.933451E-001  1.151760E-001  0.000000E+000 -1.151760E-001  9.933451E-001
  2.460000E+000  0.000000E+000 -2.268877E-002 -7.148580E-002  1.000000E+000  0.000000E+000  0.000000E+000  0.000000E+000  9.531440E-001  3.025169E-001  0.000000E+000 -3.025169E-001  9.531440E-001
  2.480000E+000  0.000000E+000 -3.552762E-002 -6.605141E-002  1.000000E+000  0.000000E+000  0.000000E+000  0.000000E+000  8.806854E-001  4.737015E-001  0.000000E+000 -4.737015E-001  8.806854E-001
  2.500000E+000  0.000000E+000 -4.661554E-002 -5.875365E-002  1.000000E+000  0.000000E+000  0.000000E+000  0.000000E+000  7.833820E-001  6.215405E-001  0.000000E+000 -6.215405E-001  7.833820E-001
  2.520000E+000  0.000000E+000 -5.565912E-002 -5.026989E-002  1.000000E+000  0.000000E+000  0.000000E+000  0.000000E+000  6.702652E-001  7.421216E-001  0.000000E+000 -7.421216E-001  6.702652E-001
  2.540000E+000  0.000000E+000 -6.261140E-002 -4.128938E-002  1.000000E+000  0.000000E+000  0.000000E+000  0.000000E+000  5.505250E-001  8.348187E-001  0.000000E+000 -8.348187E-001  5.505250E-001
  2.560000E+000  0.000000E+000 -6.762756E-002 -3.242705E-002  1.000000E+000  0.000000E+000  0.000000E+000  0.000000E+000  4.323607E-001  9.017007E-001  0.000000E+000 -9.017007E-001  4.323607E-001
  2.580000E+000  0.000000E+000 -7.099729E-002 -2.417406E-002  1.000000E+000  0.000000E+000  0.000000E+000  0.000000E+000  3.223208E-001  9.466305E-001  0.000000E+000 -9.466305E-001  3.223208E-001
  2.600000E+000  0.000000E+000 -7.307481E-002 -1.688407E-002  1.000000E+000  0.000000E+000  0.000000E+000  0.000000E+000  2.251209E-001  9.743308E-001  0.000000E+000 -9.743308E-001  2.251209E-001
  2.620000E+000  0.000000E+000 -7.422037E-002 -1.078597E-002  1.000000E+000  0.000000E+000  0.000000E+000  0.000000E+000  1.438129E-001  9.896049E-001  0.000000E+000 -9.896049E-001  1.438129E-001
  2.640000E+000  0.000000E+000 -7.475874E-002 -6.010930E-003  1.000000E+000  0.000000E+000  0.000000E+000  0.000000E+000  8.014574E-002  9.967832E-001  0.000000E+000 -9.967832E-001  8.014574E-002
  2.660000E+000  0.000000E+000 -7.495411E-002 -2.623373E-003  1.000000E+000  0.000000E+000  0.000000E+000  0.000000E+000  3.497830E-002  9.993881E-001  0.000000E+000 -9.993881E-001  3.497830E-002
  2.680000E+000  0.000000E+000 -7.499719E-002 -6.489637E-004  1.000000E+000  0.000000E+000  0.000000E+000  0.000000E+000  8.652849E-003  9.999626E-001  0.000000E+000 -9.999626E-001  8.652849E-003
  2.700000E+000  0.000000E+000 -7.499994E-002 -9.575038E-005  1.000000E+000  0.000000E+000  0.000000E+000  0.000000E+000  1.276672E-003  9.999992E-001  0.000000E+000 -9.999992E-001  1.276672E-003
  2.720000E+000  0.000000E+000 -7.499377E-002 -9.667937E-004  1.000000E+000  0.000000E+000  0.000000E+000  0.000000E+000  1.289058E-002  9.999169E-001  0.000000E+000 -9.999169E-001  1.289058E-002
  2.740000E+000  0.000000E+000 -7.492895E-002 -3.263716E-003  1.000000E+000  0.000000E+000  0.000000E+000  0.000000E+000  4.351622E-002  9.990527E-001  0.000000E+000 -9.990527E-001  4.351622E-002
  2.760000E+000  0.000000E+000 -7.467440E-002 -6.980953E-003  1.000000E+000  0.000000E+000  0.000000E+000  0.000000E+000  9.307938E-002  9.956587E-001  0.000000E+000 -9.956587E-001  9.307938E-002
  2.780000E+000  0.000000E+000 -7.401902E-002 -1.209067E-002  1.000000E+000  0.000000E+000  0.000000E+000  0.000000E+000  1.612090E-001  9.869203E-001  0.000000E+000 -9.869203E-001  1.612090E-001
  2.800000E+000  0.000000E+000 -7.267772E-002 -1.851888E-002  1.000000E+000  0.000000E+000  0.000000E+000  0.000000E+000  2.469184E-001  9.690363E-001  0.000000E+000 -9.690363E-001  2.469184E-001
  2.820000E+000  0.000000E+000 -7.030665E-002 -2.611464E-002  1.000000E+000  0.000000E+000  0.000000E+000  0.000000E+000  3.481952E-001  9.374221E-001  0.000000E+000 -9.374221E-001  3.481952E-001
  2.840000E+000  0.000000E+000 -6.653305E-002 -3.461724E-002  1.000000E+000  0.000000E+000  0.000000E+000  0.000000E+000  4.615631E-001  8.871074E-001  0.000000E+000 -8.871074E-001  4.615631E-001
  2.860000E+000  0.000000E+000 -6.100363E-002 -4.362977E-002  1.000000E+000  0.000000E+000  0.000000E+000  0.000000E+000  5.817303E-001  8.133818E-001  0.000000E+000 -8.133818E-001  5.817303E-001
  2.880000E+000  0.000000E+000 -5.345104E-002 -5.261166E-002  1.000000E+000  0.000000E+000  0.000000E+000  0.000000E+000  7.014887E-001  7.126805E-001  0.000000E+000 -7.126805E-001  7.014887E-001
  2.900000E+000  0.000000E+000 -4.376964E-002 -6.090336E-002  1.000000E+000  0.000000E+000  0.000000E+000  0.000000E+000  8.120448E-001  5.835952E-001  0.000000E+000 -5.835952E-001  8.120448E-001
  2.920000E+000  0.000000E+000 -3.208226E-002 -6.779180E-002  1.000000E+000  0.000000E+000  0.000000E+000  0.000000E+000  9.038907E-001  4.277634E-001  0.000000E+000 -4.277634E-001  9.038907E-001
  2.940000E+000  0.000000E+000 -1.877306E-002 -7.261248E-002  1.000000E+000  0.000000E+000  0.000000E+000  0.000000E+000  9.681664E-001  2.503075E-001  0.000000E+000 -2.503075E-001  9.681664E-001
  2.960000E+000  0.000000E+000 -4.465039E-003 -7.486697E-002  1.000000E+000  0.000000E+000  0.000000E+000  0.000000E+000  9.982263E-001  5.953386E-002  0.000000E+000 -5.953386E-002  9.982263E-001
  2.980000E+000  0.000000E+000  1.006336E-002 -7.432179E-002  1.000000E+000  0.000000E+000  0.000000E+000  0.000000E+000  9.909572E-001 -1.341781E-001  0.000000E+000  1.341781E-001  9.909572E-001
  3.000000E+000  0.000000E+000  2.400426E-002 -7.105488E-002  1.000000E+000  0.000000E+000  0.000000E+000  0.000000E+000  9.473983E-001 -3.200568E-001  0.000000E+000  3.200568E-001  9.473983E-001
  3.020000E+000  0.000000E+000  3.665262E-002 -6.543382E-002  1.000000E+000  0.000000E+000  0.000000E+000  0.000000E+000  8.724510E-001 -4.887016E-001  0.000000E+000  4.887016E-001  8.724510E-001
  3.040000E+000  0.000000E+000  4.750622E-002 -5.803584E-002  1.000000E+000  0.000000E+000  0.000000E+000  0.000000E+000  7.738112E-001 -6.334163E-001  0.000000E+000  6.334163E-001  7.738112E-001
  3.060000E+000  0.000000E+000  5.631082E-002 -4.953878E-002  1.000000E+000  0.000000E+000  0.000000E+000  0.000000E+000  6.605171E-001 -7.508110E-001  0.000000E+000  7.508110E-001  6.605171E-001
  3.080000E+000  0.000000E+000  6.304999E-002 -4.061649E-002  1.000000E+000  0.000000E+000  0.000000E+000  0.000000E+000  5.415531E-001 -8.406665E-001  0.000000E+000  8.406665E-001  5.415531E-001
  3.100000E+000  0.000000E+000  6.789585E-002 -3.186147E-002  1.000000E+000  0.000000E+000  0.000000E+000  0.000000E+000  4.248197E-001 -9.052780E-001  0.000000E+000  9.052780E-001  4.248197E-001
  3.120000E+000  0.000000E+000  7.114241E-002 -2.374358E-002  1.000000E+000  0.000000E+000  0.000000E+000  0.000000E+000  3.165811E-001 -9.485654E-001  0.000000E+000  9.485654E-001  3.165811E-001
  3.140000E+000  0.000000E+000  7.313963E-002 -1.660103E-002  1.000000E+000  0.000000E+000  0.000000E+000  0.000000E+000  2.213470E-001 -9.751951E-001  0.000000E+000  9.751951E-001  2.213470E-001
  3.160000E+000  0.000000E+000  7.423936E-002 -1.065447E-002  1.000000E+000  0.000000E+000  0.000000E+000  0.000000E+000  1.420596E-001 -9.898581E-001  0.000000E+000  9.898581E-001  1.420596E-001
  3.180000E+000  0.000000E+000  7.475694E-002 -6.033236E-003  1.000000E+000  0.000000E+000  0.000000E+000  0.000000E+000  8.044314E-002 -9.967592E-001  0.000000E+000  9.967592E-001  8.044314E-002
  3.200000E+000  0.000000E+000  7.494754E-002 -2.804774E-003  1.000000E+000  0.000000E+000  0.000000E+000  0.000000E+000  3.739698E-002 -9.993005E-001  0.000000E+000  9.993005E-001  3.739698E-002
  3.220000E+000  0.000000E+000  7.499332E-002 -1.000995E-003  1.000000E+000  0.000000E+000  0.000000E+000  0.000000E+000  1.334660E-002 -9.999109E-001  0.000000E+000  9.999109E-001  1.334660E-002
  3.240000E+000  0.000000E+000  7.499729E-002 -6.379911E-004  1.000000E+000  0.000000E+000  0.000000E+000  0.000000E+000  8.506548E-003 -9.999638E-001  0.000000E+000  9.999638E-001  8.506548E-003
  3.260000E+000  0.000000E+000  7.498011E-002 -1.727230E-003  1.000000E+000  0.000000E+000  0.000000E+000  0.000000E+000  2.302973E-002 -9.997348E-001  0.000000E+000  9.997348E-001  2.302973E-002
  3.280000E+000  0.000000E+000  7.487793E-002 -4.277323E-003  1.000000E+000  0.000000E+000  0.000000E+000  0.000000E+000  5.703097E-002 -9.983724E-001  0.000000E+000  9.983724E-001  5.703097E-002
  3.300000E+000  0.000000E+000  7.454089E-002 -8.285837E-003  1.000000E+000  0.000000E+000  0.000000E+000  0.000000E+000  1.104778E-001 -9.938786E-001  0.000000E+000  9.938786E-001  1.104778E-001
  3.320000E+000  0.000000E+000  7.373422E-002 -1.372096E-002  1.000000E+000  0.000000E+000  0.000000E+000  0.000000E+000  1.829461E-001 -9.831229E-001  0.000000E+000  9.831229E-001  1.829461E-001
  3.340000E+000  0.000000E+000  7.214571E-002 -2.049382E-002  1.000000E+000  0.000000E+000  0.000000E+000  0.000000E+000  2.732509E-001 -9.619428E-001  0.000000E+000  9.619428E-001  2.732509E-001
  3.360000E+000  0.000000E+000  6.940506E-002 -2.842423E-002  1.000000E+000  0.000000E+000  0.000000E+000  0.000000E+000  3.789898E-001 -9.254008E-001  0.000000E+000  9.254008E-001  3.789898E-001
  3.380000E+000  0.000000E+000  6.512065E-002 -3.720620E-002  1.000000E+000  0.000000E+000  0.000000E+000  0.000000E+000  4.960826E-001 -8.682753E-001  0.000000E+000  8.682753E-001  4.960826E-001
  3.400000E+000  0.000000E+000  5.893697E-002 -4.638355E-002  1.000000E+000  0.000000E+000  0.000000E+000  0.000000E+000  6.184473E-001 -7.858263E-001  0.000000E+000  7.858263E-001  6.184473E-001
  3.420000E+000  0.000000E+000  5.061016E-002 -5.534990E-002  1.000000E+000  0.000000E+000  0.000000E+000  0.000000E+000  7.379987E-001 -6.748021E-001  0.000000E+000  6.748021E-001  7.379987E-001
  3.440000E+000  0.000000E+000  4.008927E-002 -6.338651E-002  1.000000E+000  0.000000E+000  0.000000E+000  0.000000E+000  8.451535E-001 -5.345237E-001  0.000000E+000  5.345237E-001  8.451535E-001
  3.460000E+000  0.000000E+000  2.758125E-002 -6.974435E-002  1.000000E+000  0.000000E+000  0.000000E+000  0.000000E+000  9.299247E-001 -3.677500E-001  0.000000E+000  3.677500E-001  9.299247E-001
  3.480000E+000  0.000000E+000  1.357241E-002 -7.376171E-002  1.000000E+000  0.000000E+000  0.000000E+000  0.000000E+000  9.834894E-001 -1.809655E-001  0.000000E+000  1.809655E-001  9.834894E-001
  3.500000E+000  0.000000E+000 -1.213630E-003 -7.499018E-002  1.000000E+000  0.000000E+000  0.000000E+000  0.000000E+000  9.998691E-001  1.618173E-002  0.000000E+000 -1.618173E-002  9.998691E-001
  3.520000E+000  0.000000E+000 -1.592195E-002 -7.329046E-002  1.000000E+000  0.000000E+000  0.000000E+000  0.000000E+000  9.772061E-001  2.122926E-001  0.000000E+000 -2.122926E-001  9.772061E-001
  3.540000E+000  0.000000E+000 -2.971103E-002 -6.886403E-002  1.000000E+000  0.000000E+000  0.000000E+000  0.000000E+000  9.181871E-001  3.961470E-001  0.000000E+000 -3.961470E-001  9.181871E-001
  3.560000E+000  0.000000E+000 -4.189367E-002 -6.220868E-002  1.000000E+000  0.000000E+000  0.000000E+000  0.000000E+000  8.294491E-001  5.585823E-001  0.000000E+000 -5.585823E-001  8.294491E-001
  3.580000E+000  0.000000E+000 -5.203331E-002 -5.401421E-002  1.000000E+000  0.000000E+000  0.000000E+000  0.000000E+000  7.201895E-001  6.937774E-001  0.000000E+000 -6.937774E-001  7.201895E-001
  3.600000E+000  0.000000E+000 -5.997426E-002 -4.503430E-002  1.000000E+000  0.000000E+000  0.000000E+000  0.000000E+000  6.004574E-001  7.996568E-001  0.000000E+000 -7.996568E-001  6.004574E-001
  3.620000E+000  0.000000E+000 -6.581021E-002 -3.597243E-002  1.000000E+000  0.000000E+000  0.000000E+000  0.000000E+000  4.796324E-001  8.774695E-001  0.000000E+000 -8.774695E-001  4.796324E-001
  3.640000E+000  0.000000E+000 -6.981323E-002 -2.740643E-002  1.000000E+000  0.000000E+000  0.000000E+000  0.000000E+000  3.654191E-001  9.308431E-001  0.000000E+000 -9.308431E-001  3.654191E-001
  3.660000E+000  0.000000E+000 -7.235066E-002 -1.975808E-002  1.000000E+000  0.000000E+000  0.000000E+000  0.000000E+000  2.634410E-001  9.646755E-001  0.000000E+000 -9.646755E-001  2.634410E-001
  3.680000E+000  0.000000E+000 -7.381138E-002 -1.329962E-002  1.000000E+000  0.000000E+000  0.000000E+000  0.000000E+000  1.773283E-001  9.841517E-001  0.000000E+000 -9.841517E-001  1.773283E-001
  3.700000E+000  0.000000E+000 -7.455227E-002 -8.182806E-003  1.000000E+000  0.000000E+000  0.000000E+000  0.000000E+000  1.091041E-001  9.940303E-001  0.000000E+000 -9.940303E-001  1.091041E-001
  3.720000E+000  0.000000E+000 -7.486632E-002 -4.475875E-003  1.000000E+000  0.000000E+000  0.000000E+000  0.000000E+000  5.967834E-002  9.982177E-001  0.000000E+000 -9.982177E-001  5.967834E-002
  3.740000E+000  0.000000E+000 -7.496777E-002 -2.198402E-003  1.000000E+000  0.000000E+000  0.000000E+000  0.000000E+000  2.931202E-002  9.995703E-001  0.000000E+000 -9.995703E-001  2.931202E-002
  3.760000E+000  0.000000E+000 -7.498788E-002 -1.348104E-003  1.000000E+000  0.000000E+000  0.000000E+000  0.000000E+000  1.797472E-002  9.998384E-001  0.000000E+000 -9.998384E-001  1.797472E-002
  3.780000E+000  0.000000E+000 -7.497548E-002 -1.917674E-003  1.000000E+000  0.000000E+000  0.000000E+000  0.000000E+000  2.556898E-002  9.996731E-001  0.000000E+000 -9.996731E-001  2.556898E-002
  3.800000E+000  0.000000E+000 -7.489846E-002 -3.901436E-003  1.000000E+000  0.000000E+000  0.000000E+000  0.000000E+000  5.201914E-002  9.986461E-001  0.000000E+000 -9.986461E-001  5.201914E-002
  3.820000E+000  0.000000E+000 -7.464465E-002 -7.292226E-003  1.000000E+000  0.000000E+000  0.000000E+000  0.000000E+000  9.722968E-002  9.952620E-001  0.000000E+000 -9.952620E-001  9.722968E-002
  3.840000E+000  0.000000E+000 -7.402261E-002 -1.206866E-002  1.000000E+000  0.000000E+000  0.000000E+000  0.000000E+000  1.609155E-001  9.869682E-001  0.000000E+000 -9.869682E-001  1.609155E-001
  3.860000E+000  0.000000E+000 -7.276500E-002 -1.817290E-002  1.000000E+000  0.000000E+000  0.000000E+000  0.000000E+000  2.423054E-001  9.702000E-001  0.000000E+000 -9.702000E-001  2.423054E-001
  3.880000E+000  0.000000E+000 -7.053920E-002 -2.547983E-002  1.000000E+000  0.000000E+000  0.000000E+000  0.000000E+000  3.397311E-001  9.405226E-001  0.000000E+000 -9.405226E-001  3.397311E-001
  3.900000E+000  0.000000E+000 -6.697154E-002 -3.376111E-002  1.000000E+000  0.000000E+000  0.000000E+000  0.000000E+000  4.501482E-001  8.929539E-001  0.000000E+000 -8.929539E-001  4.501482E-001
  3.920000E+000  0.000000E+000 -6.169113E-002 -4.265213E-002  1.000000E+000  0.000000E+000  0.000000E+000  0.000000E+000  5.686950E-001  8.225485E-001  0.000000E+000 -8.225485E-001  5.686950E-001
  3.940000E+000  0.000000E+000 -5.439530E-002 -5.163479E-002  1.000000E+000  0.000000E+000  0.000000E+000  0.000000E+000  6.884639E-001  7.252706E-001  0.000000E+000 -7.252706E-001  6.884639E-001
  3.960000E+000  0.000000E+000 -4.493014E-002 -6.005233E-002  1.000000E+000  0.000000E+000  0.000000E+000  0.000000E+000  8.006977E-001  5.990686E-001  0.000000E+000 -5.990686E-001  8.006977E-001
  3.980000E+000  0.000000E+000 -3.336825E-002 -6.716815E-002  1.000000E+000  0.000000E+000  0.000000E+000  0.000000E+000  8.955753E-001  4.449100E-001  0.000000E+000 -4.449100E-001  8.955753E-001
